{"total energy": -17.72057265, "HOMO-LUMO gap/eV": 12.1066629, "electronic energy": -17.93496558, "dipole": [0.13995028, 0.61936204, -0.19489947], "partial charges": [-0.10383475, -0.05556124, -0.06571198, 0.08881757, -0.44260759, 0.03566267, 0.03730594, 0.03730594, 0.02993439, 0.02993439, 0.0492211, 0.0492211, 0.01295903, 0.01295903, 0.28439441], "atomic dipole moments": [[0.09585094, 0.04087395, -0.01288943], [-0.01396613, -0.10662631, 0.03354972], [0.03817378, 0.12128914, -0.03817039], [0.07753983, -0.18305438, 0.05756567], [-0.02480938, 0.23190749, -0.07295179], [-0.08487647, 0.08561361, -0.02690785], [-0.01788888, -0.09725471, -0.07441033], [-0.01782864, -0.03713016, 0.11669995], [0.01358591, 0.09724102, 0.07253891], [0.01352673, 0.03819123, -0.11515531], [-0.00983901, -0.09998779, -0.07380078], [-0.00977859, -0.0397214, 0.11776039], [0.01664653, 0.09145133, 0.0719891], [0.01658869, 0.03375859, -0.11139145], [0.06768681, 0.03482236, -0.01097668]], "atomic quadrupole moments": [[0.19097417, 0.1195938, -0.06611469, -0.03772661, -0.02055768, -0.12485948], [0.21715815, -0.0421495, -0.00368025, 0.01311745, -0.07323797, -0.21347789], [0.25512124, -0.01968415, -0.00921635, 0.00602653, -0.08263603, -0.24590489], [0.23130391, -0.22518356, 0.08291256, 0.07065845, -0.13857741, -0.31421647], [0.03647681, -0.10456236, 0.06911605, 0.03284516, -0.06096221, -0.10559286], [0.01667033, -0.0543505, 0.03062458, 0.01707616, -0.02718595, -0.04729491], [-0.0334424, 0.01234613, 0.0292323, -0.00268547, 0.06582291, 0.00421011], [-0.03344376, 0.01163875, -0.04077075, -0.0048114, -0.03442008, 0.0742145], [-0.01795745, 0.00332222, 0.01386647, 0.00799213, 0.04826973, 0.00409098], [-0.01796779, -0.00186724, -0.03465431, -0.00841798, -0.02120962, 0.0526221], [-0.02372208, 0.00851431, 0.01625799, 0.00833553, 0.04620652, 0.00746409], [-0.02373471, 0.00219556, -0.03000548, -0.01166806, -0.02004003, 0.05374019], [-0.01135278, -0.0042118, 0.01093798, 0.01497805, 0.03583643, 0.0004148], [-0.01136844, -0.01204133, -0.02615149, -0.00984373, -0.0172726, 0.03751993], [0.11595326, 0.05633425, -0.02937718, -0.01778897, -0.01999359, -0.08657608]], "number of molecular orbitals": 30, "number of electrons": 32, "number of unpaired electrons": 0, "orbital energies/eV": [-18.63480252, -17.14964223, -16.6714085, -15.79542228, -15.55023731, -14.95436929, -14.52003891, -13.93060307, -13.67981095, -13.19490315, -12.64573016, -12.40997692, -11.90819283, -11.88916293, -11.60898418, -11.07572211, 1.0309408, 2.70702208, 3.29250697, 3.41499713, 3.96104115, 4.36311259, 4.49659734, 4.99934428, 5.0359328, 6.40504325, 6.56463844, 6.94242012, 7.38541915, 8.37633423], "fractional occupation": [2.0, 2.0, 2.0, 2.0, 2.0, 2.0, 2.0, 2.0, 2.0, 2.0, 2.0, 2.0, 2.0, 2.0, 2.0, 2.0, 0.0, 0.0, 0.0, 0.0, 0.0, 0.0, 0.0, 0.0, 0.0, 0.0, 0.0, 0.0, 0.0, 0.0], "program call": "xtb /tmp/scratch/tmpu6mwsycl/1195_0_xyzopt.xyz --pop --wbo --acc 0.2 --gfn 2 --chrg 0 --uhf 0 --etemp 300 --input /tmp/scratch/tmpu6mwsycl/1195_0_xtb.inp", "method": "GFN2-xTB", "xtb version": "6.3.3 (7355c4f)", "Dipole module/D": 1.688, "Total charge": 0, "Transition dipole module/D": NaN, "HOMO": -11.0757, "LUMO": 1.0309, "HOMO occupancy": 2.0, "LUMO occupancy": 0, "mulliken charges": [-0.08424, -0.04436, -0.05644, 0.2032, -0.56863, 0.02931, 0.02946, 0.02946, 0.02113, 0.02113, 0.03677, 0.03677, 0.00454, 0.00454, 0.33736], "cm5 charges": [-0.23694, -0.15768, -0.16528, 0.11781, -0.78631, 0.08089, 0.08169, 0.08169, 0.07639, 0.07639, 0.09503, 0.09503, 0.06595, 0.06595, 0.50939], "FUKUI+": [0.011, -0.033, -0.017, -0.023, -0.146, -0.087, -0.051, -0.051, -0.061, -0.061, -0.07, -0.07, -0.09, -0.09, -0.16], "FUKUI-": [0.024, 0.015, 0.019, 0.028, -0.131, -0.061, -0.086, -0.086, -0.102, -0.102, -0.103, -0.103, -0.123, -0.123, -0.064], "FUKUIrad": [0.017, -0.009, 0.001, 0.002, -0.138, -0.074, -0.069, -0.069, -0.082, -0.082, -0.086, -0.086, -0.107, -0.107, -0.112], "s proportion": [1.005, 1.026, 1.032, 0.987, 1.688, 0.971, 0.971, 0.971, 0.979, 0.979, 0.963, 0.963, 0.995, 0.995, 0.663], "p proportion": [3.08, 3.018, 3.025, 2.809, 4.881, 0.0, 0.0, 0.0, 0.0, 0.0, 0.0, 0.0, 0.0, 0.0, 0.0], "d proportion": [0.0, 0.0, 0.0, 0.0, 0.0, 0.0, 0.0, 0.0, 0.0, 0.0, 0.0, 0.0, 0.0, 0.0, 0.0], "Fermi-level/eV": -5.0224, "Coordination numbers": [3.752, 3.801, 3.802, 3.674, 1.656, 0.925, 0.925, 0.925, 0.924, 0.924, 0.924, 0.924, 0.923, 0.923, 0.805], "Dispersion coefficient C6": [22.544, 21.572, 21.759, 19.329, 21.694, 2.507, 2.485, 2.485, 2.587, 2.587, 2.33, 2.33, 2.843, 2.843, 0.77], "Total dispersion C6": 1465.386117, "Total dispersion C8": 29881.254272, "Polarizability alpha": [6.771, 6.613, 6.641, 6.3, 6.288, 2.476, 2.465, 2.465, 2.515, 2.515, 2.387, 2.387, 2.637, 2.637, 1.378], "Total polarizability alpha": 56.47561, "Wiberg matrix": [[0.0, 1.5747919251116944, 0.15842977698990376, 0.0, 0.0, 0.0, 0.0, 0.0, 0.0, 0.10409219370695343, 0.0, 0.0, 0.0, 0.0, 0.0], [1.5747919251116944, 0.0, 1.1849112833962698, 0.0, 0.0, 0.0, 0.0, 0.0, 0.0, 1.0216631726032304, 0.0, 0.0, 0.0, 0.0, 0.0], [0.15842977698990376, 1.1849112833962698, 0.0, 1.0806317632466085, 0.0, 0.0, 0.0, 0.0, 0.0, 0.0, 0.9010122692845897, 0.0, 0.0, 0.0, 0.0], [0.0, 0.0, 1.0806317632466085, 0.0, 1.5273316999236004, 0.0, 0.0, 0.0, 0.0, 0.0, 0.0, 0.0, 0.0, 0.0, 0.0], [0.0, 0.0, 0.0, 1.5273316999236004, 0.0, 1.2008493807776657, 0.0, 0.0, 0.0, 1.055104244156272, 0.0, 0.0, 0.0, 0.0, 0.0], [0.0, 0.0, 0.0, 0.0, 1.2008493807776657, 0.0, 1.6452362699653442, 0.0, 0.11552855775245281, 0.0, 0.0, 0.9706624770715739, 0.0, 0.0, 0.0], [0.0, 0.0, 0.0, 0.0, 0.0, 1.6452362699653442, 0.0, 1.2309239163808061, 0.0, 0.0, 0.0, 0.0, 0.9736367017312425, 0.0, 0.0], [0.0, 0.0, 0.0, 0.0, 0.0, 0.0, 1.2309239163808061, 0.0, 1.6394498541971758, 0.0, 0.0, 0.0, 0.0, 0.9735138950981639, 0.0], [0.0, 0.0, 0.0, 0.0, 0.0, 0.11552855775245281, 0.0, 1.6394498541971758, 0.0, 1.1494657755462863, 0.0, 0.0, 0.0, 0.0, 0.9670806988168736], [0.10409219370695343, 1.0216631726032304, 0.0, 0.0, 1.055104244156272, 0.0, 0.0, 0.0, 1.1494657755462863, 0.0, 0.0, 0.0, 0.0, 0.0, 0.0], [0.0, 0.0, 0.9010122692845897, 0.0, 0.0, 0.0, 0.0, 0.0, 0.0, 0.0, 0.0, 0.0, 0.0, 0.0, 0.0], [0.0, 0.0, 0.0, 0.0, 0.0, 0.9706624770715739, 0.0, 0.0, 0.0, 0.0, 0.0, 0.0, 0.0, 0.0, 0.0], [0.0, 0.0, 0.0, 0.0, 0.0, 0.0, 0.9736367017312425, 0.0, 0.0, 0.0, 0.0, 0.0, 0.0, 0.0, 0.0], [0.0, 0.0, 0.0, 0.0, 0.0, 0.0, 0.0, 0.9735138950981639, 0.0, 0.0, 0.0, 0.0, 0.0, 0.0, 0.0], [0.0, 0.0, 0.0, 0.0, 0.0, 0.0, 0.0, 0.0, 0.9670806988168736, 0.0, 0.0, 0.0, 0.0, 0.0, 0.0]], "Born radii": [], "Atomic SASAs": [], "Solvent H bonds": [], "Total SASA": NaN, "Total FOD": 0.0, "FOD": [0.0, 0.0, 0.0, 0.0, 0.0, 0.0, 0.0, 0.0, 0.0, 0.0, 0.0, 0.0, 0.0, 0.0, 0.0], "FOD s proportion": [0.0, 0.0, 0.0, 0.0, 0.0, 0.0, 0.0, 0.0, 0.0, 0.0, 0.0, 0.0, 0.0, 0.0, 0.0], "FOD p proportion": [0.0, 0.0, 0.0, 0.0, 0.0, 0.0, 0.0, 0.0, 0.0, 0.0, 0.0, 0.0, 0.0, 0.0, 0.0], "FOD d proportion": [0.0, 0.0, 0.0, 0.0, 0.0, 0.0, 0.0, 0.0, 0.0, 0.0, 0.0, 0.0, 0.0, 0.0, 0.0], "coordinates": [["-2.20306629424444", "0.01897160534138", "-0.19602553849956"], ["-0.79868941744847", "0.58261528548961", "-0.37379426557959"], ["0.26881355686630", "-0.45673101322679", "-0.04714589855692"], ["1.67929974043988", "0.09532630777978", "-0.22127163704523"], ["2.60158521434397", "-0.92468015741709", "0.09933826864481"], ["-2.95080978257787", "0.77234341907224", "-0.43280551814851"], ["-2.35610804216746", "-0.83544816016329", "-0.85128833024966"], ["-2.35557786120400", "-0.30635031150564", "0.83048803025798"], ["-0.67015860760201", "1.45046556231811", "0.27740708072979"], ["-0.67068899644214", "0.92127861062119", "-1.40465338134252"], ["0.15688466224978", "-1.32618434522083", "-0.69686107313039"], ["0.15741468509485", "-0.79756231651676", "0.98340312587137"], ["1.82256829459474", "0.96382074245662", "0.43907787917874"], ["1.82203242584438", "0.42927691354696", "-1.26000852572296"], ["3.49650142225249", "-0.58714014257548", "-0.00713621640734"]], "bond_dist": [[0.0, 1.5236700202399134, 2.5216360020489317, 3.8831988660570405, 4.905343468801025, 1.0875450210596935, 1.0875772333698988, 1.0875772315016623, 2.150144034612264, 2.150144036359454, 2.7621819782809127, 2.762182121748565, 4.1835188640560075, 4.18351884775283, 5.734816717376181], [1.5236700202399134, 0.0, 1.5252876727047058, 2.5300482142885605, 3.749354813665962, 2.161273041197526, 2.1597354676704534, 2.1597354715354484, 1.0925875093127506, 1.0925875123387168, 2.158937241823517, 2.1589372448826554, 2.7707527347440153, 2.770752849155579, 4.4667023894548405], [2.5216360020489317, 1.5252876727047058, 0.0, 1.5246502328511327, 2.383748648394024, 3.467756010766666, 2.77133273514863, 2.771332889368988, 2.1504423125906857, 2.150442311923207, 1.0911493857564367, 1.0911493837620914, 2.1606792074772065, 2.1606792111814226, 3.230569032236342], [3.8831988660570405, 2.5300482142885605, 1.5246502328511327, 0.0, 1.4120249275577546, 4.6841234982627284, 4.189006817351679, 4.189007014137573, 2.7577232261298747, 2.75772308667449, 2.136498424668408, 2.1364984206614523, 1.1003953586104855, 1.1003953609839228, 1.952904602538192], [4.905343468801025, 3.749354813665962, 2.383748648394024, 1.4120249275577546, 0.0, 5.83027925839115, 5.048799432094572, 5.048799612762234, 4.046891810792017, 4.046891790881599, 2.6022489877175166, 2.6022488722849135, 2.070923951535917, 2.07092395017996, 0.9623643264189297], [1.0875450210596935, 2.161273041197526, 3.467756010766666, 4.6841234982627284, 5.83027925839115, 0.0, 1.7645939437536151, 1.7645939459422142, 2.4830669259374814, 2.4830668053527485, 3.759163321277528, 3.759163508477814, 4.856128343808207, 4.856128312704528, 6.602818464925891], [1.0875772333698988, 2.1597354676704534, 2.77133273514863, 4.189006817351679, 5.048799432094572, 1.7645939437536151, 0.0, 1.7630418433231614, 3.056432622078622, 2.4965855055766704, 2.5651124952953785, 3.1121254114795045, 4.7290326141596895, 4.384454296796505, 5.918385523596855], [1.0875772315016623, 2.1597354715354484, 2.771332889368988, 4.189007014137573, 5.048799612762234, 1.7645939459422142, 1.7630418433231614, 0.0, 2.496585390420764, 3.056432624301126, 3.1121254267308682, 2.56511282365651, 4.384454551242065, 4.7290327737560895, 5.918385696090996], [2.150144034612264, 1.0925875093127506, 2.1504423125906857, 2.7577232261298747, 4.046891810792017, 2.4830669259374814, 3.056432622078622, 2.496585390420764, 0.0, 1.763339589876412, 3.056629469672316, 2.4973860964135044, 2.544925939335868, 3.1012076922602443, 4.64691916229965], [2.150144036359454, 1.0925875123387168, 2.150442311923207, 2.75772308667449, 4.046891790881599, 2.4830668053527485, 2.4965855055766704, 3.056432624301126, 1.763339589876412, 0.0, 2.497386203615118, 3.0566294708103188, 3.1012072993131206, 2.5449259111626916, 4.646919124209521], [2.7621819782809127, 2.158937241823517, 1.0911493857564367, 2.136498424668408, 2.6022489877175166, 3.759163321277528, 2.5651124952953785, 3.1121254267308682, 3.056629469672316, 2.497386203615118, 0.0, 1.7614565872034569, 3.051062530992059, 2.484249657139997, 3.4892616432615555], [2.762182121748565, 2.1589372448826554, 1.0911493837620914, 2.1364984206614523, 2.6022488722849135, 3.759163508477814, 3.1121254114795045, 2.56511282365651, 2.4973860964135044, 3.0566294708103188, 1.7614565872034569, 0.0, 2.484249745467618, 3.0510625293085374, 3.489261514726314], [4.1835188640560075, 2.7707527347440153, 2.1606792074772065, 1.1003953586104855, 2.070923951535917, 4.856128343808207, 4.7290326141596895, 4.384454551242065, 2.544925939335868, 3.1012072993131206, 3.051062530992059, 2.484249745467618, 0.0, 1.781188368337976, 2.325218011686069], [4.18351884775283, 2.770752849155579, 2.1606792111814226, 1.1003953609839228, 2.07092395017996, 4.856128312704528, 4.384454296796505, 4.7290327737560895, 3.1012076922602443, 2.5449259111626916, 2.484249657139997, 3.0510625293085374, 1.781188368337976, 0.0, 2.32521807049542], [5.734816717376181, 4.4667023894548405, 3.230569032236342, 1.952904602538192, 0.9623643264189297, 6.602818464925891, 5.918385523596855, 5.918385696090996, 4.64691916229965, 4.646919124209521, 3.4892616432615555, 3.489261514726314, 2.325218011686069, 2.32521807049542, 0.0]]}