{"total energy": -20.88493115, "HOMO-LUMO gap/eV": 11.99209929, "electronic energy": -21.14600358, "dipole": [-0.01008997, 0.52677696, -0.42031791], "partial charges": [-0.10320692, -0.05376847, -0.0616873, -0.06518335, 0.0890542, -0.44278646, 0.03487457, 0.03411916, 0.03411916, 0.03233565, 0.03233565, 0.03112053, 0.03112053, 0.04807577, 0.04807576, 0.01344457, 0.01344458, 0.28451239], "atomic dipole moments": [[0.08261106, -0.04316577, 0.03583342], [0.00362601, 0.09139973, -0.07283671], [0.01313789, -0.0886078, 0.07089514], [0.00914908, 0.1023312, -0.08146154], [0.11681783, -0.13290827, 0.107992], [-0.07732358, 0.1805405, -0.14531065], [-0.09972939, -0.05789738, 0.04448111], [-0.00656084, 0.11876003, 0.03291158], [-0.00390488, -0.00576236, -0.12321407], [0.00227969, -0.11810774, -0.03205137], [-0.00034607, 0.00499797, 0.12229811], [-0.00041856, -0.00465855, -0.12187597], [-0.00302967, 0.11775912, 0.03161077], [0.00780958, -0.12006036, -0.03240822], [0.00514207, 0.00500315, 0.12439574], [0.00318398, -0.00704777, -0.11729911], [0.00062722, 0.11282574, 0.03299772], [0.05801843, 0.03985747, -0.03080252]], "atomic quadrupole moments": [[0.13393127, -0.12176275, -0.05566704, 0.10155516, -0.05901107, -0.07826423], [0.22656353, 0.00701591, -0.08456168, 0.00237997, -0.12566571, -0.14200185], [0.23031123, 0.00065408, -0.08623002, 0.00757363, -0.12705803, -0.14408121], [0.2509205, 0.02926792, -0.09305647, -0.01449202, -0.14014581, -0.15786404], [0.32722579, -0.14347351, -0.12276063, 0.12609743, -0.19050102, -0.20446515], [0.08557768, -0.0843762, -0.02599182, 0.07087505, -0.0802237, -0.05958585], [0.03724187, 0.04555669, -0.00962862, -0.03475338, -0.03599539, -0.02761325], [-0.03783493, -0.00120081, 0.07202517, 0.01233881, 0.0386818, -0.03419024], [-0.03730339, -0.01240139, -0.04612098, -0.00428459, 0.01151963, 0.08342436], [-0.01765837, -0.0011728, 0.04611675, -0.00065071, 0.03232552, -0.02845837], [-0.01768913, 0.00045389, -0.03877425, -0.0004686, 0.01297339, 0.05646337], [-0.02107139, 0.00043676, -0.03643311, -0.00086497, 0.01335934, 0.05750449], [-0.02105391, -0.00086352, 0.0470663, -0.00066833, 0.03239931, -0.02601238], [-0.02543301, 0.0019363, 0.04841009, -0.00056021, 0.03083496, -0.02297708], [-0.02534948, 0.00084391, -0.03278771, -0.00370548, 0.01227976, 0.05813719], [-0.00751696, -0.00958525, -0.03398437, -3.41e-05, 0.00980871, 0.04150132], [-0.0078155, -0.00330599, 0.03342463, 0.00931096, 0.02530432, -0.02560912], [0.08419917, 0.06647693, -0.02972494, -0.05000748, -0.04927663, -0.05447423]], "number of molecular orbitals": 36, "number of electrons": 38, "number of unpaired electrons": 0, "orbital energies/eV": [-18.63346389, -17.15555118, -16.8237636, -16.22503167, -15.57152203, -15.34634383, -14.97546156, -14.53041786, -13.89944399, -13.87515835, -13.29949325, -12.92549176, -12.92103076, -12.2103629, -11.9606436, -11.91829318, -11.68347877, -11.49548185, -11.07428308, 0.91781621, 2.55738346, 3.100157, 3.177288, 3.57135127, 3.94714899, 4.40707794, 4.48326603, 4.63466525, 5.07557271, 5.7846624, 6.07760025, 6.28952424, 7.10026392, 7.36043938, 7.54590175, 8.53494581], "fractional occupation": [2.0, 2.0, 2.0, 2.0, 2.0, 2.0, 2.0, 2.0, 2.0, 2.0, 2.0, 2.0, 2.0, 2.0, 2.0, 2.0, 2.0, 2.0, 2.0, 0.0, 0.0, 0.0, 0.0, 0.0, 0.0, 0.0, 0.0, 0.0, 0.0, 0.0, 0.0, 0.0, 0.0, 0.0, 0.0, 0.0], "program call": "xtb /tmp/scratch/tmp2_mobl35/1200_0_xyzopt.xyz --pop --wbo --acc 0.2 --gfn 2 --chrg 0 --uhf 0 --etemp 300 --input /tmp/scratch/tmp2_mobl35/1200_0_xtb.inp", "method": "GFN2-xTB", "xtb version": "6.3.3 (7355c4f)", "Dipole module/D": 1.713, "Total charge": 0, "Transition dipole module/D": NaN, "HOMO": -11.0743, "LUMO": 0.9178, "HOMO occupancy": 2.0, "LUMO occupancy": 0, "mulliken charges": [-0.08608, -0.03812, -0.05235, -0.05502, 0.20332, -0.56866, 0.03019, 0.02756, 0.02756, 0.02397, 0.02397, 0.02166, 0.02166, 0.03669, 0.03669, 0.00476, 0.00476, 0.33746], "cm5 charges": [-0.23877, -0.15177, -0.164, -0.16383, 0.11791, -0.78635, 0.08178, 0.07972, 0.07972, 0.07925, 0.07925, 0.07766, 0.07766, 0.09495, 0.09495, 0.06618, 0.06618, 0.50948], "FUKUI+": [0.006, -0.017, -0.028, -0.017, -0.02, -0.125, -0.075, -0.043, -0.043, -0.05, -0.05, -0.058, -0.058, -0.064, -0.064, -0.079, -0.079, -0.137], "FUKUI-": [0.022, 0.01, 0.02, 0.017, 0.023, -0.123, -0.054, -0.079, -0.079, -0.095, -0.095, -0.072, -0.072, -0.074, -0.074, -0.108, -0.108, -0.059], "FUKUIrad": [0.014, -0.003, -0.004, 0.0, 0.002, -0.124, -0.065, -0.061, -0.061, -0.073, -0.073, -0.065, -0.065, -0.069, -0.069, -0.094, -0.094, -0.098], "s proportion": [1.005, 1.026, 1.031, 1.032, 0.988, 1.688, 0.97, 0.972, 0.972, 0.976, 0.976, 0.978, 0.978, 0.963, 0.963, 0.995, 0.995, 0.663], "p proportion": [3.081, 3.012, 3.022, 3.023, 2.809, 4.881, 0.0, 0.0, 0.0, 0.0, 0.0, 0.0, 0.0, 0.0, 0.0, 0.0, 0.0, 0.0], "d proportion": [0.0, 0.0, 0.0, 0.0, 0.0, 0.0, 0.0, 0.0, 0.0, 0.0, 0.0, 0.0, 0.0, 0.0, 0.0, 0.0, 0.0, 0.0], "Fermi-level/eV": -5.0782, "Coordination numbers": [3.752, 3.801, 3.803, 3.802, 3.674, 1.656, 0.925, 0.925, 0.925, 0.924, 0.924, 0.924, 0.924, 0.924, 0.924, 0.923, 0.923, 0.805], "Dispersion coefficient C6": [22.532, 21.54, 21.683, 21.749, 19.325, 21.697, 2.518, 2.529, 2.529, 2.554, 2.554, 2.571, 2.571, 2.344, 2.344, 2.835, 2.835, 0.769], "Total dispersion C6": 2128.868723, "Total dispersion C8": 43689.806934, "Polarizability alpha": [6.769, 6.608, 6.629, 6.64, 6.3, 6.288, 2.482, 2.487, 2.487, 2.499, 2.499, 2.507, 2.507, 2.394, 2.394, 2.633, 2.633, 1.378], "Total polarizability alpha": 68.13395, "Wiberg matrix": [[0.0, 1.0194750593877164, 0.0, 0.0, 0.0, 0.9873451151478863, 0.9878026273893742, 0.9878026290789657, 0.0, 0.0, 0.0, 0.0, 0.0, 0.0, 0.0, 0.0, 0.0, 0.0], [1.0194750593877164, 0.0, 1.0081148799077264, 0.0, 0.0, 0.0, 0.0, 0.0, 0.9783894463557606, 0.9783894458355049, 0.0, 0.0, 0.0, 0.0, 0.0, 0.0, 0.0, 0.0], [0.0, 1.0081148799077264, 0.0, 1.0042077430229222, 0.0, 0.0, 0.0, 0.0, 0.0, 0.0, 0.9758257962456227, 0.9758257963395311, 0.0, 0.0, 0.0, 0.0, 0.0, 0.0], [0.0, 0.0, 1.0042077430229222, 0.0, 0.9939789273563777, 0.0, 0.0, 0.0, 0.0, 0.0, 0.0, 0.0, 0.9716849872063749, 0.9716849862264505, 0.0, 0.0, 0.0, 0.0], [0.0, 0.0, 0.0, 0.9939789273563777, 0.0, 0.0, 0.0, 0.0, 0.0, 0.0, 0.0, 0.0, 0.0, 0.0, 0.9054638793256019, 0.0, 0.0, 0.0], [0.9873451151478863, 0.0, 0.0, 0.0, 0.0, 0.0, 0.0, 0.0, 0.0, 0.0, 0.0, 0.0, 0.0, 0.0, 0.0, 0.0, 0.0, 0.0], [0.9878026273893742, 0.0, 0.0, 0.0, 0.0, 0.0, 0.0, 0.0, 0.0, 0.0, 0.0, 0.0, 0.0, 0.0, 0.0, 0.0, 0.0, 0.0], [0.9878026290789657, 0.0, 0.0, 0.0, 0.0, 0.0, 0.0, 0.0, 0.0, 0.0, 0.0, 0.0, 0.0, 0.0, 0.0, 0.0, 0.0, 0.0], [0.0, 0.9783894463557606, 0.0, 0.0, 0.0, 0.0, 0.0, 0.0, 0.0, 0.0, 0.0, 0.0, 0.0, 0.0, 0.0, 0.0, 0.0, 0.0], [0.0, 0.9783894458355049, 0.0, 0.0, 0.0, 0.0, 0.0, 0.0, 0.0, 0.0, 0.0, 0.0, 0.0, 0.0, 0.0, 0.0, 0.0, 0.0], [0.0, 0.0, 0.9758257962456227, 0.0, 0.0, 0.0, 0.0, 0.0, 0.0, 0.0, 0.0, 0.0, 0.0, 0.0, 0.0, 0.0, 0.0, 0.0], [0.0, 0.0, 0.9758257963395311, 0.0, 0.0, 0.0, 0.0, 0.0, 0.0, 0.0, 0.0, 0.0, 0.0, 0.0, 0.0, 0.0, 0.0, 0.0], [0.0, 0.0, 0.0, 0.9716849872063749, 0.0, 0.0, 0.0, 0.0, 0.0, 0.0, 0.0, 0.0, 0.0, 0.0, 0.0, 0.0, 0.0, 0.0], [0.0, 0.0, 0.0, 0.9716849862264505, 0.0, 0.0, 0.0, 0.0, 0.0, 0.0, 0.0, 0.0, 0.0, 0.0, 0.0, 0.0, 0.0, 0.0], [0.0, 0.0, 0.0, 0.0, 0.9054638793256019, 0.0, 0.0, 0.0, 0.0, 0.0, 0.0, 0.0, 0.0, 0.0, 0.0, 0.0, 0.0, 0.0], [0.0, 0.0, 0.0, 0.0, 0.0, 0.0, 0.0, 0.0, 0.0, 0.0, 0.0, 0.0, 0.0, 0.0, 0.0, 0.0, 0.0, 0.0], [0.0, 0.0, 0.0, 0.0, 0.0, 0.0, 0.0, 0.0, 0.0, 0.0, 0.0, 0.0, 0.0, 0.0, 0.0, 0.0, 0.0, 0.0], [0.0, 0.0, 0.0, 0.0, 0.0, 0.0, 0.0, 0.0, 0.0, 0.0, 0.0, 0.0, 0.0, 0.0, 0.0, 0.0, 0.0, 0.0]], "Born radii": [], "Atomic SASAs": [], "Solvent H bonds": [], "Total SASA": NaN, "Total FOD": 0.0, "FOD": [0.0, 0.0, 0.0, 0.0, 0.0, 0.0, 0.0, 0.0, 0.0, 0.0, 0.0, 0.0, 0.0, 0.0, 0.0, 0.0, 0.0, 0.0], "FOD s proportion": [0.0, 0.0, 0.0, 0.0, 0.0, 0.0, 0.0, 0.0, 0.0, 0.0, 0.0, 0.0, 0.0, 0.0, 0.0, 0.0, 0.0, 0.0], "FOD p proportion": [0.0, 0.0, 0.0, 0.0, 0.0, 0.0, 0.0, 0.0, 0.0, 0.0, 0.0, 0.0, 0.0, 0.0, 0.0, 0.0, 0.0, 0.0], "FOD d proportion": [0.0, 0.0, 0.0, 0.0, 0.0, 0.0, 0.0, 0.0, 0.0, 0.0, 0.0, 0.0, 0.0, 0.0, 0.0, 0.0, 0.0, 0.0], "coordinates": [["-2.79205020089100", "0.18600994427375", "-0.35093240858049"], ["-1.51625787439495", "-0.45475746642691", "0.18183296932871"], ["-0.26628567270854", "0.24099368961872", "-0.35181843137029"], ["1.01208411779535", "-0.39851456080397", "0.17998699453931"], ["2.26215572501629", "0.29426479561517", "-0.35129326074768"], ["3.39549423550817", "-0.35473862943394", "0.18561760993841"], ["-3.66931634211909", "-0.32357432800873", "0.04057699839547"], ["-2.84424386907829", "1.23264168028773", "-0.05869503127139"], ["-2.82079338798558", "0.13318706066218", "-1.43718672222361"], ["-1.49171760331338", "-1.50822981413229", "-0.10494759094064"], ["-1.51515842360109", "-0.40923489242782", "1.27296806315405"], ["-0.26718189169149", "0.19598867083347", "-1.44373468732155"], ["-0.29063069800207", "1.29534617259018", "-0.06536506384812"], ["1.05374111323455", "-1.45049593583225", "-0.10677093034564"], ["1.03031955134792", "-0.35239718563777", "1.27001951000314"], ["2.27603120535975", "0.24412613000363", "-1.45039054599751"], ["2.25234346560579", "1.35471987568871", "-0.05793339292336"], ["4.19146454991766", "0.07466479313014", "-0.14332507978881"]], "bond_dist": [[0.0, 1.5238332857832464, 2.526363087347761, 3.885226148405353, 5.05536514848627, 6.234260268448363, 1.087451897259624, 1.0879176690021095, 1.087917672319777, 2.1498422625383538, 2.149842265988397, 2.7512317921624487, 2.751231561549467, 4.186630764096455, 4.18663085102216, 5.186292975465315, 5.1862933574525965, 6.9874871606617885], [1.5238332857832464, 0.0, 1.5268542804064853, 2.5289681495678527, 3.8886587989235957, 4.912771812367812, 2.161671351192904, 2.1607212688084223, 2.1607212765156345, 1.0920848419573657, 1.0920848440083695, 2.1508443811845934, 2.1508443900989533, 2.771223936598698, 2.771224306997071, 4.187367711315824, 4.187368173441735, 5.741438056691147], [2.526363087347761, 1.5268542804064853, 0.0, 1.5251285633213156, 2.529002567864841, 3.7486486352659147, 3.4717904540420728, 2.7776168791453943, 2.7776170116570706, 2.1499794172213154, 2.1499794207435734, 1.0928437056299238, 1.0928437081163147, 2.1595499870051476, 2.1595499869108314, 2.769520827098107, 2.7695211083736018, 4.465721870737666], [3.885226148405353, 2.5289681495678527, 1.5251285633213156, 0.0, 1.5247560360655312, 2.3838187483978155, 4.684075303792986, 4.19391289068364, 4.193913139155361, 2.753484832008197, 2.7534845931844765, 2.1509132282825365, 2.1509132265127806, 1.0911600369147207, 1.0911600378026474, 2.1607128967845517, 2.1607129263058917, 3.2306174844072917], [5.05536514848627, 3.8886587989235957, 2.529002567864841, 1.5247560360655312, 0.0, 1.4120676004180268, 5.976424379667874, 5.200142470754981, 5.200142529944758, 4.1714791108605835, 4.171479214468727, 2.75692496207094, 2.7569253487635987, 2.136409851604742, 2.1364098804666694, 1.100327795335378, 1.1003278008568262, 1.9528715951708322], [6.234260268448363, 4.912771812367812, 3.7486486352659147, 2.3838187483978155, 1.4120676004180268, 0.0, 7.066367984363262, 6.443120092639528, 6.443120144583769, 5.029891609831786, 5.029891687621653, 4.0463917112168515, 4.04639211914242, 2.601919064593087, 2.601919339605973, 2.070835377873903, 2.070835375991907, 0.9623717233251742], [1.087451897259624, 2.161671351192904, 3.4717904540420728, 4.684075303792986, 5.976424379667874, 7.066367984363262, 0.0, 1.7642017418997205, 1.7642017412557962, 2.4832483351755843, 2.4832482370289095, 3.7480189045558867, 3.748018675190172, 4.857873552168217, 4.857873730103896, 6.155682373934943, 6.155682789893132, 7.873010263207844], [1.0879176690021095, 2.1607212688084223, 2.7776168791453943, 4.19391289068364, 5.200142470754981, 6.443120092639528, 1.7642017418997205, 0.0, 1.7634028829804473, 3.0567700515060277, 2.4971090081264427, 3.1039060466023907, 2.554391624278358, 4.732422813046848, 4.392046474889995, 5.397332325952678, 5.0980492471088885, 7.130867105298887], [1.087917672319777, 2.1607212765156345, 2.7776170116570706, 4.193913139155361, 5.200142529944758, 6.443120144583769, 1.7642017412557962, 1.7634028829804473, 0.0, 2.4971089085547855, 3.0567700594128255, 2.5543920200494625, 3.1039058783426325, 4.392046859245582, 4.732423112483072, 5.0980489163402885, 5.397332646765382, 7.130867001511679], [2.1498422625383538, 1.0920848419573657, 2.1499794172213154, 2.753484832008197, 4.1714791108605835, 5.029891609831786, 2.4832483351755843, 3.0567700515060277, 2.4971089085547855, 0.0, 1.7626658389459906, 2.48921659221779, 3.0502811089944157, 2.5461140200155974, 3.096313130686617, 4.367710977791278, 4.713457812376974, 5.899626052230309], [2.149842265988397, 1.0920848440083695, 2.1499794207435734, 2.7534845931844765, 4.171479214468727, 5.029891687621653, 2.4832482370289095, 2.4971090081264427, 3.0567700594128255, 1.7626658389459906, 0.0, 3.0502811051058054, 2.4892168079156978, 3.0963121743534816, 2.5461141647281544, 4.713457493434392, 4.367711711517534, 5.8996263385338255], [2.7512317921624487, 2.1508443811845934, 1.0928437056299238, 2.1509132282825365, 2.75692496207094, 4.0463917112168515, 3.7480189045558867, 3.1039060466023907, 2.5543920200494625, 2.48921659221779, 3.0502811051058054, 0.0, 1.763246886315252, 2.4986438786664156, 3.0575642079544982, 2.54367733261179, 3.1001792300970217, 4.6459996472167715], [2.751231561549467, 2.1508443900989533, 1.0928437081163147, 2.1509132265127806, 2.7569253487635987, 4.04639211914242, 3.748018675190172, 2.554391624278358, 3.1039058783426325, 3.0502811089944157, 2.4892168079156978, 1.763246886315252, 0.0, 3.0575642097940925, 2.4986435712045916, 3.1001794287279143, 2.543678058074461, 4.646000280420844], [4.186630764096455, 2.771223936598698, 2.1595499870051476, 1.0911600369147207, 2.136409851604742, 2.601919064593087, 4.857873552168217, 4.732422813046848, 4.392046859245582, 2.5461140200155974, 3.0963121743534816, 2.4986438786664156, 3.0575642097940925, 0.0, 1.7612272287742077, 2.4841599559790377, 3.050945501541865, 3.4889482398168457], [4.18663085102216, 2.771224306997071, 2.1595499869108314, 1.0911600378026474, 2.1364098804666694, 2.601919339605973, 4.857873730103896, 4.392046474889995, 4.732423112483072, 3.096313130686617, 2.5461141647281544, 3.0575642079544982, 2.4986435712045916, 1.7612272287742077, 0.0, 3.050945503255369, 2.4841598218474195, 3.488948633211131], [5.186292975465315, 4.187367711315824, 2.769520827098107, 2.1607128967845517, 1.100327795335378, 2.070835377873903, 6.155682373934943, 5.397332325952678, 5.0980489163402885, 4.367710977791278, 4.713457493434392, 2.54367733261179, 3.1001794287279143, 2.4841599559790377, 3.050945503255369, 0.0, 1.781268228009705, 2.3250854124299645], [5.1862933574525965, 4.187368173441735, 2.7695211083736018, 2.1607129263058917, 1.1003278008568262, 2.070835375991907, 6.155682789893132, 5.0980492471088885, 5.397332646765382, 4.713457812376974, 4.367711711517534, 3.1001792300970217, 2.543678058074461, 3.050945501541865, 2.4841598218474195, 1.781268228009705, 0.0, 2.3250856616891764], [6.9874871606617885, 5.741438056691147, 4.465721870737666, 3.2306174844072917, 1.9528715951708322, 0.9623717233251742, 7.873010263207844, 7.130867105298887, 7.130867001511679, 5.899626052230309, 5.8996263385338255, 4.6459996472167715, 4.646000280420844, 3.4889482398168457, 3.488948633211131, 2.3250854124299645, 2.3250856616891764, 0.0]]}