{"total energy": -20.04928824, "HOMO-LUMO gap/eV": 4.6910399, "electronic energy": -20.40419843, "dipole": [-0.1399817, 0.04635434, -0.01012371], "partial charges": [-0.10893326, 0.00527259, -0.0534602, -0.05055365, -0.04066289, -0.04025269, -0.05675664, 0.04048718, 0.04048718, 0.03700421, 0.02010665, 0.04023199, 0.04023198, 0.02193479, 0.02202139, 0.04142068, 0.04142069], "atomic dipole moments": [[0.06252871, 0.00431395, 0.0094855], [-0.10040388, 0.1348527, 0.01289375], [0.13404201, -0.05251374, 0.00808231], [-0.03438637, 0.05542123, 0.00624815], [0.01029471, -0.14093586, -0.02653664], [-0.13173059, 0.06046543, -0.00618591], [0.03827891, -0.05723118, -0.00607], [-0.03467685, 0.07701299, -0.09335], [-0.06175813, 0.03808814, 0.10287339], [-0.03814304, -0.11636541, -0.02834763], [-0.06127173, -0.12574225, -0.03339977], [0.0298281, -0.08195482, 0.09028413], [0.05653999, -0.04356101, -0.10326276], [0.14222845, 0.01190034, 0.02198991], [0.06315096, 0.12502924, 0.03351762], [-0.02976042, 0.08228175, -0.090195], [-0.05646833, 0.04389335, 0.10332382]], "atomic quadrupole moments": [[0.17945186, -6.714e-05, -0.07064347, 0.04079455, 0.00903385, -0.1088084], [-0.13206105, 0.19440589, -0.24152903, -0.03462118, -0.10007675, 0.37359008], [-0.05435795, 0.08718903, -0.36612028, -0.05340042, -0.15142511, 0.42047822], [0.1166332, 0.06694151, 0.06284478, 0.05690776, 0.06127754, -0.17947798], [-0.31362039, 0.17290878, -0.15308429, -0.07775992, -0.10535867, 0.46670468], [-0.07894154, 0.0806088, -0.37708247, -0.06349294, -0.16226151, 0.45602401], [0.13399444, 0.06045077, 0.0556459, 0.05946055, 0.06102989, -0.18964035], [-0.0329408, -0.01011082, 0.00675334, 0.021077, -0.06629636, 0.02618746], [-0.01541772, -0.01255622, -0.0364778, -0.04418069, 0.04011967, 0.05189552], [-0.02061747, 0.02572201, 0.07151336, 0.01027827, 0.0292653, -0.0508959], [0.02863417, -0.00549279, 0.03723682, 0.01276773, 0.02086608, -0.06587099], [-0.0220861, -0.00092749, 0.00299244, 0.02231922, -0.05016408, 0.01909366], [-0.00654956, -0.0013782, -0.03040051, -0.03519965, 0.03223338, 0.03695007], [0.03416167, -0.00975185, 0.0329544, 0.01282471, 0.01962859, -0.06711608], [0.03059387, -0.00839383, 0.03679173, 0.01266429, 0.02066715, -0.0673856], [-0.02249733, 0.00034712, 0.0028446, 0.02433891, -0.04884475, 0.01965274], [-0.00604142, 0.00084034, -0.02973466, -0.03639154, 0.03167331, 0.03577607]], "number of molecular orbitals": 38, "number of electrons": 38, "number of unpaired electrons": 0, "orbital energies/eV": [-17.1579511, -16.6848149, -16.45714901, -15.94889615, -15.59816223, -14.97927071, -14.06187205, -13.70122932, -13.54993772, -13.39590471, -13.1165551, -12.75830025, -12.71783855, -12.41264744, -12.29135513, -11.48135637, -11.04196787, -10.76835526, -9.93092981, -5.23988991, -4.88735713, 2.38315014, 2.67847719, 3.39926766, 3.5726851, 3.82848386, 4.44707985, 5.26007453, 5.83555602, 6.02407475, 6.06546279, 6.39248868, 6.60892632, 7.53816626, 9.78738246, 11.92836831, 17.35489409, 18.50441247], "fractional occupation": [2.0, 2.0, 2.0, 2.0, 2.0, 2.0, 2.0, 2.0, 2.0, 2.0, 2.0, 2.0, 2.0, 2.0, 2.0, 2.0, 2.0, 2.0, 2.0, 0.0, 0.0, 0.0, 0.0, 0.0, 0.0, 0.0, 0.0, 0.0, 0.0, 0.0, 0.0, 0.0, 0.0, 0.0, 0.0, 0.0, 0.0, 0.0], "program call": "xtb /tmp/scratch/tmppdp4yhf6/12560_0_xyzopt.xyz --pop --wbo --acc 0.2 --gfn 2 --chrg 0 --uhf 0 --etemp 300 --input /tmp/scratch/tmppdp4yhf6/12560_0_xtb.inp", "method": "GFN2-xTB", "xtb version": "6.3.3 (7355c4f)", "Dipole module/D": 0.376, "Total charge": 0, "Transition dipole module/D": NaN, "HOMO": -9.9309, "LUMO": -5.2399, "HOMO occupancy": 2.0, "LUMO occupancy": 0, "mulliken charges": [-0.0885, 0.00015, -0.0674, -0.03228, -0.04361, -0.04241, -0.04362, 0.03497, 0.03497, 0.03352, 0.02531, 0.0338, 0.0338, 0.02613, 0.02587, 0.03465, 0.03465], "cm5 charges": [-0.23459, -0.02245, -0.12568, -0.13257, -0.10435, -0.10309, -0.14244, 0.08732, 0.08732, 0.08646, 0.08235, 0.08855, 0.08855, 0.08231, 0.08204, 0.09014, 0.09014], "FUKUI+": [0.035, -0.096, -0.072, 0.023, -0.078, -0.077, 0.024, -0.061, -0.061, -0.049, -0.095, -0.075, -0.075, -0.098, -0.098, -0.074, -0.074], "FUKUI-": [0.031, -0.062, -0.054, 0.017, -0.041, -0.044, 0.021, -0.069, -0.069, -0.051, -0.077, -0.118, -0.118, -0.075, -0.075, -0.108, -0.108], "FUKUIrad": [0.033, -0.079, -0.063, 0.02, -0.059, -0.061, 0.022, -0.065, -0.065, -0.05, -0.086, -0.097, -0.097, -0.087, -0.087, -0.091, -0.091], "s proportion": [1.006, 1.084, 1.058, 1.018, 1.059, 1.059, 1.022, 0.965, 0.965, 0.966, 0.975, 0.966, 0.966, 0.974, 0.974, 0.965, 0.965], "p proportion": [3.083, 2.916, 3.01, 3.015, 2.984, 2.983, 3.022, 0.0, 0.0, 0.0, 0.0, 0.0, 0.0, 0.0, 0.0, 0.0, 0.0], "d proportion": [0.0, 0.0, 0.0, 0.0, 0.0, 0.0, 0.0, 0.0, 0.0, 0.0, 0.0, 0.0, 0.0, 0.0, 0.0, 0.0, 0.0], "Fermi-level/eV": -7.5854, "Coordination numbers": [3.759, 2.942, 2.899, 3.811, 2.893, 2.892, 3.814, 0.925, 0.925, 0.925, 0.925, 0.924, 0.924, 0.925, 0.925, 0.924, 0.924], "Dispersion coefficient C6": [22.633, 27.905, 29.327, 21.472, 29.009, 28.999, 21.583, 2.442, 2.442, 2.489, 2.732, 2.446, 2.446, 2.704, 2.703, 2.43, 2.43], "Total dispersion C6": 2634.590212, "Total dispersion C8": 60448.472007, "Polarizability alpha": [6.782, 8.664, 8.879, 6.596, 8.831, 8.829, 6.612, 2.444, 2.444, 2.467, 2.585, 2.446, 2.446, 2.571, 2.571, 2.438, 2.438], "Total polarizability alpha": 80.042478, "Wiberg matrix": [[0.0, 1.0224961742741328, 0.0, 0.0, 0.0, 0.0, 0.0, 0.9735402026182189, 0.9735402044248653, 0.985257608109756, 0.0, 0.0, 0.0, 0.0, 0.0, 0.0, 0.0], [1.0224961742741328, 0.0, 1.8909766369749894, 0.0, 0.0, 0.0, 1.008312249068607, 0.0, 0.0, 0.0, 0.0, 0.0, 0.0, 0.0, 0.0, 0.0, 0.0], [0.0, 1.8909766369749894, 0.0, 1.022046235091388, 0.0, 0.0, 0.0, 0.0, 0.0, 0.0, 0.9655534222409421, 0.0, 0.0, 0.0, 0.0, 0.0, 0.0], [0.0, 0.0, 1.022046235091388, 0.0, 1.0242264871750244, 0.0, 0.0, 0.0, 0.0, 0.0, 0.0, 0.9487275979760245, 0.9487276353986439, 0.0, 0.0, 0.0, 0.0], [0.0, 0.0, 0.0, 1.0242264871750244, 0.0, 1.9317610142754125, 0.0, 0.0, 0.0, 0.0, 0.0, 0.0, 0.0, 0.967686463823737, 0.0, 0.0, 0.0], [0.0, 0.0, 0.0, 0.0, 1.9317610142754125, 0.0, 1.0239721893034999, 0.0, 0.0, 0.0, 0.0, 0.0, 0.0, 0.0, 0.9674902892594485, 0.0, 0.0], [0.0, 1.008312249068607, 0.0, 0.0, 0.0, 1.0239721893034999, 0.0, 0.0, 0.0, 0.0, 0.0, 0.0, 0.0, 0.0, 0.0, 0.9495406379827461, 0.9495405958518615], [0.9735402026182189, 0.0, 0.0, 0.0, 0.0, 0.0, 0.0, 0.0, 0.0, 0.0, 0.0, 0.0, 0.0, 0.0, 0.0, 0.0, 0.0], [0.9735402044248653, 0.0, 0.0, 0.0, 0.0, 0.0, 0.0, 0.0, 0.0, 0.0, 0.0, 0.0, 0.0, 0.0, 0.0, 0.0, 0.0], [0.985257608109756, 0.0, 0.0, 0.0, 0.0, 0.0, 0.0, 0.0, 0.0, 0.0, 0.0, 0.0, 0.0, 0.0, 0.0, 0.0, 0.0], [0.0, 0.0, 0.9655534222409421, 0.0, 0.0, 0.0, 0.0, 0.0, 0.0, 0.0, 0.0, 0.0, 0.0, 0.0, 0.0, 0.0, 0.0], [0.0, 0.0, 0.0, 0.9487275979760245, 0.0, 0.0, 0.0, 0.0, 0.0, 0.0, 0.0, 0.0, 0.0, 0.0, 0.0, 0.0, 0.0], [0.0, 0.0, 0.0, 0.9487276353986439, 0.0, 0.0, 0.0, 0.0, 0.0, 0.0, 0.0, 0.0, 0.0, 0.0, 0.0, 0.0, 0.0], [0.0, 0.0, 0.0, 0.0, 0.967686463823737, 0.0, 0.0, 0.0, 0.0, 0.0, 0.0, 0.0, 0.0, 0.0, 0.0, 0.0, 0.0], [0.0, 0.0, 0.0, 0.0, 0.0, 0.9674902892594485, 0.0, 0.0, 0.0, 0.0, 0.0, 0.0, 0.0, 0.0, 0.0, 0.0, 0.0], [0.0, 0.0, 0.0, 0.0, 0.0, 0.0, 0.9495406379827461, 0.0, 0.0, 0.0, 0.0, 0.0, 0.0, 0.0, 0.0, 0.0, 0.0], [0.0, 0.0, 0.0, 0.0, 0.0, 0.0, 0.9495405958518615, 0.0, 0.0, 0.0, 0.0, 0.0, 0.0, 0.0, 0.0, 0.0, 0.0]], "Born radii": [], "Atomic SASAs": [], "Solvent H bonds": [], "Total SASA": NaN, "Total FOD": 0.0, "FOD": [0.0, 0.0, 0.0, 0.0, 0.0, 0.0, 0.0, 0.0, 0.0, 0.0, 0.0, 0.0, 0.0, 0.0, 0.0, 0.0, 0.0], "FOD s proportion": [0.0, 0.0, 0.0, 0.0, 0.0, 0.0, 0.0, 0.0, 0.0, 0.0, 0.0, 0.0, 0.0, 0.0, 0.0, 0.0, 0.0], "FOD p proportion": [0.0, 0.0, 0.0, 0.0, 0.0, 0.0, 0.0, 0.0, 0.0, 0.0, 0.0, 0.0, 0.0, 0.0, 0.0, 0.0, 0.0], "FOD d proportion": [0.0, 0.0, 0.0, 0.0, 0.0, 0.0, 0.0, 0.0, 0.0, 0.0, 0.0, 0.0, 0.0, 0.0, 0.0, 0.0, 0.0], "coordinates": [["-2.28383139393964", "-0.14346414475449", "-0.34365612055885"], ["-0.80052792072371", "-0.10488456194919", "-0.13128865597388"], ["-0.03495027507664", "-1.17940428855556", "-0.23878197364960"], ["1.44775142977303", "-1.18852402924365", "-0.03595972738294"], ["1.98994220790059", "0.16183057564881", "0.30673854978407"], ["1.23811551884217", "1.24163229363313", "0.41717746684580"], ["-0.24361714219603", "1.24772046995515", "0.21388844401347"], ["-2.56750483102293", "0.52725445472342", "-1.15487264527984"], ["-2.80355474688988", "0.18797185594848", "0.55547908605623"], ["-2.61867491051243", "-1.14793017027786", "-0.58912471158828"], ["-0.47526688423969", "-2.13622991532754", "-0.48935676322664"], ["1.70440506457444", "-1.89850740727542", "0.76100481617400"], ["1.93974188613006", "-1.56025062928315", "-0.94418034140300"], ["3.05892457247458", "0.21512095576468", "0.46484218292747"], ["1.67979889963695", "2.19729593425404", "0.66770986587467"], ["-0.49771137328418", "1.95930873333254", "-0.58238418720912"], ["-0.73304210144670", "1.62105787340659", "1.12276371459644"]], "bond_dist": [[0.0, 1.4989254544099655, 2.4782326071228713, 3.887356119880115, 4.333746519272097, 3.8602422136195575, 2.531545924273681, 1.0901404994644759, 1.0901404982563307, 1.0868886816061343, 2.695041684165132, 4.4951621425132755, 4.495162347978355, 5.415468040502995, 4.713001592419921, 2.769272394476796, 2.769272921765363], [1.4989254544099655, 0.0, 1.3237282907476413, 2.4976232977722166, 2.8372043169910333, 2.5039947691505176, 1.5029428525159978, 2.137646210459976, 2.1376462006932555, 2.1455107716700144, 2.088150247462583, 3.2074849668468564, 3.2074852917108303, 3.9183094640049867, 3.4771331310168643, 2.134497364718366, 2.134497358653406], [2.4782326071228713, 1.3237282907476413, 0.0, 1.4965374632180075, 2.4893158036019356, 2.8128984047627923, 2.477778634550785, 3.1883755681385533, 3.1883755852891658, 2.607558943898591, 1.0826734140653942, 2.131206211991494, 2.131206213393238, 3.465811475408797, 3.8941233393444836, 3.1911956613387376, 3.1911952588031633], [3.887356119880115, 2.4976232977722166, 1.4965374632180075, 0.0, 1.4949483295465693, 2.480915211280567, 2.9763129900719782, 4.507565281140368, 4.507565307316734, 4.104078768993601, 2.191281532496048, 1.0977704537038242, 1.0977704487069688, 2.1947438786957307, 3.4659448567403777, 3.740622449475969, 3.7406217275343554], [4.333746519272097, 2.8372043169910333, 2.4893158036019356, 1.4949483295465693, 0.0, 1.3203832303328464, 2.485269678546431, 4.800017230128122, 4.800017528770721, 4.874155920646837, 3.462961974315512, 2.1290565762513194, 2.1290565565560877, 1.081924174420849, 2.090360827413012, 3.1952914278309215, 3.1952910548305398], [3.8602422136195575, 2.5039947691505176, 2.8128984047627923, 2.480915211280567, 1.3203832303328464, 0.0, 1.4956253446242467, 4.179045764174749, 4.179046086455689, 4.6473094645412605, 3.894539340179819, 3.1931364718450888, 3.1931367892847082, 2.090775708133556, 1.082193922473361, 2.127740109079502, 2.127740136300515], [2.531545924273681, 1.5029428525159978, 2.477778634550785, 2.9763129900719782, 2.485269678546431, 1.4956253446242467, 0.0, 2.791600291758927, 2.7916002277449987, 3.4676896517650464, 3.4640057209176125, 3.7407053744206813, 3.740706036630862, 3.4692969479306326, 2.192527471964495, 1.097712092528307, 1.0977121048028258], [1.0901404994644759, 2.137646210459976, 3.1883755681385533, 4.507565281140368, 4.800017230128122, 4.179045764174749, 2.791600291758927, 0.0, 1.7595838398600288, 1.768878918793457, 3.4517415900861637, 5.272961332547169, 4.971653818595238, 5.863242386122905, 4.914309161397606, 2.5811949653610067, 3.1223847957543183], [1.0901404982563307, 2.1376462006932555, 3.1883755852891658, 4.507565307316734, 4.800017528770721, 4.179046086455689, 2.7916002277449987, 1.7595838398600288, 0.0, 1.768878919303644, 3.4517416179247014, 4.971653467749056, 5.272961521294755, 5.863242779538093, 4.914309607607416, 3.1223838369790737, 2.581195459114258], [1.0868886816061343, 2.1455107716700144, 2.607558943898591, 4.104078768993601, 4.874155920646837, 4.6473094645412605, 3.4676896517650464, 1.768878918793457, 1.768878919303644, 0.0, 2.362390314210579, 4.590777319957001, 4.590777314691907, 5.933286650428695, 5.589905897426921, 3.7621091644223505, 3.762109496067034], [2.695041684165132, 2.088150247462583, 1.0826734140653942, 2.191281532496048, 3.462961974315512, 3.894539340179819, 3.4640057209176125, 3.4517415900861637, 3.4517416179247014, 2.362390314210579, 0.0, 2.5240613848563664, 2.524061010788005, 4.350845412163007, 4.976199152566893, 4.09665652445622, 4.096656200487569], [4.4951621425132755, 3.2074849668468564, 2.131206211991494, 1.0977704537038242, 2.1290565762513194, 3.1931364718450888, 3.7407053744206813, 5.272961332547169, 4.971653467749056, 4.590777319957001, 2.5240613848563664, 0.0, 1.7542683628961995, 2.5278172915899457, 4.096939641194165, 4.640771077637112, 4.296435493838414], [4.495162347978355, 3.2074852917108303, 2.131206213393238, 1.0977704487069688, 2.1290565565560877, 3.1931367892847082, 3.740706036630862, 4.971653818595238, 5.272961521294755, 4.590777314691907, 2.524061010788005, 1.7542683628961995, 0.0, 2.5278169681523996, 4.096939903598142, 4.296437239852847, 4.640771031214983], [5.415468040502995, 3.9183094640049867, 3.465811475408797, 2.1947438786957307, 1.081924174420849, 2.090775708133556, 3.4692969479306326, 5.863242386122905, 5.863242779538093, 5.933286650428695, 4.350845412163007, 2.5278172915899457, 2.5278169681523996, 0.0, 2.423254126915604, 4.09738127642399, 4.097380945720289], [4.713001592419921, 3.4771331310168643, 3.8941233393444836, 3.4659448567403777, 2.090360827413012, 1.082193922473361, 2.192527471964495, 4.914309161397606, 4.914309607607416, 5.589905897426921, 4.976199152566893, 4.096939641194165, 4.096939903598142, 2.423254126915604, 0.0, 2.522087238387079, 2.52208762823897], [2.769272394476796, 2.134497364718366, 3.1911956613387376, 3.740622449475969, 3.1952914278309215, 2.127740109079502, 1.097712092528307, 2.5811949653610067, 3.1223838369790737, 3.7621091644223505, 4.09665652445622, 4.640771077637112, 4.296437239852847, 4.09738127642399, 2.522087238387079, 0.0, 1.7542301909641307], [2.769272921765363, 2.134497358653406, 3.1911952588031633, 3.7406217275343554, 3.1952910548305398, 2.127740136300515, 1.0977121048028258, 3.1223847957543183, 2.581195459114258, 3.762109496067034, 4.096656200487569, 4.296435493838414, 4.640771031214983, 4.097380945720289, 2.52208762823897, 1.7542301909641307, 0.0]]}