{"total energy": -28.55681021, "HOMO-LUMO gap/eV": 4.54256205, "electronic energy": -29.06391357, "dipole": [-0.15267215, -0.30897351, -0.02331013], "partial charges": [-0.10462571, 0.00070475, -0.04811012, -0.04811011, 0.00070472, -0.10462563, -0.00392216, -0.10848803, -0.00392217, -0.10848802, 0.03938311, 0.03717432, 0.04118177, 0.0235057, 0.0235057, 0.03717431, 0.03938309, 0.04118175, 0.04265565, 0.04174215, 0.03879857, 0.03879855, 0.04174216, 0.04265566], "atomic dipole moments": [[-0.06274598, 0.02005693, -0.00154128], [0.07986788, -0.04232739, -0.00307954], [-0.00124069, -0.0065977, -0.00041362], [-0.00448554, -0.00499093, -0.00045979], [-0.08231502, 0.03737516, 0.00270574], [0.05399768, -0.03776109, 0.00020569], [-0.06545338, -0.04506281, -0.00097562], [0.06110563, 0.03506339, -0.0058718], [0.00419117, -0.07891774, -0.00837797], [-0.00985706, 0.06865169, 0.01369639], [0.02283937, -0.05682943, -0.11099002], [0.08664368, 0.08872954, 0.01495753], [0.01479756, -0.08663331, 0.09171759], [0.11914997, 0.08285764, 0.00677822], [-0.00667788, 0.14475993, 0.01039228], [0.01825903, 0.12356908, 0.00105875], [-0.06547162, -0.02944837, 0.10448117], [-0.07204546, -0.02922372, -0.10045831], [-0.10268927, 0.06519681, 0.03539328], [0.01254275, -0.10051618, 0.07434682], [-0.0221329, -0.04397335, -0.11650657], [-0.02823388, -0.05795745, 0.10881694], [-0.08268527, -0.04143574, -0.08505579], [0.1162303, -0.03779298, -0.03332595]], "atomic quadrupole moments": [[0.12819692, -0.09086982, -0.00630659, -0.00587456, 0.01354998, -0.12189034], [-0.12050283, -0.11830673, -0.2644237, -0.01385484, -0.05252722, 0.38492652], [-0.22251246, -0.00868527, -0.2435227, -0.00330753, -0.05713734, 0.46603516], [-0.22997917, -0.01467869, -0.23720124, -0.00012852, -0.04930827, 0.46718041], [-0.09863916, -0.10189077, -0.28752637, -0.00812831, -0.04518685, 0.38616553], [0.13247705, -0.08728012, -0.00930489, -0.00974492, 0.00494224, -0.12317216], [-0.14742171, 0.13852378, -0.23464772, 0.02597913, -0.04348731, 0.38206944], [0.09195921, 0.09881754, 0.02708421, 0.00894387, 0.01555976, -0.11904342], [-0.33953441, -0.00802675, -0.04099139, 0.00625778, -0.04641332, 0.38052579], [-0.04374819, -0.00485651, 0.16326787, -0.00297548, 0.01754036, -0.11951968], [-0.03021669, -0.00304339, -0.02692723, -0.00585625, 0.05499791, 0.05714392], [0.02245002, 0.05119121, 0.03625385, 0.01060991, 0.01484195, -0.05870387], [-0.02898378, 0.00168253, 0.00830682, 0.00237301, -0.0672942, 0.02067696], [0.03755613, -0.00256149, 0.03641954, 0.00027052, 0.00849679, -0.07397567], [0.03969859, -0.00089918, 0.03437306, 0.00011973, 0.00778384, -0.07407166], [-0.01790421, 0.0209189, 0.07900311, -0.00031463, 0.00058027, -0.0610989], [-0.01930288, 0.00877367, -0.0237952, -0.05102043, -0.03797196, 0.04309807], [-0.01363453, 0.00959559, -0.02252883, 0.05426089, 0.03418043, 0.03616336], [0.0290246, -0.04783843, 0.02236237, -0.0304345, 0.02265521, -0.05138697], [-0.01951966, -0.0159115, 0.02331718, 0.01001831, -0.06395818, -0.00379752], [-0.03302981, 0.0097553, -0.04170387, 0.00871075, 0.03793181, 0.07473368], [-0.04452384, 0.00393993, -0.01816551, -0.03161114, -0.04100664, 0.06268936], [0.01588755, 0.00765402, -0.02631705, 0.05931396, 0.02846286, 0.01042949], [0.07501652, -0.01237864, -0.02247923, -0.03069072, 0.01333981, -0.05253729]], "number of molecular orbitals": 54, "number of electrons": 54, "number of unpaired electrons": 0, "orbital energies/eV": [-17.27236943, -16.79978249, -16.66303377, -16.24685501, -16.08651174, -15.79205426, -15.56159663, -14.9354066, -14.77049973, -13.9168181, -13.71444948, -13.58798839, -13.11567489, -13.11212804, -12.94342121, -12.79477137, -12.63730132, -12.56961222, -12.48163903, -12.43349455, -12.13441851, -11.94724054, -11.85010828, -11.13180957, -11.06906982, -10.2374857, -10.10427044, -5.5617084, -5.51555789, -2.19001072, 2.67390592, 2.76472123, 3.60349111, 3.89184154, 4.04789719, 4.09555523, 4.23522461, 5.34571356, 5.48483977, 5.81000619, 5.95340364, 6.16416337, 6.2554423, 6.4349947, 6.52537178, 6.78543446, 7.05404886, 7.05904276, 11.06487527, 11.23857366, 13.16232004, 13.32920453, 17.69269782, 17.97102803], "fractional occupation": [2.0, 2.0, 2.0, 2.0, 2.0, 2.0, 2.0, 2.0, 2.0, 2.0, 2.0, 2.0, 2.0, 2.0, 2.0, 2.0, 2.0, 2.0, 2.0, 2.0, 2.0, 2.0, 2.0, 2.0, 2.0, 2.0, 2.0, 0.0, 0.0, 0.0, 0.0, 0.0, 0.0, 0.0, 0.0, 0.0, 0.0, 0.0, 0.0, 0.0, 0.0, 0.0, 0.0, 0.0, 0.0, 0.0, 0.0, 0.0, 0.0, 0.0, 0.0, 0.0, 0.0, 0.0], "program call": "xtb /tmp/scratch/tmpef56o4as/12952_0_xyzopt.xyz --pop --wbo --acc 0.2 --gfn 2 --chrg 0 --uhf 0 --etemp 300 --input /tmp/scratch/tmpef56o4as/12952_0_xtb.inp", "method": "GFN2-xTB", "xtb version": "6.3.3 (7355c4f)", "Dipole module/D": 0.878, "Total charge": 0, "Transition dipole module/D": NaN, "HOMO": -10.1043, "LUMO": -5.5617, "HOMO occupancy": 2.0, "LUMO occupancy": 0, "mulliken charges": [-0.08827, -0.00207, -0.0456, -0.0456, -0.00207, -0.08827, -0.0109, -0.0907, -0.0109, -0.0907, 0.03637, 0.03317, 0.03549, 0.02604, 0.02604, 0.03317, 0.03637, 0.03549, 0.03388, 0.03514, 0.03745, 0.03745, 0.03514, 0.03388], "cm5 charges": [-0.2346, -0.01798, -0.10001, -0.10001, -0.01798, -0.2346, -0.02458, -0.23737, -0.02458, -0.23737, 0.08893, 0.08634, 0.08832, 0.08346, 0.08346, 0.08634, 0.08893, 0.08832, 0.08854, 0.08888, 0.09007, 0.09007, 0.08888, 0.08854], "FUKUI+": [0.03, -0.068, -0.049, -0.049, -0.068, 0.03, -0.065, 0.03, -0.065, 0.03, -0.053, -0.044, -0.051, -0.084, -0.084, -0.044, -0.053, -0.051, -0.044, -0.048, -0.053, -0.053, -0.048, -0.044], "FUKUI-": [0.025, -0.062, -0.034, -0.034, -0.062, 0.025, -0.038, 0.026, -0.038, 0.026, -0.076, -0.05, -0.072, -0.066, -0.066, -0.05, -0.076, -0.072, -0.04, -0.052, -0.061, -0.061, -0.052, -0.04], "FUKUIrad": [0.027, -0.065, -0.042, -0.042, -0.065, 0.027, -0.052, 0.028, -0.052, 0.028, -0.064, -0.047, -0.062, -0.075, -0.075, -0.047, -0.064, -0.062, -0.042, -0.05, -0.057, -0.057, -0.05, -0.042], "s proportion": [1.006, 1.08, 1.055, 1.055, 1.08, 1.006, 1.083, 1.005, 1.083, 1.005, 0.964, 0.967, 0.965, 0.974, 0.974, 0.967, 0.964, 0.965, 0.966, 0.965, 0.963, 0.963, 0.965, 0.966], "p proportion": [3.083, 2.922, 2.99, 2.99, 2.922, 3.083, 2.928, 3.086, 2.928, 3.086, 0.0, 0.0, 0.0, 0.0, 0.0, 0.0, 0.0, 0.0, 0.0, 0.0, 0.0, 0.0, 0.0, 0.0], "d proportion": [0.0, 0.0, 0.0, 0.0, 0.0, 0.0, 0.0, 0.0, 0.0, 0.0, 0.0, 0.0, 0.0, 0.0, 0.0, 0.0, 0.0, 0.0, 0.0, 0.0, 0.0, 0.0, 0.0, 0.0], "Fermi-level/eV": -7.833, "Coordination numbers": [3.757, 2.967, 2.923, 2.923, 2.967, 3.757, 2.973, 3.758, 2.973, 3.758, 0.925, 0.925, 0.925, 0.926, 0.926, 0.925, 0.925, 0.925, 0.925, 0.925, 0.924, 0.924, 0.925, 0.925], "Dispersion coefficient C6": [22.551, 28.009, 29.195, 29.195, 28.009, 22.551, 28.118, 22.626, 28.118, 22.626, 2.457, 2.487, 2.433, 2.681, 2.681, 2.487, 2.457, 2.433, 2.414, 2.426, 2.465, 2.465, 2.426, 2.414], "Total dispersion C6": 5323.103324, "Total dispersion C8": 122852.895685, "Polarizability alpha": [6.77, 8.681, 8.861, 8.861, 8.681, 6.77, 8.698, 6.782, 8.698, 6.782, 2.451, 2.466, 2.439, 2.56, 2.56, 2.466, 2.451, 2.439, 2.43, 2.436, 2.455, 2.455, 2.436, 2.43], "Total polarizability alpha": 114.058135, "Wiberg matrix": [[0.0, 1.0227614807579406, 0.0, 0.0, 0.0, 0.0, 0.0, 0.0, 0.0, 0.0, 0.9712707125640926, 0.9846373847154711, 0.9748912676939961, 0.0, 0.0, 0.0, 0.0, 0.0, 0.0, 0.0, 0.0, 0.0, 0.0, 0.0], [1.0227614807579406, 0.0, 1.4140167077339552, 0.0, 0.10114256396014891, 0.0, 0.0, 0.0, 1.386907566728106, 0.0, 0.0, 0.0, 0.0, 0.0, 0.0, 0.0, 0.0, 0.0, 0.0, 0.0, 0.0, 0.0, 0.0, 0.0], [0.0, 1.4140167077339552, 0.0, 1.442100408176442, 0.0, 0.0, 0.10336422855571975, 0.0, 0.0, 0.0, 0.0, 0.0, 0.0, 0.9685512878599929, 0.0, 0.0, 0.0, 0.0, 0.0, 0.0, 0.0, 0.0, 0.0, 0.0], [0.0, 0.0, 1.442100408176442, 0.0, 1.4140167407012951, 0.0, 0.0, 0.0, 0.10336420824138065, 0.0, 0.0, 0.0, 0.0, 0.0, 0.9685512865126157, 0.0, 0.0, 0.0, 0.0, 0.0, 0.0, 0.0, 0.0, 0.0], [0.0, 0.10114256396014891, 0.0, 1.4140167407012951, 0.0, 1.0227614825373585, 1.3869075180639256, 0.0, 0.0, 0.0, 0.0, 0.0, 0.0, 0.0, 0.0, 0.0, 0.0, 0.0, 0.0, 0.0, 0.0, 0.0, 0.0, 0.0], [0.0, 0.0, 0.0, 0.0, 1.0227614825373585, 0.0, 0.0, 0.0, 0.0, 0.0, 0.0, 0.0, 0.0, 0.0, 0.0, 0.9846373898151494, 0.9712707095539634, 0.9748912592359154, 0.0, 0.0, 0.0, 0.0, 0.0, 0.0], [0.0, 0.0, 0.10336422855571975, 0.0, 1.3869075180639256, 0.0, 0.0, 1.0252518875322156, 1.3922871624284827, 0.0, 0.0, 0.0, 0.0, 0.0, 0.0, 0.0, 0.0, 0.0, 0.0, 0.0, 0.0, 0.0, 0.0, 0.0], [0.0, 0.0, 0.0, 0.0, 0.0, 0.0, 1.0252518875322156, 0.0, 0.0, 0.0, 0.0, 0.0, 0.0, 0.0, 0.0, 0.0, 0.0, 0.0, 0.9810296757937879, 0.9757504869110311, 0.9679237659123563, 0.0, 0.0, 0.0], [0.0, 1.386907566728106, 0.0, 0.10336420824138065, 0.0, 0.0, 1.3922871624284827, 0.0, 0.0, 1.025251859936231, 0.0, 0.0, 0.0, 0.0, 0.0, 0.0, 0.0, 0.0, 0.0, 0.0, 0.0, 0.0, 0.0, 0.0], [0.0, 0.0, 0.0, 0.0, 0.0, 0.0, 0.0, 0.0, 1.025251859936231, 0.0, 0.0, 0.0, 0.0, 0.0, 0.0, 0.0, 0.0, 0.0, 0.0, 0.0, 0.0, 0.9679237802073996, 0.975750496083517, 0.9810296972230514], [0.9712707125640926, 0.0, 0.0, 0.0, 0.0, 0.0, 0.0, 0.0, 0.0, 0.0, 0.0, 0.0, 0.0, 0.0, 0.0, 0.0, 0.0, 0.0, 0.0, 0.0, 0.0, 0.0, 0.0, 0.0], [0.9846373847154711, 0.0, 0.0, 0.0, 0.0, 0.0, 0.0, 0.0, 0.0, 0.0, 0.0, 0.0, 0.0, 0.0, 0.0, 0.0, 0.0, 0.0, 0.0, 0.0, 0.0, 0.0, 0.0, 0.0], [0.9748912676939961, 0.0, 0.0, 0.0, 0.0, 0.0, 0.0, 0.0, 0.0, 0.0, 0.0, 0.0, 0.0, 0.0, 0.0, 0.0, 0.0, 0.0, 0.0, 0.0, 0.0, 0.0, 0.0, 0.0], [0.0, 0.0, 0.9685512878599929, 0.0, 0.0, 0.0, 0.0, 0.0, 0.0, 0.0, 0.0, 0.0, 0.0, 0.0, 0.0, 0.0, 0.0, 0.0, 0.0, 0.0, 0.0, 0.0, 0.0, 0.0], [0.0, 0.0, 0.0, 0.9685512865126157, 0.0, 0.0, 0.0, 0.0, 0.0, 0.0, 0.0, 0.0, 0.0, 0.0, 0.0, 0.0, 0.0, 0.0, 0.0, 0.0, 0.0, 0.0, 0.0, 0.0], [0.0, 0.0, 0.0, 0.0, 0.0, 0.9846373898151494, 0.0, 0.0, 0.0, 0.0, 0.0, 0.0, 0.0, 0.0, 0.0, 0.0, 0.0, 0.0, 0.0, 0.0, 0.0, 0.0, 0.0, 0.0], [0.0, 0.0, 0.0, 0.0, 0.0, 0.9712707095539634, 0.0, 0.0, 0.0, 0.0, 0.0, 0.0, 0.0, 0.0, 0.0, 0.0, 0.0, 0.0, 0.0, 0.0, 0.0, 0.0, 0.0, 0.0], [0.0, 0.0, 0.0, 0.0, 0.0, 0.9748912592359154, 0.0, 0.0, 0.0, 0.0, 0.0, 0.0, 0.0, 0.0, 0.0, 0.0, 0.0, 0.0, 0.0, 0.0, 0.0, 0.0, 0.0, 0.0], [0.0, 0.0, 0.0, 0.0, 0.0, 0.0, 0.0, 0.9810296757937879, 0.0, 0.0, 0.0, 0.0, 0.0, 0.0, 0.0, 0.0, 0.0, 0.0, 0.0, 0.0, 0.0, 0.0, 0.0, 0.0], [0.0, 0.0, 0.0, 0.0, 0.0, 0.0, 0.0, 0.9757504869110311, 0.0, 0.0, 0.0, 0.0, 0.0, 0.0, 0.0, 0.0, 0.0, 0.0, 0.0, 0.0, 0.0, 0.0, 0.0, 0.0], [0.0, 0.0, 0.0, 0.0, 0.0, 0.0, 0.0, 0.9679237659123563, 0.0, 0.0, 0.0, 0.0, 0.0, 0.0, 0.0, 0.0, 0.0, 0.0, 0.0, 0.0, 0.0, 0.0, 0.0, 0.0], [0.0, 0.0, 0.0, 0.0, 0.0, 0.0, 0.0, 0.0, 0.0, 0.9679237802073996, 0.0, 0.0, 0.0, 0.0, 0.0, 0.0, 0.0, 0.0, 0.0, 0.0, 0.0, 0.0, 0.0, 0.0], [0.0, 0.0, 0.0, 0.0, 0.0, 0.0, 0.0, 0.0, 0.0, 0.975750496083517, 0.0, 0.0, 0.0, 0.0, 0.0, 0.0, 0.0, 0.0, 0.0, 0.0, 0.0, 0.0, 0.0, 0.0], [0.0, 0.0, 0.0, 0.0, 0.0, 0.0, 0.0, 0.0, 0.0, 0.9810296972230514, 0.0, 0.0, 0.0, 0.0, 0.0, 0.0, 0.0, 0.0, 0.0, 0.0, 0.0, 0.0, 0.0, 0.0]], "Born radii": [], "Atomic SASAs": [], "Solvent H bonds": [], "Total SASA": NaN, "Total FOD": 0.0, "FOD": [0.0, 0.0, 0.0, 0.0, 0.0, 0.0, 0.0, 0.0, 0.0, 0.0, 0.0, 0.0, 0.0, 0.0, 0.0, 0.0, 0.0, 0.0, 0.0, 0.0, 0.0, 0.0, 0.0, 0.0], "FOD s proportion": [0.0, 0.0, 0.0, 0.0, 0.0, 0.0, 0.0, 0.0, 0.0, 0.0, 0.0, 0.0, 0.0, 0.0, 0.0, 0.0, 0.0, 0.0, 0.0, 0.0, 0.0, 0.0, 0.0, 0.0], "FOD p proportion": [0.0, 0.0, 0.0, 0.0, 0.0, 0.0, 0.0, 0.0, 0.0, 0.0, 0.0, 0.0, 0.0, 0.0, 0.0, 0.0, 0.0, 0.0, 0.0, 0.0, 0.0, 0.0, 0.0, 0.0], "FOD d proportion": [0.0, 0.0, 0.0, 0.0, 0.0, 0.0, 0.0, 0.0, 0.0, 0.0, 0.0, 0.0, 0.0, 0.0, 0.0, 0.0, 0.0, 0.0, 0.0, 0.0, 0.0, 0.0, 0.0, 0.0], "coordinates": [["2.94746604188267", "-0.58543100248706", "-0.04555837300469"], ["1.58023374638671", "0.03510160741364", "-0.00289286541495"], ["1.46741220049386", "1.41288277506821", "0.10788148626363"], ["0.22950952312229", "2.02129655854799", "0.15119620055014"], ["-0.93524686564865", "1.27020402926122", "0.10136583394764"], ["-2.26149304186306", "1.97368327890328", "0.15028872080286"], ["-0.83826852251711", "-0.11946304522462", "0.00349996490187"], ["-2.07483488026180", "-0.97260146282021", "-0.03803015176954"], ["0.41650254671424", "-0.73409385550604", "-0.06789324144711"], ["0.49288552943386", "-2.22889995800378", "-0.20349150752141"], ["3.12332143004655", "-1.07799844306241", "-1.00201177804314"], ["3.70961075614870", "0.17921991686483", "0.08439747414937"], ["3.06585879561954", "-1.32415062134966", "0.74609453954430"], ["2.36118434355239", "2.01863050325326", "0.15797060572806"], ["0.16688911235485", "3.09760867705824", "0.22799811649417"], ["-2.11350465083397", "3.05093131798025", "0.15928991977108"], ["-2.81516713896334", "1.70163353064308", "1.04905772063091"], ["-2.87050786052575", "1.71949493687158", "-0.71627217152099"], ["-2.95352992939246", "-0.41699830733484", "0.27053632596390"], ["-1.96952109227081", "-1.83344420557464", "0.61919801759296"], ["-2.24658114275864", "-1.34270764780397", "-1.04982888911396"], ["0.24453320214442", "-2.70897594134310", "0.74416910334958"], ["-0.21274318400848", "-2.58295576137068", "-0.95237253610532"], ["1.48599008114400", "-2.55296487998456", "-0.49459051574932"]], "bond_dist": [[0.0, 1.5020669809749554, 2.49145762905759, 3.7710779065867266, 4.305859683727551, 5.806950725252111, 3.8146191225081276, 5.037207975857533, 2.5354241665037587, 2.958191774516817, 1.090115093497409, 1.0874024628254566, 1.0892372805670962, 2.6769920807988163, 4.622901956030914, 6.235264076308581, 6.295775547788791, 6.293755708204278, 5.91185579023352, 5.11626821925436, 5.344170033162224, 3.5268907738099102, 3.846990959199216, 2.49173261168513], [1.5020669809749554, 0.0, 1.3868239268742995, 2.406900444861575, 2.804280759548217, 4.305859752819136, 2.4234447228722944, 3.7915995004959737, 1.396480223329951, 2.5195771566550658, 2.149034649186423, 2.1360328041027925, 2.148401857449774, 2.137790394821801, 3.3807992031022436, 4.771292848489745, 4.81699881975915, 4.8119841826635765, 4.564446398351976, 4.059460547477961, 4.199874471608234, 3.141999223846862, 3.312174860152997, 2.636045635222649], [2.49145762905759, 1.3868239268742995, 0.0, 1.3800168604207719, 2.406900551819073, 3.771078079955366, 2.7704048100295906, 4.273094854604753, 2.3968346850671503, 3.782755192814787, 3.190358549992023, 2.559283085068193, 3.2332180922346483, 1.08086441045929, 2.1316870484376187, 3.9381228208494927, 4.394277585875578, 4.426148520463574, 4.787447199543643, 4.755270120547788, 4.767317741204763, 4.346264402255912, 4.462486562143558, 4.0113919372141265], [3.7710779065867266, 2.406900444861575, 1.3800168604207719, 0.0, 1.3868238886638988, 2.491457731265295, 2.396834540371702, 3.782754962216323, 2.7704048275166513, 4.273094981423474, 4.394276448012236, 3.938123032079548, 4.4261493493576145, 2.1316872520311336, 1.0808642961026045, 2.5592828420246736, 3.1903598131402013, 3.2332171863811268, 4.011391787745214, 4.462486717826761, 4.346263976338645, 4.767317956420743, 4.7552697966534225, 4.787447293044725], [4.305859683727551, 2.804280759548217, 2.406900551819073, 1.3868238886638988, 0.0, 1.502067050253932, 1.3964802559544676, 2.5195770595865152, 2.4234448867901692, 3.7915997745312606, 4.816998403206247, 4.771292967897121, 4.811984795237721, 3.380799462280349, 2.1377902600074745, 2.1360328379631537, 2.1490350301396846, 2.1484015793004723, 2.6360456948579873, 3.3121753745648035, 3.1419984578086724, 4.199875032661596, 4.059460123544501, 4.564446607408338], [5.806950725252111, 4.305859752819136, 3.771078079955366, 2.491457731265295, 1.502067050253932, 0.0, 2.5354243245533103, 2.9581918542197285, 3.81461934545515, 5.0372083168264, 6.295775144389085, 6.235264307205778, 6.29375647825946, 4.6229022782191915, 2.6769921437539765, 1.0874028338924913, 1.0901154922209675, 1.0892375969827157, 2.491732928511071, 3.84699145190525, 3.5268900494789364, 5.344170545312576, 5.116267894754367, 5.911856099510673], [3.8146191225081276, 2.4234447228722944, 2.7704048100295906, 2.396834540371702, 1.3964802559544676, 2.5354243245533103, 0.0, 1.5028859794655802, 1.3990419790127702, 2.5029064442517055, 4.198099442171625, 4.558394657350637, 4.152701406865086, 3.8512081017675897, 3.377912337128031, 3.420803722993171, 2.8840443649342893, 2.833696369626755, 2.152711422774667, 2.143956129844254, 2.1422356240090346, 2.9028653752357814, 2.7154687532363115, 3.4017941388902444], [5.037207975857533, 3.7915995004959737, 4.273094854604753, 3.782754962216323, 2.5195770595865152, 2.9581918542197285, 1.5028859794655802, 0.0, 2.502906282289334, 2.863363663877747, 5.287834918531004, 5.899278967371874, 5.212021662621635, 5.353891250842554, 4.654321441559218, 4.0285539092787115, 2.9801652128460705, 2.887990781514398, 1.0844413893488456, 1.0881590363074527, 1.0909684008882334, 3.001049867306315, 2.6261470727871243, 3.9224316822653966], [2.5354241665037587, 1.396480223329951, 2.3968346850671503, 2.7704048275166513, 2.4234448867901692, 3.81461934545515, 1.3990419790127702, 2.502906282289334, 0.0, 1.5028860681621834, 2.884045123245994, 3.4208034418691518, 2.833695754334737, 3.3779125453038628, 3.8512079741785614, 4.558394911842518, 4.198099130398337, 4.152701604539968, 3.401794092649032, 2.715469461481878, 2.902864637124968, 2.142236672328389, 2.143955260556825, 2.1527113029584632], [2.958191774516817, 2.5195771566550658, 3.782755192814787, 4.273094981423474, 3.7915997745312606, 5.0372083168264, 2.5029064442517055, 2.863363663877747, 1.5028860681621834, 0.0, 2.9801681071309605, 4.028553410554251, 2.887988305285213, 4.654321683925373, 5.35389122031553, 5.899279484703543, 5.287833727643983, 5.212022769604298, 3.922431579193274, 2.6261473068884027, 3.001050053263301, 1.0909685887529823, 1.0881590821681213, 1.0844414953685055], [1.090115093497409, 2.149034649186423, 3.190358549992023, 4.394276448012236, 4.816998403206247, 6.295775144389085, 4.198099442171625, 5.287834918531004, 2.884045123245994, 2.9801681071309605, 0.0, 1.7619926905889653, 1.7662866547703884, 3.393452946547133, 5.262044394658208, 6.769123281959077, 6.870144575036106, 6.620695273008144, 6.243750659752479, 5.397783291193523, 5.3766356656003635, 3.741210623788412, 3.6601485889810426, 2.261383707727134], [1.0874024628254566, 2.1360328041027925, 2.559283085068193, 3.938123032079548, 4.771292967897121, 6.235264307205778, 4.558394657350637, 5.899278967371874, 3.4208034418691518, 4.028553410554251, 1.7619926905889653, 0.0, 1.7641945947680278, 2.2819066810883126, 4.592220676917701, 6.493150875556985, 6.7691239597973, 6.805253854799274, 6.692351428185504, 6.048914534257813, 6.251316252744672, 4.558918333698381, 4.9080919880810985, 3.5699509468465007], [1.0892372805670962, 2.148401857449774, 3.2332180922346483, 4.4261493493576145, 4.811984795237721, 6.29375647825946, 4.152701406865086, 5.212021662621635, 2.833695754334737, 2.887988305285213, 1.7662866547703884, 1.7641945947680278, 0.0, 3.4665027754099937, 5.312664531204831, 6.80525439260699, 6.620696524292665, 6.8295493085492405, 6.105908741385496, 5.062660693507586, 5.607825195537931, 3.1428685907300054, 3.901103911514007, 2.354839494239887], [2.6769920807988163, 2.137790394821801, 1.08086441045929, 2.1316872520311336, 3.380799462280349, 4.6229022782191915, 3.8512081017675897, 5.353891250842554, 3.3779125453038628, 4.654321683925373, 3.393452946547133, 2.2819066810883126, 3.4665027754099937, 0.0, 2.4462275678006518, 4.5922204116481575, 5.262046939883063, 5.312662782339814, 5.8473196036630934, 5.814311641090091, 5.829997989908109, 5.212878612439236, 5.388187168290253, 4.700136738676624], [4.622901956030914, 3.3807992031022436, 2.1316870484376187, 1.0808642961026045, 2.1377902600074745, 2.6769921437539765, 3.377912337128031, 4.654321441559218, 3.8512079741785614, 5.35389122031553, 5.262044394658208, 4.592220676917701, 5.312664531204831, 2.4462275678006518, 0.0, 2.281906068912107, 3.3934561981820104, 3.4665002853863625, 4.700136886316048, 5.38818786387134, 5.212877285474582, 5.829998801286805, 5.814310612368719, 5.847319319214517], [6.235264076308581, 4.771292848489745, 3.9381228208494927, 2.5592828420246736, 2.1360328379631537, 1.0874028338924913, 3.420803722993171, 4.0285539092787115, 4.558394911842518, 5.899279484703543, 6.769123281959077, 6.493150875556985, 6.80525439260699, 4.5922204116481575, 2.281906068912107, 0.0, 1.7619936167897483, 1.764195474467371, 3.569951556764622, 4.908092397121387, 4.558918842045775, 6.25131648626657, 6.048914877269401, 6.692351944350952], [6.295775547788791, 4.81699881975915, 4.394277585875578, 3.1903598131402013, 2.1490350301396846, 1.0901154922209675, 2.8840443649342893, 2.9801652128460705, 4.198099130398337, 5.287833727643983, 6.870144575036106, 6.7691239597973, 6.620696524292665, 5.262046939883063, 3.3934561981820104, 1.7619936167897483, 0.0, 1.7662874209540604, 2.2613802618364076, 3.6601463361025304, 3.7412067901193033, 5.376634557108831, 5.397780925078483, 6.243749750388507], [6.293755708204278, 4.8119841826635765, 4.426148520463574, 3.2332171863811268, 2.1484015793004723, 1.0892375969827157, 2.833696369626755, 2.887990781514398, 4.152701604539968, 5.212022769604298, 6.620695273008144, 6.805253854799274, 6.8295493085492405, 5.312662782339814, 3.4665002853863625, 1.764195474467371, 1.7662874209540604, 0.0, 2.3548433190271854, 3.9011068086517464, 3.1428695968157276, 5.607827017540964, 5.062661204219093, 6.10590942930935], [5.91185579023352, 4.564446398351976, 4.787447199543643, 4.011391787745214, 2.6360456948579873, 2.491732928511071, 2.152711422774667, 1.0844413893488456, 3.401794092649032, 3.922431579193274, 6.243750659752479, 6.692351428185504, 6.105908741385496, 5.8473196036630934, 4.700136886316048, 3.569951556764622, 2.2613802618364076, 2.3548433190271854, 0.0, 1.7595901083444103, 1.7607040271273378, 3.9629657172253774, 3.7011876149816234, 4.985690544682923], [5.11626821925436, 4.059460547477961, 4.755270120547788, 4.462486717826761, 3.3121753745648035, 3.84699145190525, 2.143956129844254, 1.0881590363074527, 2.715469461481878, 2.6261473068884027, 5.397783291193523, 6.048914534257813, 5.062660693507586, 5.814311641090091, 5.38818786387134, 4.908092397121387, 3.6601463361025304, 3.9011068086517464, 1.7595901083444103, 0.0, 1.7616002543200868, 2.3841581346948115, 2.473432876890312, 3.701187967059043], [5.344170033162224, 4.199874471608234, 4.767317741204763, 4.346263976338645, 3.1419984578086724, 3.5268900494789364, 2.1422356240090346, 1.0909684008882334, 2.902864637124968, 3.001050053263301, 5.3766356656003635, 6.251316252744672, 5.607825195537931, 5.829997989908109, 5.212877285474582, 4.558918842045775, 3.7412067901193033, 3.1428695968157276, 1.7607040271273378, 1.7616002543200868, 0.0, 3.3601738833392742, 2.3841581252929815, 3.9629660812083776], [3.5268907738099102, 3.141999223846862, 4.346264402255912, 4.767317956420743, 4.199875032661596, 5.344170545312576, 2.9028653752357814, 3.001049867306315, 2.142236672328389, 1.0909685887529823, 3.741210623788412, 4.558918333698381, 3.1428685907300054, 5.212878612439236, 5.829998801286805, 6.25131648626657, 5.376634557108831, 5.607827017540964, 3.9629657172253774, 2.3841581346948115, 3.3601738833392742, 0.0, 1.7616004977002184, 1.7607044123281024], [3.846990959199216, 3.312174860152997, 4.462486562143558, 4.7552697966534225, 4.059460123544501, 5.116267894754367, 2.7154687532363115, 2.6261470727871243, 2.143955260556825, 1.0881590821681213, 3.6601485889810426, 4.9080919880810985, 3.901103911514007, 5.388187168290253, 5.814310612368719, 6.048914877269401, 5.397780925078483, 5.062661204219093, 3.7011876149816234, 2.473432876890312, 2.3841581252929815, 1.7616004977002184, 0.0, 1.7595904458887994], [2.49173261168513, 2.636045635222649, 4.0113919372141265, 4.787447293044725, 4.564446607408338, 5.911856099510673, 3.4017941388902444, 3.9224316822653966, 2.1527113029584632, 1.0844414953685055, 2.261383707727134, 3.5699509468465007, 2.354839494239887, 4.700136738676624, 5.847319319214517, 6.692351944350952, 6.243749750388507, 6.10590942930935, 4.985690544682923, 3.701187967059043, 3.9629660812083776, 1.7607044123281024, 1.7595904458887994, 0.0]]}