{"total energy": -32.51935719, "HOMO-LUMO gap/eV": 3.96454244, "electronic energy": -32.97163912, "dipole": [-0.06098134, 1.18251183, -0.19828637], "partial charges": [-0.10355806, -0.05376919, -0.05635834, -0.08742241, 0.23467023, -0.3525731, -0.08742241, -0.05635834, -0.05376919, -0.10355806, 0.03390531, 0.03622129, 0.03622131, 0.02824584, 0.02824585, 0.04581703, 0.04581705, 0.0527928, 0.05279294, 0.05279281, 0.05279293, 0.04581704, 0.04581705, 0.02824585, 0.02824584, 0.0362213, 0.0362213, 0.03390531], "atomic dipole moments": [[0.07762422, 0.0629006, -0.01099044], [0.00971486, -0.1112633, 0.01863476], [0.00811051, 0.12863746, -0.02165087], [0.00534139, -0.08692932, 0.01457171], [0.0014317, -0.02776263, 0.00465484], [-0.00868138, 0.16834396, -0.02822824], [0.00362873, -0.08701369, 0.0145953], [-0.02130327, 0.12718846, -0.02124624], [0.00178084, -0.11165411, 0.01874413], [-0.08370186, 0.05495334, -0.00877067], [-0.10533944, 0.0638342, -0.01014421], [0.00053849, -0.08843875, -0.08680902], [0.00162252, -0.05522664, 0.11092743], [-0.0064205, 0.0545295, -0.10871766], [-0.00535856, 0.08706666, 0.08499943], [0.00667434, -0.09072722, -0.08603443], [0.00775397, -0.05765318, 0.11087784], [-0.00495305, 0.05897654, -0.11441536], [-0.00383799, 0.09312855, 0.08891575], [-0.00400878, 0.05902301, -0.11442837], [-0.00289288, 0.09317514, 0.08890271], [0.00099538, -0.057986, 0.11097089], [-8.56e-05, -0.09106032, -0.08594132], [-0.00089206, 0.08728685, 0.08493782], [-0.00195559, 0.05474925, -0.10877919], [0.0057721, -0.08818115, -0.08688082], [0.00685774, -0.05496847, 0.11085553], [0.09823849, 0.07386282, -0.0129457]], "atomic quadrupole moments": [[0.11006946, 0.16655756, 0.01549862, -0.02929135, -0.02534898, -0.12556808], [0.22169267, 0.01349994, 0.00854638, -0.00478322, -0.04135196, -0.23023905], [0.24414467, 0.02839165, 0.01185974, -0.00755405, -0.04646488, -0.2560044], [0.19673032, 0.01744621, 0.03806579, -0.00534059, -0.0472648, -0.23479611], [-0.28328608, 0.0032148, -0.30529527, 0.00438559, 0.15448493, 0.58858134], [-0.1283318, 0.00078752, -0.12595048, 0.00202736, 0.06571761, 0.25428228], [0.19883058, -0.00286592, 0.03605942, -0.00194204, -0.04681655, -0.23489], [0.24773881, -0.0063683, 0.00842622, -0.0017387, -0.04569795, -0.25616503], [0.2224176, 0.00648821, 0.00785365, -0.00361312, -0.04119776, -0.23027125], [0.14327844, -0.15460912, -0.01622466, 0.02446858, -0.01825907, -0.12705378], [0.04668803, -0.05424162, 0.00745684, 0.00854847, -0.01033298, -0.05414487], [-0.03825281, 0.00319016, 0.01474155, -0.01496327, 0.0641209, 0.02351126], [-0.03793549, 0.00741956, -0.02394821, 0.01408202, -0.04783089, 0.0618837], [-0.01847616, 0.00025687, -0.02709672, 0.00267323, -0.03332616, 0.04557288], [-0.01852814, -7.648e-05, 0.00124202, -0.00214192, 0.04865875, 0.01728611], [-0.01791955, 0.00071285, -0.00076574, -0.00120025, 0.04671286, 0.01868528], [-0.01789064, 0.00072074, -0.02754078, 0.00152202, -0.03074616, 0.04543143], [-0.01588741, 0.01886814, -0.03106086, 0.00800683, -0.04374902, 0.04694827], [-0.01612069, 0.01587657, 0.00422758, -0.01333107, 0.05835551, 0.01189311], [-0.01249897, -0.01823205, -0.03472438, -0.00201031, -0.04372965, 0.04722334], [-0.01238588, -0.01591263, 0.00108656, 0.00821814, 0.05985702, 0.01129932], [-0.01771246, -0.00060245, -0.02767165, 0.00324251, -0.030643, 0.04538411], [-0.01777341, -0.00110027, -0.00094463, -0.00239502, 0.04667906, 0.01871804], [-0.01847072, -0.00052573, 0.0011978, -0.00166923, 0.04868828, 0.01727293], [-0.01842714, -0.0003231, -0.0271541, 0.00237363, -0.03333278, 0.04558123], [-0.03659957, -0.0065039, 0.01378274, 0.01024687, 0.06549734, 0.02281683], [-0.03678565, -0.00999474, -0.02566694, -0.00658894, -0.04860856, 0.06245259], [0.03521745, 0.05669083, 0.01841411, -0.01002194, -0.01278222, -0.05363156]], "number of molecular orbitals": 58, "number of electrons": 60, "number of unpaired electrons": 0, "orbital energies/eV": [-19.23575894, -17.47271521, -17.25079, -16.88845947, -16.69120019, -16.14329713, -15.72599026, -15.35651628, -15.19881589, -15.19073591, -14.93212494, -14.59585618, -14.15721376, -13.96637078, -13.89828057, -13.41257113, -13.37203315, -13.23958326, -13.06990476, -12.81104319, -12.61190479, -12.23938474, -12.21390082, -12.09661988, -12.01981177, -11.87752711, -11.86964319, -11.57307912, -11.52423944, -10.60517263, -6.64063019, 0.77915713, 2.6448546, 2.90286802, 3.20293666, 3.28934803, 3.35091073, 3.71742412, 3.81971742, 4.0779781, 4.321977, 4.40439121, 4.96331181, 4.99263021, 5.06442768, 5.06715944, 5.12641454, 5.19661899, 6.46469555, 6.59271414, 6.73624701, 6.99562183, 7.02615854, 7.27598144, 7.66725685, 8.33725925, 8.41033948, 17.41507914], "fractional occupation": [2.0, 2.0, 2.0, 2.0, 2.0, 2.0, 2.0, 2.0, 2.0, 2.0, 2.0, 2.0, 2.0, 2.0, 2.0, 2.0, 2.0, 2.0, 2.0, 2.0, 2.0, 2.0, 2.0, 2.0, 2.0, 2.0, 2.0, 2.0, 2.0, 2.0, 0.0, 0.0, 0.0, 0.0, 0.0, 0.0, 0.0, 0.0, 0.0, 0.0, 0.0, 0.0, 0.0, 0.0, 0.0, 0.0, 0.0, 0.0, 0.0, 0.0, 0.0, 0.0, 0.0, 0.0, 0.0, 0.0, 0.0, 0.0], "program call": "xtb /tmp/scratch/tmpmp6muow1/13638_0_xyzopt.xyz --pop --wbo --acc 0.2 --gfn 2 --chrg 0 --uhf 0 --etemp 300 --input /tmp/scratch/tmpmp6muow1/13638_0_xtb.inp", "method": "GFN2-xTB", "xtb version": "6.3.3 (7355c4f)", "Dipole module/D": 3.052, "Total charge": 0, "Transition dipole module/D": NaN, "HOMO": -10.6052, "LUMO": -6.6406, "HOMO occupancy": 2.0, "LUMO occupancy": 0, "mulliken charges": [-0.08483, -0.04235, -0.03641, -0.08998, 0.40006, -0.48562, -0.08998, -0.03641, -0.04235, -0.08483, 0.02982, 0.03041, 0.03041, 0.02116, 0.02116, 0.03788, 0.03788, 0.04382, 0.04382, 0.04382, 0.04382, 0.03788, 0.03788, 0.02116, 0.02116, 0.03041, 0.03041, 0.02982], "cm5 charges": [-0.23755, -0.1557, -0.14617, -0.19306, 0.41932, -0.54042, -0.19306, -0.14617, -0.1557, -0.23755, 0.08138, 0.08263, 0.08263, 0.07634, 0.07634, 0.09618, 0.09618, 0.10067, 0.10067, 0.10067, 0.10067, 0.09618, 0.09618, 0.07634, 0.07634, 0.08263, 0.08263, 0.08138], "FUKUI+": [0.011, 0.006, 0.014, 0.031, -0.19, -0.292, 0.031, 0.014, 0.006, 0.011, -0.027, -0.014, -0.014, -0.018, -0.018, -0.021, -0.021, -0.094, -0.094, -0.094, -0.094, -0.021, -0.021, -0.018, -0.018, -0.014, -0.014, -0.027], "FUKUI-": [0.012, 0.001, 0.004, -0.007, -0.024, -0.123, -0.007, 0.004, 0.001, 0.012, -0.059, -0.049, -0.049, -0.054, -0.054, -0.038, -0.038, -0.048, -0.048, -0.048, -0.048, -0.038, -0.038, -0.054, -0.054, -0.049, -0.049, -0.059], "FUKUIrad": [0.012, 0.003, 0.009, 0.012, -0.107, -0.208, 0.012, 0.009, 0.003, 0.012, -0.043, -0.031, -0.031, -0.036, -0.036, -0.029, -0.029, -0.071, -0.071, -0.071, -0.071, -0.029, -0.029, -0.036, -0.036, -0.031, -0.031, -0.043], "s proportion": [1.005, 1.027, 1.027, 1.042, 1.07, 1.729, 1.042, 1.027, 1.027, 1.005, 0.97, 0.97, 0.97, 0.979, 0.979, 0.962, 0.962, 0.956, 0.956, 0.956, 0.956, 0.962, 0.962, 0.979, 0.979, 0.97, 0.97, 0.97], "p proportion": [3.08, 3.016, 3.01, 3.048, 2.53, 4.757, 3.048, 3.01, 3.016, 3.08, 0.0, 0.0, 0.0, 0.0, 0.0, 0.0, 0.0, 0.0, 0.0, 0.0, 0.0, 0.0, 0.0, 0.0, 0.0, 0.0, 0.0, 0.0], "d proportion": [0.0, 0.0, 0.0, 0.0, 0.0, 0.0, 0.0, 0.0, 0.0, 0.0, 0.0, 0.0, 0.0, 0.0, 0.0, 0.0, 0.0, 0.0, 0.0, 0.0, 0.0, 0.0, 0.0, 0.0, 0.0, 0.0, 0.0, 0.0], "Fermi-level/eV": -8.6229, "Coordination numbers": [3.752, 3.801, 3.804, 3.804, 2.812, 0.857, 3.804, 3.804, 3.801, 3.752, 0.925, 0.925, 0.925, 0.924, 0.924, 0.924, 0.924, 0.924, 0.924, 0.924, 0.924, 0.924, 0.924, 0.924, 0.924, 0.925, 0.925, 0.925], "Dispersion coefficient C6": [22.538, 21.54, 21.585, 22.164, 23.091, 20.756, 22.164, 21.585, 21.54, 22.538, 2.532, 2.5, 2.5, 2.612, 2.612, 2.373, 2.373, 2.285, 2.285, 2.285, 2.285, 2.373, 2.373, 2.612, 2.612, 2.5, 2.5, 2.532], "Total dispersion C6": 5606.424265, "Total dispersion C8": 119194.757665, "Polarizability alpha": [6.77, 6.608, 6.614, 6.702, 7.873, 6.108, 6.702, 6.614, 6.608, 6.77, 2.488, 2.472, 2.472, 2.527, 2.527, 2.409, 2.409, 2.364, 2.364, 2.364, 2.364, 2.409, 2.409, 2.527, 2.527, 2.472, 2.472, 2.488], "Total polarizability alpha": 111.437315, "Wiberg matrix": [[0.0, 1.01918601766039, 0.0, 0.0, 0.0, 0.0, 0.0, 0.0, 0.0, 0.0, 0.9874365695716362, 0.9878279007108322, 0.9878279004098949, 0.0, 0.0, 0.0, 0.0, 0.0, 0.0, 0.0, 0.0, 0.0, 0.0, 0.0, 0.0, 0.0, 0.0, 0.0], [1.01918601766039, 0.0, 1.0080350873161767, 0.0, 0.0, 0.0, 0.0, 0.0, 0.0, 0.0, 0.0, 0.0, 0.0, 0.9784924792457902, 0.9784924981568024, 0.0, 0.0, 0.0, 0.0, 0.0, 0.0, 0.0, 0.0, 0.0, 0.0, 0.0, 0.0, 0.0], [0.0, 1.0080350873161767, 0.0, 1.0072414710498063, 0.0, 0.0, 0.0, 0.0, 0.0, 0.0, 0.0, 0.0, 0.0, 0.0, 0.0, 0.9761355516374892, 0.9761355705549272, 0.0, 0.0, 0.0, 0.0, 0.0, 0.0, 0.0, 0.0, 0.0, 0.0, 0.0], [0.0, 0.0, 1.0072414710498063, 0.0, 0.9847204142482171, 0.0, 0.0, 0.0, 0.0, 0.0, 0.0, 0.0, 0.0, 0.0, 0.0, 0.0, 0.0, 0.9536260735712374, 0.9536258842748634, 0.0, 0.0, 0.0, 0.0, 0.0, 0.0, 0.0, 0.0, 0.0], [0.0, 0.0, 0.0, 0.9847204142482171, 0.0, 1.8738563212184625, 0.9847204165694408, 0.0, 0.0, 0.0, 0.0, 0.0, 0.0, 0.0, 0.0, 0.0, 0.0, 0.0, 0.0, 0.0, 0.0, 0.0, 0.0, 0.0, 0.0, 0.0, 0.0, 0.0], [0.0, 0.0, 0.0, 0.0, 1.8738563212184625, 0.0, 0.0, 0.0, 0.0, 0.0, 0.0, 0.0, 0.0, 0.0, 0.0, 0.0, 0.0, 0.0, 0.0, 0.0, 0.0, 0.0, 0.0, 0.0, 0.0, 0.0, 0.0, 0.0], [0.0, 0.0, 0.0, 0.0, 0.9847204165694408, 0.0, 0.0, 1.0072414695224283, 0.0, 0.0, 0.0, 0.0, 0.0, 0.0, 0.0, 0.0, 0.0, 0.0, 0.0, 0.9536260573566736, 0.9536258997386995, 0.0, 0.0, 0.0, 0.0, 0.0, 0.0, 0.0], [0.0, 0.0, 0.0, 0.0, 0.0, 0.0, 1.0072414695224283, 0.0, 1.0080350889651821, 0.0, 0.0, 0.0, 0.0, 0.0, 0.0, 0.0, 0.0, 0.0, 0.0, 0.0, 0.0, 0.9761355736702613, 0.9761355477927749, 0.0, 0.0, 0.0, 0.0, 0.0], [0.0, 0.0, 0.0, 0.0, 0.0, 0.0, 0.0, 1.0080350889651821, 0.0, 1.0191860141943334, 0.0, 0.0, 0.0, 0.0, 0.0, 0.0, 0.0, 0.0, 0.0, 0.0, 0.0, 0.0, 0.0, 0.9784924961666711, 0.9784924811520366, 0.0, 0.0, 0.0], [0.0, 0.0, 0.0, 0.0, 0.0, 0.0, 0.0, 0.0, 1.0191860141943334, 0.0, 0.0, 0.0, 0.0, 0.0, 0.0, 0.0, 0.0, 0.0, 0.0, 0.0, 0.0, 0.0, 0.0, 0.0, 0.0, 0.9878278984015483, 0.9878279031231344, 0.9874365719906999], [0.9874365695716362, 0.0, 0.0, 0.0, 0.0, 0.0, 0.0, 0.0, 0.0, 0.0, 0.0, 0.0, 0.0, 0.0, 0.0, 0.0, 0.0, 0.0, 0.0, 0.0, 0.0, 0.0, 0.0, 0.0, 0.0, 0.0, 0.0, 0.0], [0.9878279007108322, 0.0, 0.0, 0.0, 0.0, 0.0, 0.0, 0.0, 0.0, 0.0, 0.0, 0.0, 0.0, 0.0, 0.0, 0.0, 0.0, 0.0, 0.0, 0.0, 0.0, 0.0, 0.0, 0.0, 0.0, 0.0, 0.0, 0.0], [0.9878279004098949, 0.0, 0.0, 0.0, 0.0, 0.0, 0.0, 0.0, 0.0, 0.0, 0.0, 0.0, 0.0, 0.0, 0.0, 0.0, 0.0, 0.0, 0.0, 0.0, 0.0, 0.0, 0.0, 0.0, 0.0, 0.0, 0.0, 0.0], [0.0, 0.9784924792457902, 0.0, 0.0, 0.0, 0.0, 0.0, 0.0, 0.0, 0.0, 0.0, 0.0, 0.0, 0.0, 0.0, 0.0, 0.0, 0.0, 0.0, 0.0, 0.0, 0.0, 0.0, 0.0, 0.0, 0.0, 0.0, 0.0], [0.0, 0.9784924981568024, 0.0, 0.0, 0.0, 0.0, 0.0, 0.0, 0.0, 0.0, 0.0, 0.0, 0.0, 0.0, 0.0, 0.0, 0.0, 0.0, 0.0, 0.0, 0.0, 0.0, 0.0, 0.0, 0.0, 0.0, 0.0, 0.0], [0.0, 0.0, 0.9761355516374892, 0.0, 0.0, 0.0, 0.0, 0.0, 0.0, 0.0, 0.0, 0.0, 0.0, 0.0, 0.0, 0.0, 0.0, 0.0, 0.0, 0.0, 0.0, 0.0, 0.0, 0.0, 0.0, 0.0, 0.0, 0.0], [0.0, 0.0, 0.9761355705549272, 0.0, 0.0, 0.0, 0.0, 0.0, 0.0, 0.0, 0.0, 0.0, 0.0, 0.0, 0.0, 0.0, 0.0, 0.0, 0.0, 0.0, 0.0, 0.0, 0.0, 0.0, 0.0, 0.0, 0.0, 0.0], [0.0, 0.0, 0.0, 0.9536260735712374, 0.0, 0.0, 0.0, 0.0, 0.0, 0.0, 0.0, 0.0, 0.0, 0.0, 0.0, 0.0, 0.0, 0.0, 0.0, 0.0, 0.0, 0.0, 0.0, 0.0, 0.0, 0.0, 0.0, 0.0], [0.0, 0.0, 0.0, 0.9536258842748634, 0.0, 0.0, 0.0, 0.0, 0.0, 0.0, 0.0, 0.0, 0.0, 0.0, 0.0, 0.0, 0.0, 0.0, 0.0, 0.0, 0.0, 0.0, 0.0, 0.0, 0.0, 0.0, 0.0, 0.0], [0.0, 0.0, 0.0, 0.0, 0.0, 0.0, 0.9536260573566736, 0.0, 0.0, 0.0, 0.0, 0.0, 0.0, 0.0, 0.0, 0.0, 0.0, 0.0, 0.0, 0.0, 0.0, 0.0, 0.0, 0.0, 0.0, 0.0, 0.0, 0.0], [0.0, 0.0, 0.0, 0.0, 0.0, 0.0, 0.9536258997386995, 0.0, 0.0, 0.0, 0.0, 0.0, 0.0, 0.0, 0.0, 0.0, 0.0, 0.0, 0.0, 0.0, 0.0, 0.0, 0.0, 0.0, 0.0, 0.0, 0.0, 0.0], [0.0, 0.0, 0.0, 0.0, 0.0, 0.0, 0.0, 0.9761355736702613, 0.0, 0.0, 0.0, 0.0, 0.0, 0.0, 0.0, 0.0, 0.0, 0.0, 0.0, 0.0, 0.0, 0.0, 0.0, 0.0, 0.0, 0.0, 0.0, 0.0], [0.0, 0.0, 0.0, 0.0, 0.0, 0.0, 0.0, 0.9761355477927749, 0.0, 0.0, 0.0, 0.0, 0.0, 0.0, 0.0, 0.0, 0.0, 0.0, 0.0, 0.0, 0.0, 0.0, 0.0, 0.0, 0.0, 0.0, 0.0, 0.0], [0.0, 0.0, 0.0, 0.0, 0.0, 0.0, 0.0, 0.0, 0.9784924961666711, 0.0, 0.0, 0.0, 0.0, 0.0, 0.0, 0.0, 0.0, 0.0, 0.0, 0.0, 0.0, 0.0, 0.0, 0.0, 0.0, 0.0, 0.0, 0.0], [0.0, 0.0, 0.0, 0.0, 0.0, 0.0, 0.0, 0.0, 0.9784924811520366, 0.0, 0.0, 0.0, 0.0, 0.0, 0.0, 0.0, 0.0, 0.0, 0.0, 0.0, 0.0, 0.0, 0.0, 0.0, 0.0, 0.0, 0.0, 0.0], [0.0, 0.0, 0.0, 0.0, 0.0, 0.0, 0.0, 0.0, 0.0, 0.9878278984015483, 0.0, 0.0, 0.0, 0.0, 0.0, 0.0, 0.0, 0.0, 0.0, 0.0, 0.0, 0.0, 0.0, 0.0, 0.0, 0.0, 0.0, 0.0], [0.0, 0.0, 0.0, 0.0, 0.0, 0.0, 0.0, 0.0, 0.0, 0.9878279031231344, 0.0, 0.0, 0.0, 0.0, 0.0, 0.0, 0.0, 0.0, 0.0, 0.0, 0.0, 0.0, 0.0, 0.0, 0.0, 0.0, 0.0, 0.0], [0.0, 0.0, 0.0, 0.0, 0.0, 0.0, 0.0, 0.0, 0.0, 0.9874365719906999, 0.0, 0.0, 0.0, 0.0, 0.0, 0.0, 0.0, 0.0, 0.0, 0.0, 0.0, 0.0, 0.0, 0.0, 0.0, 0.0, 0.0, 0.0]], "Born radii": [], "Atomic SASAs": [], "Solvent H bonds": [], "Total SASA": NaN, "Total FOD": 0.0, "FOD": [0.0, 0.0, 0.0, 0.0, 0.0, 0.0, 0.0, 0.0, 0.0, 0.0, 0.0, 0.0, 0.0, 0.0, 0.0, 0.0, 0.0, 0.0, 0.0, 0.0, 0.0, 0.0, 0.0, 0.0, 0.0, 0.0, 0.0, 0.0], "FOD s proportion": [0.0, 0.0, 0.0, 0.0, 0.0, 0.0, 0.0, 0.0, 0.0, 0.0, 0.0, 0.0, 0.0, 0.0, 0.0, 0.0, 0.0, 0.0, 0.0, 0.0, 0.0, 0.0, 0.0, 0.0, 0.0, 0.0, 0.0, 0.0], "FOD p proportion": [0.0, 0.0, 0.0, 0.0, 0.0, 0.0, 0.0, 0.0, 0.0, 0.0, 0.0, 0.0, 0.0, 0.0, 0.0, 0.0, 0.0, 0.0, 0.0, 0.0, 0.0, 0.0, 0.0, 0.0, 0.0, 0.0, 0.0, 0.0], "FOD d proportion": [0.0, 0.0, 0.0, 0.0, 0.0, 0.0, 0.0, 0.0, 0.0, 0.0, 0.0, 0.0, 0.0, 0.0, 0.0, 0.0, 0.0, 0.0, 0.0, 0.0, 0.0, 0.0, 0.0, 0.0, 0.0, 0.0, 0.0, 0.0], "coordinates": [["-5.02569775205770", "-0.63581082477222", "0.11681431438699"], ["-3.82218162899223", "0.28443559304475", "-0.04434965666525"], ["-2.50785398617951", "-0.48099978729745", "0.07700958534530"], ["-1.29656029483559", "0.43299480960944", "-0.08314967658886"], ["0.01632018050904", "-0.31647014501962", "0.03553129854558"], ["0.07746068268706", "-1.50206846682540", "0.23433553638629"], ["1.24544414440923", "0.55821892840438", "-0.11812848863473"], ["2.54462821589615", "-0.23210453238527", "0.00748636453254"], ["3.77354891867071", "0.65861604616578", "-0.14886993593582"], ["5.06563793464832", "-0.13869170108133", "-0.02204448833187"], ["-5.95290781888991", "-0.07434037355575", "0.02759195109739"], ["-5.01745370474709", "-1.41017351374760", "-0.64689942638994"], ["-5.00792366565938", "-1.11819413449652", "1.09147047182764"], ["-3.86835274112279", "0.77358199844775", "-1.02057671330261"], ["-3.85881697170307", "1.06575526834079", "0.71894100546137"], ["-2.46500511948912", "-1.26314950500677", "-0.68312292444392"], ["-2.45550025524636", "-0.97197124904103", "1.05045794544610"], ["-1.32265166337421", "0.92744065270245", "-1.05763436186226"], ["-1.31314070886566", "1.21871763068918", "0.67654939171144"], ["1.19606345187736", "1.05151709157462", "-1.09229291472488"], ["1.20558018910098", "1.34279507318661", "0.64189063685752"], ["2.56751410244503", "-0.72452664978128", "0.98134071512416"], ["2.55799741435356", "-1.01570724553792", "-0.75223969921152"], ["3.75416642964965", "1.44078697485447", "0.61418195137194"], ["3.74461619909202", "1.14860992880811", "-1.12533505840197"], ["5.11256793991990", "-0.91115048977474", "-0.78628869763214"], ["5.12211214419136", "-0.61916621216511", "0.95208030429486"], ["5.93038636371227", "0.51105383465967", "-0.13592643026335"]], "bond_dist": [[0.0, 1.5235742034928368, 2.522912622971664, 3.8844301070594582, 5.052774508201777, 5.17749355867705, 6.388123813592338, 7.581870918988834, 8.897913857607351, 10.104526962308439, 1.0876250299322832, 1.0876415844591143, 1.087641577398013, 2.1493008059247285, 2.1493009274871406, 2.755104383553888, 2.755106065703661, 4.187557188849419, 4.187560023194686, 6.558912125312047, 6.558918449243549, 7.642783698531536, 7.642774924470286, 9.035798140560804, 9.035789909679155, 10.182133284463124, 10.182140836161912, 11.018845474135993], [1.5235742034928368, 0.0, 1.525803571814742, 2.530284253976132, 3.8860731869830505, 4.29842672983943, 5.07555234531279, 6.387939282369587, 7.605659606699251, 8.897913846705897, 2.161918103317858, 2.1595003090757303, 2.15950033442731, 1.0928930613856471, 1.0928930497674254, 2.15522133463986, 2.1552215236083425, 2.7726975041561985, 2.7726998940896994, 5.183568538099145, 5.1835740015105705, 6.5496761054709856, 6.549669025088425, 7.692324895809061, 7.69231799215688, 9.044868682358965, 9.044874791310725, 9.755630404295744], [2.522912622971664, 1.525803571814742, 0.0, 1.5258668090786505, 2.5298706835017764, 2.7840949409530857, 3.8993975514254156, 5.059086748459775, 6.38793928110428, 7.581870904351077, 3.469324126055682, 2.772273222218767, 2.7722727009728976, 2.151657036403676, 2.1516570680592713, 1.0915107139775946, 1.0915106958578946, 2.162365812240136, 2.162366087279091, 4.1755096346003, 4.175513342048702, 5.161054287649631, 5.161048038346364, 6.572268877508453, 6.572263224101937, 7.681220208014489, 7.681225284727055, 8.499024199172707], [3.8844301070594582, 2.530284253976132, 1.5258668090786505, 0.0, 1.5163898029916787, 2.39441023864686, 2.5453273200829165, 3.899397543422507, 5.075552337603792, 6.388123795120592, 4.685213438142029, 4.19048100061919, 4.190481798513757, 2.758420828869773, 2.7584224728126205, 2.1452591317615366, 2.1452593546078544, 1.0930589431025999, 1.0930589810578648, 2.7593682304180374, 2.7593707574521127, 4.171818149286825, 4.171814261976543, 5.197283607146442, 5.19727965495594, 6.586201925109062, 6.58620526620499, 7.227560902726195], [5.052774508201777, 3.8860731869830505, 2.5298706835017764, 1.5163898029916787, 0.0, 1.203704559540541, 1.5163897994900086, 2.5298706679832454, 3.8860731704879994, 5.052774478306925, 5.974142011056938, 5.196227312290095, 5.196228932479361, 4.1706428181069795, 4.170645497917638, 2.7512980476962654, 2.7513004311743265, 2.1295940534516378, 2.1295943178992323, 2.129594027476294, 2.1295943462413596, 2.7513007816104285, 2.751297662684281, 4.170645483085212, 4.17064281899103, 5.196226904577573, 5.196229264130702, 5.974141989358856], [5.17749355867705, 4.29842672983943, 2.7840949409530857, 2.39441023864686, 1.203704559540541, 0.0, 2.394410241945443, 2.7840949298596867, 4.29842671763452, 5.177493526739462, 6.200523742651194, 5.171380121138253, 5.17138025782111, 4.724704580186487, 4.7247055959066255, 2.7134746457081182, 2.7134756236179585, 3.0873962106348696, 3.087394097367311, 3.087396056000424, 3.0873942640941356, 2.713476376820301, 2.7134738639268012, 4.724705980201309, 4.724704188085157, 5.171379213953099, 5.171381083540626, 6.200523715968533], [6.388123813592338, 5.07555234531279, 3.8993975514254156, 2.5453273200829165, 1.5163897994900086, 2.394410241945443, 0.0, 1.52586680795412, 2.530284246380365, 3.8844300940531387, 7.227560909780325, 6.586202014811146, 6.5862052329561305, 5.197279349488702, 5.197283907557709, 4.171814404151477, 4.171818030836225, 2.7593680518331625, 2.7593709284253674, 1.093058946096509, 1.0930589796567107, 2.145259360149689, 2.145259125336928, 2.7584220927224696, 2.7584212090337847, 4.190480998855903, 4.190481763500759, 4.685213432812025], [7.581870918988834, 6.387939282369587, 5.059086748459775, 3.899397543422507, 2.5298706679832454, 2.7840949298596867, 1.52586680795412, 0.0, 1.5258035704042598, 2.522912608547116, 8.49902420439605, 7.681220623229661, 7.681224918684911, 6.572263220945612, 6.57226886539401, 5.161048447805155, 5.161053885103143, 4.175509653044197, 4.175513304979846, 2.1623658014624745, 2.162366103701843, 1.0915106970021522, 1.0915107143127967, 2.1516570871343, 2.15165702643855, 2.772272837904072, 2.7722730485307174, 3.4693241162686586], [8.897913857607351, 7.605659606699251, 6.38793928110428, 5.075552337603792, 3.8860731704879994, 4.29842671763452, 2.530284246380365, 1.5258035704042598, 0.0, 1.523574206656897, 9.755630403947494, 9.044868752033233, 9.04487476389679, 7.692317651647386, 7.6923252180847825, 6.549669119615409, 6.549676015302348, 5.183568252019452, 5.183574270551679, 2.772697148972732, 2.7727002399371616, 2.155221522505201, 2.1552213380589413, 1.0928930529975538, 1.0928930609542535, 2.159500311273029, 2.159500336743627, 2.161918107823946], [10.104526962308439, 8.897913846705897, 7.581870904351077, 6.388123795120592, 5.052774478306925, 5.177493526739462, 3.8844300940531387, 2.522912608547116, 1.523574206656897, 0.0, 11.018845465487248, 10.182133700850832, 10.18214043798057, 9.035789910235996, 9.03579810418878, 7.642775337554393, 7.642783259192937, 6.558912148378425, 6.5589183930097565, 4.187557204627107, 4.187559995003188, 2.755105648546862, 2.755104769375248, 2.1493009279153, 2.149300815180089, 1.087641584840096, 1.0876415787173541, 1.087625028896454], [1.0876250299322832, 2.161918103317858, 3.469324126055682, 4.685213438142029, 5.974142011056938, 6.200523742651194, 7.227560909780325, 8.49902420439605, 9.755630403947494, 11.018845465487248, 0.0, 1.7647841784213456, 1.7647841882106146, 2.4825389765759582, 2.482538632914532, 3.7528453239940958, 3.7528463460752772, 4.860098089607036, 4.860101192087774, 7.323215644424473, 7.323222399346457, 8.59825381203879, 8.598244988353152, 9.84210288388526, 9.84209430002687, 11.126877668501185, 11.126885507286522, 11.898827894810555], [1.0876415844591143, 2.1595003090757303, 2.772273222218767, 4.19048100061919, 5.196227312290095, 5.171380121138253, 6.586202014811146, 7.681220623229661, 9.044868752033233, 10.182133700850832, 1.7647841784213456, 0.0, 1.7627457793402481, 2.49576759262562, 3.0558439911769697, 2.5569360534324868, 3.1042952098550174, 4.391435449068859, 4.7312281909550835, 6.698215542325376, 6.925746653737329, 7.788004508001106, 7.58644579943182, 9.309114981085056, 9.140576697322718, 10.143263373728109, 10.295301080359746, 11.126877823163282], [1.087641577398013, 2.15950033442731, 2.7722727009728976, 4.190481798513757, 5.196228932479361, 5.17138025782111, 6.5862052329561305, 7.681224918684911, 9.04487476389679, 10.18214043798057, 1.7647841882106146, 1.7627457793402481, 0.0, 3.0558439327693696, 2.495768296849646, 3.104291950507726, 2.5569373135795797, 4.731226373744423, 4.391439080620552, 6.925743677580646, 6.698225142637894, 7.586458991535927, 7.7879992646498, 9.140591418944762, 9.309112820475075, 10.29529974832742, 10.143277773724307, 11.126885386257673], [2.1493008059247285, 1.0928930613856471, 2.151657036403676, 2.758420828869773, 4.1706428181069795, 4.724704580186487, 5.197279349488702, 6.572263220945612, 7.692317651647386, 9.035789910235996, 2.4825389765759582, 2.49576759262562, 3.0558439327693696, 0.0, 1.7639098742374166, 2.496304233046139, 3.0548801685834124, 2.5506155594397444, 3.099595340879637, 5.072543987533279, 5.369599295590993, 6.904519167927125, 6.676191809150262, 7.824346418779257, 7.622920460302188, 9.140577154115567, 9.309112854687532, 9.842094045714417], [2.1493009274871406, 1.0928930497674254, 2.1516570680592713, 2.7584224728126205, 4.170645497917638, 4.7247055959066255, 5.197283907557709, 6.57226886539401, 7.6923252180847825, 9.03579810418878, 2.482538632914532, 3.0558439911769697, 2.495768296849646, 1.7639098742374166, 0.0, 3.0548800608591162, 2.4963033965895898, 3.0995943992482458, 2.550619957654485, 5.369598414779968, 5.072554229885682, 6.676203564043522, 6.90451777661463, 7.622935098082385, 7.824347581571737, 9.30911489176289, 9.140590906109466, 9.842103126633925], [2.755104383553888, 2.15522133463986, 1.0915107139775946, 2.1452591317615366, 2.7512980476962654, 2.7134746457081182, 4.171814404151477, 5.161048447805155, 6.549669119615409, 7.642775337554393, 3.7528453239940958, 2.5569360534324868, 3.104291950507726, 2.496304233046139, 3.0548800608591162, 0.0, 1.7578901420851536, 2.498782798585611, 3.0553502102095975, 4.35069242977754, 4.692526461287744, 5.327926755010075, 5.029568495936338, 6.904517882195479, 6.6761914336088495, 7.5864458051292525, 7.788000542730803, 8.598245149444013], [2.755106065703661, 2.1552215236083425, 1.0915106958578946, 2.1452593546078544, 2.7513004311743265, 2.7134756236179585, 4.171818030836225, 5.161053885103143, 6.549676015302348, 7.642783259192937, 3.7528463460752772, 3.1042952098550174, 2.5569373135795797, 3.0548801685834124, 2.4963033965895898, 1.7578901420851536, 0.0, 3.055350173175602, 2.4987818447268797, 4.692526379313607, 4.350698839514074, 5.029580425721815, 5.3279255361282525, 6.676203960896355, 6.9045190835278145, 7.788003184533505, 7.586458938822234, 8.598253640818138], [4.187557188849419, 2.7726975041561985, 2.162365812240136, 1.0930589431025999, 2.1295940534516378, 3.0873962106348696, 2.7593680518331625, 4.175509653044197, 5.183568252019452, 6.558912148378425, 4.860098089607036, 4.391435449068859, 4.731226373744423, 2.5506155594397444, 3.0995943992482458, 2.498782798585611, 3.055350173175602, 0.0, 1.7585010740172191, 2.522007535628405, 3.0745505062950795, 4.692526506968196, 4.350692694144338, 5.369597394713818, 5.072544018831985, 6.698215971533978, 6.9257437412258875, 7.323215421915067], [4.187560023194686, 2.7726998940896994, 2.162366087279091, 1.0930589810578648, 2.1295943178992323, 3.087394097367311, 2.7593709284253674, 4.175513304979846, 5.183574270551679, 6.5589183930097565, 4.860101192087774, 4.7312281909550835, 4.391439080620552, 3.099595340879637, 2.550619957654485, 3.0553502102095975, 2.4987818447268797, 1.7585010740172191, 0.0, 3.0745511291258834, 2.5220133629460815, 4.35069854724016, 4.6925263092372935, 5.072554201512363, 5.369600320453766, 6.925746539202863, 6.6982246592953585, 7.323222614441944], [6.558912125312047, 5.183568538099145, 4.1755096346003, 2.7593682304180374, 2.129594027476294, 3.087396056000424, 1.093058946096509, 2.1623658014624745, 2.772697148972732, 4.187557204627107, 7.323215644424473, 6.698215542325376, 6.925743677580646, 5.072543987533279, 5.369598414779968, 4.35069242977754, 4.692526379313607, 2.522007535628405, 3.0745511291258834, 0.0, 1.7585010723449346, 3.055350174528748, 2.498783057305592, 3.099593256467101, 2.5506155938589057, 4.391435986168493, 4.731226362631607, 4.860097819818177], [6.558918449243549, 5.1835740015105705, 4.175513342048702, 2.7593707574521127, 2.1295943462413596, 3.0873942640941356, 1.0930589796567107, 2.162366103701843, 2.7727002399371616, 4.187559995003188, 7.323222399346457, 6.925746653737329, 6.698225142637894, 5.369599295590993, 5.072554229885682, 4.692526461287744, 4.350698839514074, 3.0745505062950795, 2.5220133629460815, 1.7585010723449346, 0.0, 2.498781592337912, 3.055350214384081, 2.5506199265193996, 3.099596487982574, 4.731228180642483, 4.391438519465796, 4.860101466576167], [7.642783698531536, 6.5496761054709856, 5.161054287649631, 4.171818149286825, 2.7513007816104285, 2.713476376820301, 2.145259360149689, 1.0915106970021522, 2.155221522505201, 2.755105648546862, 8.59825381203879, 7.788004508001106, 7.586458991535927, 6.904519167927125, 6.676203564043522, 5.327926755010075, 5.029580425721815, 4.692526506968196, 4.35069854724016, 3.055350174528748, 2.498781592337912, 0.0, 1.7578901443678696, 2.4963037468411993, 3.054880161764488, 3.10429399930816, 2.556937259369254, 3.7528462336331243], [7.642774924470286, 6.549669025088425, 5.161048038346364, 4.171814261976543, 2.751297662684281, 2.7134738639268012, 2.145259125336928, 1.0915107143127967, 2.1552213380589413, 2.755104769375248, 8.598244988353152, 7.58644579943182, 7.7879992646498, 6.676191809150262, 6.90451777661463, 5.029568495936338, 5.3279255361282525, 4.350692694144338, 4.6925263092372935, 2.498783057305592, 3.055350214384081, 1.7578901443678696, 0.0, 3.0548800786870274, 2.4963038914588926, 2.556936060905993, 3.1042931261837268, 3.752845409451931], [9.035798140560804, 7.692324895809061, 6.572268877508453, 5.197283607146442, 4.170645483085212, 4.724705980201309, 2.7584220927224696, 2.1516570871343, 1.0928930529975538, 2.1493009279153, 9.84210288388526, 9.309114981085056, 9.140591418944762, 7.824346418779257, 7.622935098082385, 6.904517882195479, 6.676203960896355, 5.369597394713818, 5.072554201512363, 3.099593256467101, 2.5506199265193996, 2.4963037468411993, 3.0548800786870274, 0.0, 1.7639098787729621, 3.055843997875691, 2.495767999545065, 2.482538921666186], [9.035789909679155, 7.69231799215688, 6.572263224101937, 5.19727965495594, 4.17064281899103, 4.724704188085157, 2.7584212090337847, 2.15165702643855, 1.0928930609542535, 2.149300815180089, 9.84209430002687, 9.140576697322718, 9.309112820475075, 7.622920460302188, 7.824347581571737, 6.6761914336088495, 6.9045190835278145, 5.072544018831985, 5.369600320453766, 2.5506155938589057, 3.099596487982574, 3.054880161764488, 2.4963038914588926, 1.7639098787729621, 0.0, 2.495767894245355, 3.055843934583063, 2.482538704464644], [10.182133284463124, 9.044868682358965, 7.681220208014489, 6.586201925109062, 5.196226904577573, 5.171379213953099, 4.190480998855903, 2.772272837904072, 2.159500311273029, 1.087641584840096, 11.126877668501185, 10.143263373728109, 10.29529974832742, 9.140577154115567, 9.30911489176289, 7.5864458051292525, 7.788003184533505, 6.698215971533978, 6.925746539202863, 4.391435986168493, 4.731228180642483, 3.10429399930816, 2.556936060905993, 3.055843997875691, 2.495767894245355, 0.0, 1.762745783448954, 1.7647841776124482], [10.182140836161912, 9.044874791310725, 7.681225284727055, 6.58620526620499, 5.196229264130702, 5.171381083540626, 4.190481763500759, 2.7722730485307174, 2.159500336743627, 1.0876415787173541, 11.126885507286522, 10.295301080359746, 10.143277773724307, 9.309112854687532, 9.140590906109466, 7.788000542730803, 7.586458938822234, 6.9257437412258875, 6.6982246592953585, 4.731226362631607, 4.391438519465796, 2.556937259369254, 3.1042931261837268, 2.495767999545065, 3.055843934583063, 1.762745783448954, 0.0, 1.7647841858512794], [11.018845474135993, 9.755630404295744, 8.499024199172707, 7.227560902726195, 5.974141989358856, 6.200523715968533, 4.685213432812025, 3.4693241162686586, 2.161918107823946, 1.087625028896454, 11.898827894810555, 11.126877823163282, 11.126885386257673, 9.842094045714417, 9.842103126633925, 8.598245149444013, 8.598253640818138, 7.323215421915067, 7.323222614441944, 4.860097819818177, 4.860101466576167, 3.7528462336331243, 3.752845409451931, 2.482538921666186, 2.482538704464644, 1.7647841776124482, 1.7647841858512794, 0.0]]}