{"total energy": -20.89460322, "HOMO-LUMO gap/eV": 12.06595803, "electronic energy": -21.15903371, "dipole": [0.20386796, 0.60586058, -0.22479889], "partial charges": [-0.10211678, -0.06827296, 0.14786501, -0.12120601, -0.1138694, -0.45030148, 0.04728351, 0.03107196, 0.03687832, 0.02462085, 0.03048917, 0.04693873, 0.03731987, 0.03013453, 0.04875366, 0.03647698, 0.05630661, 0.28162743], "atomic dipole moments": [[-0.06519352, 0.07424945, -0.03577566], [-0.02474583, -0.09380487, 0.03224075], [-0.00341775, -0.1143237, -0.09183241], [0.0605916, -0.05613427, 0.03491244], [0.03615824, 0.0394377, -0.09353505], [0.04949743, 0.22554567, -0.00166974], [-0.01521113, -0.11186413, -0.05584366], [0.11455746, 0.04064355, -0.02090703], [-0.01523537, -0.01445639, 0.1232533], [0.03506143, 0.03152112, -0.11157901], [9.808e-05, 0.10365349, 0.06792211], [-0.11615144, -0.0481729, -0.01372026], [-0.00554341, 0.10114697, 0.07484553], [0.04038186, 0.0372463, -0.11148532], [-0.1206366, -0.03412001, -0.00995569], [0.0122628, 0.09643344, 0.07828844], [0.06546481, -0.10157184, 0.04004615], [0.02377636, 0.02435947, -0.06763232]], "atomic quadrupole moments": [[0.04893167, -0.15165273, 0.03048966, 0.08144979, -0.09874622, -0.07942133], [0.18308773, -0.02048882, -0.01375042, 0.0825938, -0.07823578, -0.16933732], [-0.12972692, 0.00344466, 0.12501624, -0.00524727, 0.1642173, 0.00471068], [0.00671347, -0.14810472, 0.04973437, 0.07757944, -0.0932401, -0.05644784], [-0.08551678, 0.0309745, -0.10698949, -0.10989075, -0.0816894, 0.19250627], [-0.1067248, 0.01864225, 0.09754551, -0.01309995, 0.09766553, 0.0091793], [-0.03529774, 0.00907077, 0.05069561, 0.01890873, 0.05148138, -0.01539787], [0.06541387, 0.04042515, -0.02346806, -0.01644563, -0.02334124, -0.04194581], [-0.03536494, -0.0120129, -0.03923433, -0.02695269, -0.01106555, 0.07459926], [-0.00269415, -0.00852609, -0.04817055, -0.02079237, -0.02220432, 0.05086469], [-0.02529149, -0.0065564, 0.02305082, 0.01140534, 0.0479437, 0.00224067], [0.06155742, 0.04669719, -0.01643777, 0.01339948, -0.00466803, -0.04511965], [-0.04777836, -0.00695195, 0.03820492, 0.00605994, 0.06260416, 0.00957345], [-0.01620692, 0.00471409, -0.04380152, -0.04477546, -0.03283355, 0.06000844], [0.07516756, 0.03187496, -0.04307521, 0.01198981, -0.00688479, -0.03209234], [-0.04926773, 0.01732312, 0.03886102, 0.00248153, 0.06263164, 0.01040671], [0.00172102, -0.0566631, 0.02478705, 0.01465762, -0.03575496, -0.02650807], [-0.07163315, 0.01797929, -0.04667699, -0.06501211, -0.02908607, 0.11831014]], "number of molecular orbitals": 36, "number of electrons": 38, "number of unpaired electrons": 0, "orbital energies/eV": [-18.4703825, -17.17087971, -16.55817202, -16.29304118, -15.60796397, -15.43498371, -14.47329155, -14.12703177, -14.05957058, -13.35974457, -13.14896573, -12.63426479, -12.542331, -12.41343172, -12.31241364, -12.14119847, -11.79378379, -11.56611102, -10.8809691, 1.18498893, 2.0690613, 2.41984793, 2.76029017, 3.6991934, 4.25228993, 4.84790279, 5.09177037, 5.22036766, 5.70641596, 6.19453949, 6.44321453, 6.62331026, 6.84453944, 7.41409389, 7.91638204, 8.11988868], "fractional occupation": [2.0, 2.0, 2.0, 2.0, 2.0, 2.0, 2.0, 2.0, 2.0, 2.0, 2.0, 2.0, 2.0, 2.0, 2.0, 2.0, 2.0, 2.0, 2.0, 0.0, 0.0, 0.0, 0.0, 0.0, 0.0, 0.0, 0.0, 0.0, 0.0, 0.0, 0.0, 0.0, 0.0, 0.0, 0.0, 0.0], "program call": "xtb /tmp/scratch/tmpj5kkix4p/1402_0_xyzopt.xyz --pop --wbo --acc 0.2 --gfn 2 --chrg 0 --uhf 0 --etemp 300 --input /tmp/scratch/tmpj5kkix4p/1402_0_xtb.inp", "method": "GFN2-xTB", "xtb version": "6.3.3 (7355c4f)", "Dipole module/D": 1.722, "Total charge": 0, "Transition dipole module/D": NaN, "HOMO": -10.881, "LUMO": 1.185, "HOMO occupancy": 2.0, "LUMO occupancy": 0, "mulliken charges": [-0.08082, -0.07085, 0.25039, -0.11958, -0.09939, -0.5682, 0.03841, 0.02631, 0.02745, 0.02228, 0.02458, 0.04242, 0.03169, 0.02876, 0.04073, 0.02439, 0.04542, 0.33599], "cm5 charges": [-0.2328, -0.17856, 0.23791, -0.26664, -0.2457, -0.77997, 0.09425, 0.07804, 0.08049, 0.07984, 0.08105, 0.09745, 0.08521, 0.08301, 0.09607, 0.07817, 0.10204, 0.51016], "FUKUI+": [0.017, 0.004, -0.059, 0.031, 0.034, -0.143, -0.037, -0.079, -0.047, -0.056, -0.099, -0.074, -0.095, -0.055, -0.06, -0.1, -0.058, -0.126], "FUKUI-": [0.019, -0.017, -0.034, 0.007, 0.027, -0.135, -0.056, -0.117, -0.062, -0.071, -0.078, -0.077, -0.067, -0.059, -0.094, -0.059, -0.065, -0.063], "FUKUIrad": [0.018, -0.006, -0.046, 0.019, 0.03, -0.139, -0.046, -0.098, -0.054, -0.063, -0.088, -0.075, -0.081, -0.057, -0.077, -0.08, -0.061, -0.095], "s proportion": [1.003, 1.039, 1.042, 1.021, 1.012, 1.696, 0.962, 0.974, 0.973, 0.978, 0.975, 0.958, 0.968, 0.971, 0.959, 0.976, 0.955, 0.664], "p proportion": [3.078, 3.032, 2.708, 3.098, 3.087, 4.872, 0.0, 0.0, 0.0, 0.0, 0.0, 0.0, 0.0, 0.0, 0.0, 0.0, 0.0, 0.0], "d proportion": [0.0, 0.0, 0.0, 0.0, 0.0, 0.0, 0.0, 0.0, 0.0, 0.0, 0.0, 0.0, 0.0, 0.0, 0.0, 0.0, 0.0, 0.0], "Fermi-level/eV": -4.848, "Coordination numbers": [3.751, 3.803, 3.773, 3.756, 3.757, 1.656, 0.925, 0.925, 0.925, 0.924, 0.924, 0.925, 0.925, 0.925, 0.925, 0.925, 0.925, 0.805], "Dispersion coefficient C6": [22.513, 21.806, 18.231, 22.877, 22.732, 21.85, 2.354, 2.571, 2.491, 2.664, 2.58, 2.358, 2.485, 2.585, 2.335, 2.496, 2.243, 0.779], "Total dispersion C6": 2113.544021, "Total dispersion C8": 43559.648523, "Polarizability alpha": [6.767, 6.648, 6.084, 6.82, 6.798, 6.31, 2.399, 2.508, 2.468, 2.553, 2.512, 2.402, 2.465, 2.514, 2.39, 2.471, 2.342, 1.386], "Total polarizability alpha": 67.835418, "Wiberg matrix": [[0.0, 1.0198704119684905, 0.0, 0.0, 0.0, 0.0, 0.9852183335008728, 0.9872606859202231, 0.9870982524850881, 0.0, 0.0, 0.0, 0.0, 0.0, 0.0, 0.0, 0.0, 0.0], [1.0198704119684905, 0.0, 0.9746794924121155, 0.0, 0.0, 0.0, 0.0, 0.0, 0.0, 0.9761955707324576, 0.97755902585954, 0.0, 0.0, 0.0, 0.0, 0.0, 0.0, 0.0], [0.0, 0.9746794924121155, 0.0, 0.9886733987762806, 0.9957554454057747, 0.9759159852757173, 0.0, 0.0, 0.0, 0.0, 0.0, 0.0, 0.0, 0.0, 0.0, 0.0, 0.0, 0.0], [0.0, 0.0, 0.9886733987762806, 0.0, 0.0, 0.0, 0.0, 0.0, 0.0, 0.0, 0.0, 0.9851330656581656, 0.9861162732473185, 0.9851860500858929, 0.0, 0.0, 0.0, 0.0], [0.0, 0.0, 0.9957554454057747, 0.0, 0.0, 0.0, 0.0, 0.0, 0.0, 0.0, 0.0, 0.0, 0.0, 0.0, 0.9846462488893826, 0.9865692496575034, 0.9824883531342908, 0.0], [0.0, 0.0, 0.9759159852757173, 0.0, 0.0, 0.0, 0.0, 0.0, 0.0, 0.0, 0.0, 0.0, 0.0, 0.0, 0.0, 0.0, 0.0, 0.9021377024751921], [0.9852183335008728, 0.0, 0.0, 0.0, 0.0, 0.0, 0.0, 0.0, 0.0, 0.0, 0.0, 0.0, 0.0, 0.0, 0.0, 0.0, 0.0, 0.0], [0.9872606859202231, 0.0, 0.0, 0.0, 0.0, 0.0, 0.0, 0.0, 0.0, 0.0, 0.0, 0.0, 0.0, 0.0, 0.0, 0.0, 0.0, 0.0], [0.9870982524850881, 0.0, 0.0, 0.0, 0.0, 0.0, 0.0, 0.0, 0.0, 0.0, 0.0, 0.0, 0.0, 0.0, 0.0, 0.0, 0.0, 0.0], [0.0, 0.9761955707324576, 0.0, 0.0, 0.0, 0.0, 0.0, 0.0, 0.0, 0.0, 0.0, 0.0, 0.0, 0.0, 0.0, 0.0, 0.0, 0.0], [0.0, 0.97755902585954, 0.0, 0.0, 0.0, 0.0, 0.0, 0.0, 0.0, 0.0, 0.0, 0.0, 0.0, 0.0, 0.0, 0.0, 0.0, 0.0], [0.0, 0.0, 0.0, 0.9851330656581656, 0.0, 0.0, 0.0, 0.0, 0.0, 0.0, 0.0, 0.0, 0.0, 0.0, 0.0, 0.0, 0.0, 0.0], [0.0, 0.0, 0.0, 0.9861162732473185, 0.0, 0.0, 0.0, 0.0, 0.0, 0.0, 0.0, 0.0, 0.0, 0.0, 0.0, 0.0, 0.0, 0.0], [0.0, 0.0, 0.0, 0.9851860500858929, 0.0, 0.0, 0.0, 0.0, 0.0, 0.0, 0.0, 0.0, 0.0, 0.0, 0.0, 0.0, 0.0, 0.0], [0.0, 0.0, 0.0, 0.0, 0.9846462488893826, 0.0, 0.0, 0.0, 0.0, 0.0, 0.0, 0.0, 0.0, 0.0, 0.0, 0.0, 0.0, 0.0], [0.0, 0.0, 0.0, 0.0, 0.9865692496575034, 0.0, 0.0, 0.0, 0.0, 0.0, 0.0, 0.0, 0.0, 0.0, 0.0, 0.0, 0.0, 0.0], [0.0, 0.0, 0.0, 0.0, 0.9824883531342908, 0.0, 0.0, 0.0, 0.0, 0.0, 0.0, 0.0, 0.0, 0.0, 0.0, 0.0, 0.0, 0.0], [0.0, 0.0, 0.0, 0.0, 0.0, 0.9021377024751921, 0.0, 0.0, 0.0, 0.0, 0.0, 0.0, 0.0, 0.0, 0.0, 0.0, 0.0, 0.0]], "Born radii": [], "Atomic SASAs": [], "Solvent H bonds": [], "Total SASA": NaN, "Total FOD": 0.0, "FOD": [0.0, 0.0, 0.0, 0.0, 0.0, 0.0, 0.0, 0.0, 0.0, 0.0, 0.0, 0.0, 0.0, 0.0, 0.0, 0.0, 0.0, 0.0], "FOD s proportion": [0.0, 0.0, 0.0, 0.0, 0.0, 0.0, 0.0, 0.0, 0.0, 0.0, 0.0, 0.0, 0.0, 0.0, 0.0, 0.0, 0.0, 0.0], "FOD p proportion": [0.0, 0.0, 0.0, 0.0, 0.0, 0.0, 0.0, 0.0, 0.0, 0.0, 0.0, 0.0, 0.0, 0.0, 0.0, 0.0, 0.0, 0.0], "FOD d proportion": [0.0, 0.0, 0.0, 0.0, 0.0, 0.0, 0.0, 0.0, 0.0, 0.0, 0.0, 0.0, 0.0, 0.0, 0.0, 0.0, 0.0, 0.0], "coordinates": [["1.97167492409384", "-0.51741685711968", "0.40196125988878"], ["0.96182636085593", "0.47903413773805", "-0.15682846221524"], ["-0.47732702380898", "-0.07378936484251", "-0.21099906516691"], ["-1.40099762369904", "0.98992853558440", "-0.82099516092121"], ["-0.98355630683090", "-0.46632848734135", "1.17655449587669"], ["-0.52003859748062", "-1.25630258191334", "-0.99534185678064"], ["1.85110205071441", "-1.48220167619565", "-0.08564579918321"], ["2.98532229149499", "-0.16299396713506", "0.22851428779568"], ["1.83590991234023", "-0.65144997563348", "1.47152957789863"], ["1.25884607489317", "0.75112205341188", "-1.17472700002763"], ["0.96694332167542", "1.39093231481577", "0.44236406140765"], ["-2.40307175832111", "0.58372111672951", "-0.93750307459425"], ["-1.44966198217592", "1.86469750645994", "-0.17856524005086"], ["-1.03730976773197", "1.29913966191035", "-1.80020058906047"], ["-2.02953561171558", "-0.75383724031659", "1.11353265920061"], ["-0.88183227961716", "0.36527633822106", "1.86773148852856"], ["-0.42127413432307", "-1.31768911260983", "1.54644925082792"], ["-0.22702185036374", "-1.04184440176347", "-1.88783083342412"]], "bond_dist": [[0.0, 1.524780200342239, 2.5632277021030174, 3.891353576166308, 3.0554862675190972, 2.950770134686015, 1.0877077773792276, 1.0877409721586278, 1.0864499078031216, 2.145521336352446, 2.1570615525050685, 4.705855721981432, 4.209159783675126, 4.147696140201226, 4.070861604842626, 3.327180939158273, 2.7706485956341664, 3.217520720397858], [1.524780200342239, 0.0, 1.5426311107397168, 2.5070037238522396, 2.540892427782673, 2.431135948107761, 2.154605333221328, 2.1575970207028403, 2.166464006708698, 1.0947008621824934, 1.0911535863531148, 3.4558575732261674, 2.7813326819183044, 2.71473576590709, 3.4759222753937116, 2.7405950108868273, 2.835901335705208, 2.5928364411137177], [2.5632277021030174, 1.5426311107397168, 0.0, 1.535173731414587, 1.528286600885391, 1.4196321360934074, 2.7241366770317756, 3.491571240756465, 2.9181603003879597, 2.150243569704233, 2.1582886287227403, 2.1606991673049407, 2.1689210622994235, 2.1734940233498894, 2.150860502720669, 2.1627584027001774, 2.153846116208952, 1.9523186249682951], [3.891353576166308, 2.5070037238522396, 1.535173731414587, 0.0, 2.5070194257768694, 2.4190989664434883, 4.1507009962323504, 4.655158727546323, 4.292710506434905, 2.693867712205986, 2.7136736864225433, 1.0875344281261936, 1.0864185084128961, 1.0893684627889124, 2.67921200549877, 2.8087317454018095, 3.4481517322494204, 2.5776847630077158], [3.0554862675190972, 2.540892427782673, 1.528286600885391, 2.5070194257768694, 0.0, 2.3571256868615174, 3.265032300710634, 4.091795375570038, 2.840892469891898, 3.4697375885971793, 2.7915769883881834, 2.7544269275648463, 2.73629058819901, 3.461334721791625, 1.086602844273124, 1.0861123324880126, 1.0852641547190678, 3.208429584393154], [2.950770134686015, 2.431135948107761, 1.4196321360934074, 2.4190989664434883, 2.3571256868615174, 0.0, 2.549683370838156, 3.8704912545729253, 3.464360652629455, 2.6881896089626456, 3.3594592025430217, 2.633409656911937, 3.3573747527845192, 2.7286722236316607, 2.6416669698592496, 3.3102268567695137, 2.54444979515252, 0.9635287741184889], [1.0877077773792276, 2.154605333221328, 2.7241366770317756, 4.1507009962323504, 3.265032300710634, 2.549683370838156, 0.0, 1.7678973653727272, 1.7649856498128498, 2.5543296349838602, 3.0521189363001944, 4.805381629119815, 4.701639220758463, 4.361018298458406, 4.126486688888662, 3.8337694108809113, 2.802586691286088, 2.785746645877819], [1.0877409721586278, 2.1575970207028403, 3.491571240756465, 4.655158727546323, 4.091795375570038, 3.8704912545729253, 1.7678973653727272, 0.0, 1.7620513900060164, 2.405288826183735, 2.5562222675701203, 5.5634495002614335, 4.893498948788067, 4.736569168151511, 5.126514710851966, 4.233318677299547, 3.8308187968321046, 3.9459409073491583], [1.0864499078031216, 2.166464006708698, 2.9181603003879597, 4.292710506434905, 2.840892469891898, 3.464360652629455, 1.7649856498128498, 1.7620513900060164, 0.0, 3.0500630887520255, 2.446550636379001, 5.02971684614441, 4.455198506677706, 4.77120629919078, 3.8833380029569486, 2.9286227092639305, 2.3546480343232052, 3.9614893207843975], [2.145521336352446, 1.0947008621824934, 2.150243569704233, 2.693867712205986, 3.4697375885971793, 2.6881896089626456, 2.5543296349838602, 2.405288826183735, 3.0500630887520255, 0.0, 1.763391019855692, 3.6734099256158337, 3.093283762747832, 2.4421040443485555, 4.279543066806881, 3.7400447040092697, 3.8088822174350834, 2.4353745662415265], [2.1570615525050685, 1.0911535863531148, 2.1582886287227403, 2.7136736864225433, 2.7915769883881834, 3.3594592025430217, 3.0521189363001944, 2.5562222675701203, 2.446550636379001, 1.763391019855692, 0.0, 3.7299631192195397, 2.5396826275788515, 3.0090783554197595, 3.745582695595185, 2.5498262114419625, 3.23771244055818, 3.5740402393751265], [4.705855721981432, 3.4558575732261674, 2.1606991673049407, 1.0875344281261936, 2.7544269275648463, 2.633409656911937, 4.805381629119815, 5.5634495002614335, 5.02971684614441, 3.6734099256158337, 3.7299631192195397, 0.0, 1.768015087321779, 1.7667417783006303, 2.4769616857408576, 3.1986291793460357, 3.7030935496812343, 2.877634324586297], [4.209159783675126, 2.7813326819183044, 2.1689210622994235, 1.0864185084128961, 2.73629058819901, 3.3573747527845192, 4.701639220758463, 4.893498948788067, 4.455198506677706, 3.093283762747832, 2.5396826275788515, 1.768015087321779, 0.0, 1.7662364590976847, 2.976994226995005, 2.5996201092208944, 3.763089309674634, 3.5867009388665694], [4.147696140201226, 2.71473576590709, 2.1734940233498894, 1.0893684627889124, 3.461334721791625, 2.7286722236316607, 4.361018298458406, 4.736569168151511, 4.77120629919078, 2.4421040443485555, 3.0090783554197595, 1.7667417783006303, 1.7662364590976847, 0.0, 3.6998740152292178, 3.788139343061323, 4.2927098536485415, 2.4788005073290926], [4.070861604842626, 3.4759222753937116, 2.150860502720669, 2.67921200549877, 1.086602844273124, 2.6416669698592496, 4.126486688888662, 5.126514710851966, 3.8833380029569486, 4.279543066806881, 3.745582695595185, 2.4769616857408576, 2.976994226995005, 3.6998740152292178, 0.0, 1.7715682358680997, 1.7583659143817416, 3.5128602021384174], [3.327180939158273, 2.7405950108868273, 2.1627584027001774, 2.8087317454018095, 1.0861123324880126, 3.3102268567695137, 3.8337694108809113, 4.233318677299547, 2.9286227092639305, 3.7400447040092697, 2.5498262114419625, 3.1986291793460357, 2.5996201092208944, 3.788139343061323, 1.7715682358680997, 0.0, 1.7741783422613082, 4.0636207782252844], [2.7706485956341664, 2.835901335705208, 2.153846116208952, 3.4481517322494204, 1.0852641547190678, 2.54444979515252, 2.802586691286088, 3.8308187968321046, 2.3546480343232052, 3.8088822174350834, 3.23771244055818, 3.7030935496812343, 3.763089309674634, 4.2927098536485415, 1.7583659143817416, 1.7741783422613082, 0.0, 3.4508120712979324], [3.217520720397858, 2.5928364411137177, 1.9523186249682951, 2.5776847630077158, 3.208429584393154, 0.9635287741184889, 2.785746645877819, 3.9459409073491583, 3.9614893207843975, 2.4353745662415265, 3.5740402393751265, 2.877634324586297, 3.5867009388665694, 2.4788005073290926, 3.5128602021384174, 4.0636207782252844, 3.4508120712979324, 0.0]]}