{"total energy": -15.78034586, "HOMO-LUMO gap/eV": 5.16967596, "electronic energy": -16.05174993, "dipole": [-0.09713424, -0.06624888, 0.04119187], "partial charges": [-0.0991509, -0.05564902, 0.00357305, -0.10596216, -0.10874014, 0.03808115, 0.03808113, 0.03479761, 0.02232727, 0.03989669, 0.03989669, 0.03794654, 0.03452525, 0.04018841, 0.04018842], "atomic dipole moments": [[-0.04093244, 0.04218125, -0.00239322], [0.12626309, -0.0701124, -0.00952471], [-0.16128362, -0.00833833, 0.03975068], [0.02793112, 0.05414677, -0.02173385], [0.039579, -0.051053, 0.00520677], [0.04963658, -0.01653849, -0.11375023], [0.09338981, 0.03662386, 0.07492303], [-0.03796179, -0.11147586, 0.04021382], [0.04288602, 0.12652282, -0.04559507], [-0.094566, -0.03327048, -0.07611538], [-0.05059999, 0.02014989, 0.11347612], [0.07593455, -0.09803762, 0.01001448], [0.05993198, 0.10159458, -0.04252405], [-0.09516584, -0.02546134, -0.07788579], [-0.05131908, 0.02781456, 0.11119224]], "atomic quadrupole moments": [[0.05509996, -0.11810659, 0.04273547, -0.00324354, -0.01350355, -0.09783543], [-0.27414086, -0.1099304, -0.09318849, 0.20258258, 0.18301843, 0.36732935], [-0.36119912, 0.00111859, 0.02824142, 0.17707709, 0.10554964, 0.3329577], [-0.00991106, 0.08163138, 0.09216071, -0.04737499, -0.07730622, -0.08224965], [0.03653233, -0.12461897, 0.07750804, -0.00168176, -0.02735475, -0.11404037], [-0.03344554, -0.01240167, -0.03716361, -0.0438071, 0.00700336, 0.07060914], [0.01964265, 0.02731896, -0.01901478, 0.06239692, 0.02917201, -0.00062787], [-0.00722454, 0.04119472, 0.04712854, -0.0229447, -0.03864341, -0.039904], [0.04022698, -0.00472708, 0.02391564, -0.02607755, -0.02761183, -0.06414262], [0.02069728, 0.02150752, -0.02919617, 0.06749813, 0.01086043, 0.00849889], [-0.03548295, -0.01090525, -0.02502182, -0.04760289, 0.0255948, 0.06050477], [0.02776853, -0.0579608, 0.02569268, -0.00332916, -0.00986236, -0.05346121], [0.00375338, 0.04389179, 0.0383266, -0.02689753, -0.03757499, -0.04207998], [0.02090971, 0.02406046, -0.02361149, 0.06459102, 0.0238477, 0.00270179], [-0.03335868, -0.01329512, -0.03427044, -0.04489016, 0.01408044, 0.06762913]], "number of molecular orbitals": 30, "number of electrons": 30, "number of unpaired electrons": 0, "orbital energies/eV": [-16.877705, -16.26962818, -15.93698307, -15.50374038, -14.25222589, -13.64816376, -13.43179332, -13.29501817, -12.87195491, -12.47160743, -12.42231623, -12.17951678, -11.79808735, -11.40980901, -10.11544012, -4.94576416, 2.62604525, 2.92473836, 3.70462817, 4.54985823, 5.11318438, 5.51547792, 6.02857855, 6.16297593, 6.37659554, 6.49662126, 6.95356082, 7.62845063, 10.85090981, 18.2471299], "fractional occupation": [2.0, 2.0, 2.0, 2.0, 2.0, 2.0, 2.0, 2.0, 2.0, 2.0, 2.0, 2.0, 2.0, 2.0, 2.0, 0.0, 0.0, 0.0, 0.0, 0.0, 0.0, 0.0, 0.0, 0.0, 0.0, 0.0, 0.0, 0.0, 0.0, 0.0], "program call": "xtb /tmp/scratch/tmpr46ob55q/14097_0_xyzopt.xyz --pop --wbo --acc 0.2 --gfn 2 --chrg 0 --uhf 0 --etemp 300 --input /tmp/scratch/tmpr46ob55q/14097_0_xtb.inp", "method": "GFN2-xTB", "xtb version": "6.3.3 (7355c4f)", "Dipole module/D": 0.317, "Total charge": 0, "Transition dipole module/D": NaN, "HOMO": -10.1154, "LUMO": -4.9458, "HOMO occupancy": 2.0, "LUMO occupancy": 0, "mulliken charges": [-0.0784, -0.06514, 0.00166, -0.09093, -0.08905, 0.03303, 0.03303, 0.02938, 0.02355, 0.0346, 0.0346, 0.03355, 0.03218, 0.03397, 0.03397], "cm5 charges": [-0.22648, -0.12751, -0.02502, -0.23752, -0.23555, 0.08473, 0.08473, 0.08269, 0.08078, 0.08707, 0.08707, 0.08717, 0.08514, 0.08635, 0.08635], "FUKUI+": [0.045, -0.143, -0.167, 0.046, 0.048, -0.088, -0.088, -0.063, -0.124, -0.087, -0.087, -0.061, -0.059, -0.086, -0.086], "FUKUI-": [0.028, -0.087, -0.088, 0.033, 0.033, -0.121, -0.121, -0.067, -0.091, -0.099, -0.099, -0.058, -0.062, -0.101, -0.101], "FUKUIrad": [0.037, -0.115, -0.128, 0.04, 0.04, -0.105, -0.105, -0.065, -0.107, -0.093, -0.093, -0.059, -0.061, -0.094, -0.094], "s proportion": [1.0, 1.058, 1.084, 1.004, 1.007, 0.967, 0.967, 0.971, 0.976, 0.965, 0.965, 0.966, 0.968, 0.966, 0.966], "p proportion": [3.078, 3.008, 2.915, 3.087, 3.082, 0.0, 0.0, 0.0, 0.0, 0.0, 0.0, 0.0, 0.0, 0.0, 0.0], "d proportion": [0.0, 0.0, 0.0, 0.0, 0.0, 0.0, 0.0, 0.0, 0.0, 0.0, 0.0, 0.0, 0.0, 0.0, 0.0], "Fermi-level/eV": -7.5306, "Coordination numbers": [3.753, 2.893, 2.936, 3.758, 3.761, 0.924, 0.924, 0.925, 0.925, 0.925, 0.925, 0.925, 0.925, 0.925, 0.925], "Dispersion coefficient C6": [22.452, 29.381, 27.945, 22.577, 22.626, 2.475, 2.475, 2.519, 2.698, 2.45, 2.45, 2.476, 2.523, 2.446, 2.446], "Total dispersion C6": 1655.677924, "Total dispersion C8": 35658.005986, "Polarizability alpha": [6.757, 8.887, 8.67, 6.774, 6.781, 2.46, 2.46, 2.482, 2.569, 2.448, 2.448, 2.461, 2.484, 2.446, 2.446], "Total polarizability alpha": 62.571849, "Wiberg matrix": [[0.0, 1.036183732203214, 0.0, 0.0, 0.0, 0.972630324644328, 0.972630426013204, 0.9798922754716416, 0.0, 0.0, 0.0, 0.0, 0.0, 0.0, 0.0], [1.036183732203214, 0.0, 1.8860338393468827, 0.0, 0.0, 0.0, 0.0, 0.0, 0.9648045880443429, 0.0, 0.0, 0.0, 0.0, 0.0, 0.0], [0.0, 1.8860338393468827, 0.0, 1.0232964277323031, 1.020369223949118, 0.0, 0.0, 0.0, 0.0, 0.0, 0.0, 0.0, 0.0, 0.0, 0.0], [0.0, 0.0, 1.0232964277323031, 0.0, 0.0, 0.0, 0.0, 0.0, 0.0, 0.9733777775703711, 0.9733777423535634, 0.9793073023805295, 0.0, 0.0, 0.0], [0.0, 0.0, 1.020369223949118, 0.0, 0.0, 0.0, 0.0, 0.0, 0.0, 0.0, 0.0, 0.0, 0.9854721470028005, 0.9743033789259137, 0.974303361100064], [0.972630324644328, 0.0, 0.0, 0.0, 0.0, 0.0, 0.0, 0.0, 0.0, 0.0, 0.0, 0.0, 0.0, 0.0, 0.0], [0.972630426013204, 0.0, 0.0, 0.0, 0.0, 0.0, 0.0, 0.0, 0.0, 0.0, 0.0, 0.0, 0.0, 0.0, 0.0], [0.9798922754716416, 0.0, 0.0, 0.0, 0.0, 0.0, 0.0, 0.0, 0.0, 0.0, 0.0, 0.0, 0.0, 0.0, 0.0], [0.0, 0.9648045880443429, 0.0, 0.0, 0.0, 0.0, 0.0, 0.0, 0.0, 0.0, 0.0, 0.0, 0.0, 0.0, 0.0], [0.0, 0.0, 0.0, 0.9733777775703711, 0.0, 0.0, 0.0, 0.0, 0.0, 0.0, 0.0, 0.0, 0.0, 0.0, 0.0], [0.0, 0.0, 0.0, 0.9733777423535634, 0.0, 0.0, 0.0, 0.0, 0.0, 0.0, 0.0, 0.0, 0.0, 0.0, 0.0], [0.0, 0.0, 0.0, 0.9793073023805295, 0.0, 0.0, 0.0, 0.0, 0.0, 0.0, 0.0, 0.0, 0.0, 0.0, 0.0], [0.0, 0.0, 0.0, 0.0, 0.9854721470028005, 0.0, 0.0, 0.0, 0.0, 0.0, 0.0, 0.0, 0.0, 0.0, 0.0], [0.0, 0.0, 0.0, 0.0, 0.9743033789259137, 0.0, 0.0, 0.0, 0.0, 0.0, 0.0, 0.0, 0.0, 0.0, 0.0], [0.0, 0.0, 0.0, 0.0, 0.974303361100064, 0.0, 0.0, 0.0, 0.0, 0.0, 0.0, 0.0, 0.0, 0.0, 0.0]], "Born radii": [], "Atomic SASAs": [], "Solvent H bonds": [], "Total SASA": NaN, "Total FOD": 0.0, "FOD": [0.0, 0.0, 0.0, 0.0, 0.0, 0.0, 0.0, 0.0, 0.0, 0.0, 0.0, 0.0, 0.0, 0.0, 0.0], "FOD s proportion": [0.0, 0.0, 0.0, 0.0, 0.0, 0.0, 0.0, 0.0, 0.0, 0.0, 0.0, 0.0, 0.0, 0.0, 0.0], "FOD p proportion": [0.0, 0.0, 0.0, 0.0, 0.0, 0.0, 0.0, 0.0, 0.0, 0.0, 0.0, 0.0, 0.0, 0.0, 0.0], "FOD d proportion": [0.0, 0.0, 0.0, 0.0, 0.0, 0.0, 0.0, 0.0, 0.0, 0.0, 0.0, 0.0, 0.0, 0.0, 0.0], "coordinates": [["1.98220066465267", "-0.68919142087454", "-0.26547575073071"], ["0.91566862957000", "0.35674833215529", "-0.31286095224433"], ["-0.36506472415677", "0.24480251491395", "0.01568009132668"], ["-1.03041704236243", "-1.00096971064981", "0.52099042776238"], ["-1.29834979685258", "1.41677424199743", "-0.09811601026211"], ["2.40598798025875", "-0.82932170085096", "-1.26028579324982"], ["2.78909373951526", "-0.36382962511468", "0.39174751848975"], ["1.61469886109830", "-1.64677401819758", "0.08956503832508"], ["1.26957053768372", "1.31849683901854", "-0.66591859390449"], ["-1.84423324543716", "-1.28272190423741", "-0.14722188047677"], ["-1.46100324466231", "-0.81708289047952", "1.50535315862086"], ["-0.34437582626214", "-1.83780647891763", "0.59769023226804"], ["-0.78279958089854", "2.29978227844261", "-0.46647315846682"], ["-2.11707556687446", "1.18275929645148", "-0.77850908898510"], ["-1.73390138527230", "1.64833424634283", "0.87383276152736"]], "bond_dist": [[0.0, 1.49456545729793, 2.541859178852244, 3.1291532721344337, 3.901936953156445, 1.0903573748692446, 1.0903573533507789, 1.0853920804045938, 2.167719612271243, 3.873997790499672, 3.873995923502625, 2.734470741084461, 4.076713147993679, 4.535578057604247, 4.535577645290649], [1.49456545729793, 0.0, 1.3269321786198343, 2.5151452940532684, 2.464071409716512, 2.127305271837369, 2.127305180764385, 2.1597897469058807, 1.0839079524363944, 3.214398437932297, 3.2143975314121533, 2.6894025933454984, 2.585299187385789, 3.177524140184497, 3.1775237855261347], [2.541859178852244, 1.3269321786198343, 0.0, 1.4999935604650074, 1.5024940295178097, 3.2342796508873874, 3.234281281150849, 2.7391576478021853, 2.071093602079732, 2.1325588896600176, 2.1325589563567, 2.1625041169539685, 2.151723958907324, 2.1401031216174817, 2.1401030655821742], [3.1291532721344337, 2.5151452940532684, 1.4999935604650074, 0.0, 2.510092939134794, 3.8744402814222703, 3.8744436802040223, 2.75677877477306, 3.4754310479581023, 1.0900407331199544, 1.0900407451772334, 1.0848185041399783, 3.4541804288207096, 2.7637290242310626, 2.7637292540610616], [3.901936953156445, 2.464071409716512, 1.5024940295178097, 2.510092939134794, 0.0, 4.485276352233361, 4.48527714543606, 4.231595987583418, 2.631781348526556, 2.7545742991367805, 2.7545756856475694, 3.4621537130318183, 1.0868220674197482, 1.0899585417853943, 1.089958548189078], [1.0903573748692446, 2.127305271837369, 3.2342796508873874, 3.8744402814222703, 4.485276352233361, 0.0, 1.7585980093375488, 1.765350964749086, 2.5015677987321343, 4.416883911277788, 4.754211788950945, 3.4689504936235975, 4.537598078561326, 4.973799612357038, 5.2755971185588155], [1.0903573533507789, 2.127305180764385, 3.234281281150849, 3.8744436802040223, 4.48527714543606, 1.7585980093375488, 0.0, 1.7653509275816262, 2.501565649375307, 4.754216021926432, 4.41688582818381, 3.4689554172053607, 4.5375977119555895, 5.275598078190785, 4.973800812859873], [1.0853920804045938, 2.1597897469058807, 2.7391576478021853, 2.75677877477306, 4.231595987583418, 1.765350964749086, 1.7653509275816262, 0.0, 3.079399346438355, 3.486088539354154, 3.4860847396993915, 2.032894056370064, 4.651073409248578, 4.762977204489399, 4.762975744919623], [2.167719612271243, 1.0839079524363944, 2.071093602079732, 3.4754310479581023, 2.631781348526556, 2.5015677987321343, 2.501565649375307, 3.079399346438355, 0.0, 4.090373971969395, 4.090373453022721, 3.763479874542982, 2.283620524297321, 3.39123475117305, 3.391234368752735], [3.873997790499672, 3.214398437932297, 2.1325588896600176, 1.0900407331199544, 2.7545742991367805, 4.416883911277788, 4.754216021926432, 3.486088539354154, 4.090373971969395, 0.0, 1.7591728694121693, 1.7642520280890168, 3.7500532025071323, 2.5596023173422595, 3.105771379090849], [3.873995923502625, 3.2143975314121533, 2.1325589563567, 1.0900407451772334, 2.7545756856475694, 4.754211788950945, 4.41688582818381, 3.4860847396993915, 4.090373453022721, 1.7591728694121693, 0.0, 1.7642520861238526, 3.75005436167826, 3.105773080996349, 2.559604083765854], [2.734470741084461, 2.6894025933454984, 2.1625041169539685, 1.0848185041399783, 3.4621537130318183, 3.4689504936235975, 3.4689554172053607, 2.032894056370064, 3.763479874542982, 1.7642520280890168, 1.7642520861238526, 0.0, 4.294682739835813, 3.7630049887710464, 3.7630058639241795], [4.076713147993679, 2.585299187385789, 2.151723958907324, 3.4541804288207096, 1.0868220674197482, 4.537598078561326, 4.5375977119555895, 4.651073409248578, 2.283620524297321, 3.7500532025071323, 3.75005436167826, 4.294682739835813, 0.0, 1.7678798519647139, 1.7678798431966871], [4.535578057604247, 3.177524140184497, 2.1401031216174817, 2.7637290242310626, 1.0899585417853943, 4.973799612357038, 5.275598078190785, 4.762977204489399, 3.39123475117305, 2.5596023173422595, 3.105773080996349, 3.7630049887710464, 1.7678798519647139, 0.0, 1.758924693773943], [4.535577645290649, 3.1775237855261347, 2.1401030655821742, 2.7637292540610616, 1.089958548189078, 5.2755971185588155, 4.973800812859873, 4.762975744919623, 3.391234368752735, 3.105771379090849, 2.559604083765854, 3.7630058639241795, 1.7678798431966871, 1.758924693773943, 0.0]]}