{"total energy": -29.02176303, "HOMO-LUMO gap/eV": 11.51209852, "electronic energy": -29.28216386, "dipole": [-0.50416528, -0.21041714, 0.1486112], "partial charges": [0.03723042, -0.32844359, 0.3998723, -0.13290886, -0.33076264, 0.04045159, -0.35592916, 0.04342326, 0.0521363, 0.03718818, 0.06592081, 0.06089414, 0.05156395, 0.06001515, 0.05234257, 0.05905148, 0.04843876, 0.04493178, 0.06004971, 0.03453386], "atomic dipole moments": [[0.18932131, -0.15604378, 0.02944935], [-0.23904564, -0.10877803, 0.08650215], [0.04418178, -0.00474961, -0.14743654], [0.0274436, -0.00073466, -0.10676617], [-0.12166696, 0.13677123, -0.21138401], [-0.13183268, 0.0010168, 0.20809908], [0.11641707, -0.12415387, 0.20875466], [0.05367005, 0.23086706, -0.02803404], [-0.08882593, -0.06550044, -0.06087032], [-0.03524336, 0.03243159, 0.11173001], [0.04303833, 0.09475721, -0.06394065], [0.07131266, 0.08960496, 0.05976123], [-0.12602515, 0.02589926, 0.00398491], [0.02875915, -0.11699338, 0.04718461], [0.04103252, 0.11749439, -0.01556502], [0.08754813, -0.0825681, 0.01855892], [-0.08157914, -0.02979899, -0.09053634], [0.10870775, -0.05633905, 0.02524152], [-0.05180005, -0.03798233, -0.1041403], [-0.07609018, -0.00765081, 0.09402174]], "atomic quadrupole moments": [[0.21604533, -0.38256362, 0.04308293, 0.04400595, -0.05532512, -0.25912826], [0.03018466, -0.06035362, 0.1015113, -0.01332253, -0.07982715, -0.13169596], [0.06923031, -0.01000159, 0.11491818, 0.09821492, -0.0109721, -0.18414849], [-0.09994163, 0.00016061, -0.13338841, -0.11973143, 0.00447551, 0.23333004], [0.06693865, -0.09052554, -0.09825482, -0.068899, -0.02712351, 0.03131617], [-0.03117892, -0.01916242, -0.27838031, -0.36041363, 0.00061651, 0.30955923], [-0.0504785, 0.09113358, 0.10150704, 0.09188087, -0.00881709, -0.05102855], [-0.2283861, 0.17159165, 0.46274423, -0.01779138, -0.10922341, -0.23435813], [0.02714836, 0.0183437, 0.00053302, 0.03798446, 0.03152543, -0.02768139], [-0.02065013, -0.0252145, -0.03941232, -0.02063002, 0.01803156, 0.06006245], [-0.02433553, 0.00953506, 0.04765143, -0.02076489, -0.05989163, -0.0233159], [-0.01616447, 0.05003913, 0.01739882, 0.03054176, 0.04507135, -0.00123435], [0.08038685, -0.02920392, -0.04303548, -0.00549417, 0.0016302, -0.03735138], [-0.04509418, -0.01832726, 0.06245325, 0.00129504, -0.04546634, -0.01735908], [-0.0287543, 0.03519438, 0.04746888, -0.02340842, -0.00464729, -0.01871457], [0.03040227, -0.06974697, 0.00204321, -0.01168066, -0.01079547, -0.03244548], [0.01209186, 0.02533919, -0.04440563, 0.03212843, 0.02031867, 0.03231377], [0.04112936, -0.02997722, 0.00772747, 0.01400819, -0.01775056, -0.04885682], [-0.03372937, 0.03490249, -0.00410844, 0.04522997, 0.0326726, 0.03783782], [-0.00961175, 0.00198025, -0.01279738, -0.06054027, -0.00028185, 0.02240912]], "number of molecular orbitals": 44, "number of electrons": 50, "number of unpaired electrons": 0, "orbital energies/eV": [-19.55142621, -19.18107773, -19.17945333, -17.94836988, -17.45065763, -17.13877477, -16.63657007, -16.10118274, -15.75789141, -15.57994752, -15.02513298, -14.59342935, -14.48799187, -13.99459644, -13.92924936, -13.84732773, -13.40944297, -13.17132952, -12.98124023, -12.75372271, -12.44819758, -12.25012451, -11.31885607, -11.28156063, -11.06126852, 0.45083, 0.64160732, 1.13380208, 2.54987396, 3.01815326, 3.36573523, 3.83755472, 4.03186565, 4.29811978, 4.66802776, 4.96035473, 5.46715844, 5.67852186, 5.87142565, 5.89343587, 6.16814683, 6.77834178, 7.60681876, 8.10388966], "fractional occupation": [2.0, 2.0, 2.0, 2.0, 2.0, 2.0, 2.0, 2.0, 2.0, 2.0, 2.0, 2.0, 2.0, 2.0, 2.0, 2.0, 2.0, 2.0, 2.0, 2.0, 2.0, 2.0, 2.0, 2.0, 2.0, 0.0, 0.0, 0.0, 0.0, 0.0, 0.0, 0.0, 0.0, 0.0, 0.0, 0.0, 0.0, 0.0, 0.0, 0.0, 0.0, 0.0, 0.0, 0.0], "program call": "xtb /tmp/scratch/tmpanemwu9p/14518_0_xyzopt.xyz --pop --wbo --acc 0.2 --gfn 2 --chrg 0 --uhf 0 --etemp 300 --input /tmp/scratch/tmpanemwu9p/14518_0_xtb.inp", "method": "GFN2-xTB", "xtb version": "6.3.3 (7355c4f)", "Dipole module/D": 1.439, "Total charge": 0, "Transition dipole module/D": NaN, "HOMO": -11.0613, "LUMO": 0.4508, "HOMO occupancy": 2.0, "LUMO occupancy": 0, "mulliken charges": [0.17292, -0.4588, 0.62538, -0.11616, -0.46488, 0.17811, -0.47481, 0.17118, 0.03061, 0.01139, 0.03369, 0.05192, 0.03837, 0.04708, 0.02898, 0.02441, 0.02807, 0.02822, 0.03265, 0.01166], "cm5 charges": [0.05211, -0.55136, 0.67721, -0.25761, -0.55865, 0.05759, -0.57024, 0.04992, 0.09504, 0.07121, 0.09499, 0.10999, 0.09582, 0.10586, 0.09217, 0.08557, 0.0928, 0.09252, 0.09377, 0.0713], "FUKUI+": [0.01, -0.089, -0.038, 0.029, -0.097, -0.001, -0.089, -0.005, -0.049, -0.053, -0.064, -0.053, -0.059, -0.055, -0.061, -0.076, -0.049, -0.055, -0.078, -0.067], "FUKUI-": [0.03, -0.106, 0.004, 0.004, -0.094, 0.025, -0.097, 0.029, -0.066, -0.09, -0.064, -0.051, -0.047, -0.055, -0.084, -0.068, -0.06, -0.046, -0.079, -0.086], "FUKUIrad": [0.02, -0.098, -0.017, 0.016, -0.096, 0.012, -0.093, 0.012, -0.058, -0.072, -0.064, -0.052, -0.053, -0.055, -0.073, -0.072, -0.055, -0.05, -0.079, -0.077], "s proportion": [0.969, 1.677, 0.948, 1.019, 1.681, 0.97, 1.687, 0.969, 0.969, 0.989, 0.966, 0.948, 0.962, 0.953, 0.971, 0.976, 0.972, 0.972, 0.967, 0.988], "p proportion": [2.858, 4.782, 2.426, 3.098, 4.784, 2.852, 4.788, 2.86, 0.0, 0.0, 0.0, 0.0, 0.0, 0.0, 0.0, 0.0, 0.0, 0.0, 0.0, 0.0], "d proportion": [0.0, 0.0, 0.0, 0.0, 0.0, 0.0, 0.0, 0.0, 0.0, 0.0, 0.0, 0.0, 0.0, 0.0, 0.0, 0.0, 0.0, 0.0, 0.0, 0.0], "Fermi-level/eV": -5.3052, "Coordination numbers": [3.642, 1.701, 3.586, 3.751, 1.702, 3.645, 1.7, 3.641, 0.924, 0.924, 0.925, 0.925, 0.925, 0.925, 0.924, 0.925, 0.924, 0.924, 0.925, 0.924], "Dispersion coefficient C6": [20.294, 19.497, 15.378, 23.117, 19.539, 20.224, 19.999, 20.194, 2.293, 2.487, 2.131, 2.188, 2.3, 2.199, 2.291, 2.21, 2.34, 2.384, 2.198, 2.523], "Total dispersion C6": 2869.181427, "Total dispersion C8": 58533.588283, "Polarizability alpha": [6.477, 5.962, 5.687, 6.857, 5.968, 6.463, 6.038, 6.462, 2.368, 2.466, 2.283, 2.313, 2.372, 2.319, 2.367, 2.325, 2.392, 2.415, 2.319, 2.484], "Total polarizability alpha": 78.3357, "Wiberg matrix": [[0.0, 0.9756262243956175, 0.0, 0.0, 0.0, 0.0, 0.0, 0.0, 0.9793745013218842, 0.9785562090529036, 0.9800157887121824, 0.0, 0.0, 0.0, 0.0, 0.0, 0.0, 0.0, 0.0, 0.0], [0.9756262243956175, 0.0, 0.9702021565966806, 0.0, 0.0, 0.0, 0.0, 0.0, 0.0, 0.0, 0.0, 0.0, 0.0, 0.0, 0.0, 0.0, 0.0, 0.0, 0.0, 0.0], [0.0, 0.9702021565966806, 0.0, 0.9663016181129731, 0.9849132763256574, 0.0, 0.9381934873679676, 0.0, 0.0, 0.0, 0.0, 0.0, 0.0, 0.0, 0.0, 0.0, 0.0, 0.0, 0.0, 0.0], [0.0, 0.0, 0.9663016181129731, 0.0, 0.0, 0.0, 0.0, 0.0, 0.0, 0.0, 0.0, 0.983738757691953, 0.9845661380351716, 0.9829145991576094, 0.0, 0.0, 0.0, 0.0, 0.0, 0.0], [0.0, 0.0, 0.9849132763256574, 0.0, 0.0, 0.9670804510196491, 0.0, 0.0, 0.0, 0.0, 0.0, 0.0, 0.0, 0.0, 0.0, 0.0, 0.0, 0.0, 0.0, 0.0], [0.0, 0.0, 0.0, 0.0, 0.9670804510196491, 0.0, 0.0, 0.0, 0.0, 0.0, 0.0, 0.0, 0.0, 0.0, 0.9806183397859568, 0.9816103959493873, 0.9805131064043238, 0.0, 0.0, 0.0], [0.0, 0.0, 0.9381934873679676, 0.0, 0.0, 0.0, 0.0, 0.9811479670137591, 0.0, 0.0, 0.0, 0.0, 0.0, 0.0, 0.0, 0.0, 0.0, 0.0, 0.0, 0.0], [0.0, 0.0, 0.0, 0.0, 0.0, 0.0, 0.9811479670137591, 0.0, 0.0, 0.0, 0.0, 0.0, 0.0, 0.0, 0.0, 0.0, 0.0, 0.9788853716175812, 0.9802444779269157, 0.9787393640144093], [0.9793745013218842, 0.0, 0.0, 0.0, 0.0, 0.0, 0.0, 0.0, 0.0, 0.0, 0.0, 0.0, 0.0, 0.0, 0.0, 0.0, 0.0, 0.0, 0.0, 0.0], [0.9785562090529036, 0.0, 0.0, 0.0, 0.0, 0.0, 0.0, 0.0, 0.0, 0.0, 0.0, 0.0, 0.0, 0.0, 0.0, 0.0, 0.0, 0.0, 0.0, 0.0], [0.9800157887121824, 0.0, 0.0, 0.0, 0.0, 0.0, 0.0, 0.0, 0.0, 0.0, 0.0, 0.0, 0.0, 0.0, 0.0, 0.0, 0.0, 0.0, 0.0, 0.0], [0.0, 0.0, 0.0, 0.983738757691953, 0.0, 0.0, 0.0, 0.0, 0.0, 0.0, 0.0, 0.0, 0.0, 0.0, 0.0, 0.0, 0.0, 0.0, 0.0, 0.0], [0.0, 0.0, 0.0, 0.9845661380351716, 0.0, 0.0, 0.0, 0.0, 0.0, 0.0, 0.0, 0.0, 0.0, 0.0, 0.0, 0.0, 0.0, 0.0, 0.0, 0.0], [0.0, 0.0, 0.0, 0.9829145991576094, 0.0, 0.0, 0.0, 0.0, 0.0, 0.0, 0.0, 0.0, 0.0, 0.0, 0.0, 0.0, 0.0, 0.0, 0.0, 0.0], [0.0, 0.0, 0.0, 0.0, 0.0, 0.9806183397859568, 0.0, 0.0, 0.0, 0.0, 0.0, 0.0, 0.0, 0.0, 0.0, 0.0, 0.0, 0.0, 0.0, 0.0], [0.0, 0.0, 0.0, 0.0, 0.0, 0.9816103959493873, 0.0, 0.0, 0.0, 0.0, 0.0, 0.0, 0.0, 0.0, 0.0, 0.0, 0.0, 0.0, 0.0, 0.0], [0.0, 0.0, 0.0, 0.0, 0.0, 0.9805131064043238, 0.0, 0.0, 0.0, 0.0, 0.0, 0.0, 0.0, 0.0, 0.0, 0.0, 0.0, 0.0, 0.0, 0.0], [0.0, 0.0, 0.0, 0.0, 0.0, 0.0, 0.0, 0.9788853716175812, 0.0, 0.0, 0.0, 0.0, 0.0, 0.0, 0.0, 0.0, 0.0, 0.0, 0.0, 0.0], [0.0, 0.0, 0.0, 0.0, 0.0, 0.0, 0.0, 0.9802444779269157, 0.0, 0.0, 0.0, 0.0, 0.0, 0.0, 0.0, 0.0, 0.0, 0.0, 0.0, 0.0], [0.0, 0.0, 0.0, 0.0, 0.0, 0.0, 0.0, 0.9787393640144093, 0.0, 0.0, 0.0, 0.0, 0.0, 0.0, 0.0, 0.0, 0.0, 0.0, 0.0, 0.0]], "Born radii": [], "Atomic SASAs": [], "Solvent H bonds": [], "Total SASA": NaN, "Total FOD": 0.0, "FOD": [0.0, 0.0, 0.0, 0.0, 0.0, 0.0, 0.0, 0.0, 0.0, 0.0, 0.0, 0.0, 0.0, 0.0, 0.0, 0.0, 0.0, 0.0, 0.0, 0.0], "FOD s proportion": [0.0, 0.0, 0.0, 0.0, 0.0, 0.0, 0.0, 0.0, 0.0, 0.0, 0.0, 0.0, 0.0, 0.0, 0.0, 0.0, 0.0, 0.0, 0.0, 0.0], "FOD p proportion": [0.0, 0.0, 0.0, 0.0, 0.0, 0.0, 0.0, 0.0, 0.0, 0.0, 0.0, 0.0, 0.0, 0.0, 0.0, 0.0, 0.0, 0.0, 0.0, 0.0], "FOD d proportion": [0.0, 0.0, 0.0, 0.0, 0.0, 0.0, 0.0, 0.0, 0.0, 0.0, 0.0, 0.0, 0.0, 0.0, 0.0, 0.0, 0.0, 0.0, 0.0, 0.0], "coordinates": [["-0.82397972588747", "2.21547394288957", "-0.33482249791349"], ["0.33204673675404", "1.40580327878954", "-0.26057130229943"], ["0.15858691893208", "0.11677468473834", "0.24763269390009"], ["-0.30325964677115", "0.11059504493952", "1.71315445365640"], ["1.39394147243497", "-0.51817512298194", "0.22886932033450"], ["2.08423213213772", "-0.46814224740460", "-1.01247358219638"], ["-0.76598335192474", "-0.52683634173304", "-0.61003536294181"], ["-1.03227959834973", "-1.88185082606593", "-0.31715060933090"], ["-1.63031474025736", "1.69913658243731", "-0.85927352621411"], ["-1.16346068192545", "2.51772797191313", "0.66091418182591"], ["-0.52165182342652", "3.09637612272929", "-0.89826836657974"], ["0.26652876911941", "0.86054788742452", "2.25293135423037"], ["-1.36496532743805", "0.33079199409018", "1.77404809558799"], ["-0.09936713493786", "-0.86420259266822", "2.14339353213035"], ["2.48406111188258", "0.53177151133019", "-1.18773846044297"], ["2.89431778132619", "-1.18902192057407", "-0.92586335015749"], ["1.41954607736992", "-0.74173558276148", "-1.83466760400209"], ["-0.10949342719849", "-2.42497966784917", "-0.09920016689748"], ["-1.49915492362516", "-2.29294646505153", "-1.21029235663544"], ["-1.71934861821489", "-1.97711025419147", "0.52941455394578"]], "bond_dist": [[0.0, 1.4133212680355953, 2.389399472283164, 2.9825952071965487, 3.5650750515617413, 4.014810463770002, 2.7566957390355684, 4.102654189035448, 1.0917093506438769, 1.0945758781153003, 1.0885136921370688, 3.117932551025701, 2.8795879304773093, 4.018833868449178, 3.8086025917035418, 5.075988349623516, 4.003502410482719, 4.701044380486735, 4.641999956474639, 4.373368654111805], [1.4133212680355953, 0.0, 1.3964076505210083, 2.4447437349759498, 2.251414098568786, 2.6734215031403346, 2.2500869112410418, 3.559951836726849, 2.0725229423115348, 2.078955136590757, 1.9983731678824708, 2.5727984084024067, 2.859226346847034, 3.334380228815529, 2.5009470886901957, 3.706880660346166, 2.8761705694805055, 3.8595202219941926, 4.23509377341152, 4.034402623323761], [2.389399472283164, 1.3964076505210083, 0.0, 1.5365853267941691, 1.389105537881088, 2.374469442150607, 1.4158601042739913, 2.394085874405729, 2.632352503307208, 2.771856441879838, 3.2640218621038897, 2.1415117877747805, 2.1672468328807644, 2.1500618289861855, 2.764117026987138, 3.250603188843545, 2.5812850306183517, 2.57927805678412, 3.2680895779168466, 2.826729034733853], [2.9825952071965487, 2.4447437349759498, 1.5365853267941691, 0.0, 2.340714831008446, 3.66934626844264, 2.4530884460149402, 2.936571008417499, 3.3018063463995295, 2.764316251564385, 3.9726707557211167, 1.0855630830254162, 1.0860081419599563, 1.084854024886958, 4.044963080985447, 4.344872913512551, 4.0350425542810004, 3.122709359294254, 3.9690954329742842, 2.7865860010470005], [3.5650750515617413, 2.251414098568786, 1.389105537881088, 2.340714831008446, 0.0, 1.421244766103005, 2.317134292875254, 2.836247145629781, 3.9046961077006093, 3.992953310904338, 4.243220209732754, 2.696064476246857, 3.2741242101895294, 2.4525718265086125, 2.0730476038364447, 2.0086244134788416, 2.075769619459546, 2.450275424970599, 3.6865982159690978, 3.451288794503068], [4.014810463770002, 2.6734215031403346, 2.374469442150607, 3.66934626844264, 1.421244766103005, 0.0, 2.879084893263001, 3.492089825339693, 4.303304108548914, 4.718384913283948, 4.416952029642515, 3.9664004322761572, 4.505547924297222, 3.858039242873544, 1.091058438168068, 1.0878453909006818, 1.0920915135864455, 3.078264584279403, 4.026127853368737, 4.37282860335678], [2.7566957390355684, 2.2500869112410418, 1.4158601042739913, 2.4530884460149402, 2.317134292875254, 2.879084893263001, 0.0, 1.4116513105259707, 2.4008631510412752, 3.3230517349474926, 3.642862160834474, 3.344771248240133, 2.6034899090705435, 2.852992086956824, 3.466580515746632, 3.733100781443193, 2.514447194902284, 2.0724091548880814, 2.0042439920618023, 2.0761854120528604], [4.102654189035448, 3.559951836726849, 2.394085874405729, 2.936571008417499, 2.836247145629781, 3.492089825339693, 1.4116513105259707, 0.0, 3.6708328902069605, 4.508892637002525, 5.0379740100584, 3.9765531781412005, 3.0626100090252844, 2.8213846004056173, 4.352947045912517, 4.033448905739041, 3.10067246597398, 1.092714808082005, 1.0884274778423337, 1.0944454177248624], [1.0917093506438769, 2.0725229423115348, 2.632352503307208, 3.3018063463995295, 3.9046961077006093, 4.303304108548914, 2.4008631510412752, 3.6708328902069605, 0.0, 1.7885791126983723, 1.784077462916437, 3.7399285442813577, 2.979456324095534, 4.23444420911779, 4.2893728067085934, 5.3682579295839785, 4.026276386529399, 4.460823222643326, 4.009631426310545, 3.9307979367076893], [1.0945758781153003, 2.078955136590757, 2.771856441879838, 2.764316251564385, 3.992953310904338, 4.718384913283948, 3.3230517349474926, 4.508892637002525, 1.7885791126983723, 0.0, 1.782639198644358, 2.7065909073511554, 2.4621860618618703, 3.842849781668447, 4.545982280146215, 5.720439122854997, 4.850150001038533, 5.110673107266447, 5.172687219613814, 4.5309904246969985], [1.0885136921370688, 1.9983731678824708, 3.2640218621038897, 3.9726707557211167, 4.243220209732754, 4.416952029642515, 3.642862160834474, 5.0379740100584, 1.784077462916437, 1.782639198644358, 0.0, 3.9433762469089624, 3.9371193165309846, 5.011608047828204, 3.9617294200304953, 5.4803509206310235, 4.401839875066667, 5.5940820781857505, 5.486134270725861, 5.404907043660155], [3.117932551025701, 2.5727984084024067, 2.1415117877747805, 1.0855630830254162, 2.696064476246857, 3.9664004322761572, 3.344771248240133, 3.9765531781412005, 3.7399285442813577, 2.7065909073511554, 3.9433762469089624, 0.0, 1.7809389290574376, 1.7665340544853472, 4.106549935198975, 4.605512703617086, 4.539298015695779, 4.058153114566978, 5.005605258650106, 3.8686590554180986], [2.8795879304773093, 2.859226346847034, 2.1672468328807644, 1.0860081419599563, 3.2741242101895294, 4.505547924297222, 2.6034899090705435, 3.0626100090252844, 2.979456324095534, 2.4621860618618703, 3.9371193165309846, 1.7809389290574376, 0.0, 1.7793726137985526, 4.860820599489865, 5.266958206657699, 4.682589899519375, 3.560835042225901, 3.9759650758628804, 2.645961631880959], [4.018833868449178, 3.334380228815529, 2.1500618289861855, 1.084854024886958, 2.4525718265086125, 3.858039242873544, 2.852992086956824, 2.8213846004056173, 4.23444420911779, 3.842849781668447, 5.011608047828204, 1.7665340544853472, 1.7793726137985526, 0.0, 4.44064021932079, 4.299766828924492, 4.259937313839953, 2.7322800220922954, 3.904859017523901, 2.5431931918867874], [3.8086025917035418, 2.5009470886901957, 2.764117026987138, 4.044963080985447, 2.0730476038364447, 1.091058438168068, 3.466580515746632, 4.352947045912517, 4.2893728067085934, 4.545982280146215, 3.9617294200304953, 4.106549935198975, 4.860820599489865, 4.44064021932079, 0.0, 1.7883006300661073, 1.7814403987199336, 4.080909004043276, 4.883190587090934, 5.187654146844173], [5.075988349623516, 3.706880660346166, 3.250603188843545, 4.344872913512551, 2.0086244134788416, 1.0878453909006818, 3.733100781443193, 4.033448905739041, 5.3682579295839785, 5.720439122854997, 5.4803509206310235, 4.605512703617086, 5.266958206657699, 4.299766828924492, 1.7883006300661073, 0.0, 1.7891176089318217, 3.351692907780397, 4.538959315611711, 4.9015135056438845], [4.003502410482719, 2.8761705694805055, 2.5812850306183517, 4.0350425542810004, 2.075769619459546, 1.0920915135864455, 2.514447194902284, 3.10067246597398, 4.026276386529399, 4.850150001038533, 4.401839875066667, 4.539298015695779, 4.682589899519375, 4.259937313839953, 1.7814403987199336, 1.7891176089318217, 0.0, 2.860615262799936, 3.3637650310431795, 4.119186198548042], [4.701044380486735, 3.8595202219941926, 2.57927805678412, 3.122709359294254, 2.450275424970599, 3.078264584279403, 2.0724091548880814, 1.092714808082005, 4.460823222643326, 5.110673107266447, 5.5940820781857505, 4.058153114566978, 3.560835042225901, 2.7322800220922954, 4.080909004043276, 3.351692907780397, 2.860615262799936, 0.0, 1.784129394239249, 1.7853227201246815], [4.641999956474639, 4.23509377341152, 3.2680895779168466, 3.9690954329742842, 3.6865982159690978, 4.026127853368737, 2.0042439920618023, 1.0884274778423337, 4.009631426310545, 5.172687219613814, 5.486134270725861, 5.005605258650106, 3.9759650758628804, 3.904859017523901, 4.883190587090934, 4.538959315611711, 3.3637650310431795, 1.784129394239249, 0.0, 1.7818018716881987], [4.373368654111805, 4.034402623323761, 2.826729034733853, 2.7865860010470005, 3.451288794503068, 4.37282860335678, 2.0761854120528604, 1.0944454177248624, 3.9307979367076893, 4.5309904246969985, 5.404907043660155, 3.8686590554180986, 2.645961631880959, 2.5431931918867874, 5.187654146844173, 4.9015135056438845, 4.119186198548042, 1.7853227201246815, 1.7818018716881987, 0.0]]}