{"total energy": -24.95526733, "HOMO-LUMO gap/eV": 11.54559264, "electronic energy": -25.21415906, "dipole": [-0.00018318, 0.00375984, 0.00141537], "partial charges": [0.04399308, -0.33915326, 0.2719768, -0.12406925, -0.12406925, -0.33915326, 0.04399308, 0.03099196, 0.0521085, 0.04134557, 0.04950732, 0.05295533, 0.05633233, 0.04950732, 0.05295534, 0.05633233, 0.04134557, 0.0521085, 0.03099196], "atomic dipole moments": [[0.1545395, 0.16646459, -0.00114636], [-0.07676503, -0.10592021, 0.24000046], [0.00824509, -0.16927936, -0.0637245], [-0.06811383, -0.08208238, 0.03254104], [0.07377729, -0.03419376, -0.0763127], [0.07777263, 0.08523279, -0.24778816], [-0.16803561, 0.11062334, 0.10545494], [-0.10486875, 0.0481007, 0.03772042], [-0.00851063, -0.0420705, -0.11461237], [0.04119162, -0.08564219, 0.08045099], [0.07464045, 0.02789209, 0.0988708], [-0.07185569, 0.09861641, -0.03314515], [0.06825971, -0.03771167, -0.10249884], [-0.07987487, 0.07957571, -0.05841501], [0.06422331, 0.05808352, 0.09213419], [-0.06148026, -0.10147682, 0.05010191], [-0.0363074, -0.01463559, -0.11820011], [0.01573112, -0.10617268, 0.05880687], [0.09912922, 0.06973723, 0.00663913]], "atomic quadrupole moments": [[0.10149195, 0.38184558, 0.13212422, -0.01267191, -0.00495703, -0.23361617], [-0.01037429, 0.13731257, -0.01867282, 0.04930825, 0.01450906, 0.02904711], [-0.07024669, -0.07240828, 0.00712395, 0.18249666, -0.01265775, 0.06312274], [0.02268143, 0.18053973, 0.09162092, -0.05768959, -0.07087605, -0.11430235], [0.04958764, -0.09137901, -0.08437937, -0.17131116, 0.0940253, 0.03479173], [0.01611925, -0.13494841, -0.00668, -0.05058348, -0.0343517, -0.00943925], [0.1652891, -0.26793101, -0.0785934, -0.26871411, 0.15052271, -0.0866957], [0.03957559, -0.0275546, 0.00184209, -0.03412713, 0.01960165, -0.04141768], [-0.03282933, 0.0269427, -0.02429135, 0.00952403, 0.04808717, 0.05712068], [-0.00915853, -0.00700885, 0.01678402, 0.02733393, -0.04990918, -0.00762549], [0.00081764, 0.02438015, -0.03740357, 0.06053415, 0.01964539, 0.03658594], [0.00205035, -0.05455581, 0.04053066, 0.00988382, -0.03333812, -0.04258101], [-0.00425193, -0.01955385, -0.0210557, -0.05667735, 0.0314008, 0.02530763], [0.00868351, -0.05738415, 0.00436943, 0.03334859, -0.03842296, -0.01305294], [-0.00651939, 0.03495704, -0.0227241, 0.0383541, 0.05015407, 0.02924349], [-0.01110629, 0.04934925, 0.03890546, -0.02675371, -0.02785024, -0.02779917], [-0.00868489, -0.01035916, -0.04528774, 0.02151869, 0.02022294, 0.05397263], [-0.02723544, -0.03238182, 0.05375193, -0.00668217, -0.04831128, -0.02651649], [0.03247427, 0.04514454, 0.01001701, -0.00661547, 0.01971437, -0.04249128]], "number of molecular orbitals": 40, "number of electrons": 44, "number of unpaired electrons": 0, "orbital energies/eV": [-19.1240409, -18.85264359, -17.72008726, -17.23014765, -16.46087134, -16.26618684, -15.86517379, -15.35521994, -14.74028778, -14.66961166, -14.20890236, -13.91863356, -13.81919296, -13.12553176, -12.842344, -12.72381461, -12.70490532, -12.45356182, -12.42188627, -11.7287429, -11.03815518, -10.97774321, 0.56784943, 1.05940927, 2.35024208, 2.53597449, 3.33638543, 3.49502857, 4.01145037, 4.60827554, 4.60864266, 5.43900527, 5.65421847, 5.82289041, 6.03879036, 6.12538045, 6.37822401, 6.74230678, 7.25687251, 8.43189344], "fractional occupation": [2.0, 2.0, 2.0, 2.0, 2.0, 2.0, 2.0, 2.0, 2.0, 2.0, 2.0, 2.0, 2.0, 2.0, 2.0, 2.0, 2.0, 2.0, 2.0, 2.0, 2.0, 2.0, 0.0, 0.0, 0.0, 0.0, 0.0, 0.0, 0.0, 0.0, 0.0, 0.0, 0.0, 0.0, 0.0, 0.0, 0.0, 0.0, 0.0, 0.0], "program call": "xtb /tmp/scratch/tmpd99k8agk/1479_0_xyzopt.xyz --pop --wbo --acc 0.2 --gfn 2 --chrg 0 --uhf 0 --etemp 300 --input /tmp/scratch/tmpd99k8agk/1479_0_xtb.inp", "method": "GFN2-xTB", "xtb version": "6.3.3 (7355c4f)", "Dipole module/D": 0.01, "Total charge": 0, "Transition dipole module/D": NaN, "HOMO": -10.9777, "LUMO": 0.5678, "HOMO occupancy": 2.0, "LUMO occupancy": 0, "mulliken charges": [0.17338, -0.47584, 0.44521, -0.11004, -0.11004, -0.47584, 0.17338, 0.01186, 0.0285, 0.02699, 0.03691, 0.03926, 0.04637, 0.03691, 0.03926, 0.04637, 0.02699, 0.0285, 0.01186], "cm5 charges": [0.052, -0.57409, 0.4646, -0.2539, -0.2539, -0.57409, 0.052, 0.0713, 0.08941, 0.09085, 0.09271, 0.09501, 0.10441, 0.09271, 0.09501, 0.10441, 0.09085, 0.08941, 0.0713], "FUKUI+": [0.003, -0.118, -0.045, 0.028, 0.028, -0.118, 0.003, -0.068, -0.083, -0.052, -0.077, -0.065, -0.047, -0.077, -0.065, -0.047, -0.052, -0.083, -0.068], "FUKUI-": [0.033, -0.133, -0.001, 0.013, 0.013, -0.133, 0.033, -0.117, -0.082, -0.063, -0.047, -0.056, -0.048, -0.047, -0.056, -0.048, -0.063, -0.082, -0.117], "FUKUIrad": [0.018, -0.125, -0.023, 0.021, 0.021, -0.125, 0.018, -0.092, -0.082, -0.057, -0.062, -0.06, -0.048, -0.062, -0.06, -0.048, -0.057, -0.082, -0.092], "s proportion": [0.968, 1.688, 0.997, 1.017, 1.017, 1.688, 0.968, 0.988, 0.972, 0.973, 0.963, 0.961, 0.954, 0.963, 0.961, 0.954, 0.973, 0.972, 0.988], "p proportion": [2.859, 4.787, 2.557, 3.093, 3.093, 4.787, 2.859, 0.0, 0.0, 0.0, 0.0, 0.0, 0.0, 0.0, 0.0, 0.0, 0.0, 0.0, 0.0], "d proportion": [0.0, 0.0, 0.0, 0.0, 0.0, 0.0, 0.0, 0.0, 0.0, 0.0, 0.0, 0.0, 0.0, 0.0, 0.0, 0.0, 0.0, 0.0, 0.0], "Fermi-level/eV": -5.2049, "Coordination numbers": [3.64, 1.701, 3.682, 3.754, 3.754, 1.701, 3.64, 0.924, 0.925, 0.924, 0.925, 0.925, 0.925, 0.925, 0.925, 0.925, 0.924, 0.925, 0.924], "Dispersion coefficient C6": [20.189, 19.691, 16.634, 22.937, 22.937, 19.691, 20.189, 2.572, 2.294, 2.431, 2.326, 2.283, 2.242, 2.326, 2.283, 2.242, 2.431, 2.294, 2.572], "Total dispersion C6": 2481.876788, "Total dispersion C8": 50720.321329, "Polarizability alpha": [6.462, 5.991, 5.841, 6.829, 6.829, 5.991, 6.462, 2.508, 2.368, 2.438, 2.385, 2.363, 2.342, 2.385, 2.363, 2.342, 2.438, 2.368, 2.508], "Total polarizability alpha": 73.214552, "Wiberg matrix": [[0.0, 0.9863051323796144, 0.0, 0.0, 0.0, 0.0, 0.0, 0.9787971362905845, 0.980786865896152, 0.9789656817027448, 0.0, 0.0, 0.0, 0.0, 0.0, 0.0, 0.0, 0.0, 0.0], [0.9863051323796144, 0.0, 0.9598700961538378, 0.0, 0.0, 0.0, 0.0, 0.0, 0.0, 0.0, 0.0, 0.0, 0.0, 0.0, 0.0, 0.0, 0.0, 0.0, 0.0], [0.0, 0.9598700961538378, 0.0, 0.9814756962846392, 0.9814756971028469, 0.9598700905344155, 0.0, 0.0, 0.0, 0.0, 0.0, 0.0, 0.0, 0.0, 0.0, 0.0, 0.0, 0.0, 0.0], [0.0, 0.0, 0.9814756962846392, 0.0, 0.0, 0.0, 0.0, 0.0, 0.0, 0.0, 0.9851222727667235, 0.9846663044406604, 0.9830917175879077, 0.0, 0.0, 0.0, 0.0, 0.0, 0.0], [0.0, 0.0, 0.9814756971028469, 0.0, 0.0, 0.0, 0.0, 0.0, 0.0, 0.0, 0.0, 0.0, 0.0, 0.9851222729126525, 0.9846663042383007, 0.9830917174342239, 0.0, 0.0, 0.0], [0.0, 0.0, 0.9598700905344155, 0.0, 0.0, 0.0, 0.9863051357327407, 0.0, 0.0, 0.0, 0.0, 0.0, 0.0, 0.0, 0.0, 0.0, 0.0, 0.0, 0.0], [0.0, 0.0, 0.0, 0.0, 0.0, 0.9863051357327407, 0.0, 0.0, 0.0, 0.0, 0.0, 0.0, 0.0, 0.0, 0.0, 0.0, 0.9789656807963906, 0.9807868656373837, 0.9787971348390847], [0.9787971362905845, 0.0, 0.0, 0.0, 0.0, 0.0, 0.0, 0.0, 0.0, 0.0, 0.0, 0.0, 0.0, 0.0, 0.0, 0.0, 0.0, 0.0, 0.0], [0.980786865896152, 0.0, 0.0, 0.0, 0.0, 0.0, 0.0, 0.0, 0.0, 0.0, 0.0, 0.0, 0.0, 0.0, 0.0, 0.0, 0.0, 0.0, 0.0], [0.9789656817027448, 0.0, 0.0, 0.0, 0.0, 0.0, 0.0, 0.0, 0.0, 0.0, 0.0, 0.0, 0.0, 0.0, 0.0, 0.0, 0.0, 0.0, 0.0], [0.0, 0.0, 0.0, 0.9851222727667235, 0.0, 0.0, 0.0, 0.0, 0.0, 0.0, 0.0, 0.0, 0.0, 0.0, 0.0, 0.0, 0.0, 0.0, 0.0], [0.0, 0.0, 0.0, 0.9846663044406604, 0.0, 0.0, 0.0, 0.0, 0.0, 0.0, 0.0, 0.0, 0.0, 0.0, 0.0, 0.0, 0.0, 0.0, 0.0], [0.0, 0.0, 0.0, 0.9830917175879077, 0.0, 0.0, 0.0, 0.0, 0.0, 0.0, 0.0, 0.0, 0.0, 0.0, 0.0, 0.0, 0.0, 0.0, 0.0], [0.0, 0.0, 0.0, 0.0, 0.9851222729126525, 0.0, 0.0, 0.0, 0.0, 0.0, 0.0, 0.0, 0.0, 0.0, 0.0, 0.0, 0.0, 0.0, 0.0], [0.0, 0.0, 0.0, 0.0, 0.9846663042383007, 0.0, 0.0, 0.0, 0.0, 0.0, 0.0, 0.0, 0.0, 0.0, 0.0, 0.0, 0.0, 0.0, 0.0], [0.0, 0.0, 0.0, 0.0, 0.9830917174342239, 0.0, 0.0, 0.0, 0.0, 0.0, 0.0, 0.0, 0.0, 0.0, 0.0, 0.0, 0.0, 0.0, 0.0], [0.0, 0.0, 0.0, 0.0, 0.0, 0.0, 0.9789656807963906, 0.0, 0.0, 0.0, 0.0, 0.0, 0.0, 0.0, 0.0, 0.0, 0.0, 0.0, 0.0], [0.0, 0.0, 0.0, 0.0, 0.0, 0.0, 0.9807868656373837, 0.0, 0.0, 0.0, 0.0, 0.0, 0.0, 0.0, 0.0, 0.0, 0.0, 0.0, 0.0], [0.0, 0.0, 0.0, 0.0, 0.0, 0.0, 0.9787971348390847, 0.0, 0.0, 0.0, 0.0, 0.0, 0.0, 0.0, 0.0, 0.0, 0.0, 0.0, 0.0]], "Born radii": [], "Atomic SASAs": [], "Solvent H bonds": [], "Total SASA": NaN, "Total FOD": 0.0, "FOD": [0.0, 0.0, 0.0, 0.0, 0.0, 0.0, 0.0, 0.0, 0.0, 0.0, 0.0, 0.0, 0.0, 0.0, 0.0, 0.0, 0.0, 0.0, 0.0], "FOD s proportion": [0.0, 0.0, 0.0, 0.0, 0.0, 0.0, 0.0, 0.0, 0.0, 0.0, 0.0, 0.0, 0.0, 0.0, 0.0, 0.0, 0.0, 0.0, 0.0], "FOD p proportion": [0.0, 0.0, 0.0, 0.0, 0.0, 0.0, 0.0, 0.0, 0.0, 0.0, 0.0, 0.0, 0.0, 0.0, 0.0, 0.0, 0.0, 0.0, 0.0], "FOD d proportion": [0.0, 0.0, 0.0, 0.0, 0.0, 0.0, 0.0, 0.0, 0.0, 0.0, 0.0, 0.0, 0.0, 0.0, 0.0, 0.0, 0.0, 0.0, 0.0], "coordinates": [["-1.59958287848331", "-1.05032445786157", "-0.93234024945849"], ["-0.61898042299392", "-0.04182535362908", "-1.05698730190371"], ["-0.01917215882375", "0.39362490012403", "0.14817837636994"], ["0.92322378761869", "1.53050960167126", "-0.26243447097327"], ["-1.04129951658736", "0.89370067341317", "1.17501806377577"], ["0.65385429692577", "-0.67416249435193", "0.78745661739948"], ["1.71226412312937", "-1.26312350702619", "0.06145244842827"], ["-2.55516852297920", "-0.63783744380158", "-0.59315633044296"], ["-1.72449467199184", "-1.47311341910144", "-1.92813209255661"], ["-1.27592595992971", "-1.83225280889907", "-0.23998364002515"], ["1.57128455388847", "1.78777934839995", "0.57054388985753"], ["0.33360925908671", "2.39626892211099", "-0.54626573012898"], ["1.52233614116229", "1.22689913911772", "-1.11579284599678"], ["-1.73527731328717", "1.57915188817871", "0.69692301243198"], ["-0.51874843998902", "1.40481697798515", "1.97716840683116"], ["-1.58472361887723", "0.05397780731251", "1.59797337159020"], ["1.43433529240338", "-1.42003921112730", "-0.98432785857503"], ["1.90457465263773", "-2.22409061309657", "0.53633531332639"], ["2.61789339709008", "-0.64995994941878", "0.10837002005027"]], "bond_dist": [[0.0, 1.412157394426286, 2.397959193148214, 3.6706990709429292, 2.920937021497581, 2.8595765752225577, 3.4642802894380975, 1.0946849737040725, 1.0890155447396317, 1.0933999367614147, 4.513080347722583, 3.970553022200904, 3.8685631093522153, 3.0962974034430313, 3.9574187514680785, 2.7608316340061703, 3.056804079086593, 3.9766637900140536, 4.362393349952067], [1.412157394426286, 0.0, 1.414853769599271, 2.3413554279583786, 2.4567072101715803, 2.3285042098362414, 2.8595765050866246, 2.078267052195801, 2.0073964549591916, 2.0747777940317853, 3.285357182225414, 2.666939692546313, 2.489649886719308, 2.63626390114311, 3.3628739719001888, 2.826774547755895, 2.4740368345686536, 3.697200135052018, 3.4935995050339184], [2.397959193148214, 1.414853769599271, 0.0, 1.5327164952745094, 1.5327164963395066, 1.4148537731491346, 2.3979591884841946, 2.8363302476036787, 3.271681828930902, 2.5854654209817047, 2.1567595618525797, 2.148788129312452, 2.1606057130507605, 2.1567595638338504, 2.148788126027912, 2.1606057136591614, 2.585465488341141, 3.271681847379328, 2.8363301623074983], [3.6706990709429292, 2.3413554279583786, 1.5327164952745094, 0.0, 2.5161771029747317, 2.4567072008979753, 2.9209370643053583, 4.112215816852079, 4.336670711366782, 4.018075992548825, 1.0862888331251432, 1.0852394559995355, 1.0859721181334685, 2.826722652918039, 2.6666277563827543, 3.4541371823037874, 3.0802765022142746, 3.9620834748044342, 2.786368338726942], [2.920937021497581, 2.4567072101715803, 1.5327164963395066, 2.5161771029747317, 0.0, 2.341355427742615, 3.6706990673415625, 2.7863684360411294, 3.962083474844969, 3.0802762501771195, 2.8267227011690257, 2.666627717282548, 3.454137175557202, 1.0862888327950806, 1.0852394562110617, 1.0859721171421748, 4.018076003906969, 4.336670702608772, 4.112215819624811], [2.8595765752225577, 2.3285042098362414, 1.4148537731491346, 2.4567072008979753, 2.341355427742615, 0.0, 1.4121573878354359, 3.4935997308962747, 3.6972000811087486, 2.4740368831070176, 2.6362638420410156, 3.362873959541133, 2.8267745873940697, 3.2853571938324344, 2.6669396256630464, 2.4896499337964655, 2.0747777929777436, 2.0073964458539124, 2.0782670561924426], [3.4642802894380975, 2.8595765050866246, 2.3979591884841946, 2.9209370643053583, 3.6706990673415625, 1.4121573878354359, 0.0, 4.362393460396644, 3.9766636046744486, 3.056804189045324, 3.0962973965572567, 3.957418801330475, 2.760831740597302, 4.513080346693529, 3.970552999474272, 3.8685631170356904, 1.0933999376523575, 1.0890155435451383, 1.0946849723821386], [1.0946849737040725, 2.078267052195801, 2.8363302476036787, 4.112215816852079, 2.7863684360411294, 3.4935997308962747, 4.362393460396644, 0.0, 1.7804115499114872, 1.785446876486487, 4.925995333019319, 4.189634499837262, 4.51402655476941, 2.6928735589992545, 3.8634198705672524, 2.4942776558962834, 4.084237439495998, 4.8663394541384974, 5.220426783745717], [1.0890155447396317, 2.0073964549591916, 3.271681828930902, 4.336670711366782, 3.962083474844969, 3.6972000811087486, 3.9766636046744486, 1.7804115499114872, 0.0, 1.7832667182812714, 5.2667792826337765, 4.595374428402601, 4.300217807889465, 4.025835823230494, 4.99876778186208, 3.845122014366413, 3.297239761921287, 4.4505854113282455, 4.866339140648533], [1.0933999367614147, 2.0747777940317853, 2.5854654209817047, 4.018075992548825, 3.0802762501771195, 2.4740368831070176, 3.056804189045324, 1.785446876486487, 1.7832667182812714, 0.0, 4.6763442352518805, 4.534843808732217, 4.237419402505184, 3.5674191999951583, 3.995960685585046, 2.651661348711674, 2.8406837947534234, 3.297240077500122, 4.084237488585603], [4.513080347722583, 3.285357182225414, 2.1567595618525797, 1.0862888331251432, 2.8267227011690257, 2.6362638420410156, 3.0962973965572567, 4.925995333019319, 5.2667792826337765, 4.6763442352518805, 0.0, 1.774644590889139, 1.7778397405178736, 3.3155464830463632, 2.5482328434429857, 3.744605013933317, 3.567419398548833, 4.025835702632518, 2.6928734914084225], [3.970553022200904, 2.666939692546313, 2.148788129312452, 1.0852394559995355, 2.666627717282548, 3.362873959541133, 3.957418801330475, 4.189634499837262, 4.595374428402601, 4.534843808732217, 1.774644590889139, 0.0, 1.7620608460707456, 2.5482327495975574, 2.8420433579135183, 3.7099986553208875, 3.995960960347393, 4.998767800329295, 3.8634197709138576], [3.8685631093522153, 2.489649886719308, 2.1606057130507605, 1.0859721181334685, 3.454137175557202, 2.8267745873940697, 2.760831740597302, 4.51402655476941, 4.300217807889465, 4.237419402505184, 1.7778397405178736, 1.7620608460707456, 0.0, 3.7446049459496105, 3.7099986976137678, 4.288833394616407, 2.651661709626233, 3.8451221052616225, 2.494277543066653], [3.0962974034430313, 2.63626390114311, 2.1567595638338504, 2.826722652918039, 1.0862888327950806, 3.2853571938324344, 4.513080346693529, 2.6928735589992545, 4.025835823230494, 3.5674191999951583, 3.3155464830463632, 2.5482327495975574, 3.7446049459496105, 0.0, 1.7746445926890755, 1.7778397401300539, 4.676344278554634, 5.266779306792533, 4.925995274362847], [3.9574187514680785, 3.3628739719001888, 2.148788126027912, 2.6666277563827543, 1.0852394562110617, 2.6669396256630464, 3.970552999474272, 3.8634198705672524, 4.99876778186208, 3.995960685585046, 2.5482328434429857, 2.8420433579135183, 3.7099986976137678, 1.7746445926890755, 0.0, 1.7620608450847237, 4.534843843498644, 4.595374317638024, 4.1896345480174455], [2.7608316340061703, 2.826774547755895, 2.1606057136591614, 3.4541371823037874, 1.0859721171421748, 2.4896499337964655, 3.8685631170356904, 2.4942776558962834, 3.845122014366413, 2.651661348711674, 3.744605013933317, 3.7099986553208875, 4.288833394616407, 1.7778397401300539, 1.7620608450847237, 0.0, 4.237419323567814, 4.300217845925547, 4.514026616355829], [3.056804079086593, 2.4740368345686536, 2.585465488341141, 3.0802765022142746, 4.018076003906969, 2.0747777929777436, 1.0933999376523575, 4.084237439495998, 3.297239761921287, 2.8406837947534234, 3.567419398548833, 3.995960960347393, 2.651661709626233, 4.676344278554634, 4.534843843498644, 4.237419323567814, 0.0, 1.7832667201794707, 1.7854468657552773], [3.9766637900140536, 3.697200135052018, 3.271681847379328, 3.9620834748044342, 4.336670702608772, 2.0073964458539124, 1.0890155435451383, 4.8663394541384974, 4.4505854113282455, 3.297240077500122, 4.025835702632518, 4.998767800329295, 3.8451221052616225, 5.266779306792533, 4.595374317638024, 4.300217845925547, 1.7832667201794707, 0.0, 1.7804115450554323], [4.362393349952067, 3.4935995050339184, 2.8363301623074983, 2.786368338726942, 4.112215819624811, 2.0782670561924426, 1.0946849723821386, 5.220426783745717, 4.866339140648533, 4.084237488585603, 2.6928734914084225, 3.8634197709138576, 2.494277543066653, 4.925995274362847, 4.1896345480174455, 4.514026616355829, 1.7854468657552773, 1.7804115450554323, 0.0]]}