{"total energy": -30.2798839, "HOMO-LUMO gap/eV": 5.0992664, "electronic energy": -30.64460398, "dipole": [0.37713782, -0.83564697, 0.01034936], "partial charges": [-0.10439029, -0.05436281, -0.0585527, -0.09049038, 0.35595282, -0.4105417, -0.27380647, 0.08505549, -0.1157711, 0.03701028, 0.03541355, 0.03701027, 0.03095054, 0.03095054, 0.04828546, 0.0482854, 0.06471436, 0.06471438, 0.05017272, 0.05017279, 0.05828274, 0.05266137, 0.05828274], "atomic dipole moments": [[0.09066869, -0.04899184, -0.00175251], [-0.00647791, 0.11681928, -0.00303701], [0.04322551, -0.12730789, 0.00206562], [0.0002735, 0.10349833, -0.00289749], [0.14891382, -0.04412528, -0.00389175], [0.02017741, -0.19283927, 0.00468786], [-0.00264053, 0.2418908, -0.00665988], [-0.14943945, -0.19486526, 0.01057882], [-0.10040138, 0.08171986, 0.00117266], [-0.01621153, 0.06891975, -0.10170364], [-0.09119157, -0.08317853, 0.0054588], [-0.00932031, 0.07450875, 0.09857966], [0.00441622, -0.07441575, -0.09654522], [0.01117907, -0.06893083, 0.10000874], [-0.0107269, 0.07258556, -0.1014476], [-0.00387367, 0.07814441, 0.09774348], [0.0171146, -0.07368708, 0.10533109], [0.0099819, -0.07947215, -0.10198947], [-0.01132583, 0.0707693, -0.10356216], [-0.00432438, 0.07645047, 0.0999916], [-0.00467448, -0.07722141, -0.10081532], [0.10289076, 0.07169994, -0.00554015], [0.00240624, -0.07147603, 0.10504339]], "atomic quadrupole moments": [[0.17008138, -0.14181482, -0.03962075, -0.00638866, 0.00234025, -0.13046063], [0.22120818, 0.02886373, 0.01860794, -0.01669553, -0.008227, -0.23981612], [0.25441648, 0.00928877, 0.01038545, -0.01815234, -0.0080229, -0.26480192], [0.21503864, 0.03233004, 0.04142725, -0.0171527, -0.00944862, -0.25646589], [-0.10416261, -0.1124535, -0.3580522, 0.02267408, 0.02680371, 0.46221481], [-0.10859136, -0.01501786, -0.08650793, 0.01088682, 0.00839255, 0.1950993], [0.06057256, 0.04186116, 0.02486288, -0.00620252, -0.00452765, -0.08543543], [0.38093082, 0.21113826, 0.00954725, -0.03248268, -0.01847264, -0.39047808], [0.1522439, -0.19449438, 0.00290648, -0.00514882, 0.00227537, -0.15515039], [-0.03522662, -0.01292843, -0.01237209, -0.00025323, -0.05887087, 0.04759872], [0.02492835, 0.05799732, 0.03066373, -0.00439835, -0.00441021, -0.05559208], [-0.03476719, -0.00856008, -0.00558846, 0.00629814, 0.06257454, 0.04035565], [-0.01857103, 0.0003326, -0.01195956, -0.00415611, 0.04417849, 0.03053058], [-0.01775941, -0.00228782, -0.01674393, 0.00770503, -0.04149001, 0.03450334], [-0.01746742, -0.00181608, -0.01800887, 0.00770979, -0.03875298, 0.03547629], [-0.01827723, 0.00062031, -0.01352374, -0.00412498, 0.04155732, 0.03180097], [-0.01327052, -0.01449335, -0.02109126, -0.00104007, -0.05082021, 0.03436178], [-0.01286178, -0.01070295, -0.01521109, 0.0047984, 0.05444881, 0.02807287], [-0.00308548, 0.00934372, -0.02109974, -0.00178612, -0.03146742, 0.02418522], [-0.00275627, 0.01169887, -0.01749463, 0.00293111, 0.03306328, 0.0202509], [-0.04136204, -0.00477678, 0.00045014, 0.01524984, 0.05773287, 0.0409119], [0.05105082, 0.05974247, 0.00387186, -0.0053223, -0.00370381, -0.05492268], [-0.04302968, -0.00932043, -0.00582545, -0.00885541, -0.05458404, 0.04885514]], "number of molecular orbitals": 50, "number of electrons": 54, "number of unpaired electrons": 0, "orbital energies/eV": [-20.13704778, -19.37548409, -18.37217741, -17.32665351, -16.85618249, -16.56915304, -16.3472309, -15.9456898, -15.83211885, -15.3434314, -15.10071847, -14.8594899, -14.45034313, -14.00474174, -13.60078307, -13.53548529, -13.2349231, -13.17201588, -12.88002131, -12.83590526, -12.67086347, -12.18777447, -12.15129911, -11.91702374, -11.89617109, -11.56300608, -11.1948485, -6.0955821, -0.03625873, 2.33743759, 2.8709904, 3.06674786, 3.31198765, 3.75816054, 3.8906073, 3.9074218, 4.2360961, 4.56295198, 4.69303018, 5.00143596, 5.13962264, 5.41853528, 6.48079711, 6.54386982, 7.00953512, 7.2003366, 7.27954857, 7.87655436, 8.37730597, 17.95709834], "fractional occupation": [2.0, 2.0, 2.0, 2.0, 2.0, 2.0, 2.0, 2.0, 2.0, 2.0, 2.0, 2.0, 2.0, 2.0, 2.0, 2.0, 2.0, 2.0, 2.0, 2.0, 2.0, 2.0, 2.0, 2.0, 2.0, 2.0, 2.0, 0.0, 0.0, 0.0, 0.0, 0.0, 0.0, 0.0, 0.0, 0.0, 0.0, 0.0, 0.0, 0.0, 0.0, 0.0, 0.0, 0.0, 0.0, 0.0, 0.0, 0.0, 0.0, 0.0], "program call": "xtb /tmp/scratch/tmp_od7xbig/14802_0_xyzopt.xyz --pop --wbo --acc 0.2 --gfn 2 --chrg 0 --uhf 0 --etemp 300 --input /tmp/scratch/tmp_od7xbig/14802_0_xtb.inp", "method": "GFN2-xTB", "xtb version": "6.3.3 (7355c4f)", "Dipole module/D": 2.33, "Total charge": 0, "Transition dipole module/D": NaN, "HOMO": -11.1948, "LUMO": -6.0956, "HOMO occupancy": 2.0, "LUMO occupancy": 0, "mulliken charges": [-0.08508, -0.0417, -0.04182, -0.08247, 0.58119, -0.53198, -0.42359, 0.20597, -0.09682, 0.03031, 0.03017, 0.03031, 0.02228, 0.02228, 0.03739, 0.0374, 0.05285, 0.05285, 0.03894, 0.03894, 0.04367, 0.03524, 0.04367], "cm5 charges": [-0.23782, -0.15507, -0.15146, -0.18213, 0.63363, -0.5841, -0.50954, 0.12342, -0.24603, 0.08254, 0.08175, 0.08254, 0.0775, 0.0775, 0.09561, 0.09561, 0.11209, 0.11209, 0.10414, 0.10414, 0.09801, 0.08753, 0.09801], "FUKUI+": [0.012, 0.006, 0.014, 0.029, -0.189, -0.28, -0.121, 0.026, 0.016, -0.014, -0.028, -0.014, -0.019, -0.019, -0.023, -0.023, -0.097, -0.097, -0.04, -0.04, -0.028, -0.044, -0.028], "FUKUI-": [0.018, 0.005, 0.009, 0.001, -0.009, -0.103, -0.059, 0.011, 0.012, -0.07, -0.062, -0.07, -0.085, -0.085, -0.064, -0.064, -0.05, -0.05, -0.062, -0.062, -0.056, -0.051, -0.056], "FUKUIrad": [0.015, 0.006, 0.012, 0.015, -0.099, -0.192, -0.09, 0.019, 0.014, -0.042, -0.045, -0.042, -0.052, -0.052, -0.043, -0.043, -0.074, -0.074, -0.051, -0.051, -0.042, -0.047, -0.042], "s proportion": [1.005, 1.027, 1.028, 1.038, 0.979, 1.721, 1.688, 0.995, 1.008, 0.97, 0.97, 0.97, 0.978, 0.978, 0.963, 0.963, 0.947, 0.947, 0.961, 0.961, 0.956, 0.965, 0.956], "p proportion": [3.08, 3.015, 3.014, 3.044, 2.44, 4.811, 4.736, 2.799, 3.089, 0.0, 0.0, 0.0, 0.0, 0.0, 0.0, 0.0, 0.0, 0.0, 0.0, 0.0, 0.0, 0.0, 0.0], "d proportion": [0.0, 0.0, 0.0, 0.0, 0.0, 0.0, 0.0, 0.0, 0.0, 0.0, 0.0, 0.0, 0.0, 0.0, 0.0, 0.0, 0.0, 0.0, 0.0, 0.0, 0.0, 0.0, 0.0], "Fermi-level/eV": -8.6452, "Coordination numbers": [3.752, 3.801, 3.804, 3.804, 2.718, 0.856, 1.704, 3.701, 3.751, 0.925, 0.925, 0.925, 0.924, 0.924, 0.924, 0.924, 0.924, 0.924, 0.924, 0.924, 0.925, 0.925, 0.925], "Dispersion coefficient C6": [22.554, 21.55, 21.624, 22.223, 20.958, 21.893, 18.542, 19.317, 22.778, 2.489, 2.511, 2.489, 2.573, 2.573, 2.341, 2.341, 2.145, 2.145, 2.318, 2.318, 2.219, 2.287, 2.219], "Total dispersion C6": 3944.868896, "Total dispersion C8": 83626.456924, "Polarizability alpha": [6.772, 6.609, 6.62, 6.711, 7.494, 6.273, 5.814, 6.285, 6.806, 2.467, 2.478, 2.467, 2.508, 2.508, 2.393, 2.393, 2.29, 2.29, 2.381, 2.381, 2.33, 2.365, 2.33], "Total polarizability alpha": 92.966685, "Wiberg matrix": [[0.0, 1.0193437125431395, 0.0, 0.0, 0.0, 0.0, 0.0, 0.0, 0.0, 0.9877520883348966, 0.9873347472674207, 0.9877520793737129, 0.0, 0.0, 0.0, 0.0, 0.0, 0.0, 0.0, 0.0, 0.0, 0.0, 0.0], [1.0193437125431395, 0.0, 1.0081742194421133, 0.0, 0.0, 0.0, 0.0, 0.0, 0.0, 0.0, 0.0, 0.0, 0.9783520230962508, 0.9783520000227055, 0.0, 0.0, 0.0, 0.0, 0.0, 0.0, 0.0, 0.0, 0.0], [0.0, 1.0081742194421133, 0.0, 1.0072216833550593, 0.0, 0.0, 0.0, 0.0, 0.0, 0.0, 0.0, 0.0, 0.0, 0.0, 0.9759492610426865, 0.9759492400444321, 0.0, 0.0, 0.0, 0.0, 0.0, 0.0, 0.0], [0.0, 0.0, 1.0072216833550593, 0.0, 0.9709686707579623, 0.0, 0.0, 0.0, 0.0, 0.0, 0.0, 0.0, 0.0, 0.0, 0.0, 0.0, 0.9545920183252408, 0.9545917960232212, 0.0, 0.0, 0.0, 0.0, 0.0], [0.0, 0.0, 0.0, 0.9709686707579623, 0.0, 1.7575878340990592, 1.1284545943502298, 0.0, 0.0, 0.0, 0.0, 0.0, 0.0, 0.0, 0.0, 0.0, 0.0, 0.0, 0.0, 0.0, 0.0, 0.0, 0.0], [0.0, 0.0, 0.0, 0.0, 1.7575878340990592, 0.0, 0.1710242109502745, 0.0, 0.0, 0.0, 0.0, 0.0, 0.0, 0.0, 0.0, 0.0, 0.0, 0.0, 0.0, 0.0, 0.0, 0.0, 0.0], [0.0, 0.0, 0.0, 0.0, 1.1284545943502298, 0.1710242109502745, 0.0, 0.9366591043517669, 0.0, 0.0, 0.0, 0.0, 0.0, 0.0, 0.0, 0.0, 0.0, 0.0, 0.0, 0.0, 0.0, 0.0, 0.0], [0.0, 0.0, 0.0, 0.0, 0.0, 0.0, 0.9366591043517669, 0.0, 1.0197707020711932, 0.0, 0.0, 0.0, 0.0, 0.0, 0.0, 0.0, 0.0, 0.0, 0.9694241019978173, 0.9694240837104466, 0.0, 0.0, 0.0], [0.0, 0.0, 0.0, 0.0, 0.0, 0.0, 0.0, 1.0197707020711932, 0.0, 0.0, 0.0, 0.0, 0.0, 0.0, 0.0, 0.0, 0.0, 0.0, 0.0, 0.0, 0.985310149941971, 0.9836328264912967, 0.9853101486124747], [0.9877520883348966, 0.0, 0.0, 0.0, 0.0, 0.0, 0.0, 0.0, 0.0, 0.0, 0.0, 0.0, 0.0, 0.0, 0.0, 0.0, 0.0, 0.0, 0.0, 0.0, 0.0, 0.0, 0.0], [0.9873347472674207, 0.0, 0.0, 0.0, 0.0, 0.0, 0.0, 0.0, 0.0, 0.0, 0.0, 0.0, 0.0, 0.0, 0.0, 0.0, 0.0, 0.0, 0.0, 0.0, 0.0, 0.0, 0.0], [0.9877520793737129, 0.0, 0.0, 0.0, 0.0, 0.0, 0.0, 0.0, 0.0, 0.0, 0.0, 0.0, 0.0, 0.0, 0.0, 0.0, 0.0, 0.0, 0.0, 0.0, 0.0, 0.0, 0.0], [0.0, 0.9783520230962508, 0.0, 0.0, 0.0, 0.0, 0.0, 0.0, 0.0, 0.0, 0.0, 0.0, 0.0, 0.0, 0.0, 0.0, 0.0, 0.0, 0.0, 0.0, 0.0, 0.0, 0.0], [0.0, 0.9783520000227055, 0.0, 0.0, 0.0, 0.0, 0.0, 0.0, 0.0, 0.0, 0.0, 0.0, 0.0, 0.0, 0.0, 0.0, 0.0, 0.0, 0.0, 0.0, 0.0, 0.0, 0.0], [0.0, 0.0, 0.9759492610426865, 0.0, 0.0, 0.0, 0.0, 0.0, 0.0, 0.0, 0.0, 0.0, 0.0, 0.0, 0.0, 0.0, 0.0, 0.0, 0.0, 0.0, 0.0, 0.0, 0.0], [0.0, 0.0, 0.9759492400444321, 0.0, 0.0, 0.0, 0.0, 0.0, 0.0, 0.0, 0.0, 0.0, 0.0, 0.0, 0.0, 0.0, 0.0, 0.0, 0.0, 0.0, 0.0, 0.0, 0.0], [0.0, 0.0, 0.0, 0.9545920183252408, 0.0, 0.0, 0.0, 0.0, 0.0, 0.0, 0.0, 0.0, 0.0, 0.0, 0.0, 0.0, 0.0, 0.0, 0.0, 0.0, 0.0, 0.0, 0.0], [0.0, 0.0, 0.0, 0.9545917960232212, 0.0, 0.0, 0.0, 0.0, 0.0, 0.0, 0.0, 0.0, 0.0, 0.0, 0.0, 0.0, 0.0, 0.0, 0.0, 0.0, 0.0, 0.0, 0.0], [0.0, 0.0, 0.0, 0.0, 0.0, 0.0, 0.0, 0.9694241019978173, 0.0, 0.0, 0.0, 0.0, 0.0, 0.0, 0.0, 0.0, 0.0, 0.0, 0.0, 0.0, 0.0, 0.0, 0.0], [0.0, 0.0, 0.0, 0.0, 0.0, 0.0, 0.0, 0.9694240837104466, 0.0, 0.0, 0.0, 0.0, 0.0, 0.0, 0.0, 0.0, 0.0, 0.0, 0.0, 0.0, 0.0, 0.0, 0.0], [0.0, 0.0, 0.0, 0.0, 0.0, 0.0, 0.0, 0.0, 0.985310149941971, 0.0, 0.0, 0.0, 0.0, 0.0, 0.0, 0.0, 0.0, 0.0, 0.0, 0.0, 0.0, 0.0, 0.0], [0.0, 0.0, 0.0, 0.0, 0.0, 0.0, 0.0, 0.0, 0.9836328264912967, 0.0, 0.0, 0.0, 0.0, 0.0, 0.0, 0.0, 0.0, 0.0, 0.0, 0.0, 0.0, 0.0, 0.0], [0.0, 0.0, 0.0, 0.0, 0.0, 0.0, 0.0, 0.0, 0.9853101486124747, 0.0, 0.0, 0.0, 0.0, 0.0, 0.0, 0.0, 0.0, 0.0, 0.0, 0.0, 0.0, 0.0, 0.0]], "Born radii": [], "Atomic SASAs": [], "Solvent H bonds": [], "Total SASA": NaN, "Total FOD": 0.0, "FOD": [0.0, 0.0, 0.0, 0.0, 0.0, 0.0, 0.0, 0.0, 0.0, 0.0, 0.0, 0.0, 0.0, 0.0, 0.0, 0.0, 0.0, 0.0, 0.0, 0.0, 0.0, 0.0, 0.0], "FOD s proportion": [0.0, 0.0, 0.0, 0.0, 0.0, 0.0, 0.0, 0.0, 0.0, 0.0, 0.0, 0.0, 0.0, 0.0, 0.0, 0.0, 0.0, 0.0, 0.0, 0.0, 0.0, 0.0, 0.0], "FOD p proportion": [0.0, 0.0, 0.0, 0.0, 0.0, 0.0, 0.0, 0.0, 0.0, 0.0, 0.0, 0.0, 0.0, 0.0, 0.0, 0.0, 0.0, 0.0, 0.0, 0.0, 0.0, 0.0, 0.0], "FOD d proportion": [0.0, 0.0, 0.0, 0.0, 0.0, 0.0, 0.0, 0.0, 0.0, 0.0, 0.0, 0.0, 0.0, 0.0, 0.0, 0.0, 0.0, 0.0, 0.0, 0.0, 0.0, 0.0, 0.0], "coordinates": [["-4.15590805009632", "-0.09661823351330", "0.05797477148959"], ["-2.79866172602008", "-0.78816587640003", "0.03057379032013"], ["-1.65490288400286", "0.21984990275997", "-0.03690831513753"], ["-0.29372010381879", "-0.46732970465867", "-0.06456300258095"], ["0.84237804316645", "0.52722554496169", "-0.13140255566908"], ["0.72896209302286", "1.72373888923861", "-0.16089321555766"], ["2.02197666495616", "-0.10399711876941", "-0.15436183908019"], ["3.18723054017017", "0.72199028298128", "-0.21749542379099"], ["4.41010606187090", "-0.17522108750718", "-0.23451694331030"], ["-4.29371789274390", "0.50678543305047", "-0.83630294086078"], ["-4.95859966425683", "-0.82880515381776", "0.10602527344704"], ["-4.23312994154166", "0.55592448265984", "0.92460326476725"], ["-2.74765746427190", "-1.45256458217602", "-0.83530182420399"], ["-2.68703701896858", "-1.40339912314735", "0.92656243258446"], ["-1.75992418321844", "0.83817311954591", "-0.93005437633527"], ["-1.69952351857204", "0.88716551739355", "0.82550799108145"], ["-0.15007890999772", "-1.08098998007479", "0.82769095509882"], ["-0.21051650884746", "-1.13000962360792", "-0.92900565876559"], ["3.13228546338825", "1.34089198227079", "-1.12016314915865"], ["3.19320439756740", "1.39032285900572", "0.65093030699634"], ["4.37900426784791", "-0.83359551000852", "-1.09837368232838"], ["5.30858190398152", "0.43301623769092", "-0.28239653290408"], ["4.43964943038495", "-0.78438725787778", "0.66476967389838"]], "bond_dist": [[0.0, 1.5235178175425803, 2.522732986709125, 3.881873031576944, 5.0406258244475675, 5.217620105493014, 6.181537093362374, 7.393760077770058, 8.571366727558921, 1.0875753603129132, 1.0875294775071147, 1.087575359370431, 2.1493495037663135, 2.149349418918498, 2.755136142016373, 2.755133876681341, 4.196202788045587, 4.196205732395214, 7.521449944694942, 7.521438947975021, 8.644362644389329, 9.48540644299351, 8.644352762626134], [1.5235178175425803, 0.0, 1.526051746922467, 2.52719595383848, 3.8747466406011535, 4.334795840020267, 4.872457549583528, 6.178431530990957, 7.239634481865935, 2.1595293706197625, 2.1616374289435103, 2.159529267187539, 1.0925967484762207, 1.0925967555298064, 2.1556346367443053, 2.155634584442008, 2.7813904190901857, 2.7813927323889907, 6.405717558010152, 6.405709564214384, 7.266049502111737, 8.204671562908304, 7.266042051463993], [2.522732986709125, 1.526051746922467, 0.0, 1.525057099147197, 2.517900112418315, 2.821323548952473, 3.6929819172577987, 4.8714487334625876, 6.0810742283586485, 2.772130663683673, 3.4690805488330994, 2.7721301199206065, 2.1513983772054246, 2.1513981859215345, 1.0913583097857817, 1.0913583351931384, 2.168919429487274, 2.168919180644807, 5.034615045151049, 5.034607544289452, 6.216469374217527, 6.9710705593832545, 6.216462996585202], [3.881873031576944, 2.52719595383848, 1.525057099147197, 0.0, 1.5113989116006845, 2.4199049503713996, 2.3457463468841504, 3.6816963134327376, 4.715950846140211, 4.188611362403538, 4.681972466135995, 4.188609423886663, 2.7543664723600374, 2.7543640719417732, 2.1454993228844073, 2.1454992242490705, 1.0923959223566075, 1.0923958160970288, 4.015155225526221, 4.015152077033456, 4.799715430657986, 5.67836790367107, 4.799712365586289], [5.0406258244475675, 3.8747466406011535, 2.517900112418315, 1.5113989116006845, 0.0, 1.2022383539882497, 1.33806654858072, 2.3545017557483106, 3.637684299640949, 5.184282381785658, 5.962091377368593, 5.184279431575442, 4.159735336824214, 4.159732227716956, 2.7398010880793855, 2.739798921053372, 2.1192423979453987, 2.1192418577580283, 2.623618984461728, 2.6236170128397838, 3.910830110928833, 4.469748482979453, 3.9108285307601687], [5.217620105493014, 4.334795840020267, 2.821323548952473, 2.4199049503713996, 1.2022383539882497, 0.0, 2.238872094845893, 2.655143656820745, 4.142739475993738, 5.211954360025064, 6.239798499501851, 5.21195265294106, 4.757164518923149, 4.757163216488554, 2.7514342659352176, 2.75143321064909, 3.101050753829097, 3.101047781533985, 2.6158619577932876, 2.615858141508295, 4.554298709258201, 4.759584607113264, 4.554296487113368], [6.181537093362374, 4.872457549583528, 3.6929819172577987, 2.3457463468841504, 1.33806654858072, 2.238872094845893, 0.0, 1.4297054350706508, 2.3905354443858933, 6.381700144794292, 7.022933434399732, 6.381694200916097, 5.003171313616639, 5.003164271283286, 3.9739347875555446, 3.973929021936217, 2.576192570885318, 2.576198842974187, 2.062343888086984, 2.0623438215166927, 2.6417894112675167, 3.3326491302008248, 2.6417889351056343], [7.393760077770058, 6.178431530990957, 4.8714487334625876, 3.6816963134327376, 2.3545017557483106, 2.655143656820745, 1.4297054350706508, 0.0, 1.5168066841345869, 7.5095822338220195, 8.298444543870456, 7.509575017468929, 6.350847914667846, 6.350839933644063, 4.999557837400167, 4.999550400999292, 3.9345630966813117, 3.9345692874300777, 1.0958409087392382, 1.0958409414879398, 2.1485153673405426, 2.1419266471006564, 2.148515318719474], [8.571366727558921, 7.239634481865935, 6.0810742283586485, 4.715950846140211, 3.637684299640949, 4.142739475993738, 2.3905354443858933, 1.5168066841345869, 0.0, 8.751218813048697, 9.397648009789876, 8.751209180006827, 7.29562386452752, 7.295612826505037, 6.291264846193089, 6.291255182396285, 4.769065934105156, 4.769076290603463, 2.1715877887370145, 2.171587977062731, 1.086587625248131, 1.0860496939459978, 1.086587618941874], [1.0875753603129132, 2.1595293706197625, 2.772130663683673, 4.188611362403538, 5.184282381785658, 5.211954360025064, 6.381700144794292, 7.5095822338220195, 8.751218813048697, 0.0, 1.7646111326016733, 1.7626333172406288, 2.4958678516479256, 3.0558014977717898, 2.557091647330052, 3.1042147208388275, 4.7391613675469735, 4.40002561275069, 7.478090411234215, 7.684172466684716, 8.779602030893505, 9.618545398819538, 8.955001435693552], [1.0875294775071147, 2.1616374289435103, 3.4690805488330994, 4.681972466135995, 5.962091377368593, 6.239798499501851, 7.022933434399732, 8.298444543870456, 9.397648009789876, 1.7646111326016733, 0.0, 1.7646111221993481, 2.482627225523828, 2.4826268971764955, 3.7528392501619003, 3.75283733311259, 4.868908541635262, 4.868912282424147, 8.466023024941016, 8.46601205381018, 9.41495868206777, 10.351718798291, 9.414948449112746], [1.087575359370431, 2.159529267187539, 2.7721301199206065, 4.188609423886663, 5.184279431575442, 5.21195265294106, 6.381694200916097, 7.509575017468929, 8.751209180006827, 1.7626333172406288, 1.7646111221993481, 0.0, 3.0558014867589245, 2.4958678161798535, 3.104217450780009, 2.5570885793947835, 4.400021213615578, 4.7391622340841275, 7.684177753679549, 7.478071894177945, 8.955001796708002, 9.618535225867674, 8.779581487228334], [2.1493495037663135, 1.0925967484762207, 2.1513983772054246, 2.7543664723600374, 4.159735336824214, 4.757164518923149, 5.003171313616639, 6.350847914667846, 7.29562386452752, 2.4958678516479256, 2.482627225523828, 3.0558014867589245, 0.0, 1.7635922828417543, 2.4964122854060573, 3.054703086964205, 3.106610212846972, 2.5592784798846053, 6.51600141071551, 6.751646807446154, 7.1583264076806286, 8.292412920736266, 7.372520317646289], [2.149349418918498, 1.0925967555298064, 2.1513981859215345, 2.7543640719417732, 4.159732227716956, 4.757163216488554, 5.003164271283286, 6.350839933644063, 7.295612826505037, 3.0558014977717898, 2.4826268971764955, 2.4958678161798535, 1.7635922828417543, 0.0, 3.054702981402421, 2.4964136848906224, 2.5592732701433, 3.1066104675587285, 6.751646720015973, 6.515987622683654, 7.37251530307124, 8.292401649630557, 7.158307822750025], [2.755136142016373, 2.1556346367443053, 1.0913583097857817, 2.1454993228844073, 2.7398010880793855, 2.7514342659352176, 3.9739347875555446, 4.999557837400167, 6.291264846193089, 2.557091647330052, 3.7528392501619003, 3.104217450780009, 2.4964122854060573, 3.054702981402421, 0.0, 1.7572841890901958, 3.0601401041186276, 2.504876953396467, 4.9216443214433285, 5.228562387646555, 6.364713997254253, 7.109668845020511, 6.603853338777019], [2.755133876681341, 2.155634584442008, 1.0913583351931384, 2.1454992242490705, 2.739798921053372, 2.75143321064909, 3.973929021936217, 4.999550400999292, 6.291255182396285, 3.1042147208388275, 3.75283733311259, 2.5570885793947835, 3.054703086964205, 2.4964136848906224, 1.7572841890901958, 0.0, 2.5048791233484256, 3.0601397961503025, 5.228564040828546, 4.921628911200939, 6.603850335750157, 7.109658614599343, 6.364697163599647], [4.196202788045587, 2.7813904190901857, 2.168919429487274, 1.0923959223566075, 2.1192423979453987, 3.101050753829097, 2.576192570885318, 3.9345630966813117, 4.769065934105156, 4.7391613675469735, 4.868908541635262, 4.400021213615578, 3.106610212846972, 2.5592732701433, 3.0601401041186276, 2.5048791233484256, 0.0, 1.7584193532742756, 4.520349956660548, 4.161270809496223, 4.927831515302771, 5.772476673017078, 4.602186736454153], [4.196205732395214, 2.7813927323889907, 2.168919180644807, 1.0923958160970288, 2.1192418577580283, 3.101047781533985, 2.576198842974187, 3.9345692874300777, 4.769076290603463, 4.40002561275069, 4.868912282424147, 4.7391622340841275, 2.5592784798846053, 3.1066104675587285, 2.504876953396467, 3.0601397961503025, 1.7584193532742756, 0.0, 4.161276361604732, 4.520352805654788, 4.602200323091658, 5.772486508882263, 4.927841098604772], [7.521449944694942, 6.405717558010152, 5.034615045151049, 4.015155225526221, 2.623618984461728, 2.6158619577932876, 2.062343888086984, 1.0958409087392382, 2.1715877887370145, 7.478090411234215, 8.466023024941016, 7.684177753679549, 6.51600141071551, 6.751646720015973, 4.9216443214433285, 5.228564040828546, 4.520349956660548, 4.161276361604732, 0.0, 1.7728300986138898, 2.5066268993085576, 2.5024702731992687, 3.0678979079549196], [7.521438947975021, 6.405709564214384, 5.034607544289452, 4.015152077033456, 2.6236170128397838, 2.615858141508295, 2.0623438215166927, 1.0958409414879398, 2.171587977062731, 7.684172466684716, 8.46601205381018, 7.478071894177945, 6.751646807446154, 6.515987622683654, 5.228562387646555, 4.921628911200939, 4.161270809496223, 4.520352805654788, 1.7728300986138898, 0.0, 3.0678980901365698, 2.502470170038892, 2.5066273836346795], [8.644362644389329, 7.266049502111737, 6.216469374217527, 4.799715430657986, 3.910830110928833, 4.554298709258201, 2.6417894112675167, 2.1485153673405426, 1.086587625248131, 8.779602030893505, 9.41495868206777, 8.955001796708002, 7.1583264076806286, 7.37251530307124, 6.364713997254253, 6.603850335750157, 4.927831515302771, 4.602200323091658, 2.5066268993085576, 3.0678980901365698, 0.0, 1.7703780978628791, 1.7648721716950126], [9.48540644299351, 8.204671562908304, 6.9710705593832545, 5.67836790367107, 4.469748482979453, 4.759584607113264, 3.3326491302008248, 2.1419266471006564, 1.0860496939459978, 9.618545398819538, 10.351718798291, 9.618535225867674, 8.292412920736266, 8.292401649630557, 7.109668845020511, 7.109658614599343, 5.772476673017078, 5.772486508882263, 2.5024702731992687, 2.502470170038892, 1.7703780978628791, 0.0, 1.7703781341854918], [8.644352762626134, 7.266042051463993, 6.216462996585202, 4.799712365586289, 3.9108285307601687, 4.554296487113368, 2.6417889351056343, 2.148515318719474, 1.086587618941874, 8.955001435693552, 9.414948449112746, 8.779581487228334, 7.372520317646289, 7.158307822750025, 6.603853338777019, 6.364697163599647, 4.602186736454153, 4.927841098604772, 3.0678979079549196, 2.5066273836346795, 1.7648721716950126, 1.7703781341854918, 0.0]]}