{"total energy": -26.32549797, "HOMO-LUMO gap/eV": 12.61123152, "electronic energy": -26.72545834, "dipole": [-0.01737449, -0.00199956, -0.00673987], "partial charges": [-0.10490962, -0.00911919, -0.10570691, -0.0745556, 0.02892232, -0.10691091, -0.10889337, -0.10744397, 0.03233449, 0.0312513, 0.03093961, 0.0298204, 0.03642411, 0.03124664, 0.02899902, 0.0350079, 0.0349225, 0.03564801, 0.03235954, 0.03251329, 0.03214928, 0.0340274, 0.03189481, 0.03295022, 0.03374085, 0.0323879], "atomic dipole moments": [[-0.06665603, -0.05979592, 0.01727162], [0.04286496, -0.01921626, -0.09090344], [-0.03399921, 0.08628383, -0.00013749], [-0.02450574, -0.00983177, 0.111455], [-0.00517613, 0.00141285, -0.0036616], [0.01907672, 0.07739527, -0.04941474], [0.0574924, -0.00120417, 0.07502083], [0.01984068, -0.07642128, -0.0514913], [0.05194546, -0.0191989, -0.11064296], [-0.0440738, 0.1151662, 0.00289245], [0.08801442, -0.00963549, 0.08564915], [-0.04458582, 0.02418782, 0.11175479], [-0.08772605, -0.08527663, 0.01960584], [0.05712797, -0.02687935, -0.10603939], [0.08333066, -0.00878472, 0.09014876], [0.01632244, 0.10395825, -0.06174983], [0.01412351, -0.09102974, -0.0814148], [0.06632489, -0.00528353, 0.10500138], [0.02347634, -0.10121542, -0.06685656], [-0.11922024, -0.0028281, 0.03071512], [0.0187116, -0.09928178, -0.07073785], [-0.11895473, 0.00130885, 0.03278226], [0.02169697, 0.10025243, -0.06862624], [-0.11878804, 0.00117371, 0.03331411], [0.06604023, 0.00449434, 0.10351309], [0.02261565, 0.10356914, -0.06338017]], "atomic quadrupole moments": [[0.07089642, 0.15622402, 0.0387484, -0.03345378, -0.05451626, -0.10964482], [0.04242717, 0.02591009, 0.09404227, 0.09233646, -0.05802667, -0.13646944], [-0.0560892, -0.11435937, 0.1723468, 0.01316531, -0.00058096, -0.1162576], [0.19695811, -0.00192097, -0.2044461, 0.05531068, -0.02228658, 0.00748799], [-0.02064033, 0.00674416, -0.00210498, -0.00778252, -0.00222159, 0.02274531], [-0.09107725, 0.04778106, 0.11546807, -0.02890854, -0.14077247, -0.02439082], [0.00814797, -0.00354068, -0.11223288, 0.15625942, -0.00392192, 0.10408491], [-0.09139369, -0.05209449, 0.10182217, -0.03053044, 0.14277101, -0.01042848], [-0.02417695, 1.28e-06, -0.03569427, -0.043744, 0.02875964, 0.05987122], [-0.0102106, -0.04420726, 0.06382263, -0.0058108, 0.00195357, -0.05361203], [0.0161055, -0.00249646, -0.03954456, 0.06334789, -0.02066055, 0.02343906], [0.00558382, -0.00325344, -0.01924898, -0.01935877, 0.0095148, 0.01366516], [0.03907385, 0.05494036, 0.01203109, -0.0177249, -0.01410735, -0.05110493], [-0.02758277, -0.01502984, -0.03083579, -0.05106596, 0.01194594, 0.05841855], [0.00649537, -0.005803, -0.03238953, 0.06869063, 0.00495668, 0.02589416], [0.001214, 0.01859028, 0.03510332, 0.00762317, -0.04049613, -0.03631732], [-0.01242333, -0.02329755, 0.02235448, 0.00906864, 0.04573418, -0.00993115], [0.00114123, 0.00976286, -0.03837178, 0.06191771, -0.0009337, 0.03723055], [-0.04475898, -0.02175425, 0.0380244, -0.02334292, 0.05347267, 0.00673457], [0.07813053, -0.00771043, -0.03712594, -0.02904113, -0.01014881, -0.0410046], [-0.03710445, -0.02864082, 0.04311389, -0.00417373, 0.05586094, -0.00600944], [0.07085689, -0.00113338, -0.05457097, -0.03771869, 0.00047739, -0.01628591], [-0.03519353, 0.03060233, 0.04398942, -0.00488717, -0.05472019, -0.00879589], [0.0772115, 0.00982865, -0.03766139, -0.03049806, 0.00971702, -0.03955012], [-0.00016985, -0.0119085, -0.03758804, 0.06320741, -0.00110075, 0.0377579], [-0.04749705, 0.0200677, 0.04189035, -0.02162532, -0.05255178, 0.0056067]], "number of molecular orbitals": 50, "number of electrons": 50, "number of unpaired electrons": 0, "orbital energies/eV": [-17.05318212, -16.74432936, -15.91973917, -15.87960187, -15.83276346, -15.76847751, -14.89142632, -14.55519255, -13.93283762, -13.63631885, -13.51817971, -13.2206043, -13.08741117, -12.96954883, -12.51301162, -12.46557469, -12.4176441, -12.13018012, -12.03466217, -11.97593513, -11.73815916, -11.63615053, -11.33782852, -11.17030353, -11.14784114, 1.46339037, 2.30528813, 2.39034343, 2.80000973, 3.16550485, 3.34835627, 3.5468364, 4.10535748, 4.4214807, 4.79539707, 5.25311774, 5.81286245, 5.89163367, 6.19433256, 6.29238022, 6.38932462, 6.49359842, 6.82982715, 6.94912211, 7.20141989, 7.36243979, 7.52296215, 7.82746072, 8.3311618, 9.22273738], "fractional occupation": [2.0, 2.0, 2.0, 2.0, 2.0, 2.0, 2.0, 2.0, 2.0, 2.0, 2.0, 2.0, 2.0, 2.0, 2.0, 2.0, 2.0, 2.0, 2.0, 2.0, 2.0, 2.0, 2.0, 2.0, 2.0, 0.0, 0.0, 0.0, 0.0, 0.0, 0.0, 0.0, 0.0, 0.0, 0.0, 0.0, 0.0, 0.0, 0.0, 0.0, 0.0, 0.0, 0.0, 0.0, 0.0, 0.0, 0.0, 0.0, 0.0, 0.0], "program call": "xtb /tmp/scratch/tmpadckx0cu/14930_0_xyzopt.xyz --pop --wbo --acc 0.2 --gfn 2 --chrg 0 --uhf 0 --etemp 300 --input /tmp/scratch/tmpadckx0cu/14930_0_xtb.inp", "method": "GFN2-xTB", "xtb version": "6.3.3 (7355c4f)", "Dipole module/D": 0.048, "Total charge": 0, "Transition dipole module/D": NaN, "HOMO": -11.1478, "LUMO": 1.4634, "HOMO occupancy": 2.0, "LUMO occupancy": 0, "mulliken charges": [-0.09213, -3e-05, -0.09315, -0.07043, 0.03803, -0.09957, -0.09856, -0.09998, 0.02766, 0.02821, 0.02892, 0.02061, 0.02876, 0.02752, 0.02866, 0.02808, 0.02751, 0.03098, 0.02977, 0.03017, 0.02942, 0.0299, 0.02947, 0.03005, 0.03038, 0.02972], "cm5 charges": [-0.24353, -0.07593, -0.24481, -0.17693, -0.00017, -0.24929, -0.24831, -0.2496, 0.08054, 0.08059, 0.08126, 0.08084, 0.08196, 0.08043, 0.08095, 0.08626, 0.08553, 0.08507, 0.0832, 0.08337, 0.08256, 0.08307, 0.08264, 0.08326, 0.08404, 0.08299], "FUKUI+": [0.018, -0.038, 0.024, -0.039, -0.048, 0.025, 0.013, 0.026, -0.051, -0.044, -0.075, -0.077, -0.037, -0.048, -0.064, -0.066, -0.068, -0.034, -0.041, -0.055, -0.049, -0.085, -0.049, -0.057, -0.037, -0.044], "FUKUI-": [0.02, -0.015, 0.024, -0.004, -0.026, 0.021, 0.004, 0.018, -0.071, -0.045, -0.071, -0.088, -0.044, -0.063, -0.069, -0.052, -0.062, -0.052, -0.044, -0.06, -0.05, -0.062, -0.048, -0.055, -0.058, -0.046], "FUKUIrad": [0.019, -0.027, 0.024, -0.021, -0.037, 0.023, 0.008, 0.022, -0.061, -0.044, -0.073, -0.082, -0.04, -0.056, -0.066, -0.059, -0.065, -0.043, -0.043, -0.057, -0.049, -0.074, -0.049, -0.056, -0.047, -0.045], "s proportion": [1.011, 1.051, 1.011, 1.043, 1.08, 1.013, 1.015, 1.013, 0.972, 0.972, 0.971, 0.979, 0.971, 0.972, 0.971, 0.972, 0.972, 0.969, 0.97, 0.97, 0.971, 0.97, 0.971, 0.97, 0.97, 0.97], "p proportion": [3.081, 2.949, 3.082, 3.027, 2.882, 3.086, 3.084, 3.086, 0.0, 0.0, 0.0, 0.0, 0.0, 0.0, 0.0, 0.0, 0.0, 0.0, 0.0, 0.0, 0.0, 0.0, 0.0, 0.0, 0.0, 0.0], "d proportion": [0.0, 0.0, 0.0, 0.0, 0.0, 0.0, 0.0, 0.0, 0.0, 0.0, 0.0, 0.0, 0.0, 0.0, 0.0, 0.0, 0.0, 0.0, 0.0, 0.0, 0.0, 0.0, 0.0, 0.0, 0.0, 0.0], "Fermi-level/eV": -4.8422, "Coordination numbers": [3.756, 3.848, 3.756, 3.81, 3.898, 3.76, 3.763, 3.76, 0.925, 0.925, 0.925, 0.924, 0.925, 0.925, 0.925, 0.924, 0.924, 0.925, 0.925, 0.925, 0.925, 0.925, 0.925, 0.925, 0.925, 0.925], "Dispersion coefficient C6": [22.559, 20.707, 22.575, 21.916, 20.034, 22.592, 22.625, 22.601, 2.553, 2.569, 2.573, 2.589, 2.497, 2.569, 2.601, 2.516, 2.518, 2.508, 2.553, 2.551, 2.556, 2.53, 2.56, 2.545, 2.534, 2.553], "Total dispersion C6": 4369.788337, "Total dispersion C8": 90604.781965, "Polarizability alpha": [6.772, 6.473, 6.775, 6.664, 6.363, 6.776, 6.78, 6.777, 2.499, 2.506, 2.508, 2.516, 2.471, 2.506, 2.522, 2.481, 2.481, 2.476, 2.499, 2.498, 2.5, 2.487, 2.502, 2.495, 2.489, 2.499], "Total polarizability alpha": 98.315111, "Wiberg matrix": [[0.0, 0.9904441299244785, 0.0, 0.0, 0.0, 0.9785880255777308, 0.9806122864154221, 0.9780140466908249, 0.0, 0.0, 0.0, 0.0, 0.0, 0.0, 0.0, 0.0, 0.0, 0.0, 0.0, 0.0, 0.0, 0.0, 0.0, 0.0, 0.0, 0.0], [0.9904441299244785, 0.0, 0.9912798892321553, 0.0, 0.0, 0.0, 0.0, 0.0, 0.0, 0.0, 0.0, 0.0, 0.0, 0.0, 0.0, 0.0, 0.0, 0.0, 0.0, 0.0, 0.0, 0.0, 0.0, 0.0, 0.0, 0.0], [0.0, 0.9912798892321553, 0.0, 0.9591513594795608, 0.9744320770879852, 0.0, 0.0, 0.0, 0.9608498098213629, 0.0, 0.0, 0.0, 0.0, 0.0, 0.0, 0.0, 0.0, 0.0, 0.0, 0.0, 0.0, 0.0, 0.0, 0.0, 0.0, 0.0], [0.0, 0.0, 0.9591513594795608, 0.0, 0.9754933089626402, 0.0, 0.0, 0.0, 0.0, 0.981712157242662, 0.9796007029785117, 0.0, 0.0, 0.0, 0.0, 0.0, 0.0, 0.0, 0.0, 0.0, 0.0, 0.0, 0.0, 0.0, 0.0, 0.0], [0.0, 0.0, 0.9744320770879852, 0.9754933089626402, 0.0, 0.0, 0.0, 0.0, 0.0, 0.0, 0.0, 0.9809357800911013, 0.9786033951201893, 0.0, 0.0, 0.0, 0.0, 0.0, 0.0, 0.0, 0.0, 0.0, 0.0, 0.0, 0.0, 0.0], [0.9785880255777308, 0.0, 0.0, 0.0, 0.0, 0.0, 0.0, 0.0, 0.0, 0.0, 0.0, 0.0, 0.0, 0.0, 0.0, 0.0, 0.0, 0.0, 0.0, 0.0, 0.0, 0.0, 0.0, 0.0, 0.0, 0.0], [0.9806122864154221, 0.0, 0.0, 0.0, 0.0, 0.0, 0.0, 0.0, 0.0, 0.0, 0.0, 0.0, 0.0, 0.0, 0.0, 0.0, 0.0, 0.0, 0.0, 0.0, 0.0, 0.0, 0.0, 0.0, 0.0, 0.0], [0.9780140466908249, 0.0, 0.0, 0.0, 0.0, 0.0, 0.0, 0.0, 0.0, 0.0, 0.0, 0.0, 0.0, 0.0, 0.0, 0.0, 0.0, 0.0, 0.0, 0.0, 0.0, 0.0, 0.0, 0.0, 0.0, 0.0], [0.0, 0.0, 0.9608498098213629, 0.0, 0.0, 0.0, 0.0, 0.0, 0.0, 0.0, 0.0, 0.0, 0.0, 0.0, 0.0, 0.0, 0.0, 0.0, 0.0, 0.0, 0.0, 0.0, 0.0, 0.0, 0.0, 0.0], [0.0, 0.0, 0.0, 0.981712157242662, 0.0, 0.0, 0.0, 0.0, 0.0, 0.0, 0.0, 0.0, 0.0, 0.0, 0.0, 0.0, 0.0, 0.0, 0.0, 0.0, 0.0, 0.0, 0.0, 0.0, 0.0, 0.0], [0.0, 0.0, 0.0, 0.9796007029785117, 0.0, 0.0, 0.0, 0.0, 0.0, 0.0, 0.0, 0.0, 0.0, 0.0, 0.0, 0.0, 0.0, 0.0, 0.0, 0.0, 0.0, 0.0, 0.0, 0.0, 0.0, 0.0], [0.0, 0.0, 0.0, 0.0, 0.9809357800911013, 0.0, 0.0, 0.0, 0.0, 0.0, 0.0, 0.0, 0.0, 0.0, 0.0, 0.0, 0.0, 0.0, 0.0, 0.0, 0.0, 0.0, 0.0, 0.0, 0.0, 0.0], [0.0, 0.0, 0.0, 0.0, 0.9786033951201893, 0.0, 0.0, 0.0, 0.0, 0.0, 0.0, 0.0, 0.0, 0.0, 0.0, 0.0, 0.0, 0.0, 0.0, 0.0, 0.0, 0.0, 0.0, 0.0, 0.0, 0.0], [0.0, 0.0, 0.0, 0.0, 0.0, 0.0, 0.0, 0.0, 0.0, 0.0, 0.0, 0.0, 0.0, 0.0, 0.0, 0.0, 0.0, 0.0, 0.0, 0.0, 0.0, 0.0, 0.0, 0.0, 0.0, 0.0], [0.0, 0.0, 0.0, 0.0, 0.0, 0.0, 0.0, 0.0, 0.0, 0.0, 0.0, 0.0, 0.0, 0.0, 0.0, 0.0, 0.0, 0.0, 0.0, 0.0, 0.0, 0.0, 0.0, 0.0, 0.0, 0.0], [0.0, 0.0, 0.0, 0.0, 0.0, 0.0, 0.0, 0.0, 0.0, 0.0, 0.0, 0.0, 0.0, 0.0, 0.0, 0.0, 0.0, 0.0, 0.0, 0.0, 0.0, 0.0, 0.0, 0.0, 0.0, 0.0], [0.0, 0.0, 0.0, 0.0, 0.0, 0.0, 0.0, 0.0, 0.0, 0.0, 0.0, 0.0, 0.0, 0.0, 0.0, 0.0, 0.0, 0.0, 0.0, 0.0, 0.0, 0.0, 0.0, 0.0, 0.0, 0.0], [0.0, 0.0, 0.0, 0.0, 0.0, 0.0, 0.0, 0.0, 0.0, 0.0, 0.0, 0.0, 0.0, 0.0, 0.0, 0.0, 0.0, 0.0, 0.0, 0.0, 0.0, 0.0, 0.0, 0.0, 0.0, 0.0], [0.0, 0.0, 0.0, 0.0, 0.0, 0.0, 0.0, 0.0, 0.0, 0.0, 0.0, 0.0, 0.0, 0.0, 0.0, 0.0, 0.0, 0.0, 0.0, 0.0, 0.0, 0.0, 0.0, 0.0, 0.0, 0.0], [0.0, 0.0, 0.0, 0.0, 0.0, 0.0, 0.0, 0.0, 0.0, 0.0, 0.0, 0.0, 0.0, 0.0, 0.0, 0.0, 0.0, 0.0, 0.0, 0.0, 0.0, 0.0, 0.0, 0.0, 0.0, 0.0], [0.0, 0.0, 0.0, 0.0, 0.0, 0.0, 0.0, 0.0, 0.0, 0.0, 0.0, 0.0, 0.0, 0.0, 0.0, 0.0, 0.0, 0.0, 0.0, 0.0, 0.0, 0.0, 0.0, 0.0, 0.0, 0.0], [0.0, 0.0, 0.0, 0.0, 0.0, 0.0, 0.0, 0.0, 0.0, 0.0, 0.0, 0.0, 0.0, 0.0, 0.0, 0.0, 0.0, 0.0, 0.0, 0.0, 0.0, 0.0, 0.0, 0.0, 0.0, 0.0], [0.0, 0.0, 0.0, 0.0, 0.0, 0.0, 0.0, 0.0, 0.0, 0.0, 0.0, 0.0, 0.0, 0.0, 0.0, 0.0, 0.0, 0.0, 0.0, 0.0, 0.0, 0.0, 0.0, 0.0, 0.0, 0.0], [0.0, 0.0, 0.0, 0.0, 0.0, 0.0, 0.0, 0.0, 0.0, 0.0, 0.0, 0.0, 0.0, 0.0, 0.0, 0.0, 0.0, 0.0, 0.0, 0.0, 0.0, 0.0, 0.0, 0.0, 0.0, 0.0], [0.0, 0.0, 0.0, 0.0, 0.0, 0.0, 0.0, 0.0, 0.0, 0.0, 0.0, 0.0, 0.0, 0.0, 0.0, 0.0, 0.0, 0.0, 0.0, 0.0, 0.0, 0.0, 0.0, 0.0, 0.0, 0.0], [0.0, 0.0, 0.0, 0.0, 0.0, 0.0, 0.0, 0.0, 0.0, 0.0, 0.0, 0.0, 0.0, 0.0, 0.0, 0.0, 0.0, 0.0, 0.0, 0.0, 0.0, 0.0, 0.0, 0.0, 0.0, 0.0]], "Born radii": [], "Atomic SASAs": [], "Solvent H bonds": [], "Total SASA": NaN, "Total FOD": 0.0, "FOD": [0.0, 0.0, 0.0, 0.0, 0.0, 0.0, 0.0, 0.0, 0.0, 0.0, 0.0, 0.0, 0.0, 0.0, 0.0, 0.0, 0.0, 0.0, 0.0, 0.0, 0.0, 0.0, 0.0, 0.0, 0.0, 0.0], "FOD s proportion": [0.0, 0.0, 0.0, 0.0, 0.0, 0.0, 0.0, 0.0, 0.0, 0.0, 0.0, 0.0, 0.0, 0.0, 0.0, 0.0, 0.0, 0.0, 0.0, 0.0, 0.0, 0.0, 0.0, 0.0, 0.0, 0.0], "FOD p proportion": [0.0, 0.0, 0.0, 0.0, 0.0, 0.0, 0.0, 0.0, 0.0, 0.0, 0.0, 0.0, 0.0, 0.0, 0.0, 0.0, 0.0, 0.0, 0.0, 0.0, 0.0, 0.0, 0.0, 0.0, 0.0, 0.0], "FOD d proportion": [0.0, 0.0, 0.0, 0.0, 0.0, 0.0, 0.0, 0.0, 0.0, 0.0, 0.0, 0.0, 0.0, 0.0, 0.0, 0.0, 0.0, 0.0, 0.0, 0.0, 0.0, 0.0, 0.0, 0.0, 0.0, 0.0], "coordinates": [["2.49020698759391", "1.01057317382867", "0.13832337624217"], ["1.37343438664701", "-0.00138359526348", "0.39416496231857"], ["1.96372482795616", "-1.41006613070747", "0.44308091327068"], ["0.28290853342084", "0.11458931304263", "-0.68713082528818"], ["-1.17829516566370", "0.09339502674450", "-0.19949779458633"], ["-1.48446106119038", "-1.17115692686298", "0.60471024382825"], ["-2.08520426898953", "0.11948310393108", "-1.43545201635607"], ["-1.48105995943968", "1.32963835444047", "0.65105292109424"], ["2.94449775264977", "0.83608053678705", "-0.83518981902573"], ["2.10206236732372", "2.02661796173986", "0.16127761785769"], ["3.26572026872995", "0.92471636609397", "0.89688729585623"], ["0.94205600318516", "0.22121440579270", "1.37414157967323"], ["1.19051518708195", "-2.15293563995206", "0.61744801949712"], ["2.45953968127947", "-1.64389329044725", "-0.49726696769744"], ["2.69817351650613", "-1.48773595186003", "1.24259543739728"], ["0.42656561975763", "1.04971957460752", "-1.23321639579197"], ["0.41615625863608", "-0.69663558383315", "-1.40637644393050"], ["-0.89786539829903", "-1.20794039136940", "1.51872637249531"], ["-1.26794895977669", "-2.05984466027030", "0.01574275069639"], ["-2.53735967657424", "-1.19415044565704", "0.87912986053443"], ["-1.91507909818721", "-0.75789723344775", "-2.05586712219781"], ["-3.13227997888738", "0.13028550016299", "-1.14058512933013"], ["-1.89103423516004", "1.00550570226340", "-2.03618990632999"], ["-2.52855145248283", "1.33675620210866", "0.94513818044001"], ["-0.87857955822450", "1.34650318320118", "1.55559069192885"], ["-1.27784157789256", "2.23856044492600", "0.08876319740350"]], "bond_dist": [[0.0, 1.528624369131676, 2.4959077033131094, 2.521175952488836, 3.7964782292809756, 4.558009328703427, 4.919877911685237, 4.0169211269633545, 1.0883729696007218, 1.0879017209722248, 1.0882148045275921, 2.13239428041172, 3.4534833451112177, 2.7296717346507733, 2.739382293455039, 2.4781584860558437, 3.098765190034443, 4.278591983711788, 4.854505928564638, 5.5394970031711805, 5.229579813181309, 5.832912912283612, 4.891197026016161, 5.093651124297012, 3.670179615032196, 3.9634074911833417], [1.528624369131676, 0.0, 1.5281433378526403, 1.540096403577304, 2.621591532688011, 3.0952003737491793, 3.914624937065113, 3.1600235482980996, 2.1635386409493966, 2.1674698532258834, 2.1659032163497587, 1.0936138945506535, 2.1708272520392153, 2.1615072740227856, 2.164257692878161, 2.1563275308146452, 2.1544619044196556, 2.8069949021300356, 3.3700699264499687, 4.117304205038276, 4.170046887009184, 4.76174931493554, 4.192517886402007, 4.161692335236719, 2.870065382679696, 3.4842336002826846], [2.4959077033131094, 1.5281433378526403, 0.0, 2.5351718308841513, 3.5419757887462966, 3.460229410644244, 4.718287153297145, 4.406333538606867, 2.7642478989327994, 3.4509923099573, 2.7115201765875696, 2.138166817812679, 1.0863296664640554, 1.0884675680281988, 1.088425905388155, 3.3501308654725976, 2.5148447542674206, 3.0637504127217605, 3.323935245005954, 4.527308249322581, 4.659955520387508, 5.554272794217499, 5.180824115123202, 5.2893894361608265, 4.112790611457709, 4.89344149814046], [2.521175952488836, 1.540096403577304, 2.5351718308841513, 0.0, 1.5405685381123104, 2.5388170523382585, 2.4835391680282437, 2.525601860129287, 2.7616169581392827, 2.7721780446507585, 3.4731232483885828, 2.1667229229313243, 2.768997149237398, 2.804644809066589, 3.4820675814753166, 1.09238977240802, 1.0923163687880584, 2.8300384933591634, 2.7617663428178933, 3.4813625304273663, 2.73236554161162, 3.445196620041637, 2.7091916834710403, 3.473082386602382, 2.8100651548160243, 2.7475818119734656], [3.7964782292809756, 2.621591532688011, 3.5419757887462966, 1.5405685381123104, 0.0, 1.529568490786462, 1.5332147754887433, 1.5308169732426364, 4.237110756642871, 3.8246902304426613, 4.652142368514911, 2.643589936642787, 3.3652138735249584, 4.042360640905294, 4.427936032180157, 2.1351133290547186, 2.1501115748593373, 2.1735705677997386, 2.1658271964466724, 2.160617343887973, 2.1710956118938514, 2.1691157020668608, 2.171032192051384, 2.163176037178211, 2.177256322213591, 2.1667345382054557], [4.558009328703427, 3.0952003737491793, 3.460229410644244, 2.5388170523382585, 1.529568490786462, 0.0, 2.487751221220743, 2.5012269489630286, 5.071290821987973, 4.825510028508343, 5.20021874126326, 2.9015009171611914, 2.849482342676464, 4.122253667689501, 4.242823565714834, 3.4586543254139595, 2.807487554219183, 1.0866797957298906, 1.0878998508747209, 1.0883153597266508, 2.7266989911977486, 2.730405742000886, 3.4463771630413493, 2.7378174131382984, 2.7586008141854212, 3.4547164168817432], [4.919877911685237, 3.914624937065113, 4.718287153297145, 2.4835391680282437, 1.5332147754887433, 2.487751221220743, 0.0, 2.4865576468486372, 5.115831214260502, 4.8703091045874904, 5.892418916043975, 4.1314005117047765, 4.484263981930891, 4.964311137235859, 5.712774658309763, 2.686117479117104, 2.631292380294017, 3.4494922355159563, 2.7428711227791958, 2.699512341153774, 1.087958516541934, 1.0878560176267844, 1.0879448787706196, 2.710262017912638, 3.450776427174786, 2.7323168392317854], [4.0169211269633545, 3.1600235482980996, 4.406333538606867, 2.525601860129287, 1.5308169732426364, 2.5012269489630286, 2.4865576468486372, 0.0, 4.694473118994349, 3.682991451144304, 4.770358360857518, 2.7609693635440404, 4.389392290436406, 5.068417360338343, 5.074791914636742, 2.69589701811287, 3.4551745314994844, 2.74449977329135, 3.4550876136215587, 2.7454140107132448, 3.445808114836808, 2.715684393558434, 2.737592901894426, 1.0880143526248465, 1.0869478530104275, 1.0879369515461021], [1.0883729696007218, 2.1635386409493966, 2.7642478989327994, 2.7616169581392827, 4.237110756642871, 5.071290821987973, 5.115831214260502, 4.694473118994349, 0.0, 1.7663589927961223, 1.763839943694331, 3.0444997205320865, 3.757769183309733, 2.5494404029520252, 3.126977817962357, 2.558133894100125, 3.011309279571017, 4.9479993507695275, 5.182198017270088, 6.091920114392639, 5.257975406910233, 6.125246160586927, 4.985326037636197, 5.7770677258735255, 4.537872062371777, 4.5440938031192495], [1.0879017209722248, 2.1674698532258834, 3.4509923099573, 2.7721780446507585, 3.8246902304426613, 4.825510028508343, 4.8703091045874904, 3.682991451144304, 1.7663589927961223, 0.0, 1.763351478394828, 2.464981897406044, 4.30205509106456, 3.746214603248082, 3.7249537123390257, 2.388772354995564, 3.565940063745783, 4.6156907890466865, 5.298804912754466, 5.69323263865164, 5.3671855962425745, 5.7174525109251535, 4.670798030645299, 4.746886450838774, 3.3601921595123523, 3.3873187975508725], [1.0882148045275921, 2.1659032163497587, 2.7115201765875696, 3.4731232483885828, 4.652142368514911, 5.20021874126326, 5.892418916043975, 4.770358360857518, 1.763839943694331, 1.763351478394828, 0.0, 2.474288236753999, 3.722432579696903, 3.031723737058454, 2.5023088581326647, 3.551586499030132, 4.006721982889639, 4.719147623149617, 5.498925067962418, 6.177835279775658, 6.196017209381333, 6.761421555608705, 5.933092431794143, 5.809104040518835, 4.217465511273058, 4.798250209822928], [2.13239428041172, 1.0936138945506535, 2.138166817812679, 2.1667229229313243, 2.643589936642787, 2.9015009171611914, 4.1314005117047765, 2.7609693635440404, 3.0444997205320865, 2.464981897406044, 2.474288236753999, 0.0, 2.5041776194560366, 3.0468924140881852, 2.453928367549001, 2.783966013151224, 2.9749453145155713, 2.3342448372453117, 3.454359532207073, 3.788750155045812, 4.570212280026091, 4.788771468932809, 4.502429786321102, 3.670639389427915, 2.148001969358802, 3.263407406023323], [3.4534833451112177, 2.1708272520392153, 1.0863296664640554, 2.768997149237398, 3.3652138735249584, 2.849482342676464, 4.484263981930891, 4.389392290436406, 3.757769183309733, 4.30205509106456, 3.722432579696903, 2.5041776194560366, 0.0, 1.764124934107224, 1.7624793778728536, 3.7769800294385982, 2.610805826231409, 2.4630574818349524, 2.5327378708405752, 3.8580820926734662, 4.328678997931578, 5.195222552881785, 5.14912543985129, 5.110458557081506, 4.172210063729324, 5.065326309706703], [2.7296717346507733, 2.1615072740227856, 1.0884675680281988, 2.804644809066589, 4.042360640905294, 4.122253667689501, 4.964311137235859, 5.068417360338343, 2.5494404029520252, 3.746214603248082, 3.031723737058454, 3.0468924140881852, 1.764124934107224, 0.0, 1.7630803754711843, 3.454005698073157, 2.428825439271083, 3.940362032389336, 3.7855469991042097, 5.202474415864586, 4.727738668781279, 5.901696006231275, 5.321192745619112, 5.9871409844403445, 4.92947620923784, 5.420783802932215], [2.739382293455039, 2.164257692878161, 1.088425905388155, 3.4820675814753166, 4.427936032180157, 4.242823565714834, 5.712774658309763, 5.074791914636742, 3.126977817962357, 3.7249537123390257, 2.5023088581326647, 2.453928367549001, 1.7624793778728536, 1.7630803754711843, 0.0, 4.210525765118979, 3.5847586509518665, 3.617461779449985, 4.190775988522868, 5.256339742716698, 5.717920907018495, 6.503209284251912, 6.166645365516794, 5.948520038547393, 4.574280277996399, 5.570036777763307], [2.4781584860558437, 2.1563275308146452, 3.3501308654725976, 1.09238977240802, 2.1351133290547186, 3.4586543254139595, 2.686117479117104, 2.69589701811287, 2.558133894100125, 2.388772354995564, 3.551586499030132, 2.783966013151224, 3.7769800294385982, 3.454005698073157, 4.210525765118979, 0.0, 1.7549498843222378, 3.7979382622015017, 3.755085663561164, 4.275723627258221, 3.0704287530406806, 3.676863005847642, 2.4531592717652515, 3.68243609529956, 3.0933686198805606, 2.4629203306576186], [3.098765190034443, 2.1544619044196556, 2.5148447542674206, 1.0923163687880584, 2.1501115748593373, 2.807487554219183, 2.631292380294017, 3.4551745314994844, 3.011309279571017, 3.565940063745783, 4.006721982889639, 2.9749453145155713, 2.610805826231409, 2.428825439271083, 3.5847586509518665, 1.7549498843222378, 0.0, 3.2472006417476544, 2.5917122480113384, 3.767534536673271, 2.4207952040130625, 3.6531963037652377, 2.9354859784909952, 4.282009655253848, 3.824134695683592, 3.7041121668350647], [4.278591983711788, 2.8069949021300356, 3.0637504127217605, 2.8300384933591634, 2.1735705677997386, 1.0866797957298906, 3.4494922355159563, 2.74449977329135, 4.9479993507695275, 4.6156907890466865, 4.719147623149617, 2.3342448372453117, 2.4630574818349524, 3.940362032389336, 3.617461779449985, 3.7979382622015017, 3.2472006417476544, 0.0, 1.76682271132204, 1.7598907208154788, 3.7436587995615556, 3.7222835354731574, 4.303853819240063, 3.0762999161709903, 2.554782358115775, 3.750672552191412], [4.854505928564638, 3.3700699264499687, 3.323935245005954, 2.7617663428178933, 2.1658271964466724, 1.0878998508747209, 2.7428711227791958, 3.4550876136215587, 5.182198017270088, 5.298804912754466, 5.498925067962418, 3.454359532207073, 2.5327378708405752, 3.7855469991042097, 4.190775988522868, 3.755085663561164, 2.5917122480113384, 1.76682271132204, 0.0, 1.7624605931962913, 2.5308915393042435, 3.0999184561185604, 3.7409939500694693, 3.7402930269911687, 3.7584499256616097, 4.299036670919208], [5.5394970031711805, 4.117304205038276, 4.527308249322581, 3.4813625304273663, 2.160617343887973, 1.0883153597266508, 2.699512341153774, 2.7454140107132448, 6.091920114392639, 5.69323263865164, 6.177835279775658, 3.788750155045812, 3.8580820926734662, 5.202474415864586, 5.256339742716698, 4.275723627258221, 3.767534536673271, 1.7598907208154788, 1.7624605931962913, 0.0, 3.0317910996716075, 2.4874302766043823, 3.708815591044379, 2.5317826018070777, 3.1087089923750746, 3.740931616779816], [5.229579813181309, 4.170046887009184, 4.659955520387508, 2.73236554161162, 2.1710956118938514, 2.7266989911977486, 1.087958516541934, 3.445808114836808, 5.257975406910233, 5.3671855962425745, 6.196017209381333, 4.570212280026091, 4.328678997931578, 4.727738668781279, 5.717920907018495, 3.0704287530406806, 2.4207952040130625, 3.7436587995615556, 2.5308915393042435, 3.0317910996716075, 0.0, 1.7630052974195367, 1.76367663190762, 3.710788887963528, 4.306444003252755, 3.7395547172503703], [5.832912912283612, 4.76174931493554, 5.554272794217499, 3.445196620041637, 2.1691157020668608, 2.730405742000886, 1.0878560176267844, 2.715684393558434, 6.125246160586927, 5.7174525109251535, 6.761421555608705, 4.788771468932809, 5.195222552881785, 5.901696006231275, 6.503209284251912, 3.676863005847642, 3.6531963037652377, 3.7222835354731574, 3.0999184561185604, 2.4874302766043823, 1.7630052974195367, 0.0, 1.7631815887964828, 2.484009141119733, 3.7185635799018364, 3.0651365930807186], [4.891197026016161, 4.192517886402007, 5.180824115123202, 2.7091916834710403, 2.171032192051384, 3.4463771630413493, 1.0879448787706196, 2.737592901894426, 4.985326037636197, 4.670798030645299, 5.933092431794143, 4.502429786321102, 5.14912543985129, 5.321192745619112, 6.166645365516794, 2.4531592717652515, 2.9354859784909952, 4.303853819240063, 3.7409939500694693, 3.708815591044379, 1.76367663190762, 1.7631815887964828, 0.0, 3.0666712013181976, 3.747296574983516, 2.532164079674948], [5.093651124297012, 4.161692335236719, 5.2893894361608265, 3.473082386602382, 2.163176037178211, 2.7378174131382984, 2.710262017912638, 1.0880143526248465, 5.7770677258735255, 4.746886450838774, 5.809104040518835, 3.670639389427915, 5.110458557081506, 5.9871409844403445, 5.948520038547393, 3.68243609529956, 4.282009655253848, 3.0762999161709903, 3.7402930269911687, 2.5317826018070777, 3.710788887963528, 2.484009141119733, 3.0666712013181976, 0.0, 1.7593051254020358, 1.7637755510074822], [3.670179615032196, 2.870065382679696, 4.112790611457709, 2.8100651548160243, 2.177256322213591, 2.7586008141854212, 3.450776427174786, 1.0869478530104275, 4.537872062371777, 3.3601921595123523, 4.217465511273058, 2.148001969358802, 4.172210063729324, 4.92947620923784, 4.574280277996399, 3.0933686198805606, 3.824134695683592, 2.554782358115775, 3.7584499256616097, 3.1087089923750746, 4.306444003252755, 3.7185635799018364, 3.747296574983516, 1.7593051254020358, 0.0, 1.7626001297063718], [3.9634074911833417, 3.4842336002826846, 4.89344149814046, 2.7475818119734656, 2.1667345382054557, 3.4547164168817432, 2.7323168392317854, 1.0879369515461021, 4.5440938031192495, 3.3873187975508725, 4.798250209822928, 3.263407406023323, 5.065326309706703, 5.420783802932215, 5.570036777763307, 2.4629203306576186, 3.7041121668350647, 3.750672552191412, 4.299036670919208, 3.740931616779816, 3.7395547172503703, 3.0651365930807186, 2.532164079674948, 1.7637755510074822, 1.7626001297063718, 0.0]]}