{"total energy": -23.94976712, "HOMO-LUMO gap/eV": 4.9486803, "electronic energy": -24.22029747, "dipole": [0.05227578, 0.54533142, -0.54838805], "partial charges": [0.0331974, -0.26576903, 0.35523751, -0.40574242, -0.03721188, -0.10386153, -0.10755389, 0.06111846, 0.06294097, 0.06729984, 0.05143672, 0.05146709, 0.04162545, 0.04967263, 0.04584073, 0.0596181, 0.04068387], "atomic dipole moments": [[-0.24468502, 0.02378566, -0.07242172], [0.07339238, -0.13672765, 0.18668299], [0.13476761, 0.06462205, -0.06240719], [-0.03489066, 0.11608167, -0.15131576], [0.00130603, -0.0272373, 0.0999764], [0.05169997, -0.08491505, -0.068307], [0.07420075, 0.0967441, -0.01275843], [0.03058686, -0.1234603, -0.01559436], [0.00326555, 0.02744038, 0.12547981], [0.06636465, 0.07907945, -0.07275185], [0.01751396, 0.0425646, -0.11966932], [-0.00947738, -0.03821987, 0.12107361], [0.07463488, 0.10216352, -0.00543544], [-0.11278334, 0.03114303, -0.04137531], [-0.11520696, 0.02945869, -0.03401654], [-0.00022269, -0.04728794, 0.11850064], [0.04378765, -0.08993262, -0.07704634]], "atomic quadrupole moments": [[0.49067268, -0.06882312, -0.27459558, 0.21688554, -0.03084243, -0.2160771], [0.08210514, -0.00428726, -0.05346864, 0.03128776, -0.03970119, -0.0286365], [-0.18906067, 0.05947124, 0.19622317, -0.15505476, 0.36951425, -0.0071625], [-0.11438792, -0.01630611, 0.09064427, -0.02051396, 0.1357071, 0.02374365], [0.1148197, -0.01099182, 0.05676877, 0.03064211, 0.0661458, -0.17158847], [-0.06535954, -0.11005452, 0.08888689, -0.09153189, 0.16830564, -0.02352735], [0.01885032, 0.18623238, 0.12606588, -0.00983424, -0.00066823, -0.1449162], [-0.00765116, -0.02369439, 0.05297049, 0.00997039, 0.02390945, -0.04531932], [-0.00918567, -0.00779462, -0.0431726, 0.00934165, 0.0325288, 0.05235827], [0.01970328, 0.04106862, -0.00645681, -0.03061273, -0.0484028, -0.01324647], [-0.02270928, 0.00544818, -0.00987068, 0.00226921, -0.01231013, 0.03257996], [-0.04687003, -0.00602161, -0.01887571, -0.00921452, -0.03723003, 0.06574574], [0.00872127, 0.05890597, 0.03375995, -0.01504994, 1.376e-05, -0.04248122], [0.05850177, -0.02889538, -0.03673819, 0.04506651, 0.00155659, -0.02176357], [0.06606134, -0.03032668, -0.02198458, 0.03767618, -0.01236789, -0.04407676], [-0.04019138, 0.01191278, -0.02674859, 0.00267109, -0.03598497, 0.06693997], [-0.01996611, -0.02490523, 0.01686555, -0.03959147, 0.05307685, 0.00310056]], "number of molecular orbitals": 38, "number of electrons": 42, "number of unpaired electrons": 0, "orbital energies/eV": [-20.22199081, -19.41351378, -18.39323297, -17.37355051, -16.54722164, -16.41210139, -15.99059998, -15.80779157, -15.31135247, -14.9437763, -14.13087136, -13.94450865, -13.79046083, -13.17801397, -13.08044446, -12.76927076, -12.61113906, -12.25885989, -12.19573451, -12.03486892, -11.13843137, -6.18975108, 0.35101096, 2.45387442, 3.13478209, 3.50587898, 3.59391111, 3.92812082, 4.34316295, 4.97861952, 5.24700576, 5.28315609, 6.18768628, 6.4715765, 6.80021373, 7.17099323, 8.34123895, 17.96668629], "fractional occupation": [2.0, 2.0, 2.0, 2.0, 2.0, 2.0, 2.0, 2.0, 2.0, 2.0, 2.0, 2.0, 2.0, 2.0, 2.0, 2.0, 2.0, 2.0, 2.0, 2.0, 2.0, 0.0, 0.0, 0.0, 0.0, 0.0, 0.0, 0.0, 0.0, 0.0, 0.0, 0.0, 0.0, 0.0, 0.0, 0.0, 0.0, 0.0], "program call": "xtb /tmp/scratch/tmpne4enir7/15213_0_xyzopt.xyz --pop --wbo --acc 0.2 --gfn 2 --chrg 0 --uhf 0 --etemp 300 --input /tmp/scratch/tmpne4enir7/15213_0_xtb.inp", "method": "GFN2-xTB", "xtb version": "6.3.3 (7355c4f)", "Dipole module/D": 1.97, "Total charge": 0, "Transition dipole module/D": NaN, "HOMO": -11.1384, "LUMO": -6.1898, "HOMO occupancy": 2.0, "LUMO occupancy": 0, "mulliken charges": [0.1751, -0.41584, 0.57525, -0.53157, -0.03351, -0.08299, -0.08599, 0.0427, 0.04456, 0.03695, 0.04062, 0.04336, 0.03856, 0.03574, 0.03212, 0.04757, 0.03738], "cm5 charges": [0.05446, -0.50681, 0.62928, -0.58392, -0.0973, -0.2317, -0.23461, 0.10417, 0.10706, 0.09775, 0.10399, 0.09789, 0.09242, 0.08827, 0.08475, 0.10365, 0.09062], "FUKUI+": [0.046, -0.125, -0.182, -0.275, 0.002, 0.019, 0.026, -0.052, -0.046, -0.074, -0.074, -0.034, -0.035, -0.071, -0.062, -0.028, -0.034], "FUKUI-": [0.027, -0.091, -0.03, -0.185, -0.028, 0.022, 0.024, -0.055, -0.046, -0.078, -0.093, -0.07, -0.058, -0.108, -0.106, -0.063, -0.063], "FUKUIrad": [0.037, -0.108, -0.106, -0.23, -0.013, 0.02, 0.025, -0.053, -0.046, -0.076, -0.083, -0.052, -0.047, -0.09, -0.084, -0.045, -0.048], "s proportion": [0.973, 1.686, 0.984, 1.721, 1.058, 1.01, 1.008, 0.957, 0.955, 0.963, 0.959, 0.957, 0.961, 0.964, 0.968, 0.952, 0.963], "p proportion": [2.852, 4.729, 2.441, 4.811, 2.976, 3.073, 3.078, 0.0, 0.0, 0.0, 0.0, 0.0, 0.0, 0.0, 0.0, 0.0, 0.0], "d proportion": [0.0, 0.0, 0.0, 0.0, 0.0, 0.0, 0.0, 0.0, 0.0, 0.0, 0.0, 0.0, 0.0, 0.0, 0.0, 0.0, 0.0], "Fermi-level/eV": -8.6641, "Coordination numbers": [3.655, 1.704, 2.73, 0.856, 3.851, 3.759, 3.757, 0.924, 0.924, 0.925, 0.924, 0.925, 0.925, 0.925, 0.925, 0.925, 0.925], "Dispersion coefficient C6": [20.308, 18.406, 20.97, 21.796, 21.202, 22.534, 22.609, 2.186, 2.165, 2.115, 2.302, 2.302, 2.427, 2.324, 2.372, 2.203, 2.44], "Total dispersion C6": 2221.528006, "Total dispersion C8": 47077.024384, "Polarizability alpha": [6.47, 5.792, 7.497, 6.259, 6.549, 6.767, 6.779, 2.312, 2.301, 2.274, 2.373, 2.372, 2.436, 2.384, 2.409, 2.321, 2.443], "Total polarizability alpha": 69.740346, "Wiberg matrix": [[0.0, 0.957769746399437, 0.0, 0.0, 0.0, 0.0, 0.0, 0.9773098320770773, 0.9774877185926825, 0.9820625275007158, 0.0, 0.0, 0.0, 0.0, 0.0, 0.0, 0.0], [0.957769746399437, 0.0, 1.1251438837063916, 0.17177410288293457, 0.0, 0.0, 0.0, 0.0, 0.0, 0.0, 0.0, 0.0, 0.0, 0.0, 0.0, 0.0, 0.0], [0.0, 1.1251438837063916, 0.0, 1.7640204312511147, 0.953823859466994, 0.0, 0.0, 0.0, 0.0, 0.0, 0.0, 0.0, 0.0, 0.0, 0.0, 0.0, 0.0], [0.0, 0.17177410288293457, 1.7640204312511147, 0.0, 0.0, 0.0, 0.0, 0.0, 0.0, 0.0, 0.0, 0.0, 0.0, 0.0, 0.0, 0.0, 0.0], [0.0, 0.0, 0.953823859466994, 0.0, 0.0, 0.9849163373012136, 1.0033112560000046, 0.0, 0.0, 0.0, 0.9654800438034463, 0.0, 0.0, 0.0, 0.0, 0.0, 0.0], [0.0, 0.0, 0.0, 0.0, 0.9849163373012136, 0.0, 0.0, 0.0, 0.0, 0.0, 0.0, 0.9862631665701238, 0.9869800810094923, 0.9825919785878432, 0.0, 0.0, 0.0], [0.0, 0.0, 0.0, 0.0, 1.0033112560000046, 0.0, 0.0, 0.0, 0.0, 0.0, 0.0, 0.0, 0.0, 0.0, 0.9849120411706621, 0.9840661166394504, 0.9870323623315878], [0.9773098320770773, 0.0, 0.0, 0.0, 0.0, 0.0, 0.0, 0.0, 0.0, 0.0, 0.0, 0.0, 0.0, 0.0, 0.0, 0.0, 0.0], [0.9774877185926825, 0.0, 0.0, 0.0, 0.0, 0.0, 0.0, 0.0, 0.0, 0.0, 0.0, 0.0, 0.0, 0.0, 0.0, 0.0, 0.0], [0.9820625275007158, 0.0, 0.0, 0.0, 0.0, 0.0, 0.0, 0.0, 0.0, 0.0, 0.0, 0.0, 0.0, 0.0, 0.0, 0.0, 0.0], [0.0, 0.0, 0.0, 0.0, 0.9654800438034463, 0.0, 0.0, 0.0, 0.0, 0.0, 0.0, 0.0, 0.0, 0.0, 0.0, 0.0, 0.0], [0.0, 0.0, 0.0, 0.0, 0.0, 0.9862631665701238, 0.0, 0.0, 0.0, 0.0, 0.0, 0.0, 0.0, 0.0, 0.0, 0.0, 0.0], [0.0, 0.0, 0.0, 0.0, 0.0, 0.9869800810094923, 0.0, 0.0, 0.0, 0.0, 0.0, 0.0, 0.0, 0.0, 0.0, 0.0, 0.0], [0.0, 0.0, 0.0, 0.0, 0.0, 0.9825919785878432, 0.0, 0.0, 0.0, 0.0, 0.0, 0.0, 0.0, 0.0, 0.0, 0.0, 0.0], [0.0, 0.0, 0.0, 0.0, 0.0, 0.0, 0.9849120411706621, 0.0, 0.0, 0.0, 0.0, 0.0, 0.0, 0.0, 0.0, 0.0, 0.0], [0.0, 0.0, 0.0, 0.0, 0.0, 0.0, 0.9840661166394504, 0.0, 0.0, 0.0, 0.0, 0.0, 0.0, 0.0, 0.0, 0.0, 0.0], [0.0, 0.0, 0.0, 0.0, 0.0, 0.0, 0.9870323623315878, 0.0, 0.0, 0.0, 0.0, 0.0, 0.0, 0.0, 0.0, 0.0, 0.0]], "Born radii": [], "Atomic SASAs": [], "Solvent H bonds": [], "Total SASA": NaN, "Total FOD": 0.0, "FOD": [0.0, 0.0, 0.0, 0.0, 0.0, 0.0, 0.0, 0.0, 0.0, 0.0, 0.0, 0.0, 0.0, 0.0, 0.0, 0.0, 0.0], "FOD s proportion": [0.0, 0.0, 0.0, 0.0, 0.0, 0.0, 0.0, 0.0, 0.0, 0.0, 0.0, 0.0, 0.0, 0.0, 0.0, 0.0, 0.0], "FOD p proportion": [0.0, 0.0, 0.0, 0.0, 0.0, 0.0, 0.0, 0.0, 0.0, 0.0, 0.0, 0.0, 0.0, 0.0, 0.0, 0.0, 0.0], "FOD d proportion": [0.0, 0.0, 0.0, 0.0, 0.0, 0.0, 0.0, 0.0, 0.0, 0.0, 0.0, 0.0, 0.0, 0.0, 0.0, 0.0, 0.0], "coordinates": [["2.83384133678527", "0.17396086817157", "-0.06895242868820"], ["1.50176684247556", "0.36445311481173", "-0.52586230453984"], ["0.54377313116151", "-0.28318691683038", "0.15120523127358"], ["0.76612564014194", "-1.00240174732152", "1.08806622194585"], ["-0.82924157049547", "0.04977965416564", "-0.40054442541886"], ["-1.40618386719815", "1.18167531113449", "0.45558715335433"], ["-1.72518124652491", "-1.18411804556319", "-0.35738677216990"], ["3.13574292896657", "-0.86611415445894", "-0.20787637916945"], ["2.90956392541245", "0.42215680032705", "0.99156739740036"], ["3.45850381581829", "0.83508163660849", "-0.66403159758761"], ["-0.70568599507921", "0.40187447017738", "-1.42822075656220"], ["-1.49046409511559", "0.85902900919653", "1.49087090606059"], ["-0.76520621505683", "2.05936751581772", "0.41299057711691"], ["-2.39429593499478", "1.45490753794783", "0.09317242359127"], ["-2.73695092771594", "-0.92560064803190", "-0.65952669395539"], ["-1.74806088507157", "-1.58481322532487", "0.65298098709222"], ["-1.34804588350904", "-1.95605218082765", "-1.02404153974361"]], "bond_dist": [[0.0, 1.4210828227345675, 2.345605652913734, 2.6453675289437557, 3.6801563298072177, 4.389583568187312, 4.765738098297359, 1.0918793376920257, 1.0918046678292954, 1.0869236865706418, 3.7983955468271504, 4.647793526162873, 4.091475353494553, 5.385213846367966, 5.7089000643677466, 4.960675572886344, 4.789293426198111], [1.4210828227345675, 0.0, 1.3400037349034208, 2.2392466325334577, 2.355488097826879, 3.176046675736235, 3.583245820880287, 2.0700938877641306, 2.070704045096255, 2.0172757724010846, 2.3850574759955365, 3.6421510322778836, 2.9821714242662893, 4.092871853547255, 4.432700442773235, 3.9687140272069983, 3.708687092579043], [2.345605652913734, 1.3400037349034208, 0.0, 1.2018398922034992, 1.5167279888059293, 2.4578043040200717, 2.493691378801474, 2.680867620764074, 2.6078121887423658, 3.2265756784587736, 2.1272150016315345, 2.6902569458406007, 2.69620469661407, 3.4141748604901223, 3.4399319771063874, 2.68300449385673, 2.7854375506451476], [2.6453675289437557, 2.2392466325334577, 1.2018398922034992, 0.0, 2.4224458503463095, 3.144702047119949, 2.885994659523561, 2.7042795027234807, 2.575462436453044, 3.7006880706553877, 3.2357257830067345, 2.9528584978162744, 3.48928866643216, 4.125099650440585, 3.915549112044853, 2.617180959517868, 3.136904457858415], [3.6801563298072177, 2.355488097826879, 1.5167279888059293, 2.4224458503463095, 0.0, 1.5319959112746295, 1.5254750143852873, 4.073951954269545, 4.006907361350851, 4.367022462889456, 1.0933230909804386, 2.1609145521835043, 2.168958990114015, 2.160448069409919, 2.1581921927756644, 2.150822774969108, 2.163623792863566], [4.389583568187312, 3.176046675736235, 2.4578043040200717, 3.144702047119949, 1.5319959112746295, 0.0, 2.5218374527702005, 5.026203793729764, 4.414727873798119, 5.003884448703235, 2.1558104883928606, 1.0876655007811977, 1.0876628268969473, 1.0873664261158427, 2.730390417120173, 2.794513024358415, 3.4695842558440884], [4.765738098297359, 3.583245820880287, 2.493691378801474, 2.885994659523561, 1.5254750143852873, 2.5218374527702005, 0.0, 4.8736088961107775, 5.0873037103103425, 5.571515882683786, 2.1682777151082195, 2.76506753510235, 3.4691831759396545, 2.759560487765536, 1.0871051765768993, 1.087162873676538, 1.0874474563639196], [1.0918793376920257, 2.0700938877641306, 2.680867620764074, 2.7042795027234807, 4.073951954269545, 5.026203793729764, 4.8736088961107775, 0.0, 1.7746730312218049, 1.790619806915183, 4.225353444403997, 5.221460782563702, 4.915416869889054, 6.004923139823639, 5.890336135067364, 5.010902458991196, 4.6859846975359405], [1.0918046678292954, 2.070704045096255, 2.6078121887423658, 2.575462436453044, 4.006907361350851, 4.414727873798119, 5.0873037103103425, 1.7746730312218049, 0.0, 1.7924424553948743, 4.350381370706342, 4.449764926608463, 4.064375185581591, 5.477647034435561, 6.035370065266622, 5.0829163200220915, 5.276911846010317], [1.0869236865706418, 2.0172757724010846, 3.2265756784587736, 3.7006880706553877, 4.367022462889456, 5.003884448703235, 5.571515882683786, 1.790619806915183, 1.7924424553948743, 0.0, 4.255834853577395, 5.397820084102137, 4.527535654608529, 5.9340380012920475, 6.440782707154778, 5.890562729957881, 5.569825415342069], [3.7983955468271504, 2.3850574759955365, 2.1272150016315345, 3.2357257830067345, 1.0933230909804386, 2.1558104883928606, 2.1682777151082195, 4.225353444403997, 4.350381370706342, 4.255834853577395, 0.0, 3.057116790970932, 2.478080916394919, 2.5049789179985527, 2.545411160875862, 3.060208180587854, 2.477055743638296], [4.647793526162873, 3.6421510322778836, 2.6902569458406007, 2.9528584978162744, 2.1609145521835043, 1.0876655007811977, 2.76506753510235, 5.221460782563702, 4.449764926608463, 5.397820084102137, 3.057116790970932, 0.0, 1.7687955016306016, 1.7679208872863217, 3.059876186295747, 2.596301309504541, 3.7775322187224325], [4.091475353494553, 2.9821714242662893, 2.69620469661407, 3.48928866643216, 2.168958990114015, 1.0876628268969473, 3.4691831759396545, 4.915416869889054, 4.064375185581591, 4.527535654608529, 2.478080916394919, 1.7687955016306016, 0.0, 1.7668018654559219, 3.7347162472995588, 3.7820169187041532, 4.304458005860634], [5.385213846367966, 4.092871853547255, 3.4141748604901223, 4.125099650440585, 2.160448069409919, 1.0873664261158427, 2.759560487765536, 6.004923139823639, 5.477647034435561, 5.9340380012920475, 2.5049789179985527, 1.7679208872863217, 1.7668018654559219, 0.0, 2.520076909363832, 3.15767441104833, 3.7386431246126244], [5.7089000643677466, 4.432700442773235, 3.4399319771063874, 3.915549112044853, 2.1581921927756644, 2.730390417120173, 1.0871051765768993, 5.890336135067364, 6.035370065266622, 6.440782707154778, 2.545411160875862, 3.059876186295747, 3.7347162472995588, 2.520076909363832, 0.0, 1.7706329804088137, 1.767415813006235], [4.960675572886344, 3.9687140272069983, 2.68300449385673, 2.617180959517868, 2.150822774969108, 2.794513024358415, 1.087162873676538, 5.010902458991196, 5.0829163200220915, 5.890562729957881, 3.060208180587854, 2.596301309504541, 3.7820169187041532, 3.15767441104833, 1.7706329804088137, 0.0, 1.763585812789584], [4.789293426198111, 3.708687092579043, 2.7854375506451476, 3.136904457858415, 2.163623792863566, 3.4695842558440884, 1.0874474563639196, 4.6859846975359405, 5.276911846010317, 5.569825415342069, 2.477055743638296, 3.7775322187224325, 4.304458005860634, 3.7386431246126244, 1.767415813006235, 1.763585812789584, 0.0]]}