{"total energy": -27.11564854, "HOMO-LUMO gap/eV": 5.07023854, "electronic energy": -27.43321795, "dipole": [0.0857907, -0.16780948, -0.77553818], "partial charges": [0.0327755, -0.26465037, 0.35839331, -0.41024464, -0.09532437, -0.00612914, -0.11006765, -0.10721517, 0.06423611, 0.06714092, 0.05955011, 0.06155248, 0.06811397, 0.05018126, 0.03657436, 0.04189541, 0.03887865, 0.04083625, 0.03586502, 0.03763802], "atomic dipole moments": [[-0.2064462, 0.10321496, -0.10968595], [0.04351956, 0.00394833, 0.2397885], [0.12257261, -0.08298932, -0.06464666], [-0.0125896, -0.01416882, -0.19453886], [-0.00274147, -0.04566669, 0.09996654], [0.02579431, -0.02826987, -0.10854664], [0.07637807, -0.05104994, 0.05367696], [0.0247184, 0.10080531, 0.00456574], [0.04623091, 0.08912243, 0.08081336], [0.07820008, -0.03165847, -0.09398561], [-0.04104373, -0.09985208, 0.06828499], [0.01214369, -0.05142341, -0.11790509], [0.01626548, 0.12829268, -0.00653227], [0.00513284, 0.03812941, 0.12069721], [0.02147433, 0.12216244, 0.00422183], [-0.1117929, -0.02086985, 0.05025842], [-0.00472611, -0.03426252, -0.11881707], [-0.11076244, -0.02237608, 0.05042612], [0.08582788, -0.0628809, 0.06692768], [-0.00075078, -0.04427628, -0.1153953]], "atomic quadrupole moments": [[0.26573902, -0.28496481, -0.14311761, 0.27918056, -0.1429783, -0.12262141], [0.03610602, -0.06621826, -0.04727996, 0.03842583, -0.01123448, 0.01117394], [0.01206114, 0.26355351, 0.30689507, -0.15797848, 0.00026348, -0.31895621], [-0.03321251, 0.13546423, 0.11357806, -0.02369299, -0.01836005, -0.08036555], [0.19924195, -0.06570018, -0.16094816, 0.0178478, -0.10986204, -0.03829379], [0.13618776, 0.00356495, 0.05608359, -0.02265336, -0.10234603, -0.19227135], [0.06532051, -0.12099137, -0.02256816, 0.12786051, -0.09676874, -0.04275235], [-0.09454682, 0.06694078, 0.22343126, 0.00277922, 0.00538523, -0.12888444], [-0.00895782, 0.01419305, 0.02107572, 0.03978049, 0.03624491, -0.0121179], [0.02127022, -0.03651157, -0.04186111, -0.04822491, 0.0164593, 0.02059089], [-0.00394766, 0.02309858, 0.02653461, -0.00459332, -0.05121942, -0.02258694], [-0.01710373, -0.00040943, -0.02733211, 0.00357554, 0.04045744, 0.04443585], [-0.0263922, 0.01328209, 0.06371744, -0.00798704, -0.00264214, -0.03732525], [-0.01540407, -0.00315019, -0.00739814, -0.00164966, 0.01297867, 0.02280221], [-0.03155435, 0.028832, 0.07721892, 0.01360249, 0.00681761, -0.04566457], [0.05603864, 0.01882166, -0.04040545, -0.04737477, -0.02231356, -0.01563318], [-0.04142158, -0.01168774, -0.0298073, -0.00011731, 0.04020385, 0.07122888], [0.06091441, 0.01309778, -0.03041733, -0.05285007, -0.00325557, -0.03049708], [0.02128466, -0.03482062, -0.00719626, 0.05471465, -0.02614736, -0.01408839], [-0.05329361, 0.00421293, -0.02385497, -0.00358709, 0.03132376, 0.07714858]], "number of molecular orbitals": 44, "number of electrons": 48, "number of unpaired electrons": 0, "orbital energies/eV": [-20.22535428, -19.42255413, -18.38324987, -17.38119838, -16.68379529, -16.53774374, -16.17409955, -15.90750346, -15.38576706, -15.30598345, -14.98042562, -14.24564476, -13.97399154, -13.70551516, -13.51936441, -13.17057255, -12.89212968, -12.76405186, -12.55236052, -12.19309736, -12.08579588, -11.98055057, -11.6995936, -11.23426602, -6.16402747, 0.32151026, 2.46581909, 2.64020667, 2.83813294, 3.58870302, 3.76953339, 4.05228243, 4.37652176, 5.05901548, 5.24426008, 5.37482579, 5.54432585, 6.00830473, 6.36964064, 6.84736773, 7.03675911, 7.81962701, 8.37610149, 17.9368258], "fractional occupation": [2.0, 2.0, 2.0, 2.0, 2.0, 2.0, 2.0, 2.0, 2.0, 2.0, 2.0, 2.0, 2.0, 2.0, 2.0, 2.0, 2.0, 2.0, 2.0, 2.0, 2.0, 2.0, 2.0, 2.0, 0.0, 0.0, 0.0, 0.0, 0.0, 0.0, 0.0, 0.0, 0.0, 0.0, 0.0, 0.0, 0.0, 0.0, 0.0, 0.0, 0.0, 0.0, 0.0, 0.0], "program call": "xtb /tmp/scratch/tmpnkbtvly5/15377_0_xyzopt.xyz --pop --wbo --acc 0.2 --gfn 2 --chrg 0 --uhf 0 --etemp 300 --input /tmp/scratch/tmpnkbtvly5/15377_0_xtb.inp", "method": "GFN2-xTB", "xtb version": "6.3.3 (7355c4f)", "Dipole module/D": 2.029, "Total charge": 0, "Transition dipole module/D": NaN, "HOMO": -11.2343, "LUMO": -6.164, "HOMO occupancy": 2.0, "LUMO occupancy": 0, "mulliken charges": [0.17487, -0.4156, 0.58069, -0.5328, -0.09118, 0.00823, -0.09464, -0.09617, 0.04638, 0.03713, 0.04099, 0.04774, 0.05812, 0.03828, 0.03175, 0.03476, 0.0295, 0.03357, 0.04011, 0.02827], "cm5 charges": [0.05422, -0.5068, 0.63251, -0.58562, -0.18936, -0.06523, -0.24551, -0.24627, 0.10951, 0.09792, 0.10201, 0.10958, 0.11682, 0.09984, 0.08412, 0.08722, 0.08243, 0.08607, 0.09512, 0.08144], "FUKUI+": [0.046, -0.126, -0.186, -0.276, 0.025, -0.002, 0.019, 0.019, -0.044, -0.074, -0.055, -0.079, -0.097, -0.019, -0.024, -0.041, -0.026, -0.044, 0.009, -0.026], "FUKUI-": [0.023, -0.077, -0.012, -0.147, -0.008, -0.012, 0.015, 0.021, -0.041, -0.067, -0.049, -0.062, -0.065, -0.096, -0.061, -0.08, -0.087, -0.066, -0.052, -0.077], "FUKUIrad": [0.034, -0.102, -0.099, -0.211, 0.009, -0.007, 0.017, 0.02, -0.042, -0.071, -0.052, -0.071, -0.081, -0.058, -0.043, -0.06, -0.057, -0.055, -0.021, -0.052], "s proportion": [0.973, 1.686, 0.98, 1.72, 1.043, 1.051, 1.01, 1.01, 0.954, 0.963, 0.959, 0.952, 0.942, 0.962, 0.968, 0.965, 0.971, 0.966, 0.96, 0.972], "p proportion": [2.853, 4.73, 2.439, 4.812, 3.048, 2.941, 3.084, 3.086, 0.0, 0.0, 0.0, 0.0, 0.0, 0.0, 0.0, 0.0, 0.0, 0.0, 0.0, 0.0], "d proportion": [0.0, 0.0, 0.0, 0.0, 0.0, 0.0, 0.0, 0.0, 0.0, 0.0, 0.0, 0.0, 0.0, 0.0, 0.0, 0.0, 0.0, 0.0, 0.0, 0.0], "Fermi-level/eV": -8.6991, "Coordination numbers": [3.654, 1.704, 2.721, 0.856, 3.808, 3.851, 3.756, 3.756, 0.924, 0.925, 0.924, 0.924, 0.924, 0.924, 0.925, 0.925, 0.925, 0.925, 0.925, 0.925], "Dispersion coefficient C6": [20.319, 18.387, 20.917, 21.887, 22.312, 20.652, 22.659, 22.603, 2.15, 2.117, 2.204, 2.181, 2.106, 2.318, 2.495, 2.424, 2.464, 2.438, 2.505, 2.481], "Total dispersion C6": 3021.991418, "Total dispersion C8": 64065.09147, "Polarizability alpha": [6.472, 5.789, 7.487, 6.272, 6.724, 6.464, 6.787, 6.779, 2.293, 2.275, 2.322, 2.309, 2.27, 2.381, 2.47, 2.435, 2.455, 2.442, 2.475, 2.463], "Total polarizability alpha": 81.363163, "Wiberg matrix": [[0.0, 0.958426301639646, 0.0, 0.0, 0.0, 0.0, 0.0, 0.0, 0.9773261412118728, 0.9819197658990022, 0.9772852175610733, 0.0, 0.0, 0.0, 0.0, 0.0, 0.0, 0.0, 0.0, 0.0], [0.958426301639646, 0.0, 1.1239592827512077, 0.17123579520106497, 0.0, 0.0, 0.0, 0.0, 0.0, 0.0, 0.0, 0.0, 0.0, 0.0, 0.0, 0.0, 0.0, 0.0, 0.0, 0.0], [0.0, 1.1239592827512077, 0.0, 1.7575196190535687, 0.9730775710234006, 0.0, 0.0, 0.0, 0.0, 0.0, 0.0, 0.0, 0.0, 0.0, 0.0, 0.0, 0.0, 0.0, 0.0, 0.0], [0.0, 0.17123579520106497, 1.7575196190535687, 0.0, 0.0, 0.0, 0.0, 0.0, 0.0, 0.0, 0.0, 0.0, 0.0, 0.0, 0.0, 0.0, 0.0, 0.0, 0.0, 0.0], [0.0, 0.0, 0.9730775710234006, 0.0, 0.0, 0.9829464656981725, 0.0, 0.0, 0.0, 0.0, 0.0, 0.9720433320673929, 0.947774942991157, 0.0, 0.0, 0.0, 0.0, 0.0, 0.0, 0.0], [0.0, 0.0, 0.0, 0.0, 0.9829464656981725, 0.0, 1.0092456809902322, 1.0100749947219727, 0.0, 0.0, 0.0, 0.0, 0.0, 0.9666681190845589, 0.0, 0.0, 0.0, 0.0, 0.0, 0.0], [0.0, 0.0, 0.0, 0.0, 0.0, 1.0092456809902322, 0.0, 0.0, 0.0, 0.0, 0.0, 0.0, 0.0, 0.0, 0.9865304203896207, 0.9854841765333443, 0.9865406987238042, 0.0, 0.0, 0.0], [0.0, 0.0, 0.0, 0.0, 0.0, 1.0100749947219727, 0.0, 0.0, 0.0, 0.0, 0.0, 0.0, 0.0, 0.0, 0.0, 0.0, 0.0, 0.9861191999552539, 0.9857728208507931, 0.986261749256601], [0.9773261412118728, 0.0, 0.0, 0.0, 0.0, 0.0, 0.0, 0.0, 0.0, 0.0, 0.0, 0.0, 0.0, 0.0, 0.0, 0.0, 0.0, 0.0, 0.0, 0.0], [0.9819197658990022, 0.0, 0.0, 0.0, 0.0, 0.0, 0.0, 0.0, 0.0, 0.0, 0.0, 0.0, 0.0, 0.0, 0.0, 0.0, 0.0, 0.0, 0.0, 0.0], [0.9772852175610733, 0.0, 0.0, 0.0, 0.0, 0.0, 0.0, 0.0, 0.0, 0.0, 0.0, 0.0, 0.0, 0.0, 0.0, 0.0, 0.0, 0.0, 0.0, 0.0], [0.0, 0.0, 0.0, 0.0, 0.9720433320673929, 0.0, 0.0, 0.0, 0.0, 0.0, 0.0, 0.0, 0.0, 0.0, 0.0, 0.0, 0.0, 0.0, 0.0, 0.0], [0.0, 0.0, 0.0, 0.0, 0.947774942991157, 0.0, 0.0, 0.0, 0.0, 0.0, 0.0, 0.0, 0.0, 0.0, 0.0, 0.0, 0.0, 0.0, 0.0, 0.0], [0.0, 0.0, 0.0, 0.0, 0.0, 0.9666681190845589, 0.0, 0.0, 0.0, 0.0, 0.0, 0.0, 0.0, 0.0, 0.0, 0.0, 0.0, 0.0, 0.0, 0.0], [0.0, 0.0, 0.0, 0.0, 0.0, 0.0, 0.9865304203896207, 0.0, 0.0, 0.0, 0.0, 0.0, 0.0, 0.0, 0.0, 0.0, 0.0, 0.0, 0.0, 0.0], [0.0, 0.0, 0.0, 0.0, 0.0, 0.0, 0.9854841765333443, 0.0, 0.0, 0.0, 0.0, 0.0, 0.0, 0.0, 0.0, 0.0, 0.0, 0.0, 0.0, 0.0], [0.0, 0.0, 0.0, 0.0, 0.0, 0.0, 0.9865406987238042, 0.0, 0.0, 0.0, 0.0, 0.0, 0.0, 0.0, 0.0, 0.0, 0.0, 0.0, 0.0, 0.0], [0.0, 0.0, 0.0, 0.0, 0.0, 0.0, 0.0, 0.9861191999552539, 0.0, 0.0, 0.0, 0.0, 0.0, 0.0, 0.0, 0.0, 0.0, 0.0, 0.0, 0.0], [0.0, 0.0, 0.0, 0.0, 0.0, 0.0, 0.0, 0.9857728208507931, 0.0, 0.0, 0.0, 0.0, 0.0, 0.0, 0.0, 0.0, 0.0, 0.0, 0.0, 0.0], [0.0, 0.0, 0.0, 0.0, 0.0, 0.0, 0.0, 0.986261749256601, 0.0, 0.0, 0.0, 0.0, 0.0, 0.0, 0.0, 0.0, 0.0, 0.0, 0.0, 0.0]], "Born radii": [], "Atomic SASAs": [], "Solvent H bonds": [], "Total SASA": NaN, "Total FOD": 0.0, "FOD": [0.0, 0.0, 0.0, 0.0, 0.0, 0.0, 0.0, 0.0, 0.0, 0.0, 0.0, 0.0, 0.0, 0.0, 0.0, 0.0, 0.0, 0.0, 0.0, 0.0], "FOD s proportion": [0.0, 0.0, 0.0, 0.0, 0.0, 0.0, 0.0, 0.0, 0.0, 0.0, 0.0, 0.0, 0.0, 0.0, 0.0, 0.0, 0.0, 0.0, 0.0, 0.0], "FOD p proportion": [0.0, 0.0, 0.0, 0.0, 0.0, 0.0, 0.0, 0.0, 0.0, 0.0, 0.0, 0.0, 0.0, 0.0, 0.0, 0.0, 0.0, 0.0, 0.0, 0.0], "FOD d proportion": [0.0, 0.0, 0.0, 0.0, 0.0, 0.0, 0.0, 0.0, 0.0, 0.0, 0.0, 0.0, 0.0, 0.0, 0.0, 0.0, 0.0, 0.0, 0.0, 0.0], "coordinates": [["3.25055103925330", "-1.02286738166919", "0.28183459286723"], ["2.14022727997419", "-0.45760698740477", "-0.40121549662698"], ["1.22789841032097", "0.16676896604701", "0.35701165525424"], ["1.31152317947377", "0.25557666991557", "1.55289541842629"], ["0.11985543870598", "0.74204828540919", "-0.49139235102598"], ["-1.25777935472924", "0.47475068204588", "0.12798059998537"], ["-2.33418202617642", "1.25192953474236", "-0.62350267136233"], ["-1.56235982724550", "-1.02073241633904", "0.11133676806061"], ["3.69072177497097", "-0.28994480756104", "0.96073267866027"], ["3.96441751516639", "-1.31659920114807", "-0.48337841696786"], ["2.93407354673849", "-1.89261047630589", "0.86132238374270"], ["0.18807444680391", "0.32248536637019", "-1.49539092219676"], ["0.28753627893997", "1.82032000617090", "-0.55251717572047"], ["-1.22775569618307", "0.81490690479307", "1.16794891842169"], ["-2.13799989549819", "2.32091882877565", "-0.58586346363145"], ["-3.31052326277679", "1.06799159145360", "-0.18192645024723"], ["-2.36654301570616", "0.94373250003058", "-1.66661621941830"], ["-2.53722739070729", "-1.21463201786811", "0.55232006811436"], ["-0.81542676192832", "-1.56793253358640", "0.68155269233751"], ["-1.56508367939670", "-1.39850451387132", "-0.90948660867291"]], "bond_dist": [[0.0, 1.4208784566252353, 2.347767000331069, 2.647610971480614, 3.6761477339665634, 4.753059420751873, 6.097834040462417, 4.815930343682618, 1.0917089296662392, 1.0869382124241587, 1.0919785500230386, 3.787778693027353, 4.190383498673246, 4.921162885191818, 6.40080364601382, 6.90177234827101, 6.262245706203054, 5.797267910174002, 4.121777051052177, 4.975006251633796], [1.4208784566252353, 0.0, 1.3405587310899318, 2.23918085102239, 2.3514265915926726, 3.56311498859379, 4.795025062246695, 3.7800755758712357, 2.0705184417757647, 2.017991175134602, 2.0696446090530536, 2.3699503426008146, 2.9401203260190525, 3.9274518322923635, 5.104657515235506, 5.6644699830590435, 4.886304313723524, 4.8333114079536195, 3.3378287231299963, 3.856547287961773], [2.347767000331069, 1.3405587310899318, 0.0, 1.2020889672985144, 1.5094684097732944, 2.515134571614844, 3.850636160510234, 3.042376820131577, 2.576541377616839, 3.2241546805513432, 2.7214714024923436, 2.12999454961299, 2.1084958322947758, 2.6660718525999374, 4.105928217349131, 4.658318128353809, 4.197469627457939, 4.015294055491365, 2.6999433210956627, 3.443086968542881], [2.647610971480614, 2.23918085102239, 1.2020889672985144, 0.0, 2.4157481494145285, 2.9461389987011524, 4.3612606116797235, 3.4592282032861013, 2.5117397057759208, 3.6954020699533503, 2.7795055264926978, 3.2494097068587453, 2.815978173284031, 2.6284922156763133, 4.554024289956049, 5.003292739295452, 4.936292593522329, 4.23975772524274, 2.933997275866931, 4.132091096580475], [3.6761477339665634, 2.3514265915926726, 1.5094684097732944, 2.4157481494145285, 0.0, 1.5339323600770598, 2.5099266730738097, 2.510084937696549, 3.990584322784084, 4.361049329783509, 4.085472739343689, 1.0902751978337213, 1.0929423645233667, 2.138872973738198, 2.7567494797354075, 3.459697417128639, 2.757536026486242, 3.4609279948395284, 2.7543718437607247, 2.7560458861378923], [4.753059420751873, 3.56311498859379, 2.515134571614844, 2.9461389987011524, 1.5339323600770598, 0.0, 1.525574248370981, 1.5262751976410835, 5.076012081054062, 5.5546407984294275, 4.869683744702569, 2.1792230360377536, 2.159081850331138, 1.094596628579405, 2.1662636897552874, 2.159105071182294, 2.1609901771449462, 2.1612647148715416, 2.1620991182678595, 2.1632982193935524], [6.097834040462417, 4.795025062246695, 3.850636160510234, 4.3612606116797235, 2.5099266730738097, 1.525574248370981, 0.0, 2.5101176969192296, 6.417682131797667, 6.803626301904621, 6.312476067827901, 2.8259216725796437, 2.6835635897039287, 2.150457347014825, 1.087493562791914, 1.0872280976510544, 1.0881721003528775, 2.7400205158983963, 3.45852701874691, 2.774544958271475], [4.815930343682618, 3.7800755758712357, 3.042376820131577, 3.4592282032861013, 2.510084937696549, 1.5262751976410835, 2.5101176969192296, 0.0, 5.371255929634339, 5.566551095449866, 4.6411811925261715, 2.729437310178229, 3.4546195926329513, 2.144285633515522, 3.4618033877194674, 2.739497525691561, 2.768925754500296, 1.0873960146558177, 1.0874204213084295, 1.0884849762537405], [1.0917089296662392, 2.0705184417757647, 2.576541377616839, 2.5117397057759208, 3.990584322784084, 5.076012081054062, 6.417682131797667, 5.371255929634339, 0.0, 1.7928707311429202, 1.7750876580598285, 4.321591392779307, 4.280749259913993, 5.045300438087162, 6.571344220682224, 7.222679089315275, 6.716798245881593, 6.309453075158808, 4.692181659871478, 5.6877162182486485], [1.0869382124241587, 2.017991175134602, 3.2241546805513432, 3.6954020699533503, 4.361049329783509, 5.5546407984294275, 6.803626301904621, 5.566551095449866, 1.7928707311429202, 0.0, 1.789306548866435, 4.239284668453576, 4.833683678781893, 5.850543812751433, 7.105036161540066, 7.661717161249228, 6.825702333091223, 6.584410007019675, 4.926169327854764, 5.54649980906563], [1.0919785500230386, 2.0696446090530536, 2.7214714024923436, 2.7795055264926978, 4.085472739343689, 4.869683744702569, 6.312476067827901, 4.6411811925261715, 1.7750876580598285, 1.789306548866435, 0.0, 4.242788971357694, 4.77377780981214, 4.974484179084226, 6.750859581198798, 6.989171771150824, 6.521644808085408, 5.521799631394137, 3.7678223781289084, 4.860279923545338], [3.787778693027353, 2.3699503426008146, 2.12999454961299, 3.2494097068587453, 1.0902751978337213, 2.1792230360377536, 2.8259216725796437, 2.729437310178229, 4.321591392779307, 4.239284668453576, 4.242788971357694, 0.0, 1.7726850160231569, 3.05621220989623, 3.1986869724095066, 3.81066324728322, 2.634641623305008, 3.7394010560931368, 3.0528311471918754, 2.525599621468687], [4.190383498673246, 2.9401203260190525, 2.1084958322947758, 2.815978173284031, 1.0929423645233667, 2.159081850331138, 2.6835635897039287, 3.4546195926329513, 4.280749259913993, 4.833683678781893, 4.77377780981214, 1.7726850160231569, 0.0, 2.5033914706627987, 2.4768804754405913, 3.6945051082840377, 3.008946532818259, 4.290791175639066, 3.770903231580182, 3.7310131568938183], [4.921162885191818, 3.9274518322923635, 2.6660718525999374, 2.6284922156763133, 2.138872973738198, 1.094596628579405, 2.150457347014825, 2.144285633515522, 5.045300438087162, 5.850543812751433, 4.974484179084226, 3.05621220989623, 2.5033914706627987, 0.0, 2.4844464753758424, 2.4948218585734407, 3.0574813349802685, 2.4925375099860707, 2.4666820281238477, 3.0542951143869024], [6.40080364601382, 5.104657515235506, 4.105928217349131, 4.554024289956049, 2.7567494797354075, 2.1662636897552874, 1.087493562791914, 3.4618033877194674, 6.571344220682224, 7.105036161540066, 6.750859581198798, 3.1986869724095066, 2.4768804754405913, 2.4844464753758424, 0.0, 1.7628961454435073, 1.7654746276901263, 3.735634368359905, 4.298686813969719, 3.77717817060643], [6.90177234827101, 5.6644699830590435, 4.658318128353809, 5.003292739295452, 3.459697417128639, 2.159105071182294, 1.0872280976510544, 2.739497525691561, 7.222679089315275, 7.661717161249228, 6.989171771150824, 3.81066324728322, 3.6945051082840377, 2.4948218585734407, 1.7628961454435073, 0.0, 1.7637581294899953, 2.519419575481368, 3.730844243759453, 3.107974607512336], [6.262245706203054, 4.886304313723524, 4.197469627457939, 4.936292593522329, 2.757536026486242, 2.1609901771449462, 1.0881721003528775, 2.768925754500296, 6.716798245881593, 6.825702333091223, 6.521644808085408, 2.634641623305008, 3.008946532818259, 3.0574813349802685, 1.7654746276901263, 1.7637581294899953, 0.0, 3.100217540128885, 3.772044553284658, 2.5887557908225247], [5.797267910174002, 4.8333114079536195, 4.015294055491365, 4.23975772524274, 3.4609279948395284, 2.1612647148715416, 2.7400205158983963, 1.0873960146558177, 6.309453075158808, 6.584410007019675, 5.521799631394137, 3.7394010560931368, 4.290791175639066, 2.4925375099860707, 3.735634368359905, 2.519419575481368, 3.100217540128885, 0.0, 1.7624187160927647, 1.7651490731739972], [4.121777051052177, 3.3378287231299963, 2.6999433210956627, 2.933997275866931, 2.7543718437607247, 2.1620991182678595, 3.45852701874691, 1.0874204213084295, 4.692181659871478, 4.926169327854764, 3.7678223781289084, 3.0528311471918754, 3.770903231580182, 2.4666820281238477, 4.298686813969719, 3.730844243759453, 3.772044553284658, 1.7624187160927647, 0.0, 1.7669457844349648], [4.975006251633796, 3.856547287961773, 3.443086968542881, 4.132091096580475, 2.7560458861378923, 2.1632982193935524, 2.774544958271475, 1.0884849762537405, 5.6877162182486485, 5.54649980906563, 4.860279923545338, 2.525599621468687, 3.7310131568938183, 3.0542951143869024, 3.77717817060643, 3.107974607512336, 2.5887557908225247, 1.7651490731739972, 1.7669457844349648, 0.0]]}