{"total energy": -17.71884104, "HOMO-LUMO gap/eV": 11.61914473, "electronic energy": -17.92655912, "dipole": [-0.06002608, 0.08444868, 0.54358715], "partial charges": [-0.10657901, -0.06042807, 0.08754726, -0.31598001, 0.04428269, 0.03708367, 0.04268233, 0.03708367, 0.04809834, 0.04809836, 0.01544887, 0.01544888, 0.0254015, 0.05641001, 0.0254015], "atomic dipole moments": [[0.09213655, -0.00685654, -0.05710129], [0.01464201, 0.02059448, 0.12821269], [0.12372122, -0.0241039, -0.17099233], [0.02052823, 0.04527162, 0.28357632], [-0.20106267, -0.01901213, -0.09049397], [-0.00288462, -0.08764277, 0.08730136], [-0.09942977, -0.01370009, -0.0719632], [-0.00752445, 0.11004476, 0.05607706], [0.00762414, -0.1106238, -0.05690427], [0.00296376, 0.08794286, -0.08826732], [0.00508756, -0.08273564, 0.08255864], [0.00069809, 0.10428552, 0.05301926], [0.00567234, 0.10634368, 0.05272028], [0.08560583, -0.01192707, -0.08823419], [0.01015277, -0.08455597, 0.08287213]], "atomic quadrupole moments": [[0.13943546, -0.01969189, -0.1259596, -0.1643746, 0.01418959, -0.01347586], [0.25252216, 0.01608978, -0.2551149, 0.02538431, 0.04241783, 0.00259273], [0.3434649, -0.01130186, -0.3581376, -0.17708769, 0.05608511, 0.01467271], [0.13593035, 0.00645714, -0.16370204, -0.00439056, 0.03093519, 0.02777169], [0.34688454, 0.05884982, -0.24833804, 0.28320685, 0.031305, -0.09854651], [-0.03713067, -0.01304443, 0.02439732, -0.00420727, -0.06505468, 0.01273335], [0.03834469, 0.01108575, -0.05384732, 0.05615184, 0.01262771, 0.01550263], [-0.03808824, 0.0069103, 0.0622637, -0.01017153, 0.04879362, -0.02417546], [-0.02234405, 0.00035029, 0.04527034, 0.00107432, 0.03331721, -0.02292629], [-0.02220797, -0.00224264, 0.01915208, 0.00346266, -0.04686965, 0.00305589], [-0.01664872, -0.00124812, 0.01627506, -0.00991888, -0.0382226, 0.00037367], [-0.01652442, -0.00413819, 0.03690321, -0.01104253, 0.02584275, -0.02037879], [-0.02681581, -0.00207351, 0.05213992, 0.02153413, 0.04180569, -0.02532412], [0.04100103, -0.00566876, -0.0576718, -0.05078645, 0.01079854, 0.01667077], [-0.02717862, 0.00602204, 0.02093705, 0.02265858, -0.0556556, 0.00624157]], "number of molecular orbitals": 30, "number of electrons": 32, "number of unpaired electrons": 0, "orbital energies/eV": [-18.87051835, -17.43157079, -16.70527786, -16.23604821, -15.49951765, -14.91660533, -14.77003375, -14.35332659, -13.80131042, -13.18335075, -12.87210612, -12.60196315, -12.27881429, -11.94114441, -11.79510134, -10.77014145, 0.84900328, 2.83073434, 3.33595634, 3.56733675, 3.84729617, 4.18153738, 4.4559898, 4.85716084, 5.32420634, 5.57162832, 5.81042915, 6.92072134, 7.32524415, 8.04665337], "fractional occupation": [2.0, 2.0, 2.0, 2.0, 2.0, 2.0, 2.0, 2.0, 2.0, 2.0, 2.0, 2.0, 2.0, 2.0, 2.0, 2.0, 0.0, 0.0, 0.0, 0.0, 0.0, 0.0, 0.0, 0.0, 0.0, 0.0, 0.0, 0.0, 0.0, 0.0], "program call": "xtb /tmp/scratch/tmpoq4he8qh/15398_0_xyzopt.xyz --pop --wbo --acc 0.2 --gfn 2 --chrg 0 --uhf 0 --etemp 300 --input /tmp/scratch/tmpoq4he8qh/15398_0_xtb.inp", "method": "GFN2-xTB", "xtb version": "6.3.3 (7355c4f)", "Dipole module/D": 1.407, "Total charge": 0, "Transition dipole module/D": NaN, "HOMO": -10.7701, "LUMO": 0.849, "HOMO occupancy": 2.0, "LUMO occupancy": 0, "mulliken charges": [-0.09111, -0.04823, 0.19914, -0.46378, 0.17522, 0.02771, 0.03369, 0.02771, 0.036, 0.036, 0.00683, 0.00683, 0.01058, 0.03285, 0.01058], "cm5 charges": [-0.24356, -0.1585, 0.1177, -0.57229, 0.05398, 0.07994, 0.08541, 0.07994, 0.09354, 0.09354, 0.06917, 0.06917, 0.06916, 0.09362, 0.06916], "FUKUI+": [-0.003, -0.018, -0.025, -0.178, 0.007, -0.059, -0.092, -0.059, -0.065, -0.065, -0.088, -0.088, -0.082, -0.102, -0.082], "FUKUI-": [0.027, 0.011, 0.038, -0.171, 0.046, -0.074, -0.06, -0.074, -0.101, -0.101, -0.13, -0.13, -0.103, -0.075, -0.103], "FUKUIrad": [0.012, -0.004, 0.006, -0.174, 0.026, -0.066, -0.076, -0.066, -0.083, -0.083, -0.109, -0.109, -0.092, -0.088, -0.092], "s proportion": [1.006, 1.028, 0.993, 1.682, 0.967, 0.972, 0.966, 0.972, 0.964, 0.964, 0.993, 0.993, 0.989, 0.967, 0.989], "p proportion": [3.086, 3.021, 2.808, 4.781, 2.857, 0.0, 0.0, 0.0, 0.0, 0.0, 0.0, 0.0, 0.0, 0.0, 0.0], "d proportion": [0.0, 0.0, 0.0, 0.0, 0.0, 0.0, 0.0, 0.0, 0.0, 0.0, 0.0, 0.0, 0.0, 0.0, 0.0], "Fermi-level/eV": -4.9606, "Coordination numbers": [3.753, 3.8, 3.706, 1.701, 3.655, 0.925, 0.925, 0.925, 0.924, 0.924, 0.923, 0.923, 0.923, 0.925, 0.923], "Dispersion coefficient C6": [22.597, 21.663, 19.265, 19.275, 20.122, 2.488, 2.413, 2.488, 2.344, 2.344, 2.804, 2.804, 2.653, 2.241, 2.653], "Total dispersion C6": 1479.276373, "Total dispersion C8": 29892.35796, "Polarizability alpha": [6.779, 6.627, 6.274, 5.928, 6.44, 2.467, 2.429, 2.467, 2.394, 2.394, 2.619, 2.619, 2.547, 2.341, 2.547], "Total polarizability alpha": 56.871118, "Wiberg matrix": [[0.0, 1.0196766435720015, 0.0, 0.0, 0.0, 0.9876073103284311, 0.9869389112812086, 0.987607313209062, 0.0, 0.0, 0.0, 0.0, 0.0, 0.0, 0.0], [1.0196766435720015, 0.0, 1.0027291520942423, 0.0, 0.0, 0.0, 0.0, 0.0, 0.976905342406549, 0.9769053358416622, 0.0, 0.0, 0.0, 0.0, 0.0], [0.0, 1.0027291520942423, 0.0, 0.9819909562760698, 0.0, 0.0, 0.0, 0.0, 0.0, 0.0, 0.9675674062125184, 0.9675674028153955, 0.0, 0.0, 0.0], [0.0, 0.0, 0.9819909562760698, 0.0, 1.0007285750889419, 0.0, 0.0, 0.0, 0.0, 0.0, 0.0, 0.0, 0.0, 0.0, 0.0], [0.0, 0.0, 0.0, 1.0007285750889419, 0.0, 0.0, 0.0, 0.0, 0.0, 0.0, 0.0, 0.0, 0.976546855881983, 0.9802026656066676, 0.9765468511820073], [0.9876073103284311, 0.0, 0.0, 0.0, 0.0, 0.0, 0.0, 0.0, 0.0, 0.0, 0.0, 0.0, 0.0, 0.0, 0.0], [0.9869389112812086, 0.0, 0.0, 0.0, 0.0, 0.0, 0.0, 0.0, 0.0, 0.0, 0.0, 0.0, 0.0, 0.0, 0.0], [0.987607313209062, 0.0, 0.0, 0.0, 0.0, 0.0, 0.0, 0.0, 0.0, 0.0, 0.0, 0.0, 0.0, 0.0, 0.0], [0.0, 0.976905342406549, 0.0, 0.0, 0.0, 0.0, 0.0, 0.0, 0.0, 0.0, 0.0, 0.0, 0.0, 0.0, 0.0], [0.0, 0.9769053358416622, 0.0, 0.0, 0.0, 0.0, 0.0, 0.0, 0.0, 0.0, 0.0, 0.0, 0.0, 0.0, 0.0], [0.0, 0.0, 0.9675674062125184, 0.0, 0.0, 0.0, 0.0, 0.0, 0.0, 0.0, 0.0, 0.0, 0.0, 0.0, 0.0], [0.0, 0.0, 0.9675674028153955, 0.0, 0.0, 0.0, 0.0, 0.0, 0.0, 0.0, 0.0, 0.0, 0.0, 0.0, 0.0], [0.0, 0.0, 0.0, 0.0, 0.976546855881983, 0.0, 0.0, 0.0, 0.0, 0.0, 0.0, 0.0, 0.0, 0.0, 0.0], [0.0, 0.0, 0.0, 0.0, 0.9802026656066676, 0.0, 0.0, 0.0, 0.0, 0.0, 0.0, 0.0, 0.0, 0.0, 0.0], [0.0, 0.0, 0.0, 0.0, 0.9765468511820073, 0.0, 0.0, 0.0, 0.0, 0.0, 0.0, 0.0, 0.0, 0.0, 0.0]], "Born radii": [], "Atomic SASAs": [], "Solvent H bonds": [], "Total SASA": NaN, "Total FOD": 0.0, "FOD": [0.0, 0.0, 0.0, 0.0, 0.0, 0.0, 0.0, 0.0, 0.0, 0.0, 0.0, 0.0, 0.0, 0.0, 0.0], "FOD s proportion": [0.0, 0.0, 0.0, 0.0, 0.0, 0.0, 0.0, 0.0, 0.0, 0.0, 0.0, 0.0, 0.0, 0.0, 0.0], "FOD p proportion": [0.0, 0.0, 0.0, 0.0, 0.0, 0.0, 0.0, 0.0, 0.0, 0.0, 0.0, 0.0, 0.0, 0.0, 0.0], "FOD d proportion": [0.0, 0.0, 0.0, 0.0, 0.0, 0.0, 0.0, 0.0, 0.0, 0.0, 0.0, 0.0, 0.0, 0.0, 0.0], "coordinates": [["-2.30496611406175", "-0.02765244016784", "0.16743128069251"], ["-1.03518147203332", "-0.12958523443967", "-0.66661196036865"], ["0.21528086906323", "0.03490328376299", "0.18899051155069"], ["1.35107144172884", "-0.06935790304955", "-0.63988796282307"], ["2.55749827510251", "0.06951028739596", "0.06005464576612"], ["-2.32344852538093", "-0.80027134123047", "0.93305706494762"], ["-3.18177046449221", "-0.14788881344912", "-0.46352035417161"], ["-2.36432972184300", "0.94154317572213", "0.65794144595199"], ["-0.98776333954984", "-1.09909270380720", "-1.16429841471047"], ["-1.02859349638579", "0.64057341529451", "-1.43907378842352"], ["0.24676267750277", "-0.74249929025100", "0.97019282039753"], ["0.20549632179041", "1.01572900537416", "0.69248637549569"], ["2.62574392680210", "1.05060163341199", "0.54840275726463"], ["3.35715207192540", "-0.02727200693711", "-0.67152537980611"], ["2.66704754983160", "-0.70924006762979", "0.82636295823665"]], "bond_dist": [[0.0, 1.5226199327603511, 2.521115402948122, 3.744344310548374, 4.8646202599222805, 1.0878715031306085, 1.086895864345486, 1.087871500689317, 2.1578951247332596, 2.1578951295549267, 2.7688900184735967, 2.7688895491342467, 5.061587954410022, 5.723934903107377, 5.06158794485708], [1.5226199327603511, 0.0, 1.5240630331701035, 2.387162430989896, 3.670835211333573, 2.1606463952112662, 2.1562526577509233, 2.1606464003217862, 1.09081850886524, 1.0908185105623114, 2.1675272392013727, 2.1675272507068666, 4.0337918368395345, 4.393527751089952, 4.033791462577614], [2.521115402948122, 1.5240630331701035, 0.0, 1.409939766554517, 2.3460188574134357, 2.774220364053974, 3.4639776476616677, 2.774220912847988, 2.1365048995131795, 2.136504881834143, 1.10255290743521, 1.1025529096370517, 2.640294008737031, 3.2581755663907686, 2.6402940783447733], [3.744344310548374, 2.387162430989896, 1.409939766554517, 0.0, 1.4016667699279566, 4.063309919657911, 4.536951441669097, 4.063309977298576, 2.6087369005054986, 2.6087364141090443, 2.0651821475129655, 2.0651821545967386, 2.0715052843187562, 2.0067714477874086, 2.0715052655384825], [4.8646202599222805, 3.670835211333573, 2.3460188574134357, 1.4016667699279566, 0.0, 5.034113126911464, 5.767200257915205, 5.03411370706658, 3.9285561322290854, 3.9285561408458003, 2.6128930428026362, 2.612893595882729, 1.0980353255736395, 1.0881279065835512, 1.0980353313112619], [1.0878715031306085, 2.1606463952112662, 2.774220364053974, 4.063309919657911, 5.034113126911464, 0.0, 1.7642981611133253, 1.7638814267139213, 2.504445872929312, 3.0626276208567744, 2.5711286046473996, 3.122706126987614, 5.297942584949971, 5.953271028514229, 4.992466464773887], [1.086895864345486, 2.1562526577509233, 3.4639776476616677, 4.536951441669097, 5.767200257915205, 1.7642981611133253, 0.0, 1.7642981595832898, 2.491896064337924, 2.491896515752615, 3.7635003111217684, 3.7635002682041248, 6.015612283032099, 6.543341840525564, 6.015611885326233], [1.087871500689317, 2.1606464003217862, 2.774220912847988, 4.063309977298576, 5.03411370706658, 1.7638814267139213, 1.7642981595832898, 0.0, 3.0626276148871354, 2.5044454383941983, 3.122707713822291, 2.5711286984542188, 4.992467074544935, 5.953271270097277, 5.297943787192866], [2.1578951247332596, 1.09081850886524, 2.1365048995131795, 2.6087369005054986, 3.9285561322290854, 2.504445872929312, 2.491896064337924, 3.0626276148871354, 0.0, 1.7617056546588024, 2.4914385768315297, 3.0567939476103962, 4.540040287479331, 4.502212212128943, 4.179995265167096], [2.1578951295549267, 1.0908185105623114, 2.136504881834143, 2.6087364141090443, 3.9285561408458003, 3.0626276208567744, 2.491896515752615, 2.5044454383941983, 1.7617056546588024, 0.0, 3.0567939203486922, 2.4914389674446102, 4.179996191604079, 4.502211929432919, 4.5400399595476255], [2.7688900184735967, 2.1675272392013727, 1.10255290743521, 2.0651821475129655, 2.6128930428026362, 2.5711286046473996, 3.7635003111217684, 3.122707713822291, 2.4914385768315297, 3.0567939203486922, 0.0, 1.7805028843533934, 3.0087654551853196, 3.589054318426126, 2.424782890974441], [2.7688895491342467, 2.1675272507068666, 1.1025529096370517, 2.0651821545967386, 2.612893595882729, 3.122706126987614, 3.7635002682041248, 2.5711286984542188, 3.0567939476103962, 2.4914389674446102, 1.7805028843533934, 0.0, 2.4247834251317455, 3.589054631465336, 3.0087664732407524], [5.061587954410022, 4.0337918368395345, 2.640294008737031, 2.0715052843187562, 1.0980353255736395, 5.297942584949971, 6.015612283032099, 4.992467074544935, 4.540040287479331, 4.179996191604079, 3.0087654551853196, 2.4247834251317455, 0.0, 1.7846551820811252, 1.7821365478900304], [5.723934903107377, 4.393527751089952, 3.2581755663907686, 2.0067714477874086, 1.0881279065835512, 5.953271028514229, 6.543341840525564, 5.953271270097277, 4.502212212128943, 4.502211929432919, 3.589054318426126, 3.589054631465336, 1.7846551820811252, 0.0, 1.7846551937177526], [5.06158794485708, 4.033791462577614, 2.6402940783447733, 2.0715052655384825, 1.0980353313112619, 4.992466464773887, 6.015611885326233, 5.297943787192866, 4.179995265167096, 4.5400399595476255, 2.424782890974441, 3.0087664732407524, 1.7821365478900304, 1.7846551937177526, 0.0]]}