{"total energy": -18.93874536, "HOMO-LUMO gap/eV": 5.44452458, "electronic energy": -19.25656228, "dipole": [-0.1585292, -0.01549262, 0.0100124], "partial charges": [-0.09517774, -0.03083784, 0.03018137, -0.10791093, -0.10519844, -0.10519845, 0.03766055, 0.02967396, 0.02837471, 0.0369863, 0.03462471, 0.03698613, 0.03641635, 0.03454799, 0.03395342, 0.03641652, 0.03395338, 0.034548], "atomic dipole moments": [[0.06891013, -0.02691794, -0.01214938], [-0.14927403, -0.01589927, 0.00911771], [-0.02669457, -0.00642189, 0.00080229], [-0.0044048, 0.09400819, 0.02215584], [0.05518351, -0.0440994, 0.06486495], [0.04227988, -0.00924697, -0.08558213], [0.01516927, -0.14316182, -0.03446302], [0.11890012, 0.08222225, 0.0088532], [-0.00246932, 0.13853706, 0.03230658], [0.05128391, -0.01531426, -0.1126828], [-0.11280318, -0.04958105, -0.00181129], [0.06821628, -0.06105004, 0.08474318], [-0.11378319, -0.04934322, -0.00474889], [-0.0114362, 0.12085508, 0.0266358], [0.05226804, -0.00979214, -0.11323367], [-0.11328596, -0.05068665, 0.00105089], [0.06948261, -0.05629028, 0.08748298], [-0.01105748, 0.1198322, 0.03105112]], "atomic quadrupole moments": [[-0.33396077, 0.02635141, -0.23013633, 0.08771448, -0.19865473, 0.5640971], [-0.25228985, 0.13904597, -0.25681416, 0.1022859, -0.20224609, 0.50910401], [-0.03211748, -0.02723907, 0.02219242, -0.00283354, 0.00553193, 0.00992507], [-0.09930739, -0.02297259, 0.20013091, -0.00701144, 0.07590212, -0.10082352], [-0.01128409, -0.09096345, -0.03704763, 0.13881461, -0.10569019, 0.04833172], [-0.05946319, -0.01326627, -0.10528098, -0.13706257, 0.02809778, 0.16474416], [0.01509846, 0.00694212, 0.04769299, -0.00564049, 0.02653739, -0.06279145], [0.04514549, 0.01639302, 0.02239711, -0.00632515, 0.02066289, -0.0675426], [0.0440408, -0.00084786, 0.02532644, -0.01046633, 0.02347653, -0.06936724], [-0.02554079, -0.00085121, -0.03222106, -0.05185368, 0.00670636, 0.05776185], [0.07134958, 0.03808515, -0.01750314, -0.00203878, 0.00548789, -0.05384643], [-0.00698351, -0.02974147, -0.01154226, 0.05464952, -0.03338064, 0.01852577], [0.05851776, 0.05096279, -0.01627238, 0.00324068, -0.01179876, -0.04224538], [-0.04601317, -0.0089248, 0.0743061, 0.00897308, 0.0339687, -0.02829293], [-0.01232066, -0.01621806, -0.04484865, -0.0488292, 0.00919056, 0.0571693], [0.05865314, 0.05273688, -0.02684496, 0.00447837, 0.0098116, -0.03180819], [0.00370981, -0.04231518, -0.02082413, 0.04290828, -0.03802247, 0.01711432], [-0.04931303, -0.00569473, 0.08093148, -0.01040633, 0.02005442, -0.03161845]], "number of molecular orbitals": 36, "number of electrons": 36, "number of unpaired electrons": 0, "orbital energies/eV": [-17.12807268, -16.38651756, -15.95612416, -15.94544456, -15.20306725, -14.37055138, -13.87842996, -13.52320309, -13.49021392, -12.99773132, -12.63959547, -12.37743352, -12.21355561, -12.13569927, -11.82987711, -11.56122671, -11.26262009, -10.75780554, -5.31328096, 2.4217909, 2.50121502, 2.85238286, 3.11101042, 4.06293073, 4.34483893, 5.48006927, 5.58409827, 6.14552879, 6.29094547, 6.34838197, 6.87040589, 7.14268405, 7.37229189, 7.67569074, 11.72322756, 17.26937711], "fractional occupation": [2.0, 2.0, 2.0, 2.0, 2.0, 2.0, 2.0, 2.0, 2.0, 2.0, 2.0, 2.0, 2.0, 2.0, 2.0, 2.0, 2.0, 2.0, 0.0, 0.0, 0.0, 0.0, 0.0, 0.0, 0.0, 0.0, 0.0, 0.0, 0.0, 0.0, 0.0, 0.0, 0.0, 0.0, 0.0, 0.0], "program call": "xtb /tmp/scratch/tmp02acov7h/15444_0_xyzopt.xyz --pop --wbo --acc 0.2 --gfn 2 --chrg 0 --uhf 0 --etemp 300 --input /tmp/scratch/tmp02acov7h/15444_0_xtb.inp", "method": "GFN2-xTB", "xtb version": "6.3.3 (7355c4f)", "Dipole module/D": 0.406, "Total charge": 0, "Transition dipole module/D": NaN, "HOMO": -10.7578, "LUMO": -5.3133, "HOMO occupancy": 2.0, "LUMO occupancy": 0, "mulliken charges": [-0.08499, -0.03184, 0.03905, -0.09794, -0.09481, -0.09481, 0.02939, 0.03053, 0.0253, 0.03213, 0.03004, 0.03213, 0.03068, 0.03076, 0.03148, 0.03068, 0.03148, 0.03076], "cm5 charges": [-0.18942, -0.09359, 0.00514, -0.24689, -0.24326, -0.24326, 0.0845, 0.08398, 0.08301, 0.08576, 0.08331, 0.08576, 0.08379, 0.08396, 0.08472, 0.08379, 0.08472, 0.08396], "FUKUI+": [-0.127, -0.156, -0.005, 0.031, 0.021, 0.021, -0.153, -0.149, -0.139, -0.022, -0.056, -0.022, -0.06, -0.033, -0.027, -0.06, -0.027, -0.033], "FUKUI-": [-0.059, -0.046, -0.039, 0.025, 0.009, 0.009, -0.091, -0.109, -0.092, -0.065, -0.065, -0.065, -0.075, -0.061, -0.07, -0.075, -0.07, -0.061], "FUKUIrad": [-0.093, -0.101, -0.022, 0.028, 0.015, 0.015, -0.122, -0.129, -0.115, -0.044, -0.06, -0.044, -0.068, -0.047, -0.049, -0.068, -0.049, -0.047], "s proportion": [1.041, 1.074, 1.075, 1.012, 1.014, 1.014, 0.971, 0.969, 0.975, 0.968, 0.97, 0.968, 0.969, 0.969, 0.969, 0.969, 0.969, 0.969], "p proportion": [3.044, 2.958, 2.886, 3.086, 3.081, 3.081, 0.0, 0.0, 0.0, 0.0, 0.0, 0.0, 0.0, 0.0, 0.0, 0.0, 0.0, 0.0], "d proportion": [0.0, 0.0, 0.0, 0.0, 0.0, 0.0, 0.0, 0.0, 0.0, 0.0, 0.0, 0.0, 0.0, 0.0, 0.0, 0.0, 0.0, 0.0], "Fermi-level/eV": -8.0355, "Coordination numbers": [2.835, 2.899, 3.902, 3.76, 3.763, 3.763, 0.926, 0.926, 0.925, 0.925, 0.925, 0.925, 0.925, 0.925, 0.925, 0.925, 0.925, 0.925], "Dispersion coefficient C6": [30.383, 28.768, 20.011, 22.611, 22.553, 22.553, 2.48, 2.591, 2.61, 2.489, 2.522, 2.489, 2.497, 2.523, 2.531, 2.497, 2.531, 2.523], "Total dispersion C6": 2360.987981, "Total dispersion C8": 50680.94007, "Polarizability alpha": [9.033, 8.794, 6.359, 6.779, 6.769, 6.769, 2.463, 2.517, 2.526, 2.467, 2.483, 2.467, 2.471, 2.484, 2.488, 2.471, 2.488, 2.484], "Total polarizability alpha": 74.312827, "Wiberg matrix": [[0.0, 1.981388216760588, 0.0, 0.0, 0.0, 0.0, 0.9737502314878386, 0.9767020370789334, 0.0, 0.0, 0.0, 0.0, 0.0, 0.0, 0.0, 0.0, 0.0, 0.0], [1.981388216760588, 0.0, 0.9996172583178767, 0.0, 0.0, 0.0, 0.0, 0.0, 0.9650839028969979, 0.0, 0.0, 0.0, 0.0, 0.0, 0.0, 0.0, 0.0, 0.0], [0.0, 0.9996172583178767, 0.0, 0.9994925587659098, 0.9841537311252133, 0.9841537636931187, 0.0, 0.0, 0.0, 0.0, 0.0, 0.0, 0.0, 0.0, 0.0, 0.0, 0.0, 0.0], [0.0, 0.0, 0.9994925587659098, 0.0, 0.0, 0.0, 0.0, 0.0, 0.0, 0.9851594958087309, 0.9855131477130096, 0.9851594604826113, 0.0, 0.0, 0.0, 0.0, 0.0, 0.0], [0.0, 0.0, 0.9841537311252133, 0.0, 0.0, 0.0, 0.0, 0.0, 0.0, 0.0, 0.0, 0.0, 0.9843292272965326, 0.9861529827713297, 0.9869781112230449, 0.0, 0.0, 0.0], [0.0, 0.0, 0.9841537636931187, 0.0, 0.0, 0.0, 0.0, 0.0, 0.0, 0.0, 0.0, 0.0, 0.0, 0.0, 0.0, 0.984329205511332, 0.9869781184245439, 0.9861529824780303], [0.9737502314878386, 0.0, 0.0, 0.0, 0.0, 0.0, 0.0, 0.0, 0.0, 0.0, 0.0, 0.0, 0.0, 0.0, 0.0, 0.0, 0.0, 0.0], [0.9767020370789334, 0.0, 0.0, 0.0, 0.0, 0.0, 0.0, 0.0, 0.0, 0.0, 0.0, 0.0, 0.0, 0.0, 0.0, 0.0, 0.0, 0.0], [0.0, 0.9650839028969979, 0.0, 0.0, 0.0, 0.0, 0.0, 0.0, 0.0, 0.0, 0.0, 0.0, 0.0, 0.0, 0.0, 0.0, 0.0, 0.0], [0.0, 0.0, 0.0, 0.9851594958087309, 0.0, 0.0, 0.0, 0.0, 0.0, 0.0, 0.0, 0.0, 0.0, 0.0, 0.0, 0.0, 0.0, 0.0], [0.0, 0.0, 0.0, 0.9855131477130096, 0.0, 0.0, 0.0, 0.0, 0.0, 0.0, 0.0, 0.0, 0.0, 0.0, 0.0, 0.0, 0.0, 0.0], [0.0, 0.0, 0.0, 0.9851594604826113, 0.0, 0.0, 0.0, 0.0, 0.0, 0.0, 0.0, 0.0, 0.0, 0.0, 0.0, 0.0, 0.0, 0.0], [0.0, 0.0, 0.0, 0.0, 0.9843292272965326, 0.0, 0.0, 0.0, 0.0, 0.0, 0.0, 0.0, 0.0, 0.0, 0.0, 0.0, 0.0, 0.0], [0.0, 0.0, 0.0, 0.0, 0.9861529827713297, 0.0, 0.0, 0.0, 0.0, 0.0, 0.0, 0.0, 0.0, 0.0, 0.0, 0.0, 0.0, 0.0], [0.0, 0.0, 0.0, 0.0, 0.9869781112230449, 0.0, 0.0, 0.0, 0.0, 0.0, 0.0, 0.0, 0.0, 0.0, 0.0, 0.0, 0.0, 0.0], [0.0, 0.0, 0.0, 0.0, 0.0, 0.984329205511332, 0.0, 0.0, 0.0, 0.0, 0.0, 0.0, 0.0, 0.0, 0.0, 0.0, 0.0, 0.0], [0.0, 0.0, 0.0, 0.0, 0.0, 0.9869781184245439, 0.0, 0.0, 0.0, 0.0, 0.0, 0.0, 0.0, 0.0, 0.0, 0.0, 0.0, 0.0], [0.0, 0.0, 0.0, 0.0, 0.0, 0.9861529824780303, 0.0, 0.0, 0.0, 0.0, 0.0, 0.0, 0.0, 0.0, 0.0, 0.0, 0.0, 0.0]], "Born radii": [], "Atomic SASAs": [], "Solvent H bonds": [], "Total SASA": NaN, "Total FOD": 0.0, "FOD": [0.0, 0.0, 0.0, 0.0, 0.0, 0.0, 0.0, 0.0, 0.0, 0.0, 0.0, 0.0, 0.0, 0.0, 0.0, 0.0, 0.0, 0.0], "FOD s proportion": [0.0, 0.0, 0.0, 0.0, 0.0, 0.0, 0.0, 0.0, 0.0, 0.0, 0.0, 0.0, 0.0, 0.0, 0.0, 0.0, 0.0, 0.0], "FOD p proportion": [0.0, 0.0, 0.0, 0.0, 0.0, 0.0, 0.0, 0.0, 0.0, 0.0, 0.0, 0.0, 0.0, 0.0, 0.0, 0.0, 0.0, 0.0], "FOD d proportion": [0.0, 0.0, 0.0, 0.0, 0.0, 0.0, 0.0, 0.0, 0.0, 0.0, 0.0, 0.0, 0.0, 0.0, 0.0, 0.0, 0.0, 0.0], "coordinates": [["2.27526320837397", "0.15981013610740", "-0.15812316552640"], ["1.09684837353419", "0.70723779086160", "0.06976297106060"], ["-0.24986167813940", "0.03261753267624", "0.02898518489586"], ["-0.15721937856057", "-1.45157247950196", "-0.32278825234729"], ["-1.10979903413016", "0.75024908406852", "-1.02000826923143"], ["-0.90141180782800", "0.18737897362473", "1.40971194326386"], ["2.40000479747344", "-0.87902463210489", "-0.40946789719439"], ["3.18193670137123", "0.73943499487672", "-0.10159654024917"], ["1.04408121248506", "1.76082376466169", "0.31836691483830"], ["0.29156292022015", "-1.58732077350900", "-1.30388579402374"], ["-1.15247318524489", "-1.89079536097992", "-0.33917987614049"], ["0.43886703770682", "-1.98520036589558", "0.41362727934380"], ["-2.10543697376424", "0.31319106569701", "-1.05653213444126"], ["-1.20694232536119", "1.80707180412686", "-0.78070053960716"], ["-0.65673447884378", "0.66191613201461", "-2.00522807932792"], ["-1.89370898350471", "-0.25870298243699", "1.41214442698592"], ["-0.29866057370038", "-0.30527037197313", "2.16978814534032"], ["-0.99631583208754", "1.23815468768607", "1.67512268236057"]], "bond_dist": [[0.0, 1.319193181989923, 2.5352402619188767, 2.9224373492763784, 3.5426135082570265, 3.5426164240175946, 1.0760633409957787, 1.077597818841723, 2.075113621588835, 2.881025034500692, 3.9983923295847736, 2.881027511245479, 4.4745053883948085, 3.9021569636316933, 3.5015021678653757, 4.474508093538988, 3.501507473387081, 3.902159239280385], [1.319193181989923, 0.0, 1.5067857458435365, 2.5272997790666274, 2.4614516264315975, 2.4614548930226494, 2.1081051598196154, 2.092365665208875, 1.0838042712294937, 2.792918651959523, 3.4607019497686977, 2.792920573301406, 3.4173739818481397, 2.6907944224762623, 2.717111468472936, 3.4173766044251472, 2.7171168054073913, 2.690797083708635], [2.5352402619188767, 1.5067857458435365, 0.0, 1.528118823609813, 1.534560056362726, 1.5345602159495373, 2.8363929347638135, 3.506263342851641, 2.178239373920004, 2.1665377351897654, 2.1563325820498807, 2.1665377579560614, 2.1680011613801815, 2.172621066642734, 2.1678528103693355, 2.168001636268243, 2.1678530586190745, 2.172621066043273], [2.9224373492763784, 2.5272997790666274, 1.528118823609813, 0.0, 2.4983078172941284, 2.49830766025278, 2.6219687040242605, 3.999925355857237, 3.4890819262339035, 1.087375527271192, 1.0879869322119682, 1.0873755432743983, 2.7291614560583874, 3.454035971887109, 2.7471718580809243, 2.7291619935294062, 2.7471714965973555, 3.454035783725484], [3.5426135082570265, 2.4614516264315975, 1.534560056362726, 2.4983078172941284, 0.0, 2.5027561424008273, 3.9173990509571466, 4.388917027221736, 2.7297819391205795, 2.740188791896959, 2.727721419927881, 3.4549039323122255, 1.0879561622563168, 1.0879242942965415, 1.0879927738188189, 2.747337951354269, 3.4564241768749455, 2.7412882302699315], [3.5426164240175946, 2.4614548930226494, 1.5345602159495373, 2.49830766025278, 2.5027561424008273, 0.0, 3.917394994636477, 4.388912647856938, 2.7297812318201182, 3.4549038444000817, 2.72772120573555, 2.74018850227414, 2.7473378266123323, 2.741288129227077, 3.456424144677667, 1.08795620930113, 1.0879927669444056, 1.087924278389648], [1.0760633409957787, 2.1081051598196154, 2.8363929347638135, 2.6219687040242605, 3.9173990509571466, 3.917394994636477, 0.0, 1.8236265623558914, 3.055662258798489, 2.3973305879356666, 3.694417441412175, 2.3973259554032786, 4.705217949385816, 4.5125375662098035, 3.776851069447715, 4.705215026076276, 3.7768439826849995, 4.512533653647504], [1.077597818841723, 2.092365665208875, 3.506263342851641, 3.999925355857237, 4.388917027221736, 4.388912647856938, 1.8236265623558914, 0.0, 2.406248202911035, 3.900455415746169, 5.07559519973358, 3.900451847307277, 5.389796494927533, 4.567635023696788, 4.285465977054078, 5.389793155218619, 4.285458561775071, 4.567630322316096], [2.075113621588835, 1.0838042712294937, 2.178239373920004, 3.4890819262339035, 2.7297819391205795, 2.7297812318201182, 3.055662258798489, 2.406248202911035, 0.0, 3.79579497339961, 4.311790955422687, 3.7957944519053686, 3.7290015597122887, 2.505433119944223, 3.082120325015674, 3.7290010410269967, 3.082119572398005, 2.50543195402152], [2.881025034500692, 2.792918651959523, 2.1665377351897654, 1.087375527271192, 2.740188791896959, 3.4549038444000817, 2.3973305879356666, 3.900455415746169, 3.79579497339961, 0.0, 1.7629505401815018, 1.7691404212935304, 3.0689961837109268, 3.7471511515527567, 2.539727468725046, 3.7306110343213383, 3.749456979599989, 4.3030727120083245], [3.9983923295847736, 3.4607019497686977, 2.1563325820498807, 1.0879869322119682, 2.727721419927881, 2.72772120573555, 3.694417441412175, 5.07559519973358, 4.311790955422687, 1.7629505401815018, 0.0, 1.7629505448212301, 2.506050760398621, 3.7245307025540697, 3.0883344130509363, 2.506051247568772, 3.0883338548820736, 3.7245306178330613], [2.881027511245479, 2.792920573301406, 2.1665377579560614, 1.0873755432743983, 3.4549039323122255, 2.74018850227414, 2.3973259554032786, 3.900451847307277, 3.7957944519053686, 1.7691404212935304, 1.7629505448212301, 0.0, 3.7306105100300666, 4.303072810237958, 3.7494572517567364, 3.0689966770845034, 2.539726904477318, 3.747150693931855], [4.4745053883948085, 3.4173739818481397, 2.1680011613801815, 2.7291614560583874, 1.0879561622563168, 2.7473378266123323, 4.705217949385816, 5.389796494927533, 3.7290015597122887, 3.0689961837109268, 2.506050760398621, 3.7306105100300666, 0.0, 1.7649519434164085, 1.7664574963783797, 2.5428833062274716, 3.7491436432127574, 3.089926446871185], [3.9021569636316933, 2.6907944224762623, 2.172621066642734, 3.454035971887109, 1.0879242942965415, 2.741288129227077, 4.5125375662098035, 4.567635023696788, 2.505433119944223, 3.7471511515527567, 3.7245307025540697, 4.303072810237958, 1.7649519434164085, 0.0, 1.764533333001891, 3.0899260442692067, 3.7406347976425045, 2.5296438291988896], [3.5015021678653757, 2.717111468472936, 2.1678528103693355, 2.7471718580809243, 1.0879927738188189, 3.456424144677667, 3.776851069447715, 4.285465977054078, 3.082120325015674, 2.539727468725046, 3.0883344130509363, 3.7494572517567364, 1.7664574963783797, 1.764533333001891, 0.0, 3.749143945754089, 4.3005147518969995, 3.7406347185436646], [4.474508093538988, 3.4173766044251472, 2.168001636268243, 2.7291619935294062, 2.747337951354269, 1.08795620930113, 4.705215026076276, 5.389793155218619, 3.7290010410269967, 3.7306110343213383, 2.506051247568772, 3.0689966770845034, 2.5428833062274716, 3.0899260442692067, 3.749143945754089, 0.0, 1.7664574592526745, 1.764951816797436], [3.501507473387081, 2.7171168054073913, 2.1678530586190745, 2.7471714965973555, 3.4564241768749455, 1.0879927669444056, 3.7768439826849995, 4.285458561775071, 3.082119572398005, 3.749456979599989, 3.0883338548820736, 2.539726904477318, 3.7491436432127574, 3.7406347976425045, 4.3005147518969995, 1.7664574592526745, 0.0, 1.7645332795400122], [3.902159239280385, 2.690797083708635, 2.172621066043273, 3.454035783725484, 2.7412882302699315, 1.087924278389648, 4.512533653647504, 4.567630322316096, 2.50543195402152, 4.3030727120083245, 3.7245306178330613, 3.747150693931855, 3.089926446871185, 2.5296438291988896, 3.7406347185436646, 1.764951816797436, 1.7645332795400122, 0.0]]}