{"total energy": -23.1591985, "HOMO-LUMO gap/eV": 12.98129179, "electronic energy": -23.51185101, "dipole": [-0.00018188, 0.00228494, 0.00168796], "partial charges": [-0.09993956, -0.05938082, 0.02257927, -0.10782603, -0.10782603, -0.05938082, -0.09993956, 0.03445183, 0.02869024, 0.03314036, 0.02876057, 0.0319776, 0.03179765, 0.03328614, 0.0337524, 0.03328614, 0.0337524, 0.03179765, 0.02876057, 0.03197759, 0.03314036, 0.02869024, 0.03445183], "atomic dipole moments": [[-0.04004671, -0.01743539, -0.08580092], [-0.02230753, -0.05562177, 0.09292669], [0.00043501, -0.00546528, -0.00403736], [-0.04351636, 0.08212465, -0.02020418], [0.0362686, 0.00893254, 0.08747078], [0.0207894, 0.07469518, -0.07883659], [0.0480092, -0.08260159, 0.01190066], [-0.08225348, 0.03591201, 0.08553104], [0.08018195, 0.09143847, -0.01437048], [0.06326886, -0.09734245, 0.04314767], [0.08616279, -0.02721394, -0.07988354], [-0.05323702, 0.1010008, -0.0415037], [-0.07869376, -0.09373708, -0.01306822], [0.09623528, -0.02052459, -0.07470547], [0.0394729, -0.00190226, 0.11707026], [-0.087684, -0.08690917, -0.00465899], [-0.04782597, 0.10684573, -0.03954543], [0.08865591, -0.03142236, -0.07939075], [-0.07661533, -0.09273584, -0.00872694], [0.04558767, -0.00489838, 0.11249742], [-0.05603736, 0.00649026, -0.11026293], [-0.0878172, 0.00448642, 0.08523298], [0.07141788, 0.1002213, 0.01503474]], "atomic quadrupole moments": [[-0.05297801, 0.03861138, -0.09621695, 0.12283494, 0.04732694, 0.14919496], [-0.02742815, 0.16918692, -0.03230962, 0.11488396, 0.04183813, 0.05973776], [-0.01570917, 0.00643898, 0.00072277, -0.00840182, -0.02550047, 0.0149864], [-0.03831094, -0.12758235, 0.12963671, 0.0338711, -0.06006368, -0.09132577], [-0.05864919, 0.00949265, -0.10442709, 0.11454549, 0.02567036, 0.16307628], [0.02536151, -0.16537003, 0.04169204, -0.12325685, -0.01664542, -0.06705356], [-0.02521831, -0.14462655, 0.12635855, 0.00750168, -0.03989786, -0.10114024], [0.03695232, -0.02364498, -0.04747257, -0.05116724, 0.02162032, 0.01052025], [0.00297785, 0.06854919, 0.02298482, -0.00825155, -0.01834615, -0.02596267], [-0.02683206, -0.05013758, 0.05208374, 0.02188461, -0.02173478, -0.02525168], [0.02643747, -0.00921176, -0.02789039, -0.03416557, 0.02988234, 0.00145292], [-0.00403273, -0.03248715, 0.03502311, 0.02671494, -0.00721441, -0.03099037], [0.02230962, 0.05765097, 0.02752024, 0.0179234, 0.00620429, -0.04982985], [0.02837189, -0.01462554, -0.03463661, -0.06593251, -0.0011926, 0.00626472], [-0.03688079, -0.00454497, -0.03308286, 0.0402389, 0.01461152, 0.06996364], [0.01467798, 0.06937381, 0.01617599, -0.00038613, -0.00754757, -0.03085397], [-0.03087701, -0.04599132, 0.06069625, 0.01775401, -0.01828662, -0.02981924], [0.03647039, -0.02837221, -0.04613197, -0.05099483, 0.01926582, 0.00966158], [0.01917756, 0.03437162, 0.02290842, 0.00186983, 0.01917688, -0.04208598], [-0.00648333, -0.0144074, -0.0324656, 0.03431899, 0.01519517, 0.03894893], [-0.03324238, -0.00652051, -0.03207451, 0.04675234, 0.00848028, 0.06531689], [0.01544394, -0.00748713, -0.03410898, -0.06850464, -0.00922883, 0.01866504], [0.02374706, 0.05625433, 0.02923926, 0.01353342, 0.00697137, -0.05298631]], "number of molecular orbitals": 44, "number of electrons": 44, "number of unpaired electrons": 0, "orbital energies/eV": [-17.05465056, -16.36776531, -16.27234216, -15.88226545, -15.39346639, -15.33626378, -14.4241002, -13.83913712, -13.83191502, -13.36606506, -13.30741729, -12.88967045, -12.76517249, -12.52069708, -12.37739927, -12.18071103, -12.12222159, -11.81224261, -11.66367868, -11.31520686, -11.25005215, -11.15687478, 1.82441701, 2.33498266, 2.44107742, 2.62346419, 3.52005784, 3.90844141, 3.91953076, 4.22502523, 4.78965178, 5.57158506, 5.66488343, 5.73762037, 6.00345172, 6.50275817, 6.59193794, 6.84420934, 6.96896178, 7.63725402, 7.75603482, 8.17671079, 8.29650793, 8.34686445], "fractional occupation": [2.0, 2.0, 2.0, 2.0, 2.0, 2.0, 2.0, 2.0, 2.0, 2.0, 2.0, 2.0, 2.0, 2.0, 2.0, 2.0, 2.0, 2.0, 2.0, 2.0, 2.0, 2.0, 0.0, 0.0, 0.0, 0.0, 0.0, 0.0, 0.0, 0.0, 0.0, 0.0, 0.0, 0.0, 0.0, 0.0, 0.0, 0.0, 0.0, 0.0, 0.0, 0.0, 0.0, 0.0], "program call": "xtb /tmp/scratch/tmpdu3bj2gy/15502_0_xyzopt.xyz --pop --wbo --acc 0.2 --gfn 2 --chrg 0 --uhf 0 --etemp 300 --input /tmp/scratch/tmpdu3bj2gy/15502_0_xtb.inp", "method": "GFN2-xTB", "xtb version": "6.3.3 (7355c4f)", "Dipole module/D": 0.007, "Total charge": 0, "Transition dipole module/D": NaN, "HOMO": -11.1569, "LUMO": 1.8244, "HOMO occupancy": 2.0, "LUMO occupancy": 0, "mulliken charges": [-0.08612, -0.05303, 0.02876, -0.09879, -0.09879, -0.05303, -0.08612, 0.02831, 0.02877, 0.02779, 0.02417, 0.02487, 0.02955, 0.02998, 0.03013, 0.02998, 0.03013, 0.02955, 0.02417, 0.02487, 0.02779, 0.02877, 0.02831], "cm5 charges": [-0.23946, -0.16316, -0.00747, -0.24862, -0.24862, -0.16316, -0.23946, 0.08147, 0.08041, 0.08071, 0.08061, 0.08185, 0.08282, 0.08326, 0.08385, 0.08326, 0.08385, 0.08282, 0.08061, 0.08185, 0.08071, 0.08041, 0.08147], "FUKUI+": [0.009, -0.017, -0.056, 0.021, 0.021, -0.017, 0.009, -0.043, -0.08, -0.047, -0.069, -0.058, -0.058, -0.08, -0.051, -0.08, -0.051, -0.058, -0.069, -0.058, -0.047, -0.08, -0.043], "FUKUI-": [0.021, -0.002, -0.035, 0.023, 0.023, -0.002, 0.021, -0.056, -0.091, -0.061, -0.078, -0.067, -0.06, -0.063, -0.049, -0.063, -0.049, -0.06, -0.078, -0.067, -0.061, -0.091, -0.056], "FUKUIrad": [0.015, -0.009, -0.045, 0.022, 0.022, -0.009, 0.015, -0.049, -0.086, -0.054, -0.073, -0.063, -0.059, -0.072, -0.05, -0.072, -0.05, -0.059, -0.073, -0.063, -0.054, -0.086, -0.049], "s proportion": [1.005, 1.033, 1.083, 1.014, 1.014, 1.033, 1.005, 0.972, 0.971, 0.972, 0.976, 0.975, 0.97, 0.97, 0.97, 0.97, 0.97, 0.97, 0.976, 0.975, 0.972, 0.971, 0.972], "p proportion": [3.082, 3.02, 2.888, 3.085, 3.085, 3.02, 3.082, 0.0, 0.0, 0.0, 0.0, 0.0, 0.0, 0.0, 0.0, 0.0, 0.0, 0.0, 0.0, 0.0, 0.0, 0.0, 0.0], "d proportion": [0.0, 0.0, 0.0, 0.0, 0.0, 0.0, 0.0, 0.0, 0.0, 0.0, 0.0, 0.0, 0.0, 0.0, 0.0, 0.0, 0.0, 0.0, 0.0, 0.0, 0.0, 0.0, 0.0], "Fermi-level/eV": -4.6662, "Coordination numbers": [3.75, 3.806, 3.898, 3.762, 3.762, 3.806, 3.75, 0.925, 0.925, 0.925, 0.924, 0.924, 0.925, 0.925, 0.925, 0.925, 0.925, 0.925, 0.924, 0.924, 0.925, 0.925, 0.925], "Dispersion coefficient C6": [22.472, 21.638, 20.141, 22.606, 22.606, 21.638, 22.472, 2.524, 2.605, 2.542, 2.604, 2.559, 2.561, 2.54, 2.534, 2.54, 2.534, 2.561, 2.604, 2.559, 2.542, 2.605, 2.524], "Total dispersion C6": 3396.887663, "Total dispersion C8": 70172.311172, "Polarizability alpha": [6.761, 6.622, 6.38, 6.778, 6.778, 6.622, 6.761, 2.484, 2.524, 2.493, 2.524, 2.501, 2.503, 2.492, 2.489, 2.492, 2.489, 2.503, 2.524, 2.501, 2.493, 2.524, 2.484], "Total polarizability alpha": 86.721842, "Wiberg matrix": [[0.0, 1.0205794575636369, 0.0, 0.0, 0.0, 0.0, 0.0, 0.0, 0.9860582299857246, 0.985299536450414, 0.9864359568851417, 0.0, 0.0, 0.0, 0.0, 0.0, 0.0, 0.0, 0.0, 0.0, 0.0, 0.0, 0.0], [1.0205794575636369, 0.0, 0.9532336262024996, 0.0, 0.0, 0.0, 0.0, 0.0, 0.0, 0.0, 0.0, 0.9734575039427842, 0.9742084510594868, 0.0, 0.0, 0.0, 0.0, 0.0, 0.0, 0.0, 0.0, 0.0, 0.0], [0.0, 0.9532336262024996, 0.0, 0.96863091342304, 1.0007200310204012, 0.9481490319715431, 0.0, 0.0, 0.0, 0.0, 0.0, 0.0, 0.0, 0.0, 0.0, 0.0, 0.0, 0.0, 0.0, 0.0, 0.0, 0.0, 0.0], [0.0, 0.0, 0.96863091342304, 0.0, 0.0, 0.0, 0.0, 0.0, 0.0, 0.0, 0.0, 0.0, 0.0, 0.9848844813090454, 0.9813251867971714, 0.9857728484233381, 0.0, 0.0, 0.0, 0.0, 0.0, 0.0, 0.0], [0.0, 0.0, 1.0007200310204012, 0.0, 0.0, 0.0, 0.0, 0.0, 0.0, 0.0, 0.0, 0.0, 0.0, 0.0, 0.0, 0.0, 0.8620991637438626, 0.0, 0.0, 0.0, 0.0, 0.0, 0.0], [0.0, 0.0, 0.9481490319715431, 0.0, 0.0, 0.0, 1.0160425741920023, 1.8491616310706376, 0.0, 0.0, 0.0, 0.0, 0.0, 0.0, 0.0, 0.0, 0.0, 0.0, 0.0, 0.0, 0.0, 0.0, 0.0], [0.0, 0.0, 0.0, 0.0, 0.0, 1.0160425741920023, 0.0, 0.0, 0.0, 0.0, 0.0, 0.0, 0.0, 0.0, 0.0, 0.0, 0.0, 0.9487246536909841, 0.9795376914353071, 0.9657510898365905, 0.0, 0.0, 0.0], [0.0, 0.0, 0.0, 0.0, 0.0, 1.8491616310706376, 0.0, 0.0, 0.0, 0.0, 0.0, 0.0, 0.0, 0.0, 0.0, 0.0, 0.0, 0.0, 0.0, 0.0, 0.0, 0.0, 0.0], [0.9860582299857246, 0.0, 0.0, 0.0, 0.0, 0.0, 0.0, 0.0, 0.0, 0.0, 0.0, 0.0, 0.0, 0.0, 0.0, 0.0, 0.0, 0.0, 0.0, 0.0, 0.0, 0.0, 0.0], [0.985299536450414, 0.0, 0.0, 0.0, 0.0, 0.0, 0.0, 0.0, 0.0, 0.0, 0.0, 0.0, 0.0, 0.0, 0.0, 0.0, 0.0, 0.0, 0.0, 0.0, 0.0, 0.0, 0.0], [0.9864359568851417, 0.0, 0.0, 0.0, 0.0, 0.0, 0.0, 0.0, 0.0, 0.0, 0.0, 0.0, 0.0, 0.0, 0.0, 0.0, 0.0, 0.0, 0.0, 0.0, 0.0, 0.0, 0.0], [0.0, 0.9734575039427842, 0.0, 0.0, 0.0, 0.0, 0.0, 0.0, 0.0, 0.0, 0.0, 0.0, 0.0, 0.0, 0.0, 0.0, 0.0, 0.0, 0.0, 0.0, 0.0, 0.0, 0.0], [0.0, 0.9742084510594868, 0.0, 0.0, 0.0, 0.0, 0.0, 0.0, 0.0, 0.0, 0.0, 0.0, 0.0, 0.0, 0.0, 0.0, 0.0, 0.0, 0.0, 0.0, 0.0, 0.0, 0.0], [0.0, 0.0, 0.0, 0.9848844813090454, 0.0, 0.0, 0.0, 0.0, 0.0, 0.0, 0.0, 0.0, 0.0, 0.0, 0.0, 0.0, 0.0, 0.0, 0.0, 0.0, 0.0, 0.0, 0.0], [0.0, 0.0, 0.0, 0.9813251867971714, 0.0, 0.0, 0.0, 0.0, 0.0, 0.0, 0.0, 0.0, 0.0, 0.0, 0.0, 0.0, 0.0, 0.0, 0.0, 0.0, 0.0, 0.0, 0.0], [0.0, 0.0, 0.0, 0.9857728484233381, 0.0, 0.0, 0.0, 0.0, 0.0, 0.0, 0.0, 0.0, 0.0, 0.0, 0.0, 0.0, 0.0, 0.0, 0.0, 0.0, 0.0, 0.0, 0.0], [0.0, 0.0, 0.0, 0.0, 0.8620991637438626, 0.0, 0.0, 0.0, 0.0, 0.0, 0.0, 0.0, 0.0, 0.0, 0.0, 0.0, 0.0, 0.0, 0.0, 0.0, 0.0, 0.0, 0.0], [0.0, 0.0, 0.0, 0.0, 0.0, 0.0, 0.9487246536909841, 0.0, 0.0, 0.0, 0.0, 0.0, 0.0, 0.0, 0.0, 0.0, 0.0, 0.0, 0.0, 0.0, 0.0, 0.0, 0.0], [0.0, 0.0, 0.0, 0.0, 0.0, 0.0, 0.9795376914353071, 0.0, 0.0, 0.0, 0.0, 0.0, 0.0, 0.0, 0.0, 0.0, 0.0, 0.0, 0.0, 0.0, 0.0, 0.0, 0.0], [0.0, 0.0, 0.0, 0.0, 0.0, 0.0, 0.9657510898365905, 0.0, 0.0, 0.0, 0.0, 0.0, 0.0, 0.0, 0.0, 0.0, 0.0, 0.0, 0.0, 0.0, 0.0, 0.0, 0.0], [0.0, 0.0, 0.0, 0.0, 0.0, 0.0, 0.0, 0.0, 0.0, 0.0, 0.0, 0.0, 0.0, 0.0, 0.0, 0.0, 0.0, 0.0, 0.0, 0.0, 0.0, 0.0, 0.0], [0.0, 0.0, 0.0, 0.0, 0.0, 0.0, 0.0, 0.0, 0.0, 0.0, 0.0, 0.0, 0.0, 0.0, 0.0, 0.0, 0.0, 0.0, 0.0, 0.0, 0.0, 0.0, 0.0], [0.0, 0.0, 0.0, 0.0, 0.0, 0.0, 0.0, 0.0, 0.0, 0.0, 0.0, 0.0, 0.0, 0.0, 0.0, 0.0, 0.0, 0.0, 0.0, 0.0, 0.0, 0.0, 0.0]], "Born radii": [], "Atomic SASAs": [], "Solvent H bonds": [], "Total SASA": NaN, "Total FOD": 0.0, "FOD": [0.0, 0.0, 0.0, 0.0, 0.0, 0.0, 0.0, 0.0, 0.0, 0.0, 0.0, 0.0, 0.0, 0.0, 0.0, 0.0, 0.0, 0.0, 0.0, 0.0, 0.0, 0.0, 0.0], "FOD s proportion": [0.0, 0.0, 0.0, 0.0, 0.0, 0.0, 0.0, 0.0, 0.0, 0.0, 0.0, 0.0, 0.0, 0.0, 0.0, 0.0, 0.0, 0.0, 0.0, 0.0, 0.0, 0.0, 0.0], "FOD p proportion": [0.0, 0.0, 0.0, 0.0, 0.0, 0.0, 0.0, 0.0, 0.0, 0.0, 0.0, 0.0, 0.0, 0.0, 0.0, 0.0, 0.0, 0.0, 0.0, 0.0, 0.0, 0.0, 0.0], "FOD d proportion": [0.0, 0.0, 0.0, 0.0, 0.0, 0.0, 0.0, 0.0, 0.0, 0.0, 0.0, 0.0, 0.0, 0.0, 0.0, 0.0, 0.0, 0.0, 0.0, 0.0, 0.0, 0.0, 0.0], "coordinates": [["1.72245731144382", "1.00844333314337", "1.01436858748103"], ["1.06088597768915", "0.70897527959329", "-0.32675438242181"], ["0.03495449289532", "-0.43915161245630", "-0.32441407595525"], ["0.72458267577864", "-1.76356558068849", "0.02314019917473"], ["-0.53953530046611", "-0.56127887693526", "-1.74057077818426"], ["-1.10018508310203", "-0.21524291905927", "0.69148911770662"], ["-1.88868766434486", "1.07999508776550", "0.52842245639818"], ["0.99024889683510", "1.31136489098642", "1.75796934105439"], ["2.43625614186371", "1.82134209996602", "0.89515719022333"], ["2.26076519401279", "0.14246454816490", "1.39010698926664"], ["1.84143194501606", "0.45889541207097", "-1.05015925299435"], ["0.57137495062496", "1.61619560162880", "-0.68648084150396"], ["0.02786235184940", "-2.59162967709231", "-0.09014379042531"], ["1.57199085660403", "-1.93845185342565", "-0.63629494910363"], ["1.08087375369836", "-1.76392961137294", "1.04997572560948"], ["-1.31212200261243", "-1.32641055391485", "-1.77555437924216"], ["-0.97068378725150", "0.37955378227044", "-2.07265442580552"], ["0.24501345607420", "-0.83664658038579", "-2.44242438758443"], ["-1.79389637384219", "-1.05611323032973", "0.60897657862491"], ["-0.68046581463581", "-0.24563636218678", "1.69895368995219"], ["-2.36224837132821", "1.13252893802403", "-0.44823225980523"], ["-2.67100413041163", "1.12791339004158", "1.28354451155942"], ["-1.24986947639076", "1.95038349419206", "0.65158113597501"]], "bond_dist": [[0.0, 1.5251126401495794, 2.595291102950184, 3.1084274037930353, 3.8949106923832693, 3.0933750634734025, 3.6443972522308434, 1.0866612689079997, 1.0883586415546673, 1.0866802561218638, 2.139727338958537, 2.1417848167628963, 4.129421914633878, 3.38105331304697, 2.8458652591683, 4.737497698939653, 4.1446618835846865, 4.187674152466784, 4.0977408074021415, 2.795605872545898, 4.340439953586642, 4.403320589472142, 3.1390432516366666], [1.5251126401495794, 0.0, 1.539719535750937, 2.5197191182489953, 2.484707365199552, 2.5614892609697772, 3.0933748226640865, 2.17116002273679, 2.1499002123195887, 2.1698519562829413, 1.0932092910409956, 1.0918209027562324, 3.46657113930835, 2.7140217361541494, 2.830378755805368, 3.445719634068804, 2.6988814709443383, 2.744203796425537, 3.4843811723085776, 2.8367380290990174, 3.451377021956041, 4.086021958737325, 2.7996116713555352], [2.595291102950184, 1.539719535750937, 0.0, 1.533118835588622, 1.5331188462326453, 1.539719539028649, 2.5952911198597857, 2.88326483737806, 3.5161677301470666, 2.869162442001915, 2.1439578599586415, 2.1548297892485992, 2.165200841466232, 2.1697123484391754, 2.176678932037863, 2.1697123527719553, 2.1766789369808115, 2.165200844658201, 2.1439578458433184, 2.15482980409778, 2.8691622937107546, 3.5161677451829707, 2.883265043603834], [3.1084274037930353, 2.5197191182489953, 1.533118835588622, 0.0, 2.480758752386764, 2.4847073701479863, 3.8949106928416883, 3.540537826116284, 4.067161512159657, 2.803819856310185, 2.70899554605761, 3.4568512085305954, 1.088091273666342, 1.0879064978694613, 1.0868922039797992, 2.752194152097531, 3.44372532218531, 2.6773446175438362, 2.6807517257095013, 2.6620708534276227, 4.258882643344882, 4.634574352324664, 4.252859866379197], [3.8949106923832693, 2.484707365199552, 1.5331188462326453, 2.480758752386764, 0.0, 2.5197191113522193, 3.1084276775799458, 4.252859901027872, 4.63457434412907, 4.2588825942213795, 2.6807515136848052, 2.662071051904462, 2.6773445257334005, 2.7521942565630257, 3.443725320303167, 1.0879064977257489, 1.0868922022458538, 1.0880912703080619, 2.70899529744691, 3.456851193477991, 2.8038200189731897, 4.067161562257538, 3.540538559095116], [3.0933750634734025, 2.5614892609697772, 1.539719539028649, 2.4847073701479863, 2.5197191113522193, 0.0, 1.5251126355060762, 2.7996117046762383, 4.086021997140751, 3.4513777434249597, 3.4843811899358417, 2.8367377760202457, 2.7442038995544884, 3.445719636345831, 2.698881392091958, 2.7140218102364924, 2.8303786373345035, 3.466571141453396, 1.0932092912073927, 1.0918209056603163, 2.169851962828698, 2.149900216163125, 2.1711600186010993], [3.6443972522308434, 3.0933748226640865, 2.5952911198597857, 3.8949106928416883, 3.1084276775799458, 1.5251126355060762, 0.0, 3.1390433655349477, 4.403320188716045, 4.340440389015958, 4.0977405140534895, 2.795605316186981, 4.187674364154964, 4.737497693595436, 4.144661689755331, 3.3810538791576876, 2.8458654374261245, 4.129422081329631, 2.1397273429104264, 2.1417848043028074, 1.0866802580814283, 1.0883586426188547, 1.0866612699723104], [1.0866612689079997, 2.17116002273679, 2.88326483737806, 3.540537826116284, 4.252859901027872, 2.7996117046762383, 3.1390433655349477, 0.0, 1.759391518103794, 1.7651805524379622, 3.0556182671772274, 2.4987424517092482, 4.424373018538252, 4.07826360981518, 3.157040402090848, 4.974390509222742, 4.403090661918919, 4.776257595534502, 3.8310053394978056, 2.2845181979102853, 4.017280888206596, 3.6964181448482787, 2.5788699001007656], [1.0883586415546673, 2.1499002123195887, 3.5161677301470666, 4.067161512159657, 4.63457434412907, 4.086021997140751, 4.403320188716045, 1.759391518103794, 0.0, 1.7590913024321249, 2.4483326707710145, 2.453863444982678, 5.1230360700818816, 4.1507048450009885, 3.836040072936584, 5.575965008075039, 4.742773347091212, 4.796446509805579, 5.124045162411747, 3.8252378396782225, 5.030388091353965, 5.168732492196136, 3.6964175966980353], [1.0866802561218638, 2.1698519562829413, 2.869162442001915, 2.803819856310185, 4.2588825942213795, 3.4513777434249597, 4.340440389015958, 1.7651805524379622, 1.7590913024321249, 0.0, 2.4961707069960317, 3.0558369772130107, 3.827828197020445, 2.985117748785168, 2.2676357244858054, 4.994449808075683, 4.742276925819001, 4.439618274762168, 4.299655083767842, 2.9827585298471972, 5.07266922990965, 5.030389015865959, 4.017281063159949], [2.139727338958537, 1.0932092910409956, 2.1439578599586415, 2.70899554605761, 2.6807515136848052, 3.4843811899358417, 4.0977405140534895, 3.0556182671772274, 2.4483326707710145, 2.4961707069960317, 0.0, 1.7563173075320178, 3.6764612982112252, 2.4476838181316904, 3.1511849795885003, 3.6957296954690655, 2.993290223868755, 2.4830189791963684, 4.273592736820449, 3.796571519694062, 4.299654222659993, 5.124045047651472, 3.831005289548771], [2.1417848167628963, 1.0918209027562324, 2.1548297892485992, 3.4568512085305954, 2.662071051904462, 2.8367377760202457, 2.795605316186981, 2.4987424517092482, 2.453863444982678, 3.0558369772130107, 1.7563173075320178, 0.0, 4.284485663386135, 3.6931381432082135, 3.834073146847185, 3.659586442495861, 2.414271183248172, 3.0341859422285173, 3.7965711976831273, 3.27472463986172, 2.982757385921889, 3.8252374455723244, 2.2845180380217234], [4.129421914633878, 3.46657113930835, 2.165200841466232, 1.088091273666342, 2.6773445257334005, 2.7442038995544884, 4.187674364154964, 4.424373018538252, 5.1230360700818816, 3.827828197020445, 3.6764612982112252, 4.284485663386135, 0.0, 1.7633080265941499, 1.7589181112431485, 2.4973879059434054, 3.7088237974457288, 2.9428462888100224, 2.483019311912966, 3.0341857588669248, 4.439618678613819, 4.796446650213625, 4.776257754713642], [3.38105331304697, 2.7140217361541494, 2.1697123484391754, 1.0879064978694613, 2.7521942565630257, 3.445719636345831, 4.737497693595436, 4.07826360981518, 4.1507048450009885, 2.985117748785168, 2.4476838181316904, 3.6931381432082135, 1.7633080265941499, 0.0, 1.7649823823865693, 3.1607931894010686, 3.7284679183192666, 2.497388121570677, 3.6957298970107515, 3.6595862538548283, 4.9944498094544825, 5.5759650125249935, 4.974390506416631], [2.8458652591683, 2.830378755805368, 2.176678932037863, 1.0868922039797992, 3.443725320303167, 2.698881392091958, 4.144661689755331, 3.157040402090848, 3.836040072936584, 2.2676357244858054, 3.1511849795885003, 3.834073146847185, 1.7589181112431485, 1.7649823823865693, 0.0, 3.7284677803064605, 4.307461951680971, 3.7088239116110513, 2.9932904241175353, 2.414270876208027, 4.742276801683205, 4.74277323723936, 4.4030902897656095], [4.737497698939653, 3.445719634068804, 2.1697123527719553, 2.752194152097531, 1.0879064977257489, 2.7140218102364924, 3.3810538791576876, 4.974390509222742, 5.575965008075039, 4.994449808075683, 3.6957296954690655, 3.659586442495861, 2.4973879059434054, 3.1607931894010686, 3.7284677803064605, 0.0, 1.7649823820403776, 1.763308025982022, 2.447683614550205, 3.6931380581033344, 2.9851185611354487, 4.150705082613481, 4.078264510788673], [4.1446618835846865, 2.6988814709443383, 2.1766789369808115, 3.44372532218531, 1.0868922022458538, 2.8303786373345035, 2.8458654374261245, 4.403090661918919, 4.742773347091212, 4.742276925819001, 2.993290223868755, 2.414271183248172, 3.7088237974457288, 3.7284679183192666, 4.307461951680971, 1.7649823820403776, 0.0, 1.7589181146911952, 3.15118447218061, 3.834073156214553, 2.2676355417552894, 3.83603997360261, 3.1570413410257405], [4.187674152466784, 2.744203796425537, 2.165200844658201, 2.6773446175438362, 1.0880912703080619, 3.466571141453396, 4.129422081329631, 4.776257595534502, 4.796446509805579, 4.439618274762168, 2.4830189791963684, 3.0341859422285173, 2.9428462888100224, 2.497388121570677, 3.7088239116110513, 1.763308025982022, 1.7589181146911952, 0.0, 3.676461173676473, 4.284485656368858, 3.8278281964360508, 5.123036080244552, 4.424373605177661], [4.0977408074021415, 3.4843811723085776, 2.1439578458433184, 2.6807517257095013, 2.70899529744691, 1.0932092912073927, 2.1397273429104264, 3.8310053394978056, 5.124045162411747, 4.299655083767842, 4.273592736820449, 3.7965711976831273, 2.483019311912966, 3.6957298970107515, 2.9932904241175353, 2.447683614550205, 3.15118447218061, 3.676461173676473, 0.0, 1.7563173025358485, 2.4961708800074973, 2.4483325328207237, 3.0556182628099795], [2.795605872545898, 2.8367380290990174, 2.15482980409778, 2.6620708534276227, 3.456851193477991, 1.0918209056603163, 2.1417848043028074, 2.2845181979102853, 3.8252378396782225, 2.9827585298471972, 3.796571519694062, 3.27472463986172, 3.0341857588669248, 3.6595862538548283, 2.414270876208027, 3.6931380581033344, 3.834073156214553, 4.284485656368858, 1.7563173025358485, 0.0, 3.055836982814308, 2.4538635850248856, 2.4987422849215095], [4.340439953586642, 3.451377021956041, 2.8691622937107546, 4.258882643344882, 2.8038200189731897, 2.169851962828698, 1.0866802580814283, 4.017280888206596, 5.030388091353965, 5.07266922990965, 4.299654222659993, 2.982757385921889, 4.439618678613819, 4.9944498094544825, 4.742276801683205, 2.9851185611354487, 2.2676355417552894, 3.8278281964360508, 2.4961708800074973, 3.055836982814308, 0.0, 1.7590913017488683, 1.765180553508544], [4.403320589472142, 4.086021958737325, 3.5161677451829707, 4.634574352324664, 4.067161562257538, 2.149900216163125, 1.0883586426188547, 3.6964181448482787, 5.168732492196136, 5.030389015865959, 5.124045047651472, 3.8252374455723244, 4.796446650213625, 5.5759650125249935, 4.74277323723936, 4.150705082613481, 3.83603997360261, 5.123036080244552, 2.4483325328207237, 2.4538635850248856, 1.7590913017488683, 0.0, 1.7593915099148227], [3.1390432516366666, 2.7996116713555352, 2.883265043603834, 4.252859866379197, 3.540538559095116, 2.1711600186010993, 1.0866612699723104, 2.5788699001007656, 3.6964175966980353, 4.017281063159949, 3.831005289548771, 2.2845180380217234, 4.776257754713642, 4.974390506416631, 4.4030902897656095, 4.078264510788673, 3.1570413410257405, 4.424373605177661, 3.0556182628099795, 2.4987422849215095, 1.765180553508544, 1.7593915099148227, 0.0]]}