{"total energy": -18.94712124, "HOMO-LUMO gap/eV": 4.91595935, "electronic energy": -19.26464082, "dipole": [-2.492e-05, 5.4e-07, -6.87e-06], "partial charges": [-0.10735261, -0.01095108, -0.10735252, -0.01095096, -0.10735782, -0.10735765, 0.03667505, 0.03790364, 0.0382491, 0.03790361, 0.03824907, 0.03667501, 0.03824955, 0.03667765, 0.0379065, 0.0379064, 0.03824952, 0.03667753], "atomic dipole moments": [[-0.04580357, 0.03262704, 0.02714122], [0.15440644, -0.00378244, 0.04222651], [-0.02706369, -0.03084199, -0.04706864], [-0.15440577, 0.00378234, -0.04222636], [0.04136888, -0.04519626, -0.01205157], [0.03149825, 0.0434112, 0.03197898], [0.00140417, -0.10848927, 0.06480433], [0.11558703, 0.0473864, 0.00457112], [-0.02824556, -0.027884, -0.11999662], [0.09954675, -0.0526567, 0.05426306], [-0.08404645, 0.030635, 0.0892874], [0.03911027, 0.10749675, -0.05372488], [0.05745326, 0.11066977, 0.02059798], [-0.0525135, -0.03631728, 0.10905495], [-0.09283449, 0.01706434, -0.0819443], [-0.12227388, -0.01179406, 0.0231167], [0.05483179, -0.11342074, 0.0101105], [0.01197151, 0.03731002, -0.12014288]], "atomic quadrupole moments": [[0.04373308, -0.1053041, 0.01811526, -0.04025336, 0.0832784, -0.06184835], [-0.34410135, 0.05801001, 0.17485325, -0.15643782, -0.16167594, 0.1692481], [-0.01444729, 0.04882554, 0.01059892, 0.07190537, 0.12229201, 0.00384837], [-0.34160897, 0.05492599, 0.13740571, -0.16580151, -0.15375485, 0.20420326], [0.04345781, -0.1057306, 0.01791206, -0.03984031, 0.08319066, -0.06136987], [-0.01412932, 0.04922011, 0.0103556, 0.07138799, 0.12245587, 0.00377372], [-0.0393054, 0.00111148, 0.04180635, -0.01325304, -0.06401073, -0.00250095], [0.06029406, 0.04808067, -0.01485803, -5.036e-05, 0.02190664, -0.04543604], [-0.0148427, -0.00340034, -0.04726623, 0.03562733, 0.02533662, 0.06210893], [0.02796109, -0.05505861, -0.00978532, 0.04536836, -0.00762887, -0.01817577], [0.03524786, -0.01311496, -0.04682017, -0.04991949, 0.02511137, 0.01157231], [-0.03832772, 0.03543864, 0.04012359, -0.01183058, -0.05465121, -0.00179587], [0.00943394, 0.04701594, 0.04349792, 0.01124777, 0.01875987, -0.05293186], [-0.02598894, 0.00858207, -0.02287019, -0.04347045, -0.04657754, 0.04885912], [0.01518475, -0.01897886, -0.03272072, 0.06744257, 0.00640267, 0.01753597], [0.07586871, 0.0085301, -0.0341047, -0.03267663, 0.01678542, -0.041764], [-0.00134474, -0.04823605, 0.04817149, 0.02093528, -0.00759992, -0.04682676], [-0.04315266, 0.01742519, -0.02329372, -0.01366319, -0.04500351, 0.06644638]], "number of molecular orbitals": 36, "number of electrons": 36, "number of unpaired electrons": 0, "orbital energies/eV": [-16.88737992, -16.31928993, -16.01944928, -15.61066704, -15.37251735, -13.9927308, -13.60513784, -13.46843018, -13.29765153, -12.89020233, -12.5957727, -12.50170425, -12.43110033, -12.15545979, -12.10999882, -11.60064473, -11.30228629, -9.75723804, -4.84127869, 2.59347954, 2.61481447, 3.56039358, 4.31188332, 4.7624815, 4.95271183, 5.74314004, 5.77875025, 5.88255393, 6.06172665, 6.23167901, 7.05489598, 7.08122865, 7.13326124, 7.6188804, 10.4663952, 17.99885828], "fractional occupation": [2.0, 2.0, 2.0, 2.0, 2.0, 2.0, 2.0, 2.0, 2.0, 2.0, 2.0, 2.0, 2.0, 2.0, 2.0, 2.0, 2.0, 2.0, 0.0, 0.0, 0.0, 0.0, 0.0, 0.0, 0.0, 0.0, 0.0, 0.0, 0.0, 0.0, 0.0, 0.0, 0.0, 0.0, 0.0, 0.0], "program call": "xtb /tmp/scratch/tmpa3n91n3t/15548_0_xyzopt.xyz --pop --wbo --acc 0.2 --gfn 2 --chrg 0 --uhf 0 --etemp 300 --input /tmp/scratch/tmpa3n91n3t/15548_0_xtb.inp", "method": "GFN2-xTB", "xtb version": "6.3.3 (7355c4f)", "Dipole module/D": 0.0, "Total charge": 0, "Transition dipole module/D": NaN, "HOMO": -9.7572, "LUMO": -4.8413, "HOMO occupancy": 2.0, "LUMO occupancy": 0, "mulliken charges": [-0.08761, -0.02075, -0.08761, -0.02074, -0.08762, -0.08762, 0.03465, 0.03107, 0.03226, 0.03107, 0.03226, 0.03465, 0.03226, 0.03466, 0.03107, 0.03107, 0.03226, 0.03466], "cm5 charges": [-0.23438, -0.04473, -0.23438, -0.04472, -0.2344, -0.2344, 0.08678, 0.08409, 0.08588, 0.08409, 0.08588, 0.08678, 0.08589, 0.08678, 0.08409, 0.08409, 0.08589, 0.08678], "FUKUI+": [0.044, -0.155, 0.044, -0.155, 0.044, 0.044, -0.082, -0.073, -0.061, -0.073, -0.061, -0.082, -0.061, -0.082, -0.073, -0.073, -0.061, -0.082], "FUKUI-": [0.032, -0.089, 0.032, -0.089, 0.032, 0.032, -0.101, -0.071, -0.066, -0.071, -0.066, -0.101, -0.066, -0.101, -0.071, -0.071, -0.066, -0.101], "FUKUIrad": [0.038, -0.122, 0.038, -0.122, 0.038, 0.038, -0.091, -0.072, -0.063, -0.072, -0.063, -0.091, -0.063, -0.091, -0.072, -0.072, -0.063, -0.091], "s proportion": [1.005, 1.082, 1.005, 1.082, 1.005, 1.005, 0.965, 0.969, 0.968, 0.969, 0.968, 0.965, 0.968, 0.965, 0.969, 0.969, 0.968, 0.965], "p proportion": [3.082, 2.938, 3.082, 2.938, 3.082, 3.082, 0.0, 0.0, 0.0, 0.0, 0.0, 0.0, 0.0, 0.0, 0.0, 0.0, 0.0, 0.0], "d proportion": [0.0, 0.0, 0.0, 0.0, 0.0, 0.0, 0.0, 0.0, 0.0, 0.0, 0.0, 0.0, 0.0, 0.0, 0.0, 0.0, 0.0, 0.0], "Fermi-level/eV": -7.2993, "Coordination numbers": [3.758, 2.943, 3.758, 2.943, 3.758, 3.758, 0.924, 0.925, 0.925, 0.925, 0.925, 0.924, 0.925, 0.924, 0.925, 0.925, 0.925, 0.924], "Dispersion coefficient C6": [22.604, 28.289, 22.604, 28.289, 22.604, 22.604, 2.494, 2.477, 2.472, 2.477, 2.472, 2.494, 2.472, 2.494, 2.477, 2.477, 2.472, 2.494], "Total dispersion C6": 2350.496528, "Total dispersion C8": 50557.321548, "Polarizability alpha": [6.778, 8.723, 6.778, 8.723, 6.778, 6.778, 2.469, 2.461, 2.459, 2.461, 2.459, 2.469, 2.459, 2.469, 2.461, 2.461, 2.459, 2.469], "Total polarizability alpha": 74.117972, "Wiberg matrix": [[0.0, 1.0197478970610094, 0.0, 0.0, 0.0, 0.0, 0.9700749209094494, 0.9824629906179526, 0.9813459624706518, 0.0, 0.0, 0.0, 0.0, 0.0, 0.0, 0.0, 0.0, 0.0], [1.0197478970610094, 0.0, 1.0197479086959953, 1.8506811493074347, 0.0, 0.0, 0.0, 0.0, 0.0, 0.0, 0.0, 0.0, 0.0, 0.0, 0.0, 0.0, 0.0, 0.0], [0.0, 1.0197479086959953, 0.0, 0.0, 0.0, 0.0, 0.0, 0.0, 0.0, 0.9824629366752247, 0.9813459926257737, 0.9700749396890995, 0.0, 0.0, 0.0, 0.0, 0.0, 0.0], [0.0, 1.8506811493074347, 0.0, 0.0, 1.019747422165378, 1.0197473882631733, 0.0, 0.0, 0.0, 0.0, 0.0, 0.0, 0.0, 0.0, 0.0, 0.0, 0.0, 0.0], [0.0, 0.0, 0.0, 1.019747422165378, 0.0, 0.0, 0.0, 0.0, 0.0, 0.0, 0.0, 0.0, 0.9813469295191798, 0.9700753776326888, 0.9824618043831399, 0.0, 0.0, 0.0], [0.0, 0.0, 0.0, 1.0197473882631733, 0.0, 0.0, 0.0, 0.0, 0.0, 0.0, 0.0, 0.0, 0.0, 0.0, 0.0, 0.9824619826252111, 0.9813468476331223, 0.9700753625779592], [0.9700749209094494, 0.0, 0.0, 0.0, 0.0, 0.0, 0.0, 0.0, 0.0, 0.0, 0.0, 0.0, 0.0, 0.0, 0.0, 0.0, 0.0, 0.0], [0.9824629906179526, 0.0, 0.0, 0.0, 0.0, 0.0, 0.0, 0.0, 0.0, 0.0, 0.0, 0.0, 0.0, 0.0, 0.0, 0.0, 0.0, 0.0], [0.9813459624706518, 0.0, 0.0, 0.0, 0.0, 0.0, 0.0, 0.0, 0.0, 0.0, 0.0, 0.0, 0.0, 0.0, 0.0, 0.0, 0.0, 0.0], [0.0, 0.0, 0.9824629366752247, 0.0, 0.0, 0.0, 0.0, 0.0, 0.0, 0.0, 0.0, 0.0, 0.0, 0.0, 0.0, 0.0, 0.0, 0.0], [0.0, 0.0, 0.9813459926257737, 0.0, 0.0, 0.0, 0.0, 0.0, 0.0, 0.0, 0.0, 0.0, 0.0, 0.0, 0.0, 0.0, 0.0, 0.0], [0.0, 0.0, 0.9700749396890995, 0.0, 0.0, 0.0, 0.0, 0.0, 0.0, 0.0, 0.0, 0.0, 0.0, 0.0, 0.0, 0.0, 0.0, 0.0], [0.0, 0.0, 0.0, 0.0, 0.9813469295191798, 0.0, 0.0, 0.0, 0.0, 0.0, 0.0, 0.0, 0.0, 0.0, 0.0, 0.0, 0.0, 0.0], [0.0, 0.0, 0.0, 0.0, 0.9700753776326888, 0.0, 0.0, 0.0, 0.0, 0.0, 0.0, 0.0, 0.0, 0.0, 0.0, 0.0, 0.0, 0.0], [0.0, 0.0, 0.0, 0.0, 0.9824618043831399, 0.0, 0.0, 0.0, 0.0, 0.0, 0.0, 0.0, 0.0, 0.0, 0.0, 0.0, 0.0, 0.0], [0.0, 0.0, 0.0, 0.0, 0.0, 0.9824619826252111, 0.0, 0.0, 0.0, 0.0, 0.0, 0.0, 0.0, 0.0, 0.0, 0.0, 0.0, 0.0], [0.0, 0.0, 0.0, 0.0, 0.0, 0.9813468476331223, 0.0, 0.0, 0.0, 0.0, 0.0, 0.0, 0.0, 0.0, 0.0, 0.0, 0.0, 0.0], [0.0, 0.0, 0.0, 0.0, 0.0, 0.9700753625779592, 0.0, 0.0, 0.0, 0.0, 0.0, 0.0, 0.0, 0.0, 0.0, 0.0, 0.0, 0.0]], "Born radii": [], "Atomic SASAs": [], "Solvent H bonds": [], "Total SASA": NaN, "Total FOD": 0.0, "FOD": [0.0, 0.0, 0.0, 0.0, 0.0, 0.0, 0.0, 0.0, 0.0, 0.0, 0.0, 0.0, 0.0, 0.0, 0.0, 0.0, 0.0, 0.0], "FOD s proportion": [0.0, 0.0, 0.0, 0.0, 0.0, 0.0, 0.0, 0.0, 0.0, 0.0, 0.0, 0.0, 0.0, 0.0, 0.0, 0.0, 0.0, 0.0], "FOD p proportion": [0.0, 0.0, 0.0, 0.0, 0.0, 0.0, 0.0, 0.0, 0.0, 0.0, 0.0, 0.0, 0.0, 0.0, 0.0, 0.0, 0.0, 0.0], "FOD d proportion": [0.0, 0.0, 0.0, 0.0, 0.0, 0.0, 0.0, 0.0, 0.0, 0.0, 0.0, 0.0, 0.0, 0.0, 0.0, 0.0, 0.0, 0.0], "coordinates": [["1.61859734943889", "-1.00301853574734", "-0.40425592553420"], ["0.64243688782106", "-0.01573711207602", "0.17569174914547"], ["1.23174475227668", "0.93319570265487", "1.18375716172360"], ["-0.64243099072662", "0.01573754136895", "-0.17568927202300"], ["-1.60387400658570", "1.04473548439093", "0.35416248513465"], ["-1.24646216390949", "-0.97491266577252", "-1.13366164730801"], ["1.61379200054091", "-1.93099124464220", "0.17003527637710"], ["2.62639572089085", "-0.59479624948975", "-0.37054439530058"], ["1.38155342182349", "-1.24115079711668", "-1.43787293371125"], ["2.09678803263953", "0.47909358370167", "1.66222526563338"], ["0.51307810073777", "1.19474199798897", "1.95600910686422"], ["1.56198254013587", "1.85319538009416", "0.69846222521670"], ["-1.11401606764405", "1.99929565429026", "0.52760902609328"], ["-2.04445939488848", "0.71072894414918", "1.29503643158389"], ["-2.41266114276378", "1.20034300504621", "-0.35649989710195"], ["-2.31039176220852", "-1.08463823581035", "-0.93514965178107"], ["-0.78056364404744", "-1.95288821523496", "-1.04572132161600"], ["-1.13150963353101", "-0.63293423779530", "-2.16359268339622"]], "bond_dist": [[0.0, 1.504643865410935, 2.533844129820271, 2.4904529336629277, 3.8926618981145626, 2.956583951439815, 1.0913142647397318, 1.0878600368472449, 1.0868582783036096, 2.587598728081097, 3.409277811510865, 3.0622133318360656, 4.165265762348727, 4.3866285062646755, 4.594358252101799, 3.9655346882167817, 2.6588914485263606, 3.2856227161582177], [1.504643865410935, 0.0, 1.5046438522184074, 1.3324206322218572, 2.49045509210513, 2.4904545141884884, 2.1475011392320615, 2.1377034549808966, 2.156738958725233, 2.137703572893243, 2.1567390351857734, 2.147501300961713, 2.696169468728964, 3.0000161804545167, 3.331021281240773, 3.331023156144139, 2.6961703951336045, 3.000011701468037], [2.533844129820271, 1.5046438522184074, 0.0, 2.4904535329129236, 2.956586240234957, 3.892661942880358, 3.062214726273068, 2.5875981257225704, 3.4092770048545358, 1.0878604404048005, 1.0868584486540152, 1.0913146101916558, 2.658889487557409, 3.2856335992381838, 3.9655332322706056, 4.594360779780788, 4.165265870348867, 4.386625726915555], [2.4904529336629277, 1.3324206322218572, 2.4904535329129236, 0.0, 1.5046435870500092, 1.5046436664191676, 2.99997010251354, 3.331058105081882, 2.696180408188543, 3.3310583194633367, 2.696180770597018, 2.9999718605794885, 2.1567391516454704, 2.147494072463313, 2.137685051146909, 2.1376856772284634, 2.1567391513107848, 2.1474945794764615], [3.8926618981145626, 2.49045509210513, 2.956586240234957, 1.5046435870500092, 0.0, 2.533839482844681, 4.386596280523791, 4.594392923570695, 4.165266373796614, 3.9655867820669446, 2.658928501928842, 3.285543697533312, 1.0868438806346166, 1.0912926447187037, 1.087837926190213, 2.5876100103555646, 3.409290610966507, 3.0621552681625537], [2.956583951439815, 2.4904545141884884, 3.892661942880358, 1.5046436664191676, 2.533839482844681, 0.0, 3.285538890814617, 3.9655850294879813, 2.6589270708712944, 4.5943921992132974, 4.165266938874882, 4.386597161701906, 3.4092927932123684, 3.0621498291499, 2.587612350738259, 1.0878386384133218, 1.0868445643415747, 1.091293392511803], [1.0913142647397318, 2.1475011392320615, 3.062214726273068, 2.99997010251354, 4.386596280523791, 3.285538890814617, 0.0, 1.7615361878111229, 1.7649882188151904, 2.875486917179935, 3.7645028777375424, 3.821254724731257, 4.797494236709533, 4.65049636353429, 5.127847344394187, 4.163768166554543, 2.685420364795238, 3.829811027935722], [1.0878600368472449, 2.1377034549808966, 2.5875981257225704, 3.331058105081882, 4.594392923570695, 3.9655850294879813, 1.7615361878111229, 0.0, 1.7625540444738657, 2.359210921410032, 3.616823150400636, 2.8754849317267506, 4.639684549775916, 5.127908251393843, 5.34928184584159, 4.993054668286191, 3.729296151231643, 4.163931954581773], [1.0868582783036096, 2.156738958725233, 3.4092770048545358, 2.696180408188543, 4.165266373796614, 2.6589270708712944, 1.7649882188151904, 1.7625540444738657, 0.0, 3.6168232088154513, 4.266879234044862, 3.7645000786858844, 4.5377835575877965, 4.7975193531195535, 4.639646946959606, 3.729301023239941, 2.3097842422505392, 2.685532062423245], [2.587598728081097, 2.137703572893243, 1.0878604404048005, 3.3310583194633367, 3.9655867820669446, 4.5943921992132974, 2.875486917179935, 2.359210921410032, 3.6168232088154513, 0.0, 1.7625546081312065, 1.7615367892083191, 3.7292936753288557, 4.163941982793183, 4.993053562299949, 5.349284756776834, 4.639683487166763, 5.127903536173678], [3.409277811510865, 2.1567390351857734, 1.0868584486540152, 2.696180770597018, 2.658928501928842, 4.165266938874882, 3.7645028777375424, 3.616823150400636, 4.266879234044862, 1.7625546081312065, 0.0, 1.7649888211929863, 2.309776787786285, 2.6855449270657807, 3.7293001200854943, 4.639650340800733, 4.537782551898569, 4.7975189576358], [3.0622133318360656, 2.147501300961713, 1.0913146101916558, 2.9999718605794885, 3.285543697533312, 4.386597161701906, 3.821254724731257, 2.8754849317267506, 3.7645000786858844, 1.7615367892083191, 1.7649888211929863, 0.0, 2.685424483133151, 3.829824248143202, 4.163766769302397, 5.127849145291226, 4.797496347544949, 4.650494475479703], [4.165265762348727, 2.696169468728964, 2.658889487557409, 2.1567391516454704, 1.0868438806346166, 3.4092927932123684, 4.797494236709533, 4.639684549775916, 4.5377835575877965, 3.7292936753288557, 2.309776787786285, 2.685424483133151, 0.0, 1.7649571593655016, 1.762513249578636, 3.616853050754539, 4.2668860121124395, 3.7645061921579313], [4.3866285062646755, 3.0000161804545167, 3.2856335992381838, 2.147494072463313, 1.0912926447187037, 3.0621498291499, 4.65049636353429, 5.127908251393843, 4.7975193531195535, 4.163941982793183, 2.6855449270657807, 3.829824248143202, 1.7649571593655016, 0.0, 1.7614955863514419, 2.875377071150672, 3.7644967392634396, 3.821128546419752], [4.594358252101799, 3.331021281240773, 3.9655332322706056, 2.137685051146909, 1.087837926190213, 2.587612350738259, 5.127847344394187, 5.34928184584159, 4.639646946959606, 4.993053562299949, 3.7293001200854943, 4.163766769302397, 1.762513249578636, 1.7614955863514419, 0.0, 2.3593291071522318, 3.616854371671769, 2.8753850136993413], [3.9655346882167817, 3.331023156144139, 4.594360779780788, 2.1376856772284634, 2.5876100103555646, 1.0878386384133218, 4.163768166554543, 4.993054668286191, 3.729301023239941, 5.349284756776834, 4.639650340800733, 5.127849145291226, 3.616853050754539, 2.875377071150672, 2.3593291071522318, 0.0, 1.7625147352737767, 1.7614970499724993], [2.6588914485263606, 2.6961703951336045, 4.165265870348867, 2.1567391513107848, 3.409290610966507, 1.0868445643415747, 2.685420364795238, 3.729296151231643, 2.3097842422505392, 4.639683487166763, 4.537782551898569, 4.797496347544949, 4.2668860121124395, 3.7644967392634396, 3.616854371671769, 1.7625147352737767, 0.0, 1.764958348398552], [3.2856227161582177, 3.000011701468037, 4.386625726915555, 2.1474945794764615, 3.0621552681625537, 1.091293392511803, 3.829811027935722, 4.163931954581773, 2.685532062423245, 5.127903536173678, 4.7975189576358, 4.650494475479703, 3.7645061921579313, 3.821128546419752, 2.8753850136993413, 1.7614970499724993, 1.764958348398552, 0.0]]}