{"total energy": -19.86289492, "HOMO-LUMO gap/eV": 3.90972929, "electronic energy": -20.12893963, "dipole": [0.24978262, -0.92833986, 0.75579257], "partial charges": [-0.13887447, 0.23981516, -0.35346948, -0.03481315, -0.10037478, -0.10336837, 0.06051582, 0.06574898, 0.06585328, 0.03616751, 0.05007928, 0.03400336, 0.04568691, 0.0361082, 0.05772646, 0.03919529], "atomic dipole moments": [[0.06216471, 0.04301606, -0.01224049], [-0.00687423, 0.0179436, -0.01754845], [0.02681298, -0.12731419, 0.11153848], [0.0179687, 0.04070236, -0.08607768], [-0.0607838, 0.05646525, 0.07502733], [-0.0556428, -0.09817747, -0.00917931], [0.03813773, -0.12467341, -0.01055036], [-0.10872706, 0.02094013, -0.07198615], [-0.02872796, 0.02156775, 0.1269947], [-0.01452086, -0.06552532, 0.10674963], [0.01246932, 0.06310739, -0.11014853], [-0.05920396, -0.10753448, -0.02332083], [0.11350361, -0.02700238, 0.04389987], [-0.05939549, 0.0680034, 0.08769073], [0.00340023, 0.06965986, -0.10692244], [0.11548738, -0.02351559, 0.03866542]], "atomic quadrupole moments": [[0.05265526, 0.1394073, 0.02296694, -0.06805341, -0.08398746, -0.0756222], [-0.2531421, -0.1199821, 0.03338029, -0.16211833, 0.45889332, 0.21976181], [-0.10995308, -0.0542747, 0.01516302, -0.06893219, 0.18761201, 0.09479006], [0.09226566, -0.00960364, 0.03240295, 0.01816608, 0.10461295, -0.12466861], [-0.0233401, -0.10072377, 0.00044166, -0.1333514, 0.15157762, 0.02289844], [-0.02425112, 0.15752559, 0.15026412, 0.03193486, 0.06776465, -0.126013], [-0.01739837, -0.03891186, 0.07416238, 0.00363332, 0.01697409, -0.05676401], [0.03800346, -0.01133487, -0.03408797, 0.05698134, -0.01953519, -0.0039155], [-0.03141113, -0.0077266, -0.05175609, -0.02043882, 0.02640643, 0.08316722], [-0.01790548, 0.01092013, -0.00527712, -0.00069236, -0.02025648, 0.02318259], [-0.04407906, -0.00405722, -0.0005722, -0.0128725, -0.05211294, 0.04465126], [-0.00317789, 0.05711839, 0.04461894, -0.00057766, 0.01935014, -0.04144105], [0.05616497, -0.02589419, -0.04291791, 0.04507521, 0.00093093, -0.01324706], [-0.00723989, -0.02196295, -0.00763079, -0.05150163, 0.04605276, 0.01487069], [-0.04303281, 0.01237189, -0.007333, 0.00147476, -0.04951299, 0.05036582], [0.064864, -0.02785675, -0.02392941, 0.04150305, -0.00682648, -0.04093459]], "number of molecular orbitals": 34, "number of electrons": 36, "number of unpaired electrons": 0, "orbital energies/eV": [-19.25194564, -17.54296456, -17.09817616, -16.29150147, -15.9895002, -15.26033306, -14.79796385, -14.61415541, -14.12585351, -13.61716623, -13.22199154, -13.1516608, -13.01947622, -12.71504116, -12.47847654, -12.20019007, -11.97830649, -10.62124572, -6.71151642, 1.78369727, 2.52016345, 3.36256768, 3.48947911, 4.19233103, 4.699125, 4.88990294, 5.23726786, 5.74090986, 6.00731363, 6.29958609, 6.65594095, 6.90831877, 8.17978634, 17.37886517], "fractional occupation": [2.0, 2.0, 2.0, 2.0, 2.0, 2.0, 2.0, 2.0, 2.0, 2.0, 2.0, 2.0, 2.0, 2.0, 2.0, 2.0, 2.0, 2.0, 0.0, 0.0, 0.0, 0.0, 0.0, 0.0, 0.0, 0.0, 0.0, 0.0, 0.0, 0.0, 0.0, 0.0, 0.0, 0.0], "program call": "xtb /tmp/scratch/tmplzt0dkgx/15567_0_xyzopt.xyz --pop --wbo --acc 0.2 --gfn 2 --chrg 0 --uhf 0 --etemp 300 --input /tmp/scratch/tmplzt0dkgx/15567_0_xtb.inp", "method": "GFN2-xTB", "xtb version": "6.3.3 (7355c4f)", "Dipole module/D": 3.108, "Total charge": 0, "Transition dipole module/D": NaN, "HOMO": -10.6212, "LUMO": -6.7115, "HOMO occupancy": 2.0, "LUMO occupancy": 0, "mulliken charges": [-0.13278, 0.40088, -0.48626, -0.04095, -0.08099, -0.08061, 0.04915, 0.06275, 0.05666, 0.02376, 0.04688, 0.03056, 0.03649, 0.0352, 0.04923, 0.03003], "cm5 charges": [-0.27663, 0.42009, -0.53973, -0.10802, -0.23032, -0.22937, 0.10272, 0.1179, 0.10997, 0.08312, 0.10137, 0.08347, 0.08894, 0.08836, 0.10556, 0.08258], "FUKUI+": [0.049, -0.19, -0.292, 0.006, 0.02, 0.027, -0.103, -0.077, -0.108, -0.075, -0.032, -0.035, -0.07, -0.032, -0.026, -0.062], "FUKUI-": [-0.003, -0.047, -0.218, -0.034, 0.022, 0.022, -0.078, -0.081, -0.083, -0.074, -0.054, -0.057, -0.103, -0.063, -0.044, -0.105], "FUKUIrad": [0.023, -0.118, -0.255, -0.014, 0.021, 0.025, -0.09, -0.079, -0.096, -0.074, -0.043, -0.046, -0.086, -0.048, -0.035, -0.083], "s proportion": [1.021, 1.07, 1.729, 1.06, 1.01, 1.007, 0.951, 0.937, 0.943, 0.976, 0.953, 0.969, 0.964, 0.965, 0.951, 0.97], "p proportion": [3.112, 2.529, 4.758, 2.981, 3.071, 3.074, 0.0, 0.0, 0.0, 0.0, 0.0, 0.0, 0.0, 0.0, 0.0, 0.0], "d proportion": [0.0, 0.0, 0.0, 0.0, 0.0, 0.0, 0.0, 0.0, 0.0, 0.0, 0.0, 0.0, 0.0, 0.0, 0.0, 0.0], "Fermi-level/eV": -8.6664, "Coordination numbers": [3.753, 2.818, 0.857, 3.851, 3.759, 3.756, 0.925, 0.925, 0.925, 0.924, 0.925, 0.925, 0.925, 0.925, 0.925, 0.925], "Dispersion coefficient C6": [23.233, 22.997, 20.773, 21.16, 22.467, 22.529, 2.193, 2.133, 2.132, 2.501, 2.319, 2.53, 2.374, 2.501, 2.226, 2.46], "Total dispersion C6": 1886.903542, "Total dispersion C8": 40255.02443, "Polarizability alpha": [6.873, 7.857, 6.111, 6.543, 6.758, 6.767, 2.316, 2.284, 2.283, 2.473, 2.381, 2.488, 2.41, 2.473, 2.333, 2.453], "Total polarizability alpha": 64.802183, "Wiberg matrix": [[0.0, 1.0040024293499006, 0.0, 0.0, 0.0, 0.0, 0.9664475665983298, 0.9828101210299991, 0.9574535505321102, 0.0, 0.0, 0.0, 0.0, 0.0, 0.0, 0.0], [1.0040024293499006, 0.0, 1.8763102514310448, 0.9661038277826265, 0.0, 0.0, 0.0, 0.0, 0.0, 0.0, 0.0, 0.0, 0.0, 0.0, 0.0, 0.0], [0.0, 1.8763102514310448, 0.0, 0.0, 0.0, 0.0, 0.0, 0.0, 0.0, 0.0, 0.0, 0.0, 0.0, 0.0, 0.0, 0.0], [0.0, 0.9661038277826265, 0.0, 0.0, 0.9822408273765069, 1.003253470448305, 0.0, 0.0, 0.0, 0.9671155975730971, 0.0, 0.0, 0.0, 0.0, 0.0, 0.0], [0.0, 0.0, 0.0, 0.9822408273765069, 0.0, 0.0, 0.0, 0.0, 0.0, 0.0, 0.986402090087078, 0.98648721680766, 0.9825586857176853, 0.0, 0.0, 0.0], [0.0, 0.0, 0.0, 1.003253470448305, 0.0, 0.0, 0.0, 0.0, 0.0, 0.0, 0.0, 0.0, 0.0, 0.9872968121101635, 0.9841414941557568, 0.9853317287766565], [0.9664475665983298, 0.0, 0.0, 0.0, 0.0, 0.0, 0.0, 0.0, 0.0, 0.0, 0.0, 0.0, 0.0, 0.0, 0.0, 0.0], [0.9828101210299991, 0.0, 0.0, 0.0, 0.0, 0.0, 0.0, 0.0, 0.0, 0.0, 0.0, 0.0, 0.0, 0.0, 0.0, 0.0], [0.9574535505321102, 0.0, 0.0, 0.0, 0.0, 0.0, 0.0, 0.0, 0.0, 0.0, 0.0, 0.0, 0.0, 0.0, 0.0, 0.0], [0.0, 0.0, 0.0, 0.9671155975730971, 0.0, 0.0, 0.0, 0.0, 0.0, 0.0, 0.0, 0.0, 0.0, 0.0, 0.0, 0.0], [0.0, 0.0, 0.0, 0.0, 0.986402090087078, 0.0, 0.0, 0.0, 0.0, 0.0, 0.0, 0.0, 0.0, 0.0, 0.0, 0.0], [0.0, 0.0, 0.0, 0.0, 0.98648721680766, 0.0, 0.0, 0.0, 0.0, 0.0, 0.0, 0.0, 0.0, 0.0, 0.0, 0.0], [0.0, 0.0, 0.0, 0.0, 0.9825586857176853, 0.0, 0.0, 0.0, 0.0, 0.0, 0.0, 0.0, 0.0, 0.0, 0.0, 0.0], [0.0, 0.0, 0.0, 0.0, 0.0, 0.9872968121101635, 0.0, 0.0, 0.0, 0.0, 0.0, 0.0, 0.0, 0.0, 0.0, 0.0], [0.0, 0.0, 0.0, 0.0, 0.0, 0.9841414941557568, 0.0, 0.0, 0.0, 0.0, 0.0, 0.0, 0.0, 0.0, 0.0, 0.0], [0.0, 0.0, 0.0, 0.0, 0.0, 0.9853317287766565, 0.0, 0.0, 0.0, 0.0, 0.0, 0.0, 0.0, 0.0, 0.0, 0.0]], "Born radii": [], "Atomic SASAs": [], "Solvent H bonds": [], "Total SASA": NaN, "Total FOD": 0.0, "FOD": [0.0, 0.0, 0.0, 0.0, 0.0, 0.0, 0.0, 0.0, 0.0, 0.0, 0.0, 0.0, 0.0, 0.0, 0.0, 0.0], "FOD s proportion": [0.0, 0.0, 0.0, 0.0, 0.0, 0.0, 0.0, 0.0, 0.0, 0.0, 0.0, 0.0, 0.0, 0.0, 0.0, 0.0], "FOD p proportion": [0.0, 0.0, 0.0, 0.0, 0.0, 0.0, 0.0, 0.0, 0.0, 0.0, 0.0, 0.0, 0.0, 0.0, 0.0, 0.0], "FOD d proportion": [0.0, 0.0, 0.0, 0.0, 0.0, 0.0, 0.0, 0.0, 0.0, 0.0, 0.0, 0.0, 0.0, 0.0, 0.0, 0.0], "coordinates": [["-2.05708202069441", "-0.62957767469088", "0.14373188817039"], ["-0.96318561707742", "0.30965188009836", "-0.29801012898265"], ["-1.15121503055817", "1.20708588325907", "-1.07819688969306"], ["0.40657995357786", "0.01721231796047", "0.30078537538805"], ["1.17155928325994", "-0.84825375430051", "-0.70718809448595"], ["1.15929863691295", "1.31706956293974", "0.57178217808251"], ["-1.72934744557871", "-1.66202954190919", "0.04977211363235"], ["-2.95623039256831", "-0.46941183361757", "-0.44530324663920"], ["-2.27936330443135", "-0.44040579812256", "1.19256584579613"], ["0.28368584338935", "-0.54452209698907", "1.23170997828658"], ["1.28215461408740", "-0.31180915564970", "-1.64669142273563"], ["0.64559805347660", "-1.78086250389222", "-0.90083400700863"], ["2.16103463558483", "-1.08334933582332", "-0.32173342743483"], ["0.64799468112455", "1.90188403484674", "1.33329903963621"], ["1.20810000825089", "1.90932035089971", "-0.33845280408773"], ["2.17041610124405", "1.10799966499093", "0.91276260207553"]], "bond_dist": [[0.0, 1.5079447961229269, 2.384751133156398, 2.551986170792526, 3.3460437406401833, 3.7838825369056486, 1.0872880248950059, 1.0867765553831008, 1.0886907911124233, 2.582658508087802, 3.8022485146289746, 3.117860524565094, 4.267912230407124, 3.8911191651535653, 4.164122830073964, 4.634902762874144], [1.5079447961229269, 0.0, 1.203924512563298, 1.5232644787135774, 2.4627845734335825, 2.505268140053732, 2.143708017809439, 2.1449622396791455, 2.1252592693443795, 2.1504290801241686, 2.6919709888406214, 2.705888378376141, 3.4207846131543715, 2.791464631971685, 2.6972311901657475, 3.4529392582239593], [2.384751133156398, 1.203924512563298, 0.0, 2.396688632552006, 3.1236755697059464, 2.841302648692055, 3.1366183198946676, 2.543477818893487, 3.023790794507956, 3.234616016355548, 2.9242975226203427, 3.491107333696956, 4.09747828711869, 3.0879139682372467, 2.570354452615669, 3.8738832135561108], [2.551986170792526, 1.5232644787135774, 2.396688632552006, 0.0, 1.5330477530219089, 1.526320261490828, 2.728561294159158, 3.478784948939111, 2.866875988391156, 1.094197939835162, 2.1604518035478284, 2.175796832705472, 2.1626088053236816, 2.1624876919803833, 2.152006658088159, 2.1622791490091546], [3.3460437406401833, 2.4627845734335825, 3.1236755697059464, 1.5330477530219089, 0.0, 2.514863882946154, 3.1065221130057936, 4.1534025186914825, 3.960337320887422, 2.1540422236998555, 1.087506615342955, 1.0880684879578846, 1.087615145932376, 3.464240969739689, 2.782357972051533, 2.7292641210796758], [3.7838825369056486, 2.505268140053732, 2.841302648692055, 1.526320261490828, 2.514863882946154, 0.0, 4.18232019025246, 4.600386693956245, 3.911328157249246, 2.160492067557964, 2.754989036008686, 3.4683814393346313, 2.7502465412898944, 1.0878178304235167, 1.087046591664831, 1.087352931871772], [1.0872880248950059, 2.143708017809439, 3.1366183198946676, 2.728561294159158, 3.1065221130057936, 4.18232019025246, 0.0, 1.781201385608221, 1.760925759549644, 2.588069363028908, 3.7108258214405727, 2.560886446708801, 3.9506910642819895, 4.472211638525188, 4.640458618241833, 4.860655317068959], [1.0867765553831008, 2.1449622396791455, 2.543477818893487, 3.478784948939111, 4.1534025186914825, 4.600386693956245, 1.781201385608221, 0.0, 1.7724574942866969, 3.6489823409084554, 4.4081832559922995, 3.8601268488153173, 5.155442767133779, 4.666573536372948, 4.797023192555858, 5.533089024939517], [1.0886907911124233, 2.1252592693443795, 3.023790794507956, 2.866875988391156, 3.960337320887422, 3.911328157249246, 1.760925759549644, 1.7724574942866969, 0.0, 2.5654616350556694, 4.556569852125154, 3.8385604162264477, 4.735357700034805, 3.751739898910594, 4.475224177512877, 4.719786657526925], [2.582658508087802, 2.1504290801241686, 3.234616016355548, 1.094197939835162, 2.1540422236998555, 2.160492067557964, 2.588069363028908, 3.6489823409084554, 2.5654616350556694, 0.0, 3.055534294445526, 2.4914377172168005, 2.49558804606187, 2.4754684866751426, 3.0563532960721167, 2.528301142766395], [3.8022485146289746, 2.6919709888406214, 2.9242975226203427, 2.1604518035478284, 1.087506615342955, 2.754989036008686, 3.7108258214405727, 4.4081832559922995, 4.556569852125154, 3.055534294445526, 0.0, 1.766246098207769, 1.7672628641832486, 3.766024365037073, 2.5788347470964075, 3.058704049406664], [3.117860524565094, 2.705888378376141, 3.491107333696956, 2.175796832705472, 1.0880684879578846, 3.4683814393346313, 2.560886446708801, 3.8601268488153173, 3.8385604162264477, 2.4914377172168005, 1.766246098207769, 0.0, 1.7659077369115574, 4.30743291097243, 3.7749345117927504, 3.7362718544135887], [4.267912230407124, 3.4207846131543715, 4.09747828711869, 2.1626088053236816, 1.087615145932376, 2.7502465412898944, 3.9506910642819895, 5.155442767133779, 4.735357700034805, 2.49558804606187, 1.7672628641832486, 1.7659077369115574, 0.0, 3.7336363840382942, 3.140769936712757, 2.515169756128673], [3.8911191651535653, 2.791464631971685, 3.0879139682372467, 2.1624876919803833, 3.464240969739689, 1.0878178304235167, 4.472211638525188, 4.666573536372948, 3.751739898910594, 2.4754684866751426, 3.766024365037073, 4.30743291097243, 3.7336363840382942, 0.0, 1.763101671278811, 1.76773025896381], [4.164122830073964, 2.6972311901657475, 2.570354452615669, 2.152006658088159, 2.782357972051533, 1.087046591664831, 4.640458618241833, 4.797023192555858, 4.475224177512877, 3.0563532960721167, 2.5788347470964075, 3.7749345117927504, 3.140769936712757, 1.763101671278811, 0.0, 1.7702279788544835], [4.634902762874144, 3.4529392582239593, 3.8738832135561108, 2.1622791490091546, 2.7292641210796758, 1.087352931871772, 4.860655317068959, 5.533089024939517, 4.719786657526925, 2.528301142766395, 3.058704049406664, 3.7362718544135887, 2.515169756128673, 1.76773025896381, 1.7702279788544835, 0.0]]}