{"total energy": -23.02648543, "HOMO-LUMO gap/eV": 3.86820854, "electronic energy": -23.33899383, "dipole": [-0.13583436, 0.80889335, -0.81636825], "partial charges": [-0.10015697, -0.08040457, 0.23336474, -0.35102244, -0.03493026, -0.10308514, -0.10023316, 0.05278772, 0.04579065, 0.03596982, 0.05084975, 0.05654957, 0.03237017, 0.03912255, 0.05784662, 0.03578042, 0.05042144, 0.03367951, 0.04529958], "atomic dipole moments": [[-0.09665401, 0.02618167, -0.06035878], [0.01438627, -0.04931195, 0.07046735], [0.00289637, -0.0157432, 0.01930621], [-0.01682863, 0.11428885, -0.1264588], [-0.0169288, -0.02580713, 0.08856595], [0.06982962, 0.08894994, -0.0071861], [0.04562003, -0.07304403, -0.07151722], [0.01942484, -0.1253543, 0.00944031], [-0.00696542, 0.04466404, 0.11816686], [0.09496396, 0.05330635, -0.05901691], [-0.02306917, 0.12594822, -0.00747315], [0.01070427, -0.04260644, -0.12136016], [0.01525844, 0.04962893, -0.11480114], [-0.11355397, 0.03619234, -0.03432348], [-0.0048935, -0.055045, 0.1149077], [0.04182907, -0.08602098, -0.08169741], [-0.01170559, -0.04729163, 0.1176867], [0.075791, 0.09913795, 0.00523267], [-0.11177858, 0.03858773, -0.03918887]], "atomic quadrupole moments": [[0.16591245, -0.04953993, -0.12679083, 0.15732269, -0.03904447, -0.03912162], [0.18405075, 0.04589927, -0.13357565, 0.03747584, -0.1250792, -0.0504751], [-0.29096881, -0.04026327, 0.18725518, -0.0351796, 0.48287383, 0.10371363], [-0.12722868, -0.01966091, 0.08042199, -0.0176485, 0.20069125, 0.04680669], [0.09208098, -0.00657976, 0.05578284, 0.01547706, 0.07930595, -0.14786382], [0.02981517, 0.18247245, 0.10974919, 0.0073701, 0.01970303, -0.13956436], [-0.06923879, -0.09017443, 0.06929024, -0.09239679, 0.17283931, -5.145e-05], [-0.03210916, -0.01422878, 0.07818752, 0.01152883, 0.00137419, -0.04607836], [-0.02999048, -0.01474775, -0.0289532, -0.0076401, 0.04809274, 0.05894368], [0.03097837, 0.04256668, -0.0255874, -0.04214977, -0.03836497, -0.00539097], [-0.00813865, -0.01018771, 0.06352712, 0.01869691, 0.00459669, -0.05538847], [-0.0110559, -0.01831398, -0.03942003, -0.00098624, 0.04112861, 0.05047593], [-0.01480276, 0.00996017, -0.01309751, -0.00135772, -0.0165825, 0.02790027], [0.06073681, -0.03620302, -0.01680466, 0.03639452, -0.01324259, -0.04393215], [-0.03920077, 0.01312646, -0.0224764, -0.00020247, -0.04188643, 0.06167717], [-0.02043561, -0.02169594, 0.0118775, -0.03915377, 0.05581111, 0.00855811], [-0.0471112, -0.00354654, -0.01147759, -0.01221435, -0.0428988, 0.05858879], [0.01363343, 0.06224422, 0.03002512, -0.00979689, 0.00570706, -0.04365855], [0.05413158, -0.03438556, -0.03387263, 0.04339691, -0.00071375, -0.02025895]], "number of molecular orbitals": 40, "number of electrons": 42, "number of unpaired electrons": 0, "orbital energies/eV": [-19.20072596, -17.52970484, -17.23355951, -16.31571278, -16.2453039, -15.56991591, -15.26003852, -14.82478062, -14.66217199, -14.01152622, -13.70334757, -13.47734132, -13.11974602, -13.02335232, -12.7620904, -12.54519885, -12.36360126, -12.17742484, -12.09745427, -11.95523858, -10.51799878, -6.64979024, 1.43201185, 2.51803233, 3.11280766, 3.43757756, 3.89921785, 4.20220807, 4.33617759, 4.53512449, 4.96399436, 5.19510408, 5.42054767, 6.2303484, 6.58394575, 6.80622704, 7.00803107, 7.51396421, 8.23487912, 17.44840158], "fractional occupation": [2.0, 2.0, 2.0, 2.0, 2.0, 2.0, 2.0, 2.0, 2.0, 2.0, 2.0, 2.0, 2.0, 2.0, 2.0, 2.0, 2.0, 2.0, 2.0, 2.0, 2.0, 0.0, 0.0, 0.0, 0.0, 0.0, 0.0, 0.0, 0.0, 0.0, 0.0, 0.0, 0.0, 0.0, 0.0, 0.0, 0.0, 0.0, 0.0, 0.0], "program call": "xtb /tmp/scratch/tmp2mgl5sdd/15664_0_xyzopt.xyz --pop --wbo --acc 0.2 --gfn 2 --chrg 0 --uhf 0 --etemp 300 --input /tmp/scratch/tmp2mgl5sdd/15664_0_xtb.inp", "method": "GFN2-xTB", "xtb version": "6.3.3 (7355c4f)", "Dipole module/D": 2.941, "Total charge": 0, "Transition dipole module/D": NaN, "HOMO": -10.518, "LUMO": -6.6498, "HOMO occupancy": 2.0, "LUMO occupancy": 0, "mulliken charges": [-0.07312, -0.08249, 0.39367, -0.48727, -0.04085, -0.08046, -0.08093, 0.04555, 0.03996, 0.02769, 0.04011, 0.04824, 0.02296, 0.02984, 0.04908, 0.03476, 0.04681, 0.03035, 0.0361], "cm5 charges": [-0.22352, -0.18722, 0.41457, -0.54237, -0.10795, -0.22922, -0.23026, 0.10045, 0.09383, 0.07944, 0.09658, 0.10447, 0.0823, 0.08239, 0.1054, 0.0879, 0.10138, 0.08328, 0.08855], "FUKUI+": [0.03, 0.028, -0.187, -0.289, 0.006, 0.026, 0.019, -0.028, -0.031, -0.06, -0.092, -0.098, -0.073, -0.06, -0.025, -0.032, -0.031, -0.034, -0.068], "FUKUI-": [0.02, -0.016, -0.043, -0.194, -0.031, 0.02, 0.021, -0.044, -0.051, -0.099, -0.071, -0.077, -0.065, -0.092, -0.039, -0.054, -0.046, -0.048, -0.089], "FUKUIrad": [0.025, 0.006, -0.115, -0.242, -0.013, 0.023, 0.02, -0.036, -0.041, -0.08, -0.081, -0.088, -0.069, -0.076, -0.032, -0.043, -0.038, -0.041, -0.079], "s proportion": [1.001, 1.038, 1.074, 1.729, 1.06, 1.007, 1.01, 0.954, 0.96, 0.972, 0.96, 0.952, 0.977, 0.97, 0.951, 0.965, 0.953, 0.97, 0.964], "p proportion": [3.072, 3.044, 2.533, 4.758, 2.98, 3.074, 3.071, 0.0, 0.0, 0.0, 0.0, 0.0, 0.0, 0.0, 0.0, 0.0, 0.0, 0.0, 0.0], "d proportion": [0.0, 0.0, 0.0, 0.0, 0.0, 0.0, 0.0, 0.0, 0.0, 0.0, 0.0, 0.0, 0.0, 0.0, 0.0, 0.0, 0.0, 0.0, 0.0], "Fermi-level/eV": -8.5839, "Coordination numbers": [3.752, 3.802, 2.82, 0.857, 3.851, 3.756, 3.759, 0.925, 0.925, 0.925, 0.924, 0.924, 0.924, 0.925, 0.925, 0.925, 0.925, 0.925, 0.925], "Dispersion coefficient C6": [22.472, 22.034, 23.117, 20.727, 21.162, 22.523, 22.464, 2.285, 2.373, 2.503, 2.309, 2.24, 2.553, 2.461, 2.224, 2.506, 2.315, 2.535, 2.379], "Total dispersion C6": 2633.328843, "Total dispersion C8": 56077.722215, "Polarizability alpha": [6.76, 6.683, 7.878, 6.104, 6.543, 6.767, 6.757, 2.364, 2.409, 2.474, 2.376, 2.34, 2.499, 2.453, 2.332, 2.475, 2.379, 2.49, 2.412], "Total polarizability alpha": 76.496539, "Wiberg matrix": [[0.0, 1.0191488952339216, 0.0, 0.0, 0.0, 0.0, 0.0, 0.9858560188967842, 0.9871399572753821, 0.9872952036632757, 0.0, 0.0, 0.0, 0.0, 0.0, 0.0, 0.0, 0.0, 0.0], [1.0191488952339216, 0.0, 0.9894086144137685, 0.0, 0.0, 0.0, 0.0, 0.0, 0.0, 0.0, 0.9572296929670278, 0.9477414045382605, 0.0, 0.0, 0.0, 0.0, 0.0, 0.0, 0.0], [0.0, 0.9894086144137685, 0.0, 1.8770392961618474, 0.9642663539773483, 0.0, 0.0, 0.0, 0.0, 0.0, 0.0, 0.0, 0.0, 0.0, 0.0, 0.0, 0.0, 0.0, 0.0], [0.0, 0.0, 1.8770392961618474, 0.0, 0.0, 0.0, 0.0, 0.0, 0.0, 0.0, 0.0, 0.0, 0.0, 0.0, 0.0, 0.0, 0.0, 0.0, 0.0], [0.0, 0.0, 0.9642663539773483, 0.0, 0.0, 1.0030156269834865, 0.9830329298534526, 0.0, 0.0, 0.0, 0.0, 0.0, 0.9675359998590036, 0.0, 0.0, 0.0, 0.0, 0.0, 0.0], [0.0, 0.0, 0.0, 0.0, 1.0030156269834865, 0.0, 0.0, 0.0, 0.0, 0.0, 0.0, 0.0, 0.0, 0.9852709996730529, 0.984147025899947, 0.9873256095116034, 0.0, 0.0, 0.0], [0.0, 0.0, 0.0, 0.0, 0.9830329298534526, 0.0, 0.0, 0.0, 0.0, 0.0, 0.0, 0.0, 0.0, 0.0, 0.0, 0.0, 0.9863410543715203, 0.9864922895999607, 0.9825948628364497], [0.9858560188967842, 0.0, 0.0, 0.0, 0.0, 0.0, 0.0, 0.0, 0.0, 0.0, 0.0, 0.0, 0.0, 0.0, 0.0, 0.0, 0.0, 0.0, 0.0], [0.9871399572753821, 0.0, 0.0, 0.0, 0.0, 0.0, 0.0, 0.0, 0.0, 0.0, 0.0, 0.0, 0.0, 0.0, 0.0, 0.0, 0.0, 0.0, 0.0], [0.9872952036632757, 0.0, 0.0, 0.0, 0.0, 0.0, 0.0, 0.0, 0.0, 0.0, 0.0, 0.0, 0.0, 0.0, 0.0, 0.0, 0.0, 0.0, 0.0], [0.0, 0.9572296929670278, 0.0, 0.0, 0.0, 0.0, 0.0, 0.0, 0.0, 0.0, 0.0, 0.0, 0.0, 0.0, 0.0, 0.0, 0.0, 0.0, 0.0], [0.0, 0.9477414045382605, 0.0, 0.0, 0.0, 0.0, 0.0, 0.0, 0.0, 0.0, 0.0, 0.0, 0.0, 0.0, 0.0, 0.0, 0.0, 0.0, 0.0], [0.0, 0.0, 0.0, 0.0, 0.9675359998590036, 0.0, 0.0, 0.0, 0.0, 0.0, 0.0, 0.0, 0.0, 0.0, 0.0, 0.0, 0.0, 0.0, 0.0], [0.0, 0.0, 0.0, 0.0, 0.0, 0.9852709996730529, 0.0, 0.0, 0.0, 0.0, 0.0, 0.0, 0.0, 0.0, 0.0, 0.0, 0.0, 0.0, 0.0], [0.0, 0.0, 0.0, 0.0, 0.0, 0.984147025899947, 0.0, 0.0, 0.0, 0.0, 0.0, 0.0, 0.0, 0.0, 0.0, 0.0, 0.0, 0.0, 0.0], [0.0, 0.0, 0.0, 0.0, 0.0, 0.9873256095116034, 0.0, 0.0, 0.0, 0.0, 0.0, 0.0, 0.0, 0.0, 0.0, 0.0, 0.0, 0.0, 0.0], [0.0, 0.0, 0.0, 0.0, 0.0, 0.0, 0.9863410543715203, 0.0, 0.0, 0.0, 0.0, 0.0, 0.0, 0.0, 0.0, 0.0, 0.0, 0.0, 0.0], [0.0, 0.0, 0.0, 0.0, 0.0, 0.0, 0.9864922895999607, 0.0, 0.0, 0.0, 0.0, 0.0, 0.0, 0.0, 0.0, 0.0, 0.0, 0.0, 0.0], [0.0, 0.0, 0.0, 0.0, 0.0, 0.0, 0.9825948628364497, 0.0, 0.0, 0.0, 0.0, 0.0, 0.0, 0.0, 0.0, 0.0, 0.0, 0.0, 0.0]], "Born radii": [], "Atomic SASAs": [], "Solvent H bonds": [], "Total SASA": NaN, "Total FOD": 0.0, "FOD": [0.0, 0.0, 0.0, 0.0, 0.0, 0.0, 0.0, 0.0, 0.0, 0.0, 0.0, 0.0, 0.0, 0.0, 0.0, 0.0, 0.0, 0.0, 0.0], "FOD s proportion": [0.0, 0.0, 0.0, 0.0, 0.0, 0.0, 0.0, 0.0, 0.0, 0.0, 0.0, 0.0, 0.0, 0.0, 0.0, 0.0, 0.0, 0.0, 0.0], "FOD p proportion": [0.0, 0.0, 0.0, 0.0, 0.0, 0.0, 0.0, 0.0, 0.0, 0.0, 0.0, 0.0, 0.0, 0.0, 0.0, 0.0, 0.0, 0.0, 0.0], "FOD d proportion": [0.0, 0.0, 0.0, 0.0, 0.0, 0.0, 0.0, 0.0, 0.0, 0.0, 0.0, 0.0, 0.0, 0.0, 0.0, 0.0, 0.0, 0.0, 0.0], "coordinates": [["2.81002537892086", "0.02517415006740", "0.17351172862754"], ["1.50434996733527", "0.28784420347371", "-0.56408831887299"], ["0.32206746822658", "-0.40178711007964", "0.08360884672806"], ["0.43691217687841", "-1.20783728225690", "0.97029713890286"], ["-1.03574441309614", "0.02599191636857", "-0.46138732052840"], ["-1.98723605846140", "-1.16619113027107", "-0.51737264635597"], ["-1.58184754903129", "1.10859332995817", "0.47623959822241"], ["2.99086565549882", "-1.04445783961485", "0.24043280943199"], ["2.75608726080115", "0.42072382757495", "1.18474761150585"], ["3.64394648124767", "0.49350915900574", "-0.34348751204936"], ["1.29682643354558", "1.35894386863754", "-0.62046965333096"], ["1.56844915878774", "-0.08354666185834", "-1.59126212153750"], ["-0.90971740744553", "0.45063927234584", "-1.46215368661575"], ["-2.98141355688950", "-0.84651140002463", "-0.82026997595107"], ["-2.04853681583699", "-1.63242512098117", "0.46272688224570"], ["-1.62758181260894", "-1.90769971243005", "-1.22740803448464"], ["-1.68673808971424", "0.70791688777601", "1.48176463265258"], ["-0.91363644714930", "1.96648162310761", "0.51324087433391"], ["-2.55707683100864", "1.44464001920125", "0.13147314707557"]], "bond_dist": [[0.0, 1.52244463526542, 2.5259281484686826, 2.7904928690068713, 3.8978253891819374, 4.991030930517985, 4.533650747208438, 1.086873603525469, 1.0871830015150612, 1.08722136677115, 2.1677451753737706, 2.1604995874964144, 4.085695573292656, 5.940387421861865, 5.141683318602317, 5.038941866832867, 4.732710111514858, 4.21304497866523, 5.551795811069148], [1.52244463526542, 0.0, 1.514230786458802, 2.393914216568078, 2.5556199985174626, 3.782535403849592, 3.358649492540146, 2.152210926248499, 2.1547460077091674, 2.160748951695065, 1.0924739652119362, 1.0941324883565147, 2.5808419031721184, 4.634055035482077, 4.1671078975388856, 3.8819328698479123, 3.8137931704809116, 3.134504757974206, 4.279856300216553], [2.5259281484686826, 1.514230786458802, 0.0, 1.2037949637094256, 1.5243584955168366, 2.505668581334705, 2.4617677334809356, 2.749564181150729, 2.7952608415857263, 3.4668208615775207, 2.132148014123195, 2.111856307088388, 2.15251167868586, 3.4536594365190196, 2.6977703887378888, 2.790639773780364, 2.687300194281419, 2.7055950617585656, 3.420680638529544], [2.7904928690068713, 2.393914216568078, 1.2037949637094256, 0.0, 2.395990883695766, 2.8445369498124635, 3.1121270002468258, 2.6612164798582776, 2.841966460664946, 3.8607873357225877, 3.1398020626594145, 3.017613491700423, 3.23740215884737, 3.875775768553591, 2.5720340381934212, 3.095456490233943, 2.905443768507685, 3.4798250714366956, 4.086958735216721], [3.8978253891819374, 2.5556199985174626, 1.5243584955168366, 2.395990883695766, 0.0, 1.5263587797771803, 1.5327748349155994, 4.225163052405539, 4.152536687298352, 4.704463795546398, 2.691273834129562, 2.8408519718416603, 1.0944137711959885, 2.162333742647038, 2.151762668276937, 2.1624575272032427, 2.1597809950957636, 2.1749277632897157, 2.1629836567828833], [4.991030930517985, 3.782535403849592, 2.505668581334705, 2.8445369498124635, 1.5263587797771803, 0.0, 2.515203665044739, 5.036922153201265, 5.283429621630151, 5.873249346459134, 4.143911462250066, 3.868882915526704, 2.160508784556955, 1.0873503669871245, 1.0870726760035423, 1.087812670624016, 2.7566519099899485, 3.468201109249497, 2.749937937620774], [4.533650747208438, 3.358649492540146, 2.4617677334809356, 3.1121270002468258, 1.5327748349155994, 2.515203665044739, 0.0, 5.059737170182205, 4.448912953919394, 5.325336075739255, 3.090665053451244, 3.9522310747973575, 2.154537304356157, 2.731694820340805, 2.7804970083844016, 3.4644668560765464, 1.087485278847631, 1.088047560833203, 1.087595253581809], [1.086873603525469, 2.152210926248499, 2.749564181150729, 2.6612164798582776, 4.225163052405539, 5.036922153201265, 5.059737170182205, 0.0, 1.7588657304927202, 1.7699773997556323, 3.063863852578596, 2.510323744418745, 4.510949388060749, 6.068969614571446, 5.078454237941982, 4.922377503780298, 5.14700871164695, 4.938149183453102, 6.081705862040542], [1.0871830015150612, 2.1547460077091674, 2.7952608415857263, 2.841966460664946, 4.152536687298352, 5.283429621630151, 4.448912953919394, 1.7588657304927202, 0.0, 1.7689246147507813, 2.5036989397048104, 3.0612094057445196, 4.521626397832178, 6.208453614313455, 5.274575533277475, 5.518750364648259, 4.46199462795068, 4.038212544333309, 5.512486202376597], [1.08722136677115, 2.160748951695065, 3.4668208615775207, 3.8607873357225877, 4.704463795546398, 5.873249346459134, 5.325336075739255, 1.7699773997556323, 1.7689246147507813, 0.0, 2.5168768069870797, 2.4895027680271284, 4.689254380867998, 6.776309633676226, 6.129758910428685, 5.8597039248732505, 5.638591496197151, 4.8657161402256826, 6.2914964563352385], [2.1677451753737706, 1.0924739652119362, 2.132148014123195, 3.1398020626594145, 2.691273834129562, 4.143911462250066, 3.090665053451244, 3.063863852578596, 2.5036989397048104, 2.5168768069870797, 0.0, 1.759828358609103, 2.530273695422489, 4.8173945786853265, 4.616606809882908, 4.4262284254683575, 3.7074091205893365, 2.5574494776191767, 3.9275096661684143], [2.1604995874964144, 1.0941324883565147, 2.111856307088388, 3.017613491700423, 2.8408519718416603, 3.868882915526704, 3.9522310747973575, 2.510323744418745, 3.0612094057445196, 2.4895027680271284, 1.759828358609103, 0.0, 2.5383721417999237, 4.67737050186865, 4.43852259760261, 3.697909966278513, 4.546003960092612, 3.8460756342006612, 4.724736609629861], [4.085695573292656, 2.5808419031721184, 2.15251167868586, 3.23740215884737, 1.0944137711959885, 2.160508784556955, 2.154537304356157, 4.510949388060749, 4.521626397832178, 4.689254380867998, 2.530273695422489, 2.5383721417999237, 0.0, 2.527160363029777, 3.0563429316842505, 2.476327440486991, 3.0555863565931882, 2.4899753136657137, 2.4982948265191434], [5.940387421861865, 4.634055035482077, 3.4536594365190196, 3.875775768553591, 2.162333742647038, 1.0873503669871245, 2.731694820340805, 6.068969614571446, 6.208453614313455, 6.776309633676226, 4.8173945786853265, 4.67737050186865, 2.527160363029777, 0.0, 1.7703108000933874, 1.7676940982291287, 3.064603596948432, 3.737229336230781, 2.516992541701416], [5.141683318602317, 4.1671078975388856, 2.6977703887378888, 2.5720340381934212, 2.151762668276937, 1.0870726760035423, 2.7804970083844016, 5.078454237941982, 5.274575533277475, 6.129758910428685, 4.616606809882908, 4.43852259760261, 3.0563429316842505, 1.7703108000933874, 0.0, 1.7633874367793225, 2.578087852058566, 3.773947570236217, 3.1363468974303212], [5.038941866832867, 3.8819328698479123, 2.790639773780364, 3.095456490233943, 2.1624575272032427, 1.087812670624016, 3.4644668560765464, 4.922377503780298, 5.518750364648259, 5.8597039248732505, 4.4262284254683575, 3.697909966278513, 2.476327440486991, 1.7676940982291287, 1.7633874367793225, 0.0, 3.7662403275359186, 4.30683847262245, 3.7347959423644754], [4.732710111514858, 3.8137931704809116, 2.687300194281419, 2.905443768507685, 2.1597809950957636, 2.7566519099899485, 1.087485278847631, 5.14700871164695, 4.46199462795068, 5.638591496197151, 3.7074091205893365, 4.546003960092612, 3.0555863565931882, 3.064603596948432, 2.578087852058566, 3.7662403275359186, 0.0, 1.766269971772331, 1.7673532733997188], [4.21304497866523, 3.134504757974206, 2.7055950617585656, 3.4798250714366956, 2.1749277632897157, 3.468201109249497, 1.088047560833203, 4.938149183453102, 4.038212544333309, 4.8657161402256826, 2.5574494776191767, 3.8460756342006612, 2.4899753136657137, 3.737229336230781, 3.773947570236217, 4.30683847262245, 1.766269971772331, 0.0, 1.7660581962221107], [5.551795811069148, 4.279856300216553, 3.420680638529544, 4.086958735216721, 2.1629836567828833, 2.749937937620774, 1.087595253581809, 6.081705862040542, 5.512486202376597, 6.2914964563352385, 3.9275096661684143, 4.724736609629861, 2.4982948265191434, 2.516992541701416, 3.1363468974303212, 3.7347959423644754, 1.7673532733997188, 1.7660581962221107, 0.0]]}