{"total energy": -26.32130074, "HOMO-LUMO gap/eV": 12.48339722, "electronic energy": -26.72054385, "dipole": [-0.00091133, -0.00526626, -0.00093274], "partial charges": [-0.10515627, -0.01385734, -0.10558764, -0.02376623, -0.104446, -0.01641582, -0.10401068, -0.10361094, 0.03243039, 0.0324343, 0.03297747, 0.02771952, 0.03213121, 0.03491158, 0.0314286, 0.02749937, 0.03202464, 0.03631703, 0.03275205, 0.03167273, 0.0295081, 0.03672665, 0.03196422, 0.03102722, 0.03014884, 0.03317702], "atomic dipole moments": [[0.02804259, -0.07699468, -0.04803255], [-0.01855234, -0.02286206, 0.09620457], [0.07450883, 0.06197869, -0.00504938], [0.01699829, 0.02869419, -0.09143557], [-0.02659632, 0.07950312, 0.05363817], [0.03482307, -0.07875386, -0.04674032], [-0.03247225, -0.02589088, 0.08567661], [-0.07327937, 0.03501841, -0.0481182], [0.076554, 0.09475014, -0.02284793], [-0.00312216, -0.02062851, 0.12223088], [-0.11204181, 0.03558395, -0.03460249], [0.01481344, 0.02899688, -0.11840332], [-0.01658909, -0.04122287, 0.11539597], [0.01775051, -0.09706866, -0.07532836], [-0.10387799, 0.05466444, -0.03503236], [-0.02235914, -0.03710021, 0.11249205], [-0.07910014, -0.0920846, 0.02202021], [0.11094948, -0.04261625, 0.03017251], [-0.00134203, 0.02503719, -0.12191415], [-0.03764348, 0.09579315, 0.06353903], [0.08764862, 0.08436794, 0.01565499], [0.04885513, -0.09343474, -0.06626379], [-0.09036711, 0.05260682, -0.0656636], [0.08171426, 0.08848917, 0.02286675], [-0.03817094, -0.04548357, 0.10827754], [0.06108153, -0.08830641, -0.0600166]], "atomic quadrupole moments": [[-0.06023424, -0.05897893, 0.09960803, -0.03594485, 0.15041837, -0.03937379], [0.0761741, -0.00468266, 0.0978852, 0.03732834, 0.07444737, -0.17405929], [0.08862139, 0.14812673, 0.04591868, -0.01884297, -0.01119055, -0.13454007], [0.06312734, -0.01452702, 0.08617483, 0.06962223, 0.08808004, -0.14930217], [-0.05717425, -0.05715148, 0.08112412, -0.0401893, 0.15040938, -0.02394987], [0.07190454, 0.05700072, -0.08424101, 0.03611137, -0.14151023, 0.01233648], [-0.06677368, 0.03892807, -0.08972666, -0.08421646, -0.09073675, 0.15650034], [0.07916007, -0.08822059, -0.0567012, 0.13030657, -0.07219565, -0.02245888], [0.0227164, 0.05715, 0.01675268, -0.02757278, -0.01039161, -0.03946908], [-0.05065368, -0.00731042, -0.02698831, -0.00110627, -0.02939266, 0.07764199], [0.06119522, -0.02857437, -0.02542964, 0.04448597, 0.00207801, -0.03576558], [-0.01905985, 0.00518665, -0.00809347, -0.01093391, -0.01096183, 0.02715332], [-0.03879607, 0.01270517, -0.03562182, -0.00363103, -0.03600667, 0.07441788], [-0.02442244, -0.01927728, 0.02852617, -0.02732017, 0.06015511, -0.00410374], [0.04330246, -0.04503752, 0.00130248, 0.03445174, -0.02147159, -0.04460494], [-0.01634367, 0.0124666, -0.01078761, -0.00657734, -0.01325051, 0.02713128], [0.02166167, 0.05804766, 0.01574606, -0.02869342, -0.0069553, -0.03740773], [0.06316318, -0.02922174, -0.02719078, 0.04193969, 0.00289758, -0.0359724], [-0.05079607, -0.00628635, -0.02052485, -0.00163192, -0.03462225, 0.07132092], [0.00480016, -0.01592083, 0.01087312, -0.00737974, 0.01949292, -0.01567328], [0.01528483, 0.06878158, 0.00963976, 0.01412634, 0.01570908, -0.02492458], [-0.03695189, -0.0336379, 0.04829573, -0.02598391, 0.04197785, -0.01134384], [0.04339871, -0.04040668, -0.03434117, 0.04073674, -0.0286477, -0.00905754], [0.01279373, 0.05443415, 0.03813862, 0.02089234, 0.00976179, -0.05093234], [-0.0132945, 0.01268177, -0.0361568, -0.0402263, -0.04449533, 0.0494513], [-0.02462395, -0.04038602, 0.02064968, -0.01846357, 0.05513044, 0.00397427]], "number of molecular orbitals": 50, "number of electrons": 50, "number of unpaired electrons": 0, "orbital energies/eV": [-17.02520642, -16.66998324, -16.20416719, -15.85419905, -15.81587624, -15.4741267, -14.98843079, -14.52590726, -14.03374284, -13.69319026, -13.48266831, -13.3553817, -12.93804286, -12.84544615, -12.68540944, -12.47804044, -12.39062655, -12.23573951, -12.09829524, -11.90089228, -11.82919595, -11.58662432, -11.24810091, -11.10802335, -11.05595278, 1.42744444, 2.05448315, 2.56225569, 2.98031432, 3.12947444, 3.53002137, 3.60510809, 3.98138208, 4.14308881, 4.66096031, 5.11534511, 5.40875967, 5.58863359, 5.98779073, 6.2585917, 6.44554403, 6.52226598, 6.95501215, 7.1821109, 7.37246065, 7.51891753, 7.99333619, 8.21113693, 8.51274038, 8.77247371], "fractional occupation": [2.0, 2.0, 2.0, 2.0, 2.0, 2.0, 2.0, 2.0, 2.0, 2.0, 2.0, 2.0, 2.0, 2.0, 2.0, 2.0, 2.0, 2.0, 2.0, 2.0, 2.0, 2.0, 2.0, 2.0, 2.0, 0.0, 0.0, 0.0, 0.0, 0.0, 0.0, 0.0, 0.0, 0.0, 0.0, 0.0, 0.0, 0.0, 0.0, 0.0, 0.0, 0.0, 0.0, 0.0, 0.0, 0.0, 0.0, 0.0, 0.0, 0.0], "program call": "xtb /tmp/scratch/tmpbc3apip9/15667_0_xyzopt.xyz --pop --wbo --acc 0.2 --gfn 2 --chrg 0 --uhf 0 --etemp 300 --input /tmp/scratch/tmpbc3apip9/15667_0_xtb.inp", "method": "GFN2-xTB", "xtb version": "6.3.3 (7355c4f)", "Dipole module/D": 0.014, "Total charge": 0, "Transition dipole module/D": NaN, "HOMO": -11.056, "LUMO": 1.4274, "HOMO occupancy": 2.0, "LUMO occupancy": 0, "mulliken charges": [-0.09389, -0.0057, -0.09307, -0.02063, -0.09388, -0.00734, -0.09401, -0.09273, 0.02997, 0.02828, 0.03024, 0.01935, 0.02795, 0.03002, 0.02925, 0.02078, 0.02963, 0.03132, 0.02838, 0.02146, 0.02901, 0.02888, 0.02972, 0.02932, 0.02901, 0.02869], "cm5 charges": [-0.24576, -0.07959, -0.24484, -0.09034, -0.2459, -0.08148, -0.24547, -0.24451, 0.08308, 0.08138, 0.0829, 0.07898, 0.08101, 0.08326, 0.08181, 0.08108, 0.08281, 0.08521, 0.08208, 0.08198, 0.08146, 0.08263, 0.08304, 0.08164, 0.08152, 0.08203], "FUKUI+": [0.029, -0.041, 0.014, -0.053, 0.029, -0.038, 0.026, 0.009, -0.04, -0.044, -0.06, -0.069, -0.053, -0.049, -0.083, -0.07, -0.046, -0.042, -0.044, -0.06, -0.054, -0.041, -0.034, -0.083, -0.048, -0.053], "FUKUI-": [0.018, -0.01, 0.014, -0.015, 0.017, -0.014, 0.024, 0.019, -0.056, -0.05, -0.061, -0.067, -0.056, -0.056, -0.06, -0.058, -0.062, -0.051, -0.043, -0.09, -0.067, -0.06, -0.042, -0.07, -0.042, -0.062], "FUKUIrad": [0.024, -0.026, 0.014, -0.034, 0.023, -0.026, 0.025, 0.014, -0.048, -0.047, -0.06, -0.068, -0.054, -0.053, -0.071, -0.064, -0.054, -0.047, -0.044, -0.075, -0.06, -0.05, -0.038, -0.076, -0.045, -0.057], "s proportion": [1.011, 1.055, 1.011, 1.062, 1.009, 1.054, 1.008, 1.011, 0.97, 0.972, 0.97, 0.981, 0.972, 0.97, 0.971, 0.979, 0.97, 0.969, 0.972, 0.979, 0.971, 0.971, 0.97, 0.971, 0.971, 0.971], "p proportion": [3.083, 2.951, 3.082, 2.958, 3.085, 2.953, 3.086, 3.082, 0.0, 0.0, 0.0, 0.0, 0.0, 0.0, 0.0, 0.0, 0.0, 0.0, 0.0, 0.0, 0.0, 0.0, 0.0, 0.0, 0.0, 0.0], "d proportion": [0.0, 0.0, 0.0, 0.0, 0.0, 0.0, 0.0, 0.0, 0.0, 0.0, 0.0, 0.0, 0.0, 0.0, 0.0, 0.0, 0.0, 0.0, 0.0, 0.0, 0.0, 0.0, 0.0, 0.0, 0.0, 0.0], "Fermi-level/eV": -4.8143, "Coordination numbers": [3.756, 3.85, 3.757, 3.851, 3.754, 3.85, 3.755, 3.755, 0.925, 0.925, 0.925, 0.924, 0.925, 0.925, 0.925, 0.924, 0.925, 0.925, 0.925, 0.924, 0.925, 0.925, 0.925, 0.925, 0.925, 0.925], "Dispersion coefficient C6": [22.564, 20.788, 22.571, 20.962, 22.553, 20.833, 22.543, 22.535, 2.552, 2.552, 2.544, 2.619, 2.556, 2.518, 2.566, 2.622, 2.558, 2.498, 2.548, 2.563, 2.593, 2.493, 2.559, 2.572, 2.584, 2.542], "Total dispersion C6": 4373.33101, "Total dispersion C8": 90632.135514, "Polarizability alpha": [6.773, 6.485, 6.774, 6.512, 6.772, 6.492, 6.77, 6.769, 2.498, 2.498, 2.495, 2.531, 2.5, 2.481, 2.505, 2.532, 2.501, 2.472, 2.496, 2.504, 2.518, 2.469, 2.501, 2.508, 2.514, 2.493], "Total polarizability alpha": 98.364038, "Wiberg matrix": [[0.0, 1.0086891695563385, 0.0, 0.0, 0.0, 0.0, 0.0, 0.0, 0.9835638691049445, 0.9870485157524346, 0.9847948601257741, 0.0, 0.0, 0.0, 0.0, 0.0, 0.0, 0.0, 0.0, 0.0, 0.0, 0.0, 0.0, 0.0, 0.0, 0.0], [1.0086891695563385, 0.0, 1.0078656250529543, 0.9842022205397932, 0.0, 0.0, 0.0, 0.0, 0.0, 0.0, 0.0, 0.9666077103196149, 0.0, 0.0, 0.0, 0.0, 0.0, 0.0, 0.0, 0.0, 0.0, 0.0, 0.0, 0.0, 0.0, 0.0], [0.0, 1.0078656250529543, 0.0, 0.0, 0.0, 0.0, 0.0, 0.0, 0.0, 0.0, 0.0, 0.0, 0.9870300870227938, 0.9844374628399404, 0.985612081203191, 0.0, 0.0, 0.0, 0.0, 0.0, 0.0, 0.0, 0.0, 0.0, 0.0, 0.0], [0.0, 0.9842022205397932, 0.0, 0.0, 1.0089638669980616, 0.983283275365279, 0.0, 0.0, 0.0, 0.0, 0.0, 0.0, 0.0, 0.0, 0.0, 0.9665914683695194, 0.0, 0.0, 0.0, 0.0, 0.0, 0.0, 0.0, 0.0, 0.0, 0.0], [0.0, 0.0, 0.0, 1.0089638669980616, 0.0, 0.0, 0.0, 0.0, 0.0, 0.0, 0.0, 0.0, 0.0, 0.0, 0.0, 0.0, 0.9845109633496685, 0.9809361160906134, 0.985920401516145, 0.0, 0.0, 0.0, 0.0, 0.0, 0.0, 0.0], [0.0, 0.0, 0.0, 0.983283275365279, 0.0, 0.0, 1.0101744269236845, 1.0075565501881463, 0.0, 0.0, 0.0, 0.0, 0.0, 0.0, 0.0, 0.0, 0.0, 0.0, 0.0, 0.9643008096145942, 0.0, 0.0, 0.0, 0.0, 0.0, 0.0], [0.0, 0.0, 0.0, 0.0, 0.0, 1.0101744269236845, 0.0, 0.0, 0.0, 0.0, 0.0, 0.0, 0.0, 0.0, 0.0, 0.0, 0.0, 0.0, 0.0, 0.0, 0.9866804555762959, 0.9854134825453487, 0.9841114768514319, 0.0, 0.0, 0.0], [0.0, 0.0, 0.0, 0.0, 0.0, 1.0075565501881463, 0.0, 0.0, 0.0, 0.0, 0.0, 0.0, 0.0, 0.0, 0.0, 0.0, 0.0, 0.0, 0.0, 0.0, 0.0, 0.0, 0.0, 0.9867654811470798, 0.9865503886692328, 0.9828183912919023], [0.9835638691049445, 0.0, 0.0, 0.0, 0.0, 0.0, 0.0, 0.0, 0.0, 0.0, 0.0, 0.0, 0.0, 0.0, 0.0, 0.0, 0.0, 0.0, 0.0, 0.0, 0.0, 0.0, 0.0, 0.0, 0.0, 0.0], [0.9870485157524346, 0.0, 0.0, 0.0, 0.0, 0.0, 0.0, 0.0, 0.0, 0.0, 0.0, 0.0, 0.0, 0.0, 0.0, 0.0, 0.0, 0.0, 0.0, 0.0, 0.0, 0.0, 0.0, 0.0, 0.0, 0.0], [0.9847948601257741, 0.0, 0.0, 0.0, 0.0, 0.0, 0.0, 0.0, 0.0, 0.0, 0.0, 0.0, 0.0, 0.0, 0.0, 0.0, 0.0, 0.0, 0.0, 0.0, 0.0, 0.0, 0.0, 0.0, 0.0, 0.0], [0.0, 0.9666077103196149, 0.0, 0.0, 0.0, 0.0, 0.0, 0.0, 0.0, 0.0, 0.0, 0.0, 0.0, 0.0, 0.0, 0.0, 0.0, 0.0, 0.0, 0.0, 0.0, 0.0, 0.0, 0.0, 0.0, 0.0], [0.0, 0.0, 0.9870300870227938, 0.0, 0.0, 0.0, 0.0, 0.0, 0.0, 0.0, 0.0, 0.0, 0.0, 0.0, 0.0, 0.0, 0.0, 0.0, 0.0, 0.0, 0.0, 0.0, 0.0, 0.0, 0.0, 0.0], [0.0, 0.0, 0.9844374628399404, 0.0, 0.0, 0.0, 0.0, 0.0, 0.0, 0.0, 0.0, 0.0, 0.0, 0.0, 0.0, 0.0, 0.0, 0.0, 0.0, 0.0, 0.0, 0.0, 0.0, 0.0, 0.0, 0.0], [0.0, 0.0, 0.985612081203191, 0.0, 0.0, 0.0, 0.0, 0.0, 0.0, 0.0, 0.0, 0.0, 0.0, 0.0, 0.0, 0.0, 0.0, 0.0, 0.0, 0.0, 0.0, 0.0, 0.0, 0.0, 0.0, 0.0], [0.0, 0.0, 0.0, 0.9665914683695194, 0.0, 0.0, 0.0, 0.0, 0.0, 0.0, 0.0, 0.0, 0.0, 0.0, 0.0, 0.0, 0.0, 0.0, 0.0, 0.0, 0.0, 0.0, 0.0, 0.0, 0.0, 0.0], [0.0, 0.0, 0.0, 0.0, 0.9845109633496685, 0.0, 0.0, 0.0, 0.0, 0.0, 0.0, 0.0, 0.0, 0.0, 0.0, 0.0, 0.0, 0.0, 0.0, 0.0, 0.0, 0.0, 0.0, 0.0, 0.0, 0.0], [0.0, 0.0, 0.0, 0.0, 0.9809361160906134, 0.0, 0.0, 0.0, 0.0, 0.0, 0.0, 0.0, 0.0, 0.0, 0.0, 0.0, 0.0, 0.0, 0.0, 0.0, 0.0, 0.0, 0.0, 0.0, 0.0, 0.0], [0.0, 0.0, 0.0, 0.0, 0.985920401516145, 0.0, 0.0, 0.0, 0.0, 0.0, 0.0, 0.0, 0.0, 0.0, 0.0, 0.0, 0.0, 0.0, 0.0, 0.0, 0.0, 0.0, 0.0, 0.0, 0.0, 0.0], [0.0, 0.0, 0.0, 0.0, 0.0, 0.9643008096145942, 0.0, 0.0, 0.0, 0.0, 0.0, 0.0, 0.0, 0.0, 0.0, 0.0, 0.0, 0.0, 0.0, 0.0, 0.0, 0.0, 0.0, 0.0, 0.0, 0.0], [0.0, 0.0, 0.0, 0.0, 0.0, 0.0, 0.9866804555762959, 0.0, 0.0, 0.0, 0.0, 0.0, 0.0, 0.0, 0.0, 0.0, 0.0, 0.0, 0.0, 0.0, 0.0, 0.0, 0.0, 0.0, 0.0, 0.0], [0.0, 0.0, 0.0, 0.0, 0.0, 0.0, 0.9854134825453487, 0.0, 0.0, 0.0, 0.0, 0.0, 0.0, 0.0, 0.0, 0.0, 0.0, 0.0, 0.0, 0.0, 0.0, 0.0, 0.0, 0.0, 0.0, 0.0], [0.0, 0.0, 0.0, 0.0, 0.0, 0.0, 0.9841114768514319, 0.0, 0.0, 0.0, 0.0, 0.0, 0.0, 0.0, 0.0, 0.0, 0.0, 0.0, 0.0, 0.0, 0.0, 0.0, 0.0, 0.0, 0.0, 0.0], [0.0, 0.0, 0.0, 0.0, 0.0, 0.0, 0.0, 0.9867654811470798, 0.0, 0.0, 0.0, 0.0, 0.0, 0.0, 0.0, 0.0, 0.0, 0.0, 0.0, 0.0, 0.0, 0.0, 0.0, 0.0, 0.0, 0.0], [0.0, 0.0, 0.0, 0.0, 0.0, 0.0, 0.0, 0.9865503886692328, 0.0, 0.0, 0.0, 0.0, 0.0, 0.0, 0.0, 0.0, 0.0, 0.0, 0.0, 0.0, 0.0, 0.0, 0.0, 0.0, 0.0, 0.0], [0.0, 0.0, 0.0, 0.0, 0.0, 0.0, 0.0, 0.9828183912919023, 0.0, 0.0, 0.0, 0.0, 0.0, 0.0, 0.0, 0.0, 0.0, 0.0, 0.0, 0.0, 0.0, 0.0, 0.0, 0.0, 0.0, 0.0]], "Born radii": [], "Atomic SASAs": [], "Solvent H bonds": [], "Total SASA": NaN, "Total FOD": 0.0, "FOD": [0.0, 0.0, 0.0, 0.0, 0.0, 0.0, 0.0, 0.0, 0.0, 0.0, 0.0, 0.0, 0.0, 0.0, 0.0, 0.0, 0.0, 0.0, 0.0, 0.0, 0.0, 0.0, 0.0, 0.0, 0.0, 0.0], "FOD s proportion": [0.0, 0.0, 0.0, 0.0, 0.0, 0.0, 0.0, 0.0, 0.0, 0.0, 0.0, 0.0, 0.0, 0.0, 0.0, 0.0, 0.0, 0.0, 0.0, 0.0, 0.0, 0.0, 0.0, 0.0, 0.0, 0.0], "FOD p proportion": [0.0, 0.0, 0.0, 0.0, 0.0, 0.0, 0.0, 0.0, 0.0, 0.0, 0.0, 0.0, 0.0, 0.0, 0.0, 0.0, 0.0, 0.0, 0.0, 0.0, 0.0, 0.0, 0.0, 0.0, 0.0, 0.0], "FOD d proportion": [0.0, 0.0, 0.0, 0.0, 0.0, 0.0, 0.0, 0.0, 0.0, 0.0, 0.0, 0.0, 0.0, 0.0, 0.0, 0.0, 0.0, 0.0, 0.0, 0.0, 0.0, 0.0, 0.0, 0.0, 0.0, 0.0], "coordinates": [["-1.71962235262240", "1.43292095859736", "0.46889426498353"], ["-1.31961510399842", "0.16798255362136", "-0.29306572280031"], ["-2.48251800578078", "-0.82508029481791", "-0.22798150952837"], ["-0.02321153979516", "-0.46884575583678", "0.25455805185928"], ["0.35131388783830", "-1.70464016665003", "-0.56762732871943"], ["1.15011840079800", "0.53175775156832", "0.34925515677246"], ["1.64486915906862", "1.01364479663647", "-1.01277981502093"], ["2.32002564379806", "-0.04466149849355", "1.14985347402550"], ["-1.03434145084702", "2.25378800441250", "0.27706330773077"], ["-1.74492653408816", "1.24074324514459", "1.53970022829288"], ["-2.71181195135782", "1.75414773280507", "0.15821813303764"], ["-1.16288889905828", "0.43299660159086", "-1.34410183611945"], ["-2.61821605450062", "-1.18442221540135", "0.79026229746069"], ["-2.31743694231519", "-1.67843225420510", "-0.87874308879564"], ["-3.40480668071552", "-0.34147476411166", "-0.54346464264354"], ["-0.23374077154490", "-0.79707923616372", "1.28034098824179"], ["-0.35096894835587", "-2.51388715034954", "-0.38825458568672"], ["1.33856056252346", "-2.06596407033636", "-0.29543852178844"], ["0.34683480331124", "-1.47667098653595", "-1.63093470536755"], ["0.79308272835154", "1.40118111380464", "0.90847505929104"], ["2.42329895368075", "1.76241830465666", "-0.87943799333496"], ["2.06350772431985", "0.19119313495510", "-1.58670898082717"], ["0.83925156351707", "1.46375966165809", "-1.58673164606693"], ["3.05010541219924", "0.73641970256274", "1.35208595511433"], ["1.97673815117972", "-0.44449157099890", "2.10162761303189"], ["2.82639824439422", "-0.83730259811294", "0.60493184685763"]], "bond_dist": [[0.0, 1.5299209098245905, 2.4831865179914376, 2.5574335366267573, 3.8996722607072623, 3.0102858059922304, 3.7001288776996186, 4.35496398341774, 1.0863847096695827, 1.0882086133671485, 1.0881849563688635, 2.1440045990311916, 2.7858990189579886, 3.4429678383288262, 2.648244127392828, 2.7998554831109397, 4.264412098058148, 4.709446230409808, 4.140682572864004, 2.5510636049349578, 4.36925226212712, 4.4810117017544036, 3.2824357770545105, 4.900555530925483, 4.455735289060885, 5.083180548595914], [1.5299209098245905, 0.0, 1.5306054144492556, 1.5447020086666057, 2.5246987193885104, 2.5776912328070827, 3.1656436864837505, 3.9209970765723363, 2.1810576670933495, 2.16581078243897, 2.158191176886865, 1.095204300775487, 2.1654012763003543, 2.17897086731831, 2.161080815069701, 2.1415125501235983, 2.8530267092222714, 3.472235738390493, 2.696633822980022, 2.725430437689252, 4.110409158101394, 3.622094929955924, 2.8307799495620896, 4.7036264972168755, 4.1201487241278105, 4.359635828421793], [2.4831865179914376, 1.5306054144492556, 0.0, 2.5313900862383822, 2.9865679386084625, 3.9204921777048463, 4.5860814592429, 5.056867434061457, 3.4397260945758585, 2.81715580037804, 2.6180418437970636, 2.137733154539295, 1.0882835231622967, 1.0857955411380715, 1.0881269762866448, 2.707917994656216, 2.72419849468443, 4.018082181588868, 3.2246062422512716, 4.1203559993989645, 5.584495016768918, 4.85235014854262, 4.256658707415693, 5.961947443564316, 5.045482327191751, 5.373870653013173], [2.5574335366267573, 1.5447020086666057, 2.5313900862383822, 0.0, 1.5308317744868807, 1.5449524491720368, 2.566401512804027, 2.5440610597435556, 2.904414704551455, 2.745648828145783, 3.489921718829454, 2.160531776739182, 2.7446451755336354, 2.830360607769418, 3.4768159697589365, 1.0974016619279359, 2.1686003115203065, 2.169724959571486, 2.1697301512480967, 2.142648892842351, 3.4999857046641765, 2.860124631942536, 2.805201250533494, 3.478866109963213, 2.7225094777723022, 2.894615373929585], [3.8996722607072623, 2.5246987193885104, 2.9865679386084625, 1.5308317744868807, 0.0, 2.54563111835512, 3.0431101060292973, 3.095334467321115, 4.278165094336031, 4.18453543198487, 4.676837101559268, 2.73225432444032, 3.3064480991142666, 2.6869519653852136, 3.995903586873571, 2.140313691378825, 1.0863960804341855, 1.0859547443013222, 1.0874799246489075, 3.46701078660908, 4.0510298008162815, 2.7503307173543794, 3.3638392139051527, 4.114310157143152, 3.369703319736673, 2.8728404150063085], [3.0102858059922304, 2.5776912328070827, 3.9204921777048463, 1.5449524491720368, 2.54563111835512, 0.0, 1.5271321820333978, 1.5303266888655798, 2.7825284721324293, 3.2095334666301354, 4.055272919985511, 2.8683121237601115, 4.164145235718463, 4.291486876397489, 4.723010286343984, 2.1325559252702546, 3.4746419554524244, 2.683150955777911, 2.9326101725521676, 1.09366281530209, 2.155272830591853, 2.1675381095806574, 2.1710160413272654, 2.1581257534678673, 2.169601847572683, 2.1793602100087197], [3.7001288776996186, 3.1656436864837505, 4.5860814592429, 2.566401512804027, 3.0431101060292973, 1.5271321820333978, 0.0, 2.5005661831025034, 3.2217727960530387, 4.249405007548035, 4.571679241895504, 2.886248762849639, 5.124095528670766, 4.792193060876034, 5.249364898904007, 3.473657987297566, 4.100839322642333, 3.176852886243177, 2.875531491238373, 2.1370411350148397, 1.088299018130255, 1.0867748945761957, 1.0867583937273033, 2.764802486734669, 3.454827394017867, 2.7274545383155098], [4.35496398341774, 3.9209970765723363, 5.056867434061457, 2.5440610597435556, 3.095334467321115, 1.5303266888655798, 2.5005661831025034, 0.0, 4.1588954540151075, 4.2811309318078745, 5.434928231736399, 4.310297444772997, 5.080806173914262, 5.318878653861942, 5.977384838094501, 2.6654985176249255, 3.9493118178298947, 2.6716674092902273, 3.6982314916019865, 2.116666970892987, 2.7192327320384875, 2.758659623882928, 3.457878597165686, 1.0881186917242076, 1.0879266524675157, 1.0870293019029584], [1.0863847096695827, 2.1810576670933495, 3.4397260945758585, 2.904414704551455, 4.278165094336031, 2.7825284721324293, 3.2217727960530387, 4.1588954540151075, 0.0, 1.7678922020223868, 1.7543294606896793, 2.441307478107935, 3.820120610503163, 4.294715197630685, 3.609398891927668, 3.30988194223476, 4.8621365939057855, 4.961721505400882, 4.411850920666507, 2.1130779542269473, 3.6788879580965537, 4.162284739321728, 2.7583015055702242, 4.487848753344347, 4.435802964628027, 4.956576427977449], [1.0882086133671485, 2.16581078243897, 2.81715580037804, 2.745648828145783, 4.18453543198487, 3.2095334666301354, 4.249405007548035, 4.2811309318078745, 1.7678922020223868, 0.0, 1.762652648024974, 3.0508255924376124, 2.6843470918749053, 3.833826005637438, 3.0980948677350133, 2.5502294190207455, 4.444927099777466, 4.879543029554675, 4.6704102048671, 2.6202436031619825, 4.8475229055615605, 5.037872713485841, 4.062300952316322, 4.8251292953680895, 4.12390189030145, 5.1077467325600585], [1.0881849563688635, 2.158191176886865, 2.6180418437970636, 3.489921718829454, 4.676837101559268, 4.055272919985511, 4.571679241895504, 5.434928231736399, 1.7543294606896793, 1.762652648024974, 0.0, 2.5301320564709013, 3.0072301804470536, 3.607412589456061, 2.3160816182053487, 3.7294443985109353, 4.907986744170958, 5.586105624688225, 4.795266149679835, 3.601632630540596, 5.2389085357546925, 5.318954381507255, 3.9672694703205074, 5.971664962520203, 5.531126219782722, 6.130818879404428], [2.1440045990311916, 1.095204300775487, 2.137733154539295, 2.160531776739182, 2.73225432444032, 2.8683121237601115, 2.886248762849639, 4.310297444772997, 2.441307478107935, 3.0508255924376124, 2.5301320564709013, 0.0, 3.0478731951381564, 2.451055234177105, 2.503401915710106, 3.0436988924383526, 3.2026523101889692, 3.6880548525625563, 2.451197472567132, 3.1364484575168805, 3.8527935146470793, 3.2445280572813826, 2.264930052464258, 5.011069272170332, 4.743447580017079, 4.618095307273631], [2.7858990189579886, 2.1654012763003543, 1.0882835231622967, 2.7446451755336354, 3.3064480991142666, 4.164145235718463, 5.124095528670766, 5.080806173914262, 3.820120610503163, 2.6843470918749053, 3.0072301804470536, 3.0478731951381564, 0.0, 1.7663784906181854, 1.762984052578107, 2.464940989506475, 2.880414639846497, 4.1966586122710785, 3.8391575716744137, 4.282088067631174, 6.0736020358150595, 5.427784777523399, 4.961557194187522, 6.011251761984165, 4.835367669754641, 5.458815280659104], [3.4429678383288262, 2.17897086731831, 1.0857955411380715, 2.830360607769418, 2.6869519653852136, 4.291486876397489, 4.792193060876034, 5.318878653861942, 4.294715197630685, 3.833826005637438, 3.607412589456061, 2.451055234177105, 1.7663784906181854, 0.0, 1.7556309164399901, 3.1273338367065944, 2.192158805023062, 3.7224646246528503, 2.775760034966249, 4.727948796981556, 5.8578178434376085, 4.8155364158305805, 4.50991132464892, 6.294332301663462, 5.370768926659881, 5.4192094295269015], [2.648244127392828, 2.161080815069701, 1.0881269762866448, 3.4768159697589365, 3.995903586873571, 4.723010286343984, 5.249364898904007, 5.977384838094501, 3.609398891927668, 3.0980948677350133, 2.3160816182053487, 2.503401915710106, 1.762984052578107, 1.7556309164399901, 0.0, 3.6863940937597763, 3.7509186385795985, 5.053208201543089, 4.067686741306151, 4.77150436420711, 6.2053250859941045, 5.59236589219319, 4.728562969111745, 6.813285453964535, 5.997345269469963, 6.355515286487862], [2.7998554831109397, 2.1415125501235983, 2.707917994656216, 1.0974016619279359, 2.140313691378825, 2.1325559252702546, 3.473657987297566, 2.6654985176249255, 3.30988194223476, 2.5502294190207455, 3.7294443985109353, 3.0436988924383526, 2.464940989506475, 3.1273338367065944, 3.6863940937597763, 0.0, 2.396952867493081, 2.5622804826438466, 3.04539637970069, 2.4545874063265694, 4.274989241174002, 3.8044721652823266, 3.8056288000024145, 3.624970633513832, 2.3843336279756007, 3.134046302144343], [4.264412098058148, 2.8530267092222714, 2.72419849468443, 2.1686003115203065, 1.0863960804341855, 3.4746419554524244, 4.100839322642333, 3.9493118178298947, 4.8621365939057855, 4.444927099777466, 4.907986744170958, 3.2026523101889692, 2.880414639846497, 2.192158805023062, 3.7509186385795985, 2.396952867493081, 0.0, 1.750359927402993, 1.762668807849857, 4.279967467648371, 5.120997156485774, 3.8188283399585417, 4.3214171624844475, 5.016032958630712, 3.9874969302257997, 3.727333809595427], [4.709446230409808, 3.472235738390493, 4.018082181588868, 2.169724959571486, 1.0859547443013222, 2.683150955777911, 3.176852886243177, 2.6716674092902273, 4.961721505400882, 4.879543029554675, 5.586105624688225, 3.6880548525625563, 4.1966586122710785, 3.7224646246528503, 5.053208201543089, 2.5622804826438466, 1.750359927402993, 0.0, 1.764748247330032, 3.7105322672350707, 4.021719081335035, 2.6995715280729065, 3.791529642967663, 3.673836888738207, 2.963506327894925, 2.129304295223357], [4.140682572864004, 2.696633822980022, 3.2246062422512716, 2.1697301512480967, 1.0874799246489075, 2.9326101725521676, 2.875531491238373, 3.6982314916019865, 4.411850920666507, 4.6704102048671, 4.795266149679835, 2.451197472567132, 3.8391575716744137, 2.775760034966249, 4.067686741306151, 3.04539637970069, 1.762668807849857, 1.764748247330032, 0.0, 3.863906297373283, 3.9202232222520452, 2.3938864969318128, 2.9817043067718774, 4.593893190303271, 4.2016664229787075, 3.39943025135525], [2.5510636049349578, 2.725430437689252, 4.1203559993989645, 2.142648892842351, 3.46701078660908, 1.09366281530209, 2.1370411350148397, 2.116666970892987, 2.1130779542269473, 2.6202436031619825, 3.601632630540596, 3.1364484575168805, 4.282088067631174, 4.727948796981556, 4.77150436420711, 2.4545874063265694, 4.279967467648371, 3.7105322672350707, 3.863906297373283, 0.0, 2.4463708494690044, 3.050244903840036, 2.4964182619215403, 2.3943370180850767, 2.496229323583628, 3.0392959378965734], [4.36925226212712, 4.110409158101394, 5.584495016768918, 3.4999857046641765, 4.0510298008162815, 2.155272830591853, 1.088299018130255, 2.7192327320384875, 3.6788879580965537, 4.8475229055615605, 5.2389085357546925, 3.8527935146470793, 6.0736020358150595, 5.8578178434376085, 6.2053250859941045, 4.274989241174002, 5.120997156485774, 4.021719081335035, 3.9202232222520452, 2.4463708494690044, 0.0, 1.7602359252034738, 1.7603032211857836, 2.5348093814805637, 3.735855979432258, 3.020660794088648], [4.4810117017544036, 3.622094929955924, 4.85235014854262, 2.860124631942536, 2.7503307173543794, 2.1675381095806574, 1.0867748945761957, 2.758659623882928, 4.162284739321728, 5.037872713485841, 5.318954381507255, 3.2445280572813826, 5.427784777523399, 4.8155364158305805, 5.59236589219319, 3.8044721652823266, 3.8188283399585417, 2.6995715280729065, 2.3938864969318128, 3.050244903840036, 1.7602359252034738, 0.0, 1.7658507050886796, 3.147564563796837, 3.7437215219359725, 2.53832522268787], [3.2824357770545105, 2.8307799495620896, 4.256658707415693, 2.805201250533494, 3.3638392139051527, 2.1710160413272654, 1.0867583937273033, 3.457878597165686, 2.7583015055702242, 4.062300952316322, 3.9672694703205074, 2.264930052464258, 4.961557194187522, 4.50991132464892, 4.728562969111745, 3.8056288000024145, 4.3214171624844475, 3.791529642967663, 2.9817043067718774, 2.4964182619215403, 1.7603032211857836, 1.7658507050886796, 0.0, 3.7488060831873344, 4.305727874381907, 3.7479365417362547], [4.900555530925483, 4.7036264972168755, 5.961947443564316, 3.478866109963213, 4.114310157143152, 2.1581257534678673, 2.764802486734669, 1.0881186917242076, 4.487848753344347, 4.8251292953680895, 5.971664962520203, 5.011069272170332, 6.011251761984165, 6.294332301663462, 6.813285453964535, 3.624970633513832, 5.016032958630712, 3.673836888738207, 4.593893190303271, 2.3943370180850767, 2.5348093814805637, 3.147564563796837, 3.7488060831873344, 0.0, 1.7630885995908785, 1.756384365125175], [4.455735289060885, 4.1201487241278105, 5.045482327191751, 2.7225094777723022, 3.369703319736673, 2.169601847572683, 3.454827394017867, 1.0879266524675157, 4.435802964628027, 4.12390189030145, 5.531126219782722, 4.743447580017079, 4.835367669754641, 5.370768926659881, 5.997345269469963, 2.3843336279756007, 3.9874969302257997, 2.963506327894925, 4.2016664229787075, 2.496229323583628, 3.735855979432258, 3.7437215219359725, 4.305727874381907, 1.7630885995908785, 0.0, 1.7653104524438796], [5.083180548595914, 4.359635828421793, 5.373870653013173, 2.894615373929585, 2.8728404150063085, 2.1793602100087197, 2.7274545383155098, 1.0870293019029584, 4.956576427977449, 5.1077467325600585, 6.130818879404428, 4.618095307273631, 5.458815280659104, 5.4192094295269015, 6.355515286487862, 3.134046302144343, 3.727333809595427, 2.129304295223357, 3.39943025135525, 3.0392959378965734, 3.020660794088648, 2.53832522268787, 3.7479365417362547, 1.756384365125175, 1.7653104524438796, 0.0]]}