{"total energy": -25.27569319, "HOMO-LUMO gap/eV": 4.87589031, "electronic energy": -25.68682163, "dipole": [-0.03342359, -0.03655621, 0.01151567], "partial charges": [-0.10642444, -0.01019427, -0.10740607, -0.01652223, -0.10517443, -0.01652189, -0.10156556, -0.10018156, 0.03762873, 0.03825063, 0.0364815, 0.03698553, 0.03745061, 0.03922647, 0.03744134, 0.03621232, 0.0396067, 0.03318241, 0.0358663, 0.0314292, 0.02971324, 0.03015367, 0.03052063, 0.03384119], "atomic dipole moments": [[0.03128769, -0.04290615, 0.03207138], [-0.15314541, 0.00682348, -0.04995762], [0.04637363, 0.04311472, -0.00915341], [0.14355665, -0.00680263, 0.04879944], [-0.02427879, 0.03780637, -0.04945826], [0.05953928, -0.02869312, 0.06972926], [-0.07621083, 0.04750934, 0.02739718], [-0.02386267, -0.05772182, -0.0667344], [0.02031594, -0.03211337, -0.1209484], [-0.12303167, 0.01227747, 0.01572579], [0.05229025, 0.11373619, 0.01860506], [-0.09884573, -0.00027361, -0.0769799], [-0.0420441, 0.02658771, 0.11589761], [0.04875464, -0.1154879, 0.00519259], [-0.08574615, -0.01184006, 0.08999186], [0.01419543, -0.1134767, -0.05240378], [0.10834966, 0.02930966, 0.05218526], [-0.04290612, 0.06200431, -0.09724978], [0.06039367, -0.05842267, 0.09115778], [-0.03305545, -0.08501185, -0.08462816], [0.07923613, 0.07837931, -0.05249007], [-0.10055249, 0.06289314, 0.03741762], [0.08363513, 0.08028319, -0.04298069], [0.04840328, -0.05419998, 0.09981202]], "atomic quadrupole moments": [[-0.01780575, -0.03548027, 0.01999417, 0.06168756, -0.12562676, -0.00218841], [-0.33844406, -0.03702036, 0.13524927, -0.18274381, 0.15900602, 0.20319479], [0.05684892, 0.10592649, 0.01325314, -0.034786, -0.07693874, -0.07010206], [-0.34642911, -0.02986665, 0.17550642, -0.18473766, 0.1803145, 0.17092269], [-0.02610214, -0.03460975, 0.0262324, 0.0531408, -0.12349975, -0.00013026], [0.0733787, 0.01060219, 0.01046443, -0.04402039, 0.13133497, -0.08384313], [0.1013715, -0.13333617, -0.023149, -0.09296467, 0.05243865, -0.0782225], [-0.09047078, 0.05524766, 0.03395256, 0.05772555, 0.16171757, 0.05651822], [-0.03792805, -0.01943587, -0.02756447, -0.02086963, 0.04050722, 0.06549252], [0.07892888, -0.00625051, -0.03241085, -0.02508269, -0.01851972, -0.04651804], [-0.00219141, 0.04887097, 0.04522118, 0.0294455, 0.01532012, -0.04302977], [0.02539978, 0.00658182, -0.03264369, 0.0657964, -0.02024061, 0.00724391], [-0.02909549, 0.0005066, -0.03332247, -0.0357705, 0.04140125, 0.06241796], [-0.0002191, -0.041163, 0.05450314, 0.00190087, -0.00051095, -0.05428404], [0.02922994, -0.00531959, -0.04895782, -0.05149788, -0.01207067, 0.01972788], [-0.047666, -0.01617241, 0.05030659, 0.00266489, 0.05440085, -0.0026406], [0.05120363, 0.0443977, -0.02748024, 0.04129948, -0.0041589, -0.02372338], [0.00711443, -0.0099689, -0.01125936, 0.01655672, -0.02269716, 0.00414493], [-0.0211544, -0.02647101, -0.02395692, 0.032493, -0.04606581, 0.04511132], [-0.01912097, 0.02290599, 0.01051169, 0.02793199, 0.06351862, 0.00860929], [0.00970008, 0.0435497, 0.02347054, -0.03617172, -0.03869825, -0.03317063], [0.05001094, -0.05062153, -0.01638107, -0.02113249, 0.02560477, -0.03362987], [0.00808095, 0.05942366, 0.00257322, -0.03567823, -0.02553535, -0.01065417], [-0.03296902, -0.02454052, 0.00323772, 0.04073412, -0.04783921, 0.0297313]], "number of molecular orbitals": 48, "number of electrons": 48, "number of unpaired electrons": 0, "orbital energies/eV": [-16.95741202, -16.62130897, -16.15864841, -15.84888464, -15.80484418, -15.50288519, -14.90028178, -14.12727067, -13.79830492, -13.45115946, -13.43229059, -13.08439917, -12.89302256, -12.71549444, -12.68019474, -12.50207758, -12.36001141, -12.2749774, -12.03423863, -11.80570008, -11.79539213, -11.29267504, -11.01173655, -9.78859727, -4.91270696, 2.12120083, 2.56505435, 3.01418048, 3.48402696, 3.77393679, 3.91800064, 4.10702182, 4.73284907, 5.33740392, 5.5924333, 5.70763997, 5.92895489, 6.13274645, 6.26934776, 6.38668361, 6.61537286, 7.00327257, 7.26848431, 7.40460732, 7.62452434, 8.82341468, 10.68712099, 17.79362813], "fractional occupation": [2.0, 2.0, 2.0, 2.0, 2.0, 2.0, 2.0, 2.0, 2.0, 2.0, 2.0, 2.0, 2.0, 2.0, 2.0, 2.0, 2.0, 2.0, 2.0, 2.0, 2.0, 2.0, 2.0, 2.0, 0.0, 0.0, 0.0, 0.0, 0.0, 0.0, 0.0, 0.0, 0.0, 0.0, 0.0, 0.0, 0.0, 0.0, 0.0, 0.0, 0.0, 0.0, 0.0, 0.0, 0.0, 0.0, 0.0, 0.0], "program call": "xtb /tmp/scratch/tmpf_qavcm4/15694_0_xyzopt.xyz --pop --wbo --acc 0.2 --gfn 2 --chrg 0 --uhf 0 --etemp 300 --input /tmp/scratch/tmpf_qavcm4/15694_0_xtb.inp", "method": "GFN2-xTB", "xtb version": "6.3.3 (7355c4f)", "Dipole module/D": 0.129, "Total charge": 0, "Transition dipole module/D": NaN, "HOMO": -9.7886, "LUMO": -4.9127, "HOMO occupancy": 2.0, "LUMO occupancy": 0, "mulliken charges": [-0.08843, -0.01533, -0.08815, -0.03401, -0.08722, -0.00093, -0.09051, -0.08962, 0.03531, 0.03166, 0.03347, 0.03054, 0.03555, 0.03318, 0.03233, 0.03442, 0.03184, 0.02236, 0.02881, 0.02991, 0.02843, 0.02934, 0.02833, 0.02871], "cm5 charges": [-0.23554, -0.0393, -0.235, -0.05433, -0.23454, -0.07096, -0.24115, -0.23983, 0.08742, 0.0847, 0.08696, 0.08358, 0.08782, 0.08671, 0.08603, 0.08703, 0.0863, 0.08346, 0.08242, 0.08269, 0.08072, 0.08206, 0.08065, 0.08208], "FUKUI+": [0.04, -0.153, 0.042, -0.147, 0.041, 0.004, 0.017, 0.015, -0.079, -0.069, -0.061, -0.07, -0.077, -0.061, -0.06, -0.075, -0.068, -0.037, -0.031, -0.021, -0.049, -0.02, -0.051, -0.03], "FUKUI-": [0.028, -0.084, 0.031, -0.08, 0.029, -0.006, 0.016, 0.005, -0.094, -0.065, -0.064, -0.062, -0.09, -0.065, -0.066, -0.088, -0.059, -0.043, -0.036, -0.035, -0.051, -0.031, -0.055, -0.037], "FUKUIrad": [0.034, -0.118, 0.036, -0.114, 0.035, -0.001, 0.016, 0.01, -0.086, -0.067, -0.063, -0.066, -0.084, -0.063, -0.063, -0.081, -0.064, -0.04, -0.033, -0.028, -0.05, -0.025, -0.053, -0.033], "s proportion": [1.006, 1.085, 1.007, 1.089, 1.005, 1.049, 1.009, 1.009, 0.965, 0.968, 0.967, 0.969, 0.964, 0.967, 0.968, 0.966, 0.968, 0.978, 0.971, 0.97, 0.972, 0.971, 0.972, 0.971], "p proportion": [3.082, 2.93, 3.082, 2.945, 3.083, 2.952, 3.081, 3.08, 0.0, 0.0, 0.0, 0.0, 0.0, 0.0, 0.0, 0.0, 0.0, 0.0, 0.0, 0.0, 0.0, 0.0, 0.0, 0.0], "d proportion": [0.0, 0.0, 0.0, 0.0, 0.0, 0.0, 0.0, 0.0, 0.0, 0.0, 0.0, 0.0, 0.0, 0.0, 0.0, 0.0, 0.0, 0.0, 0.0, 0.0, 0.0, 0.0, 0.0, 0.0], "Fermi-level/eV": -7.3507, "Coordination numbers": [3.756, 2.944, 3.758, 2.949, 3.759, 3.854, 3.755, 3.755, 0.924, 0.925, 0.925, 0.925, 0.924, 0.925, 0.925, 0.924, 0.925, 0.924, 0.925, 0.925, 0.925, 0.925, 0.925, 0.925], "Dispersion coefficient C6": [22.588, 28.271, 22.603, 28.422, 22.56, 20.833, 22.496, 22.468, 2.481, 2.472, 2.496, 2.489, 2.483, 2.459, 2.483, 2.5, 2.454, 2.542, 2.505, 2.566, 2.59, 2.584, 2.579, 2.532], "Total dispersion C6": 4123.82888, "Total dispersion C8": 88334.234855, "Polarizability alpha": [6.776, 8.721, 6.778, 8.744, 6.772, 6.492, 6.763, 6.759, 2.463, 2.459, 2.471, 2.467, 2.464, 2.452, 2.464, 2.473, 2.45, 2.493, 2.475, 2.505, 2.517, 2.514, 2.511, 2.489], "Total polarizability alpha": 97.470822, "Wiberg matrix": [[0.0, 1.0194862398297846, 0.0, 0.0, 0.0, 0.0, 0.0, 0.0, 0.9706326792140384, 0.9821212734109223, 0.9787214258135501, 0.0, 0.0, 0.0, 0.0, 0.0, 0.0, 0.0, 0.0, 0.0, 0.0, 0.0, 0.0, 0.0], [1.0194862398297846, 0.0, 1.020145715429173, 1.8498257634282644, 0.0, 0.0, 0.0, 0.0, 0.0, 0.0, 0.0, 0.0, 0.0, 0.0, 0.0, 0.0, 0.0, 0.0, 0.0, 0.0, 0.0, 0.0, 0.0, 0.0], [0.0, 1.020145715429173, 0.0, 0.0, 0.0, 0.0, 0.0, 0.0, 0.0, 0.0, 0.0, 0.9840490210646616, 0.968925947440805, 0.9785794143674229, 0.0, 0.0, 0.0, 0.0, 0.0, 0.0, 0.0, 0.0, 0.0, 0.0], [0.0, 1.8498257634282644, 0.0, 0.0, 1.0202295933528258, 0.9964416746849686, 0.0, 0.0, 0.0, 0.0, 0.0, 0.0, 0.0, 0.0, 0.0, 0.0, 0.0, 0.0, 0.0, 0.0, 0.0, 0.0, 0.0, 0.0], [0.0, 0.0, 0.0, 1.0202295933528258, 0.0, 0.0, 0.0, 0.0, 0.0, 0.0, 0.0, 0.0, 0.0, 0.0, 0.9781651856787155, 0.9694331298540619, 0.9796815320037349, 0.0, 0.0, 0.0, 0.0, 0.0, 0.0, 0.0], [0.0, 0.0, 0.0, 0.9964416746849686, 0.0, 0.0, 0.9995535000711243, 0.9958639306342076, 0.0, 0.0, 0.0, 0.0, 0.0, 0.0, 0.0, 0.0, 0.0, 0.9639712073866074, 0.0, 0.0, 0.0, 0.0, 0.0, 0.0], [0.0, 0.0, 0.0, 0.0, 0.0, 0.9995535000711243, 0.0, 0.0, 0.0, 0.0, 0.0, 0.0, 0.0, 0.0, 0.0, 0.0, 0.0, 0.0, 0.9842707390856704, 0.9877356738131309, 0.9864272979707338, 0.0, 0.0, 0.0], [0.0, 0.0, 0.0, 0.0, 0.0, 0.9958639306342076, 0.0, 0.0, 0.0, 0.0, 0.0, 0.0, 0.0, 0.0, 0.0, 0.0, 0.0, 0.0, 0.0, 0.0, 0.0, 0.9876753186766583, 0.985940766644323, 0.9846570179142344], [0.9706326792140384, 0.0, 0.0, 0.0, 0.0, 0.0, 0.0, 0.0, 0.0, 0.0, 0.0, 0.0, 0.0, 0.0, 0.0, 0.0, 0.0, 0.0, 0.0, 0.0, 0.0, 0.0, 0.0, 0.0], [0.9821212734109223, 0.0, 0.0, 0.0, 0.0, 0.0, 0.0, 0.0, 0.0, 0.0, 0.0, 0.0, 0.0, 0.0, 0.0, 0.0, 0.0, 0.0, 0.0, 0.0, 0.0, 0.0, 0.0, 0.0], [0.9787214258135501, 0.0, 0.0, 0.0, 0.0, 0.0, 0.0, 0.0, 0.0, 0.0, 0.0, 0.0, 0.0, 0.0, 0.0, 0.0, 0.0, 0.0, 0.0, 0.0, 0.0, 0.0, 0.0, 0.0], [0.0, 0.0, 0.9840490210646616, 0.0, 0.0, 0.0, 0.0, 0.0, 0.0, 0.0, 0.0, 0.0, 0.0, 0.0, 0.0, 0.0, 0.0, 0.0, 0.0, 0.0, 0.0, 0.0, 0.0, 0.0], [0.0, 0.0, 0.968925947440805, 0.0, 0.0, 0.0, 0.0, 0.0, 0.0, 0.0, 0.0, 0.0, 0.0, 0.0, 0.0, 0.0, 0.0, 0.0, 0.0, 0.0, 0.0, 0.0, 0.0, 0.0], [0.0, 0.0, 0.9785794143674229, 0.0, 0.0, 0.0, 0.0, 0.0, 0.0, 0.0, 0.0, 0.0, 0.0, 0.0, 0.0, 0.0, 0.0, 0.0, 0.0, 0.0, 0.0, 0.0, 0.0, 0.0], [0.0, 0.0, 0.0, 0.0, 0.9781651856787155, 0.0, 0.0, 0.0, 0.0, 0.0, 0.0, 0.0, 0.0, 0.0, 0.0, 0.0, 0.0, 0.0, 0.0, 0.0, 0.0, 0.0, 0.0, 0.0], [0.0, 0.0, 0.0, 0.0, 0.9694331298540619, 0.0, 0.0, 0.0, 0.0, 0.0, 0.0, 0.0, 0.0, 0.0, 0.0, 0.0, 0.0, 0.0, 0.0, 0.0, 0.0, 0.0, 0.0, 0.0], [0.0, 0.0, 0.0, 0.0, 0.9796815320037349, 0.0, 0.0, 0.0, 0.0, 0.0, 0.0, 0.0, 0.0, 0.0, 0.0, 0.0, 0.0, 0.0, 0.0, 0.0, 0.0, 0.0, 0.0, 0.0], [0.0, 0.0, 0.0, 0.0, 0.0, 0.9639712073866074, 0.0, 0.0, 0.0, 0.0, 0.0, 0.0, 0.0, 0.0, 0.0, 0.0, 0.0, 0.0, 0.0, 0.0, 0.0, 0.0, 0.0, 0.0], [0.0, 0.0, 0.0, 0.0, 0.0, 0.0, 0.9842707390856704, 0.0, 0.0, 0.0, 0.0, 0.0, 0.0, 0.0, 0.0, 0.0, 0.0, 0.0, 0.0, 0.0, 0.0, 0.0, 0.0, 0.0], [0.0, 0.0, 0.0, 0.0, 0.0, 0.0, 0.9877356738131309, 0.0, 0.0, 0.0, 0.0, 0.0, 0.0, 0.0, 0.0, 0.0, 0.0, 0.0, 0.0, 0.0, 0.0, 0.0, 0.0, 0.0], [0.0, 0.0, 0.0, 0.0, 0.0, 0.0, 0.9864272979707338, 0.0, 0.0, 0.0, 0.0, 0.0, 0.0, 0.0, 0.0, 0.0, 0.0, 0.0, 0.0, 0.0, 0.0, 0.0, 0.0, 0.0], [0.0, 0.0, 0.0, 0.0, 0.0, 0.0, 0.0, 0.9876753186766583, 0.0, 0.0, 0.0, 0.0, 0.0, 0.0, 0.0, 0.0, 0.0, 0.0, 0.0, 0.0, 0.0, 0.0, 0.0, 0.0], [0.0, 0.0, 0.0, 0.0, 0.0, 0.0, 0.0, 0.985940766644323, 0.0, 0.0, 0.0, 0.0, 0.0, 0.0, 0.0, 0.0, 0.0, 0.0, 0.0, 0.0, 0.0, 0.0, 0.0, 0.0], [0.0, 0.0, 0.0, 0.0, 0.0, 0.0, 0.0, 0.9846570179142344, 0.0, 0.0, 0.0, 0.0, 0.0, 0.0, 0.0, 0.0, 0.0, 0.0, 0.0, 0.0, 0.0, 0.0, 0.0, 0.0]], "Born radii": [], "Atomic SASAs": [], "Solvent H bonds": [], "Total SASA": NaN, "Total FOD": 0.0, "FOD": [0.0, 0.0, 0.0, 0.0, 0.0, 0.0, 0.0, 0.0, 0.0, 0.0, 0.0, 0.0, 0.0, 0.0, 0.0, 0.0, 0.0, 0.0, 0.0, 0.0, 0.0, 0.0, 0.0, 0.0], "FOD s proportion": [0.0, 0.0, 0.0, 0.0, 0.0, 0.0, 0.0, 0.0, 0.0, 0.0, 0.0, 0.0, 0.0, 0.0, 0.0, 0.0, 0.0, 0.0, 0.0, 0.0, 0.0, 0.0, 0.0, 0.0], "FOD p proportion": [0.0, 0.0, 0.0, 0.0, 0.0, 0.0, 0.0, 0.0, 0.0, 0.0, 0.0, 0.0, 0.0, 0.0, 0.0, 0.0, 0.0, 0.0, 0.0, 0.0, 0.0, 0.0, 0.0, 0.0], "FOD d proportion": [0.0, 0.0, 0.0, 0.0, 0.0, 0.0, 0.0, 0.0, 0.0, 0.0, 0.0, 0.0, 0.0, 0.0, 0.0, 0.0, 0.0, 0.0, 0.0, 0.0, 0.0, 0.0, 0.0, 0.0], "coordinates": [["-1.84880692030566", "0.80625402676108", "-1.19512529564637"], ["-1.31845278742475", "-0.23007109502904", "-0.24003284101694"], ["-2.33951170863382", "-1.23301232044522", "0.22843683042487"], ["-0.05226256392954", "-0.28666868719829", "0.17739910302026"], ["0.37719959853155", "-1.32165737727943", "1.18255638731027"], ["1.02326374469880", "0.65563226881651", "-0.31662399346388"], ["2.25740777378236", "-0.10630621917385", "-0.80686482715746"], ["1.40493024499918", "1.66287319604381", "0.77215164197253"], ["-1.66852339819913", "0.50652349243691", "-2.22880475048032"], ["-2.92285775608783", "0.91804631992082", "-1.06270967909705"], ["-1.39003418502633", "1.77868831932013", "-1.03708399609952"], ["-3.19997796640790", "-1.24048154469210", "-0.43669207200029"], ["-2.69010651150662", "-0.98457194692752", "1.23164972574065"], ["-1.92188076577704", "-2.23741361819451", "0.25935307453278"], ["-0.36040024897186", "-1.41828683321215", "1.97664306742848"], ["0.49048281496017", "-2.29809543817180", "0.70942834482115"], ["1.32698669741649", "-1.05636791986252", "1.63595892974723"], ["0.63505944089701", "1.21413765107307", "-1.17140221411932"], ["2.76703271261656", "-0.61126312822485", "0.00914910458415"], ["1.97144644955235", "-0.84961461784822", "-1.54765403003311"], ["2.96091122449719", "0.58480837269941", "-1.26686209266510"], ["0.52739139797093", "2.21831034286459", "1.09645838536502"], ["2.14139330979378", "2.36822722027147", "0.39260375507898"], ["1.82930940255430", "1.16031153605185", "1.63806944175298"]], "bond_dist": [[0.0, 1.5058043900876499, 2.534941330863651, 2.511150116590085, 3.8905632176869878, 3.007198256963083, 4.224276447842449, 3.897535181541766, 1.091253296396029, 1.087941455300067, 1.0867740925983447, 2.567101604924702, 3.1311467028263937, 3.374130976882859, 4.150186863981418, 4.328577899884351, 4.644358245191806, 2.5172453070555556, 4.976505524219331, 4.1785779024304475, 4.815347648736805, 3.590484264650943, 4.569720086837693, 4.656274135443642], [1.5058043900876499, 0.0, 1.5059602435923518, 1.3344251186997653, 2.467905536715117, 2.5047900052062686, 3.622622668482585, 3.4676462705997735, 2.149496389083429, 2.137542065526528, 2.162297117659248, 2.1447007085061647, 2.148617009055221, 2.1547472294949306, 2.6913515916699526, 2.906965641492828, 3.3467090752949917, 2.601806648787261, 4.110789556670749, 3.594042896251208, 4.4756410943571385, 3.3448350064505536, 4.372861559031064, 3.920311065466452], [2.534941330863651, 1.5059602435923518, 0.0, 2.4758190102986295, 2.880750319172508, 3.8951673180779154, 4.844892660178581, 4.764727092398279, 3.084517197872129, 2.5757339137465753, 3.4019687349777046, 1.0875911120084965, 1.0913640310743715, 1.0882064994759224, 2.647155806133186, 3.0618007590565677, 3.9313524728657323, 4.098312562183797, 5.148927567070103, 4.6782318010751585, 5.7995581048800595, 4.569925925961667, 5.751033541281201, 5.009404419497937], [2.511150116590085, 1.3344251186997653, 2.4758190102986295, 0.0, 1.5053174096325659, 1.512860453616885, 2.5171180292205135, 2.5055648104766512, 3.0052071314352546, 3.351048313155865, 2.7441395140616027, 3.34588989558206, 2.925189571158773, 2.70325626974832, 2.147740045906509, 2.150224461531683, 2.1499214408506377, 2.1316885786699102, 2.842902648610087, 2.718108644616769, 3.4531983647847886, 2.7304923770385705, 3.4506392761469895, 2.7870455091347983], [3.8905632176869878, 2.467905536715117, 2.880750319172508, 1.5053174096325659, 0.0, 2.5641012147766618, 2.9950055072341373, 3.183093633524728, 4.377740591238528, 4.576884410162674, 4.202625621660259, 3.927436112768991, 3.0861632354610253, 2.6413413961560455, 1.088101301502791, 1.0909236996569707, 1.0853791479999644, 3.469563260897018, 2.75551210366091, 3.1966382828983764, 4.0385428451407135, 3.544198344085648, 4.165531533342379, 2.9114059683337827], [3.007198256963083, 2.5047900052062686, 3.8951673180779154, 1.512860453616885, 2.5641012147766618, 0.0, 1.5310120244544834, 1.5315469262328232, 3.305205999233329, 4.024596859748094, 2.7575939522681967, 4.630921559224799, 4.344714034156335, 4.168373816585478, 3.387438604862661, 3.1719310028788072, 2.6145310000189763, 1.0923720291213332, 2.1798812517954658, 2.1633893737681382, 2.159269836172359, 2.1644061441228546, 2.1647630797368285, 2.1737610703581924], [4.224276447842449, 3.622622668482585, 4.844892660178581, 2.5171180292205135, 2.9950055072341373, 1.5310120244544834, 0.0, 2.5199219730170057, 4.220238022684065, 5.28676703407432, 4.112181673853756, 5.586272518854327, 5.422618359617666, 4.810913848421928, 4.040065367643317, 3.1976723994201466, 2.7813105762857937, 2.123316658951632, 1.0865439683126048, 1.087680972340869, 1.0881883883511725, 3.466906123967885, 2.752362617563307, 2.786627411871515], [3.897535181541766, 3.4676462705997735, 4.764727092398279, 2.5055648104766512, 3.183093633524728, 1.5315469262328232, 2.5199219730170057, 0.0, 4.448483022708342, 4.759331058594793, 3.331452071088118, 5.576374405547895, 4.897900602417591, 5.151977397612635, 3.749765122354403, 4.0656390439327454, 2.854209255373187, 2.1380987432433067, 2.758476395713516, 3.4662709041341273, 2.7822432643342085, 1.088007222366617, 1.0880986829080201, 1.0874187452116517], [1.091253296396029, 2.149496389083429, 3.084517197872129, 3.0052071314352546, 4.377740591238528, 3.305205999233329, 4.220238022684065, 4.448483022708342, 0.0, 1.7613867929630795, 1.765264270593602, 2.9341178481121903, 3.9040674749146143, 3.7127227455036595, 4.8064407114228915, 4.600044445080293, 5.133430490771293, 2.6315987190267576, 5.092351362477139, 3.943660402554131, 4.728966813715417, 4.337007140407737, 4.985297247416173, 5.254996586731562], [1.087941455300067, 2.137542065526528, 2.5757339137465753, 3.351048313155865, 4.576884410162674, 4.024596859748094, 5.28676703407432, 4.759331058594793, 1.7613867929630795, 0.0, 1.7580982414987114, 2.264494689257055, 2.9896846806588635, 3.5646503728581487, 4.6111068298203115, 5.01347532535327, 5.407615161011569, 3.5718705077527013, 5.988532556995513, 5.226280692018606, 5.896733261249697, 4.272810841242331, 5.465125862568773, 5.471379441991142], [1.0867740925983447, 2.162297117659248, 3.4019687349777046, 2.7441395140616027, 4.202625621660259, 2.7575939522681967, 4.112181673853756, 3.331452071088118, 1.765264270593602, 1.7580982414987114, 0.0, 3.5709597620310736, 3.804332800073839, 4.253549651300045, 4.512576534711065, 4.817345259536257, 4.750253134136978, 2.1065998752647728, 4.9079198051788495, 4.29746554910289, 4.517618095551923, 2.902032302270788, 3.8551969252913905, 4.231194736364162], [2.567101604924702, 2.1447007085061647, 1.0875911120084965, 3.34588989558206, 3.927436112768991, 4.630921559224799, 5.586272518854327, 5.576374405547895, 2.9341178481121903, 2.264494689257055, 3.5709597620310736, 0.0, 1.7631854629733792, 1.764053530778048, 3.730817983926132, 4.006449792066795, 4.982287533794849, 4.612208397782929, 6.016635821948317, 5.303832945774811, 6.478998469543954, 5.311033235149003, 6.499289009527761, 5.946610311354067], [3.1311467028263937, 2.148617009055221, 1.0913640310743715, 2.925189571158773, 3.0861632354610253, 4.344714034156335, 5.422618359617666, 4.897900602417591, 3.9040674749146143, 2.9896846806588635, 3.804332800073839, 1.7631854629733792, 0.0, 1.7621418295968323, 2.484080302936636, 3.4805470254508126, 4.038026553076427, 4.654644039347049, 5.604840386158464, 5.428887441851046, 6.374913124661007, 4.54191858780724, 5.940425146374594, 5.0190459596808195], [3.374130976882859, 2.1547472294949306, 1.0882064994759224, 2.70325626974832, 2.6413413961560455, 4.168373816585478, 4.810913848421928, 5.151977397612635, 3.7127227455036595, 3.5646503728581487, 4.253549651300045, 1.764053530778048, 1.7621418295968323, 0.0, 2.4613563362376896, 2.454739920616471, 3.7208940344434382, 4.527494901255542, 4.969192796669072, 4.511015134860253, 5.842595940398092, 5.152975397834769, 6.143279213092756, 5.24564797942304], [4.150186863981418, 2.6913515916699526, 2.647155806133186, 2.147740045906509, 1.088101301502791, 3.387438604862661, 4.040065367643317, 3.749765122354403, 4.8064407114228915, 4.6111068298203115, 4.512576534711065, 3.730817983926132, 2.484080302936636, 2.4613563362376896, 0.0, 1.7617883877015925, 1.759069551879514, 4.2226517443774005, 3.7819514385393727, 4.263984890348624, 5.05606823839401, 3.8454828180567735, 4.806853464687568, 3.3997985246130145], [4.328577899884351, 2.906965641492828, 3.0618007590565677, 2.150224461531683, 1.0909236996569707, 3.1719310028788072, 3.1976723994201466, 4.0656390439327454, 4.600044445080293, 5.01347532535327, 4.817345259536257, 4.006449792066795, 3.4805470254508126, 2.454739920616471, 1.7617883877015925, 0.0, 1.7607057959507273, 3.986753976030897, 2.918642440023648, 3.063620541239972, 4.280172286565454, 4.5331088311182395, 4.95988411510976, 3.823010556867255], [4.644358245191806, 3.3467090752949917, 3.9313524728657323, 2.1499214408506377, 1.0853791479999644, 2.6145310000189763, 2.7813105762857937, 2.854209255373187, 5.133430490771293, 5.407615161011569, 4.750253134136978, 4.982287533794849, 4.038026553076427, 3.7208940344434382, 1.759069551879514, 1.7607057959507273, 0.0, 3.6763073141476936, 2.217737813331311, 3.254760632934189, 3.7134268367132504, 3.413785465529663, 3.7332348030210354, 2.272883711198336], [2.5172453070555556, 2.601806648787261, 4.098312562183797, 2.1316885786699102, 3.469563260897018, 1.0923720291213332, 2.123316658951632, 2.1380987432433067, 2.6315987190267576, 3.5718705077527013, 2.1065998752647728, 4.612208397782929, 4.654644039347049, 4.527494901255542, 4.2226517443774005, 3.986753976030897, 3.6763073141476936, 0.0, 3.044848017960916, 2.4872814664526737, 2.411380195719129, 2.4825686095455306, 2.459080952308397, 3.0532378234796185], [4.976505524219331, 4.110789556670749, 5.148927567070103, 2.842902648610087, 2.75551210366091, 2.1798812517954658, 1.0865439683126048, 2.758476395713516, 5.092351362477139, 5.988532556995513, 4.9079198051788495, 6.016635821948317, 5.604840386158464, 4.969192796669072, 3.7819514385393727, 2.918642440023648, 2.217737813331311, 3.044848017960916, 0.0, 1.7644843253869615, 1.7596535136775433, 3.7689150585590223, 3.0685216095268544, 2.5828633843437085], [4.1785779024304475, 3.594042896251208, 4.6782318010751585, 2.718108644616769, 3.1966382828983764, 2.1633893737681382, 1.087680972340869, 3.4662709041341273, 3.943660402554131, 5.226280692018606, 4.29746554910289, 5.303832945774811, 5.428887441851046, 4.511015134860253, 4.263984890348624, 3.063620541239972, 3.254760632934189, 2.4872814664526737, 1.7644843253869615, 0.0, 1.7650648624793168, 4.299859186278668, 3.761381169616754, 3.769461516311006], [4.815347648736805, 4.4756410943571385, 5.7995581048800595, 3.4531983647847886, 4.0385428451407135, 2.159269836172359, 1.0881883883511725, 2.7822432643342085, 4.728966813715417, 5.896733261249697, 4.517618095551923, 6.478998469543954, 6.374913124661007, 5.842595940398092, 5.05606823839401, 4.280172286565454, 3.7134268367132504, 2.411380195719129, 1.7596535136775433, 1.7650648624793168, 0.0, 3.7650539324830974, 2.5702177530754198, 3.17022929677172], [3.590484264650943, 3.3448350064505536, 4.569925925961667, 2.7304923770385705, 3.544198344085648, 2.1644061441228546, 3.466906123967885, 1.088007222366617, 4.337007140407737, 4.272810841242331, 2.902032302270788, 5.311033235149003, 4.54191858780724, 5.152975397834769, 3.8454828180567735, 4.5331088311182395, 3.413785465529663, 2.4825686095455306, 3.7689150585590223, 4.299859186278668, 3.7650539324830974, 0.0, 1.7671696528840521, 1.76286542375679], [4.569720086837693, 4.372861559031064, 5.751033541281201, 3.4506392761469895, 4.165531533342379, 2.1647630797368285, 2.752362617563307, 1.0880986829080201, 4.985297247416173, 5.465125862568773, 3.8551969252913905, 6.499289009527761, 5.940425146374594, 6.143279213092756, 4.806853464687568, 4.95988411510976, 3.7332348030210354, 2.459080952308397, 3.0685216095268544, 3.761381169616754, 2.5702177530754198, 1.7671696528840521, 0.0, 1.7628503742586752], [4.656274135443642, 3.920311065466452, 5.009404419497937, 2.7870455091347983, 2.9114059683337827, 2.1737610703581924, 2.786627411871515, 1.0874187452116517, 5.254996586731562, 5.471379441991142, 4.231194736364162, 5.946610311354067, 5.0190459596808195, 5.24564797942304, 3.3997985246130145, 3.823010556867255, 2.272883711198336, 3.0532378234796185, 2.5828633843437085, 3.769461516311006, 3.17022929677172, 1.76286542375679, 1.7628503742586752, 0.0]]}