{"total energy": -22.01905301, "HOMO-LUMO gap/eV": 3.8348544, "electronic energy": -22.3077677, "dipole": [0.29147792, -1.20392285, 0.62400155], "partial charges": [-0.35878392, 0.24323273, -0.08579685, -0.05335009, -0.0603667, -0.05335009, -0.08579685, 0.05580659, 0.05604234, 0.03853867, 0.03955524, 0.03718755, 0.03713854, 0.03853867, 0.03955523, 0.05580659, 0.05604234], "atomic dipole moments": [[0.03474898, -0.14344527, 0.0829479], [-0.00566917, 0.0233588, -0.01808858], [-0.05824206, -0.07063349, -0.04886995], [-0.08804977, 0.03821107, 0.07054408], [-0.02277987, 0.09390179, -0.06837313], [0.06129744, 0.07418984, 0.07019834], [0.08380345, -0.03641374, -0.0491988], [0.08376151, 0.08811496, -0.04619787], [0.00968517, -0.00266489, 0.12838122], [0.11266466, -0.03334961, 0.0385172], [0.00194864, 0.00292312, -0.12539086], [0.00228268, -0.00829221, 0.12312061], [0.02694874, -0.11229824, -0.04521623], [-0.08494827, -0.08095593, 0.03897468], [-0.00361471, 0.00158287, -0.12537798], [-0.11489981, 0.04025607, -0.04573796], [-0.00684721, -0.00664766, 0.12841949]], "atomic quadrupole moments": [[-0.12805831, -0.02025419, -0.04718939, -0.03897812, 0.16475816, 0.1752477], [-0.28087898, -0.04113186, -0.11585201, -0.09797112, 0.41328099, 0.39673099], [0.06289575, -0.13799054, 0.10015922, 0.05726649, 0.06851924, -0.16305496], [-0.0476484, 0.07861226, 0.21660444, -0.10606173, 0.04507838, -0.16895604], [0.205617, 0.06169927, -0.03663829, 0.02299746, -0.09920408, -0.16897871], [0.07153707, -0.15267766, 0.0982487, 0.07300653, 0.08881908, -0.16978577], [-0.0419888, 0.06571561, 0.20439474, -0.0827859, 0.03424958, -0.16240594], [0.01022821, 0.03091159, 0.0128764, -0.03000769, -0.02247237, -0.02310461], [-0.03788295, -0.00024744, -0.02691263, -0.0005911, -0.00567123, 0.06479557], [0.0380133, -0.01822683, -0.01371444, 0.0337448, -0.00669989, -0.02429887], [-0.03929489, 0.00803772, -0.01442512, 0.00772049, -0.0046853, 0.05372002], [-0.01542113, 0.00716247, -0.04339784, -0.00053021, 0.00289773, 0.05881897], [-0.01756653, -0.01455835, 0.03974137, -0.009093, 0.0377341, -0.02217484], [0.01226986, 0.03151676, 0.01174676, -0.027185, -0.02150782, -0.02401662], [-0.02765996, -0.01482505, -0.02611596, -0.00436813, -0.00753812, 0.05377592], [0.0361645, -0.01915339, -0.01275084, 0.03671012, -0.00626922, -0.02341366], [-0.03577945, -0.00432, -0.02899692, 0.00355354, -0.00466216, 0.06477637]], "number of molecular orbitals": 38, "number of electrons": 40, "number of unpaired electrons": 0, "orbital energies/eV": [-19.26438775, -17.78589623, -17.18446499, -17.02230276, -16.22015983, -15.89041026, -15.39383247, -14.70283082, -14.50146656, -14.37603084, -14.02780261, -13.81188117, -13.36028867, -13.09220401, -12.94097704, -12.47338748, -12.08420134, -12.03187248, -11.90547379, -10.57590867, -6.74105427, 2.20937694, 2.35504089, 2.37635709, 2.55296198, 3.04234546, 3.39892704, 3.59101089, 4.54522869, 4.81771426, 5.27347908, 5.98850939, 6.31976764, 6.33656399, 6.94387829, 7.61312202, 8.27191869, 17.32673101], "fractional occupation": [2.0, 2.0, 2.0, 2.0, 2.0, 2.0, 2.0, 2.0, 2.0, 2.0, 2.0, 2.0, 2.0, 2.0, 2.0, 2.0, 2.0, 2.0, 2.0, 2.0, 0.0, 0.0, 0.0, 0.0, 0.0, 0.0, 0.0, 0.0, 0.0, 0.0, 0.0, 0.0, 0.0, 0.0, 0.0, 0.0, 0.0, 0.0], "program call": "xtb /tmp/scratch/tmpjwi38v9e/1572_0_xyzopt.xyz --pop --wbo --acc 0.2 --gfn 2 --chrg 0 --uhf 0 --etemp 300 --input /tmp/scratch/tmpjwi38v9e/1572_0_xtb.inp", "method": "GFN2-xTB", "xtb version": "6.3.3 (7355c4f)", "Dipole module/D": 3.525, "Total charge": 0, "Transition dipole module/D": NaN, "HOMO": -10.5759, "LUMO": -6.7411, "HOMO occupancy": 2.0, "LUMO occupancy": 0, "mulliken charges": [-0.48642, 0.402, -0.09215, -0.04183, -0.05382, -0.04183, -0.09215, 0.05618, 0.04671, 0.03388, 0.03519, 0.02723, 0.03504, 0.03388, 0.03519, 0.05618, 0.04671], "cm5 charges": [-0.53715, 0.42243, -0.19408, -0.1515, -0.16425, -0.1515, -0.19408, 0.1144, 0.10385, 0.08859, 0.09166, 0.08333, 0.0898, 0.08859, 0.09166, 0.1144, 0.10385], "FUKUI+": [-0.288, -0.189, 0.022, 0.01, 0.023, 0.01, 0.022, -0.066, -0.095, -0.064, -0.035, -0.034, -0.056, -0.064, -0.035, -0.066, -0.095], "FUKUI-": [-0.208, -0.042, -0.013, 0.006, 0.011, 0.006, -0.013, -0.077, -0.075, -0.112, -0.057, -0.045, -0.061, -0.112, -0.057, -0.077, -0.075], "FUKUIrad": [-0.248, -0.115, 0.004, 0.008, 0.017, 0.008, 0.004, -0.072, -0.085, -0.088, -0.046, -0.039, -0.058, -0.088, -0.046, -0.072, -0.085], "s proportion": [1.729, 1.065, 1.041, 1.03, 1.029, 1.03, 1.041, 0.944, 0.953, 0.966, 0.965, 0.973, 0.965, 0.966, 0.965, 0.944, 0.953], "p proportion": [4.758, 2.533, 3.051, 3.012, 3.025, 3.012, 3.051, 0.0, 0.0, 0.0, 0.0, 0.0, 0.0, 0.0, 0.0, 0.0, 0.0], "d proportion": [0.0, 0.0, 0.0, 0.0, 0.0, 0.0, 0.0, 0.0, 0.0, 0.0, 0.0, 0.0, 0.0, 0.0, 0.0, 0.0, 0.0], "Fermi-level/eV": -8.6585, "Coordination numbers": [0.857, 2.816, 3.806, 3.806, 3.805, 3.806, 3.806, 0.924, 0.924, 0.924, 0.924, 0.924, 0.924, 0.924, 0.924, 0.924, 0.924], "Dispersion coefficient C6": [20.875, 22.933, 22.132, 21.527, 21.657, 21.527, 22.132, 2.249, 2.246, 2.468, 2.455, 2.487, 2.487, 2.468, 2.455, 2.249, 2.246], "Total dispersion C6": 2306.105138, "Total dispersion C8": 50626.215534, "Polarizability alpha": [6.126, 7.846, 6.697, 6.605, 6.625, 6.605, 6.697, 2.345, 2.344, 2.457, 2.45, 2.466, 2.466, 2.457, 2.45, 2.345, 2.344], "Total polarizability alpha": 71.325817, "Wiberg matrix": [[0.0, 1.8720085216071891, 0.0, 0.0, 0.0, 0.0, 0.0, 0.0, 0.0, 0.0, 0.0, 0.0, 0.0, 0.0, 0.0, 0.0, 0.0], [1.8720085216071891, 0.0, 0.9887524297330873, 0.0, 0.0, 0.0, 0.9887524275310587, 0.0, 0.0, 0.0, 0.0, 0.0, 0.0, 0.0, 0.0, 0.0, 0.0], [0.0, 0.9887524297330873, 0.0, 0.9890608591126987, 0.0, 0.0, 0.0, 0.9746302489570019, 0.9532822337608707, 0.0, 0.0, 0.0, 0.0, 0.0, 0.0, 0.0, 0.0], [0.0, 0.0, 0.9890608591126987, 0.0, 1.0102095168823806, 0.0, 0.0, 0.0, 0.0, 0.9759080099675204, 0.9780154682025088, 0.0, 0.0, 0.0, 0.0, 0.0, 0.0], [0.0, 0.0, 0.0, 1.0102095168823806, 0.0, 1.0102095152457795, 0.0, 0.0, 0.0, 0.0, 0.0, 0.9767920729197743, 0.9750318333816165, 0.0, 0.0, 0.0, 0.0], [0.0, 0.0, 0.0, 0.0, 1.0102095152457795, 0.0, 0.9890608599611493, 0.0, 0.0, 0.0, 0.0, 0.0, 0.0, 0.9759080098373014, 0.978015467896111, 0.0, 0.0], [0.0, 0.9887524275310587, 0.0, 0.0, 0.0, 0.9890608599611493, 0.0, 0.0, 0.0, 0.0, 0.0, 0.0, 0.0, 0.0, 0.0, 0.9746302491333989, 0.9532822349805634], [0.0, 0.0, 0.9746302489570019, 0.0, 0.0, 0.0, 0.0, 0.0, 0.0, 0.0, 0.0, 0.0, 0.0, 0.0, 0.0, 0.0, 0.0], [0.0, 0.0, 0.9532822337608707, 0.0, 0.0, 0.0, 0.0, 0.0, 0.0, 0.0, 0.0, 0.0, 0.0, 0.0, 0.0, 0.0, 0.0], [0.0, 0.0, 0.0, 0.9759080099675204, 0.0, 0.0, 0.0, 0.0, 0.0, 0.0, 0.0, 0.0, 0.0, 0.0, 0.0, 0.0, 0.0], [0.0, 0.0, 0.0, 0.9780154682025088, 0.0, 0.0, 0.0, 0.0, 0.0, 0.0, 0.0, 0.0, 0.0, 0.0, 0.0, 0.0, 0.0], [0.0, 0.0, 0.0, 0.0, 0.9767920729197743, 0.0, 0.0, 0.0, 0.0, 0.0, 0.0, 0.0, 0.0, 0.0, 0.0, 0.0, 0.0], [0.0, 0.0, 0.0, 0.0, 0.9750318333816165, 0.0, 0.0, 0.0, 0.0, 0.0, 0.0, 0.0, 0.0, 0.0, 0.0, 0.0, 0.0], [0.0, 0.0, 0.0, 0.0, 0.0, 0.9759080098373014, 0.0, 0.0, 0.0, 0.0, 0.0, 0.0, 0.0, 0.0, 0.0, 0.0, 0.0], [0.0, 0.0, 0.0, 0.0, 0.0, 0.978015467896111, 0.0, 0.0, 0.0, 0.0, 0.0, 0.0, 0.0, 0.0, 0.0, 0.0, 0.0], [0.0, 0.0, 0.0, 0.0, 0.0, 0.0, 0.9746302491333989, 0.0, 0.0, 0.0, 0.0, 0.0, 0.0, 0.0, 0.0, 0.0, 0.0], [0.0, 0.0, 0.0, 0.0, 0.0, 0.0, 0.9532822349805634, 0.0, 0.0, 0.0, 0.0, 0.0, 0.0, 0.0, 0.0, 0.0, 0.0]], "Born radii": [], "Atomic SASAs": [], "Solvent H bonds": [], "Total SASA": NaN, "Total FOD": 0.0, "FOD": [0.0, 0.0, 0.0, 0.0, 0.0, 0.0, 0.0, 0.0, 0.0, 0.0, 0.0, 0.0, 0.0, 0.0, 0.0, 0.0, 0.0], "FOD s proportion": [0.0, 0.0, 0.0, 0.0, 0.0, 0.0, 0.0, 0.0, 0.0, 0.0, 0.0, 0.0, 0.0, 0.0, 0.0, 0.0, 0.0], "FOD p proportion": [0.0, 0.0, 0.0, 0.0, 0.0, 0.0, 0.0, 0.0, 0.0, 0.0, 0.0, 0.0, 0.0, 0.0, 0.0, 0.0, 0.0], "FOD d proportion": [0.0, 0.0, 0.0, 0.0, 0.0, 0.0, 0.0, 0.0, 0.0, 0.0, 0.0, 0.0, 0.0, 0.0, 0.0, 0.0, 0.0], "coordinates": [["-0.60659739968271", "2.51092048044132", "-0.73408700120049"], ["-0.35821812246637", "1.48548385331288", "-0.15331471092880"], ["1.04200950352223", "1.07644805248590", "0.24087580103600"], ["1.36271649734091", "-0.32252148398662", "-0.29178052210242"], ["0.32075550038914", "-1.32970930409249", "0.18109521973071"], ["-1.06761203734382", "-0.90800437712487", "-0.28615422236932"], ["-1.41682697423622", "0.48409738106450", "0.24656813509966"], ["1.75441905361739", "1.80973086139397", "-0.14033124247196"], ["1.10001070097611", "1.07044535467371", "1.33229940554327"], ["2.35765543453576", "-0.61974866954153", "0.04553658122281"], ["1.37388317506750", "-0.29612758536542", "-1.38362779268902"], ["0.33807745626417", "-1.39113047966382", "1.27186597062923"], ["0.55826503419735", "-2.31940095107692", "-0.21371467111230"], ["-1.81656303983382", "-1.62534669137376", "0.05520001894363"], ["-1.09435088929465", "-0.89074215515270", "-1.37791374583862"], ["-2.38666704809844", "0.81211465856219", "-0.13074439613991"], ["-1.46095484495453", "0.45349105544368", "1.33822817264753"]], "bond_dist": [[0.0, 1.2043707879031635, 2.3929413560729254, 3.4788253207431605, 4.055610809807624, 3.4788252977367535, 2.392941356573639, 2.533497873619957, 3.042602928277843, 4.38128943601049, 3.4962444695015007, 4.4880128792048035, 4.995968072713316, 4.381289418327599, 3.496244417962853, 2.533497873048765, 3.0426029420379948], [1.2043707879031635, 0.0, 1.5110704320655974, 2.499934408383283, 2.915158262557841, 2.499934393440945, 1.5110704346241963, 2.137414449860829, 2.122672268611475, 3.4420219332970134, 2.772721497463856, 3.2849471120145743, 3.9141714201494633, 3.442021930252715, 2.772721459145975, 2.1374144510241253, 2.1226722751110265], [2.3929413560729254, 1.5110704320655974, 0.0, 1.5309119825913222, 2.5126428873902897, 2.943860583764922, 2.5291873289568843, 1.0911232079499442, 1.0929801717152743, 2.1554964501029183, 2.152467407770301, 2.765394161648745, 3.460123070639109, 3.9377160029174747, 3.324808661877617, 3.458872158627101, 2.8030497993062844], [3.4788253207431605, 2.499934408383283, 1.5309119825913222, 0.0, 1.5243757710461598, 2.4998637282678127, 2.943860591222805, 2.173216013486727, 2.1556916663643357, 1.091801409036934, 1.0922233264599706, 2.153323176946017, 2.1542432638240894, 3.4533414821540482, 2.7458587460596227, 3.9206133169001003, 3.351453961434355], [4.055610809807624, 2.915158262557841, 2.5126428873902897, 1.5243757710461598, 0.0, 1.5243757759824963, 2.5126428814879938, 3.466235812394885, 2.773671237019862, 2.161337916387121, 2.1507503746497707, 1.0926360061702256, 1.0916845628055825, 2.1613379209925783, 2.150750382238202, 3.466235809792391, 2.7736712039606615], [3.4788252977367535, 2.499934393440945, 2.943860583764922, 2.4998637282678127, 1.5243757759824963, 0.0, 1.5309119790014074, 3.920613299791873, 3.3514539863526234, 3.4533414826886575, 2.745858757851814, 2.1533231771347285, 2.1542432614060076, 1.0918014096002389, 1.0922233322892247, 2.1732160114490475, 2.1556916621921554], [2.392941356573639, 1.5110704346241963, 2.5291873289568843, 2.943860591222805, 2.5126428814879938, 1.5309119790014074, 0.0, 3.4588721603599386, 2.8030498071106282, 3.9377159932150767, 3.324808701060282, 2.7653941385240604, 3.460123061654344, 2.15549645621733, 2.1524674114146167, 1.0911232054339621, 1.0929801707813167], [2.533497873619957, 2.137414449860829, 1.0911232079499442, 2.173216013486727, 3.466235812394885, 3.920613299791873, 3.4588721603599386, 0.0, 1.7729733156274694, 2.5101417829244426, 2.4749209410470567, 3.7743658823386625, 4.299523123618812, 4.958820765007412, 4.115781232448468, 4.259568534206147, 3.790007079531667], [3.042602928277843, 2.122672268611475, 1.0929801717152743, 2.1556916663643357, 2.773671237019862, 3.3514539863526234, 2.8030498071106282, 1.7729733156274694, 0.0, 2.4686402494888555, 3.0526690417747595, 2.5775084980746974, 3.7649310577090156, 4.171891655396627, 4.000841731870693, 3.7900070765222336, 2.634238463970491], [4.38128943601049, 3.4420219332970134, 2.1554964501029183, 1.091801409036934, 2.161337916387121, 3.4533414826886575, 3.9377159932150767, 2.5101417829244426, 2.4686402494888555, 0.0, 1.764950218074549, 2.4854796073653525, 2.488741630381869, 4.293648871916494, 3.7437943269656424, 4.958820766329083, 4.171891600276236], [3.4962444695015007, 2.772721497463856, 2.152467407770301, 1.0922233264599706, 2.1507503746497707, 2.745858757851814, 3.324808701060282, 2.4749209410470567, 3.0526690417747595, 1.764950218074549, 0.0, 3.0534524644490006, 2.4753918429516175, 3.7437943257453887, 2.5388537833858056, 4.115781293694739, 4.00084173674104], [4.4880128792048035, 3.2849471120145743, 2.765394161648745, 2.153323176946017, 1.0926360061702256, 2.1533231771347285, 2.7653941385240604, 3.7743658823386625, 2.5775084980746974, 2.4854796073653525, 3.0534524644490006, 0.0, 1.7655363153134955, 2.485479619559206, 3.053452469954603, 3.774365853244629, 2.5775084423658674], [4.995968072713316, 3.9141714201494633, 3.460123070639109, 2.1542432638240894, 1.0916845628055825, 2.1542432614060076, 3.460123061654344, 4.299523123618812, 3.7649310577090156, 2.488741630381869, 2.4753918429516175, 1.7655363153134955, 0.0, 2.4887416111654854, 2.475391854099988, 4.299523118821134, 3.764931020680899], [4.381289418327599, 3.442021930252715, 3.9377160029174747, 3.4533414821540482, 2.1613379209925783, 1.0918014096002389, 2.15549645621733, 4.958820765007412, 4.171891655396627, 4.293648871916494, 3.7437943257453887, 2.485479619559206, 2.4887416111654854, 0.0, 1.7649502196468105, 2.5101417765081973, 2.468640275344943], [3.496244417962853, 2.772721459145975, 3.324808661877617, 2.7458587460596227, 2.150750382238202, 1.0922233322892247, 2.1524674114146167, 4.115781232448468, 4.000841731870693, 3.7437943269656424, 2.5388537833858056, 3.053452469954603, 2.475391854099988, 1.7649502196468105, 0.0, 2.474920962202331, 3.052669046282834], [2.533497873048765, 2.1374144510241253, 3.458872158627101, 3.9206133169001003, 3.466235809792391, 2.1732160114490475, 1.0911232054339621, 4.259568534206147, 3.7900070765222336, 4.958820766329083, 4.115781293694739, 3.774365853244629, 4.299523118821134, 2.5101417765081973, 2.474920962202331, 0.0, 1.7729733161029877], [3.0426029420379948, 2.1226722751110265, 2.8030497993062844, 3.351453961434355, 2.7736712039606615, 2.1556916621921554, 1.0929801707813167, 3.790007079531667, 2.634238463970491, 4.171891600276236, 4.00084173674104, 2.5775084423658674, 3.764931020680899, 2.468640275344943, 3.052669046282834, 1.7729733161029877, 0.0]]}