{"total energy": -20.89172374, "HOMO-LUMO gap/eV": 12.33927556, "electronic energy": -21.15432006, "dipole": [0.11566271, -0.48645613, -0.512408], "partial charges": [-0.10283661, -0.06710443, 0.10704009, -0.44338857, -0.06710443, -0.10283661, 0.03630779, 0.04831405, 0.03320297, 0.02722719, 0.02982998, 0.04331597, 0.28315066, 0.02982998, 0.02722718, 0.04831405, 0.03630779, 0.03320297], "atomic dipole moments": [[-0.07008182, -0.07027919, -0.0385151], [-0.02027687, 0.07635725, 0.0684408], [-0.03580608, 0.12584795, -0.14443465], [0.0543431, -0.21491582, -0.07368537], [-0.01678096, 0.07726668, 0.06836653], [0.09384326, -0.02763568, -0.04199703], [0.0096685, -0.01422366, 0.12341198], [-0.03108537, 0.11971678, -0.02238996], [0.10929292, -0.0250338, -0.0519502], [0.00145329, 0.00556269, -0.12241183], [0.0244494, -0.11706902, 0.03112818], [0.00043596, 0.00850614, 0.12469896], [-0.00068832, -0.00352729, -0.07560387], [0.03693139, -0.11382194, 0.03086307], [-0.00884612, 0.00288337, -0.12219306], [-0.03208408, 0.11945697, -0.02236878], [0.00340153, -0.01585392, 0.1235451], [-0.08522397, -0.0756355, -0.04781844]], "atomic quadrupole moments": [[0.07242536, 0.16000687, 0.00093069, 0.08983968, 0.08920832, -0.07335605], [0.19807331, 0.05686022, -0.05959011, -0.03310259, 0.11088242, -0.1384832], [-0.00372155, -0.08208954, 0.28061727, 0.024438, -0.11446091, -0.27689572], [-0.09436953, -0.0645052, 0.13201158, 0.01579714, -0.05469595, -0.03764205], [0.18273478, 0.08386735, -0.04450078, -0.03880668, 0.10874013, -0.138234], [0.18153475, -0.05349446, -0.11753363, -0.13152832, 0.03675949, -0.06400112], [-0.04455999, 0.01312096, -0.03496718, 0.00659271, -0.02074751, 0.07952717], [-0.02579267, -0.0272489, 0.06686773, 0.01756645, -0.02540891, -0.04107506], [0.05535568, -0.0216538, -0.03670181, -0.04778971, 0.0256549, -0.01865387], [-0.01957701, 0.01396895, -0.04193158, 0.00379798, -0.01516683, 0.06150859], [-0.01405455, -0.01564734, 0.04822734, 0.0141914, -0.02920628, -0.03417279], [-0.02114728, -0.00313745, -0.01091984, 0.00411143, -0.0113858, 0.03206712], [-0.09105848, -0.01219703, -0.04912664, 0.00998415, -0.01922182, 0.14018512], [-0.01246147, -0.01956271, 0.04608242, 0.00118503, -0.0324978, -0.03362096], [-0.01255599, 0.00165575, -0.04881304, 0.00700874, -0.01403122, 0.06136902], [-0.02722607, -0.0263796, 0.067417, -0.00322969, -0.03084524, -0.04019093], [-0.03058943, -0.01171639, -0.04883501, 0.00886264, -0.01955221, 0.07942444], [0.01731502, 0.05260773, 0.00450937, 0.02724541, 0.04338696, -0.02182438]], "number of molecular orbitals": 36, "number of electrons": 38, "number of unpaired electrons": 0, "orbital energies/eV": [-18.5305078, -17.17411341, -16.74382551, -16.21545856, -15.84905446, -15.30264677, -14.59318546, -14.38466538, -14.13842928, -13.54536682, -13.11473684, -13.04652788, -12.6327637, -12.31579862, -12.29038284, -11.88605131, -11.81129715, -11.65463482, -10.91592233, 1.42335324, 1.79374982, 3.06213735, 3.10596778, 3.49206207, 4.49603307, 4.60741234, 4.82015178, 4.84267199, 5.16042205, 5.37992137, 5.70260111, 6.76190686, 7.33414197, 7.50351751, 7.68568453, 8.19233417], "fractional occupation": [2.0, 2.0, 2.0, 2.0, 2.0, 2.0, 2.0, 2.0, 2.0, 2.0, 2.0, 2.0, 2.0, 2.0, 2.0, 2.0, 2.0, 2.0, 2.0, 0.0, 0.0, 0.0, 0.0, 0.0, 0.0, 0.0, 0.0, 0.0, 0.0, 0.0, 0.0, 0.0, 0.0, 0.0, 0.0, 0.0], "program call": "xtb /tmp/scratch/tmptq7dtd5c/15915_0_xyzopt.xyz --pop --wbo --acc 0.2 --gfn 2 --chrg 0 --uhf 0 --etemp 300 --input /tmp/scratch/tmptq7dtd5c/15915_0_xtb.inp", "method": "GFN2-xTB", "xtb version": "6.3.3 (7355c4f)", "Dipole module/D": 1.82, "Total charge": 0, "Transition dipole module/D": NaN, "HOMO": -10.9159, "LUMO": 1.4234, "HOMO occupancy": 2.0, "LUMO occupancy": 0, "mulliken charges": [-0.08012, -0.0671, 0.21444, -0.56146, -0.0671, -0.08012, 0.02835, 0.03844, 0.0265, 0.02183, 0.0242, 0.02866, 0.33417, 0.0242, 0.02183, 0.03844, 0.02835, 0.0265], "cm5 charges": [-0.23185, -0.17658, 0.16668, -0.77908, -0.17658, -0.23185, 0.08096, 0.09382, 0.0782, 0.07904, 0.08004, 0.09726, 0.50787, 0.08004, 0.07904, 0.09382, 0.08096, 0.0782], "FUKUI+": [0.012, -0.012, -0.042, -0.087, -0.012, 0.012, -0.054, -0.048, -0.094, -0.061, -0.089, -0.079, -0.099, -0.089, -0.061, -0.048, -0.054, -0.094], "FUKUI-": [0.015, -0.008, -0.022, -0.133, -0.008, 0.015, -0.069, -0.05, -0.118, -0.063, -0.067, -0.066, -0.061, -0.067, -0.063, -0.05, -0.069, -0.118], "FUKUIrad": [0.013, -0.01, -0.032, -0.11, -0.01, 0.013, -0.061, -0.049, -0.106, -0.062, -0.078, -0.072, -0.08, -0.078, -0.062, -0.049, -0.061, -0.106], "s proportion": [1.003, 1.036, 1.017, 1.694, 1.036, 1.003, 0.972, 0.962, 0.974, 0.978, 0.976, 0.971, 0.666, 0.976, 0.978, 0.962, 0.972, 0.974], "p proportion": [3.077, 3.031, 2.768, 4.867, 3.031, 3.077, 0.0, 0.0, 0.0, 0.0, 0.0, 0.0, 0.0, 0.0, 0.0, 0.0, 0.0, 0.0], "d proportion": [0.0, 0.0, 0.0, 0.0, 0.0, 0.0, 0.0, 0.0, 0.0, 0.0, 0.0, 0.0, 0.0, 0.0, 0.0, 0.0, 0.0, 0.0], "Fermi-level/eV": -4.7463, "Coordination numbers": [3.752, 3.8, 3.727, 1.655, 3.8, 3.752, 0.925, 0.925, 0.925, 0.924, 0.924, 0.924, 0.805, 0.924, 0.924, 0.925, 0.925, 0.925], "Dispersion coefficient C6": [22.525, 21.786, 18.917, 21.71, 21.786, 22.525, 2.499, 2.341, 2.541, 2.626, 2.589, 2.405, 0.774, 2.589, 2.626, 2.341, 2.499, 2.541], "Total dispersion C6": 2119.386645, "Total dispersion C8": 43598.895322, "Polarizability alpha": [6.768, 6.646, 6.21, 6.29, 6.646, 6.768, 2.472, 2.393, 2.493, 2.534, 2.516, 2.425, 1.382, 2.516, 2.534, 2.393, 2.472, 2.493], "Total polarizability alpha": 67.950369, "Wiberg matrix": [[0.0, 1.019813524573878, 0.0, 0.0, 0.0, 0.0, 0.9880010746263528, 0.9858109400483701, 0.9873145432036763, 0.0, 0.0, 0.0, 0.0, 0.0, 0.0, 0.0, 0.0, 0.0], [1.019813524573878, 0.0, 0.9857236490747782, 0.0, 0.0, 0.0, 0.0, 0.0, 0.0, 0.9763857672656199, 0.9772964270201547, 0.0, 0.0, 0.0, 0.0, 0.0, 0.0, 0.0], [0.0, 0.9857236490747782, 0.0, 0.9917640657892944, 0.9857236519296378, 0.0, 0.0, 0.0, 0.0, 0.0, 0.0, 0.9619219795173428, 0.0, 0.0, 0.0, 0.0, 0.0, 0.0], [0.0, 0.0, 0.9917640657892944, 0.0, 0.0, 0.0, 0.0, 0.0, 0.0, 0.0, 0.0, 0.0, 0.9015786718624028, 0.0, 0.0, 0.0, 0.0, 0.0], [0.0, 0.0, 0.9857236519296378, 0.0, 0.0, 1.0198135220946, 0.0, 0.0, 0.0, 0.0, 0.0, 0.0, 0.0, 0.9772964271859641, 0.9763857676254284, 0.0, 0.0, 0.0], [0.0, 0.0, 0.0, 0.0, 1.0198135220946, 0.0, 0.0, 0.0, 0.0, 0.0, 0.0, 0.0, 0.0, 0.0, 0.0, 0.9858109405180023, 0.9880010741995489, 0.9873145444079156], [0.9880010746263528, 0.0, 0.0, 0.0, 0.0, 0.0, 0.0, 0.0, 0.0, 0.0, 0.0, 0.0, 0.0, 0.0, 0.0, 0.0, 0.0, 0.0], [0.9858109400483701, 0.0, 0.0, 0.0, 0.0, 0.0, 0.0, 0.0, 0.0, 0.0, 0.0, 0.0, 0.0, 0.0, 0.0, 0.0, 0.0, 0.0], [0.9873145432036763, 0.0, 0.0, 0.0, 0.0, 0.0, 0.0, 0.0, 0.0, 0.0, 0.0, 0.0, 0.0, 0.0, 0.0, 0.0, 0.0, 0.0], [0.0, 0.9763857672656199, 0.0, 0.0, 0.0, 0.0, 0.0, 0.0, 0.0, 0.0, 0.0, 0.0, 0.0, 0.0, 0.0, 0.0, 0.0, 0.0], [0.0, 0.9772964270201547, 0.0, 0.0, 0.0, 0.0, 0.0, 0.0, 0.0, 0.0, 0.0, 0.0, 0.0, 0.0, 0.0, 0.0, 0.0, 0.0], [0.0, 0.0, 0.9619219795173428, 0.0, 0.0, 0.0, 0.0, 0.0, 0.0, 0.0, 0.0, 0.0, 0.0, 0.0, 0.0, 0.0, 0.0, 0.0], [0.0, 0.0, 0.0, 0.9015786718624028, 0.0, 0.0, 0.0, 0.0, 0.0, 0.0, 0.0, 0.0, 0.0, 0.0, 0.0, 0.0, 0.0, 0.0], [0.0, 0.0, 0.0, 0.0, 0.9772964271859641, 0.0, 0.0, 0.0, 0.0, 0.0, 0.0, 0.0, 0.0, 0.0, 0.0, 0.0, 0.0, 0.0], [0.0, 0.0, 0.0, 0.0, 0.9763857676254284, 0.0, 0.0, 0.0, 0.0, 0.0, 0.0, 0.0, 0.0, 0.0, 0.0, 0.0, 0.0, 0.0], [0.0, 0.0, 0.0, 0.0, 0.0, 0.9858109405180023, 0.0, 0.0, 0.0, 0.0, 0.0, 0.0, 0.0, 0.0, 0.0, 0.0, 0.0, 0.0], [0.0, 0.0, 0.0, 0.0, 0.0, 0.9880010741995489, 0.0, 0.0, 0.0, 0.0, 0.0, 0.0, 0.0, 0.0, 0.0, 0.0, 0.0, 0.0], [0.0, 0.0, 0.0, 0.0, 0.0, 0.9873145444079156, 0.0, 0.0, 0.0, 0.0, 0.0, 0.0, 0.0, 0.0, 0.0, 0.0, 0.0, 0.0]], "Born radii": [], "Atomic SASAs": [], "Solvent H bonds": [], "Total SASA": NaN, "Total FOD": 0.0, "FOD": [0.0, 0.0, 0.0, 0.0, 0.0, 0.0, 0.0, 0.0, 0.0, 0.0, 0.0, 0.0, 0.0, 0.0, 0.0, 0.0, 0.0, 0.0], "FOD s proportion": [0.0, 0.0, 0.0, 0.0, 0.0, 0.0, 0.0, 0.0, 0.0, 0.0, 0.0, 0.0, 0.0, 0.0, 0.0, 0.0, 0.0, 0.0], "FOD p proportion": [0.0, 0.0, 0.0, 0.0, 0.0, 0.0, 0.0, 0.0, 0.0, 0.0, 0.0, 0.0, 0.0, 0.0, 0.0, 0.0, 0.0, 0.0], "FOD d proportion": [0.0, 0.0, 0.0, 0.0, 0.0, 0.0, 0.0, 0.0, 0.0, 0.0, 0.0, 0.0, 0.0, 0.0, 0.0, 0.0, 0.0, 0.0], "coordinates": [["2.42982761070616", "0.50219819383441", "0.23239230917228"], ["1.35246949425982", "-0.42272002563677", "-0.32093130975033"], ["-0.04001141950744", "-0.05377208876268", "0.21039540264911"], ["-0.39079535911188", "1.26545696441042", "-0.14736801533790"], ["-1.09628824178168", "-1.05974061604109", "-0.26891695778598"], ["-2.46473838109767", "-0.77107552914975", "0.33635814281800"], ["2.51652988118380", "0.37934617345604", "1.30938270072210"], ["2.17266816137048", "1.53875816778757", "0.02811780707550"], ["3.39364627778572", "0.28342711800015", "-0.22103310767237"], ["1.33995769177564", "-0.35949853575940", "-1.41332621052612"], ["1.57372160302491", "-1.45589864501387", "-0.04852389164446"], ["-0.01955175974278", "-0.04299257133077", "1.30562250705219"], ["-0.42439361104202", "1.31600473746907", "-1.11006225246636"], ["-0.77522473515912", "-2.06695421907243", "0.00137054778477"], ["-1.15961486207767", "-1.00973830483519", "-1.36023250904838"], ["-2.75341211646969", "0.25728625315051", "0.13275274970414"], ["-2.43770537425543", "-0.90944962559418", "1.41461601339158"], ["-3.21708485986116", "-1.43629044691206", "-0.08061392613778"]], "bond_dist": [[0.0, 1.5239229806785368, 2.531736884866619, 2.9466414428631147, 3.8890174635889165, 5.058538436775014, 1.087436529691577, 1.0873433837529398, 1.0873830122240482, 2.153770447392335, 2.155452304871733, 2.72919682845404, 3.257459765400742, 4.114155528746593, 4.207909582327806, 5.189979187807455, 5.204159856557501, 5.978572702902825], [1.5239229806785368, 0.0, 1.535393679366614, 2.432907338123082, 2.530793388491529, 3.8890174781011977, 2.1578393232294872, 2.1545203277681573, 2.162180866821768, 1.0942943485299856, 1.0911536814812457, 2.161553279459803, 2.6082817987273246, 2.7082221666872623, 2.7812416752829985, 4.186466477391162, 4.196957915951069, 4.686779751494256], [2.531736884866619, 1.535393679366614, 0.0, 1.4111730334265014, 1.535393676558008, 2.531736889126627, 2.8162506870896973, 2.7322753645103544, 3.4770445850952587, 2.1527320515059514, 2.1534001831321774, 1.0954712254974595, 1.9410426687230493, 2.1534001716497326, 2.1527320576166282, 2.732275428265851, 2.816250632846808, 3.477044590663467], [2.9466414428631147, 2.432907338123082, 1.4111730334265014, 0.0, 2.43290734329229, 2.9466413510731537, 3.3704384040429303, 2.5839570512064087, 3.9104740976195473, 2.6904714554614446, 3.3578078277734917, 1.990237035081321, 0.9646056780334114, 3.3578078267121594, 2.6904715611657646, 2.583956998132512, 3.3704381601427404, 3.910474079323155], [3.8890174635889165, 2.530793388491529, 1.535393676558008, 2.43290734329229, 0.0, 1.5239229847978197, 4.196957873195738, 4.186466475060423, 4.686779748918667, 2.781241765386291, 2.7082220844840195, 2.161553275889502, 2.6082817689630162, 1.0911536798654011, 1.094294349976824, 2.154520332730427, 2.157839329084896, 2.1621808671140856], [5.058538436775014, 3.8890174781011977, 2.531736889126627, 2.9466413510731537, 1.5239229847978197, 0.0, 5.2041599115441795, 5.189979118668222, 5.978572710138233, 4.207909595602437, 4.114155554160921, 2.7291969175004, 3.2574595592113944, 2.15545230233342, 2.153770452113552, 1.0873433849959504, 1.087436531241992, 1.0873830131147917], [1.087436529691577, 2.1578393232294872, 2.8162506870896973, 3.3704384040429303, 4.196957873195738, 5.2041599115441795, 0.0, 1.7618503859987724, 1.766552061211666, 3.0566906020424813, 2.4700043130889764, 2.5710103546756455, 3.921743761921956, 4.3047566547868445, 4.750835845351473, 5.401078163145723, 5.120206600126785, 6.172759914222454], [1.0873433837529398, 2.1545203277681573, 2.7322753645103544, 2.5839570512064087, 4.186466475060423, 5.189979118668222, 1.7618503859987724, 0.0, 1.7688187537577145, 2.524786346329797, 3.054927226006335, 2.9899467957958343, 2.8442578624983574, 4.65746172953089, 4.418875537918291, 5.091108488624884, 5.40107793071833, 6.157286291826078], [1.0873830122240482, 2.162180866821768, 3.4770445850952587, 3.9104740976195473, 4.686779748918667, 5.978572710138233, 1.766552061211666, 1.7688187537577145, 0.0, 2.4601937012525763, 2.523319116025975, 3.753284964260151, 4.053889237904876, 4.79095411564247, 4.868494540892741, 6.15728630811339, 6.172759922628494, 6.8321967348624], [2.153770447392335, 1.0942943485299856, 2.1527320515059514, 2.6904714554614446, 2.781241765386291, 4.207909595602437, 3.0566906020424813, 2.524786346329797, 2.4601937012525763, 0.0, 1.7661891561779353, 3.0563252613404135, 2.451982007807513, 3.0644360864059355, 2.5833105989023277, 4.418875424149421, 4.750835891028263, 4.868494600008489], [2.155452304871733, 1.0911536814812457, 2.1534001831321774, 3.3578078277734917, 2.7082220844840195, 4.114155554160921, 2.4700043130889764, 3.054927226006335, 2.523319116025975, 1.7661891561779353, 0.0, 2.523595857236012, 3.578096765321271, 2.42763820808253, 3.0644358008578885, 4.657461748891159, 4.304756823165056, 4.790954061205087], [2.72919682845404, 2.161553279459803, 1.0954712254974595, 1.990237035081321, 2.161553275889502, 2.7291969175004, 2.5710103546756455, 2.9899467957958343, 3.753284964260151, 3.0563252613404135, 2.523595857236012, 0.0, 2.8011253929909667, 2.523595762113382, 3.0563252702261625, 2.989947038028687, 2.5710103684519776, 3.7532850071844055], [3.257459765400742, 2.6082817987273246, 1.9410426687230493, 0.9646056780334114, 2.6082817689630162, 3.2574595592113944, 3.921743761921956, 2.8442578624983574, 4.053889237904876, 2.451982007807513, 3.578096765321271, 2.8011253929909667, 0.0, 3.578096791419663, 2.4519820847794573, 2.8442575757625024, 3.9217434546469505, 4.053889126478335], [4.114155528746593, 2.7082221666872623, 2.1534001716497326, 3.3578078267121594, 1.0911536798654011, 2.15545230233342, 4.3047566547868445, 4.65746172953089, 4.79095411564247, 3.0644360864059355, 2.42763820808253, 2.523595762113382, 3.578096791419663, 0.0, 1.7661891584330147, 3.0549272284747913, 2.470004353306191, 2.5233190674367294], [4.207909582327806, 2.7812416752829985, 2.1527320576166282, 2.6904715611657646, 1.094294349976824, 2.153770452113552, 4.750835845351473, 4.418875537918291, 4.868494540892741, 2.5833105989023277, 3.0644358008578885, 3.0563252702261625, 2.4519820847794573, 1.7661891584330147, 0.0, 2.524786308086038, 3.0566906122455286, 2.4601937402204106], [5.189979187807455, 4.186466477391162, 2.732275428265851, 2.583956998132512, 2.154520332730427, 1.0873433849959504, 5.401078163145723, 5.091108488624884, 6.15728630811339, 4.418875424149421, 4.657461748891159, 2.989947038028687, 2.8442575757625024, 3.0549272284747913, 2.524786308086038, 0.0, 1.761850386559852, 1.768818755644237], [5.204159856557501, 4.196957915951069, 2.816250632846808, 3.3704381601427404, 2.157839329084896, 1.087436531241992, 5.120206600126785, 5.40107793071833, 6.172759922628494, 4.750835891028263, 4.304756823165056, 2.5710103684519776, 3.9217434546469505, 2.470004353306191, 3.0566906122455286, 1.761850386559852, 0.0, 1.766552067065934], [5.978572702902825, 4.686779751494256, 3.477044590663467, 3.910474079323155, 2.1621808671140856, 1.0873830131147917, 6.172759914222454, 6.157286291826078, 6.8321967348624, 4.868494600008489, 4.790954061205087, 3.7532850071844055, 4.053889126478335, 2.5233190674367294, 2.4601937402204106, 1.768818755644237, 1.766552067065934, 0.0]]}