{"total energy": -27.22111857, "HOMO-LUMO gap/eV": 11.97448472, "electronic energy": -27.57721514, "dipole": [0.0797022, -0.43285538, 0.58137416], "partial charges": [-0.10288562, -0.05350458, -0.07229944, 0.10752749, -0.44615727, -0.07229943, -0.05350458, -0.10288562, 0.03299036, 0.0324406, 0.03470392, 0.0316634, 0.04348923, 0.02895744, 0.03105808, 0.04025372, 0.28514929, 0.03105808, 0.02895743, 0.04348922, 0.0316634, 0.03299036, 0.0324406, 0.03470392], "atomic dipole moments": [[-0.08491641, 0.02114267, -0.04272426], [0.00746789, -0.06290161, 0.10256531], [-0.01624062, 0.05565845, -0.08966502], [0.01214641, -0.15907622, -0.10920763], [0.01631052, -0.03638976, 0.22985114], [-0.00599898, 0.05681386, -0.09020886], [0.01746139, -0.06177426, 0.10203463], [0.07315142, 0.03897437, -0.0511179], [0.00377509, 0.04238013, 0.11575478], [0.01950393, -0.12154299, 0.00345409], [0.09284658, 0.05183127, -0.06339577], [-0.01527528, 0.12211537, -0.00450749], [-0.00265169, -0.04150374, -0.11722378], [0.01948553, -0.12019871, 0.01312956], [-0.00617136, 0.04780108, 0.11361373], [-0.015066, 0.12094022, -0.02679142], [0.00901062, -0.07308285, 0.01442764], [0.00724398, 0.0493144, 0.11290138], [0.00918828, -0.12136036, 0.01367629], [-0.00046768, -0.04125734, -0.11733976], [-0.01279376, 0.12239531, -0.00463924], [-0.0009697, 0.04184492, 0.11600671], [0.00845729, -0.12278917, 0.00404074], [-0.10814895, 0.02915684, -0.05272264]], "atomic quadrupole moments": [[0.15746059, -0.06209525, -0.10378186, 0.13043296, -0.03818427, -0.05367873], [0.22992343, 0.0424998, -0.1557776, -0.00030328, -0.12396663, -0.07414583], [0.21058712, 0.04092021, -0.17146107, 0.01896422, -0.1058682, -0.03912604], [-0.03191517, 0.03248336, -0.22147864, -0.00766842, 0.20035785, 0.2533938], [-0.11040704, -0.00623518, -0.01695723, 0.00331213, 0.08297559, 0.12736427], [0.20769888, 0.03461576, -0.1728466, -0.02120152, -0.1100819, -0.03485228], [0.23168831, 0.03279513, -0.15798958, -0.00456022, -0.12392098, -0.07369872], [0.09083964, 0.10362981, -0.06554301, -0.13504215, -0.07733196, -0.02529663], [-0.03489113, -0.01210772, -0.03038613, -0.00110771, 0.04658033, 0.06527726], [-0.0367981, -0.00919082, 0.08452927, 0.01157048, 0.00326463, -0.04773118], [0.02689731, 0.03762087, -0.02422299, -0.04400096, -0.04058571, -0.00267432], [-0.0172618, -0.00715379, 0.05669226, -0.00319024, 0.00454326, -0.03943046], [-0.01471801, 0.00070941, -0.0231477, -0.00394292, 0.03769479, 0.0378657], [-0.0173929, -0.01132716, 0.06348478, -0.00819832, -0.0018577, -0.04609188], [-0.02264584, 0.00794075, -0.01936667, -0.00559432, 0.04200673, 0.04201251], [-0.02079419, -0.00593952, 0.03379978, -0.00017545, 0.00553257, -0.0130056], [-0.09172679, -0.02691472, 0.14022443, 0.00328608, -0.00726944, -0.04849764], [-0.0191742, -0.00337656, -0.02196433, 0.00254322, 0.04354648, 0.04113853], [-0.01684521, -0.00730766, 0.06438469, 0.0054178, -0.00053177, -0.04753948], [-0.01520557, 0.0051364, -0.02214269, 0.00094235, 0.03800789, 0.03734826], [-0.01649966, -0.00907593, 0.05624889, -0.00020894, 0.00498623, -0.03974923], [-0.04072834, 0.01465852, -0.02427277, 0.00164713, 0.04543484, 0.06500111], [-0.03738553, -0.01813724, 0.08251825, -0.01288099, 0.00097775, -0.04513272], [0.05106227, -0.02516809, -0.03869706, 0.04660677, -0.02688525, -0.01236521]], "number of molecular orbitals": 48, "number of electrons": 50, "number of unpaired electrons": 0, "orbital energies/eV": [-18.54606167, -17.19104604, -16.89638247, -16.58362, -16.07427228, -16.01611603, -15.37354066, -15.03460022, -14.6201835, -14.45692649, -14.06533924, -13.80103248, -13.52981722, -13.34633745, -13.08127161, -12.62191221, -12.60169634, -12.3876828, -12.20029008, -12.13566437, -11.82400605, -11.64134272, -11.58272365, -11.5121866, -10.8743003, 1.10018442, 1.66066792, 2.90130183, 2.95583002, 3.23631537, 3.58109495, 3.90472321, 4.10136295, 4.21447671, 4.72437693, 4.74765723, 4.92914323, 5.0050055, 5.17941096, 6.13145294, 6.28922539, 6.44403205, 6.88520982, 6.9415845, 7.2554812, 7.71055682, 8.22667299, 8.52908643], "fractional occupation": [2.0, 2.0, 2.0, 2.0, 2.0, 2.0, 2.0, 2.0, 2.0, 2.0, 2.0, 2.0, 2.0, 2.0, 2.0, 2.0, 2.0, 2.0, 2.0, 2.0, 2.0, 2.0, 2.0, 2.0, 2.0, 0.0, 0.0, 0.0, 0.0, 0.0, 0.0, 0.0, 0.0, 0.0, 0.0, 0.0, 0.0, 0.0, 0.0, 0.0, 0.0, 0.0, 0.0, 0.0, 0.0, 0.0, 0.0, 0.0], "program call": "xtb /tmp/scratch/tmp4a7udp3g/16132_0_xyzopt.xyz --pop --wbo --acc 0.2 --gfn 2 --chrg 0 --uhf 0 --etemp 300 --input /tmp/scratch/tmp4a7udp3g/16132_0_xtb.inp", "method": "GFN2-xTB", "xtb version": "6.3.3 (7355c4f)", "Dipole module/D": 1.853, "Total charge": 0, "Transition dipole module/D": NaN, "HOMO": -10.8743, "LUMO": 1.1002, "HOMO occupancy": 2.0, "LUMO occupancy": 0, "mulliken charges": [-0.08716, -0.03471, -0.07483, 0.21663, -0.56155, -0.07483, -0.03471, -0.08716, 0.0264, 0.02659, 0.03045, 0.02323, 0.03316, 0.02276, 0.02502, 0.02856, 0.33453, 0.02502, 0.02276, 0.03316, 0.02323, 0.0264, 0.02659, 0.03045], "cm5 charges": [-0.23971, -0.14744, -0.18265, 0.16892, -0.7792, -0.18265, -0.14744, -0.23971, 0.07855, 0.07873, 0.08208, 0.07894, 0.09164, 0.08076, 0.08154, 0.0972, 0.50821, 0.08154, 0.08076, 0.09164, 0.07894, 0.07855, 0.07873, 0.08208], "FUKUI+": [0.005, -0.018, -0.017, -0.039, -0.046, -0.017, -0.018, 0.005, -0.042, -0.041, -0.068, -0.047, -0.044, -0.055, -0.066, -0.063, -0.065, -0.066, -0.055, -0.044, -0.047, -0.042, -0.041, -0.068], "FUKUI-": [0.013, -0.001, -0.005, -0.005, -0.097, -0.005, -0.001, 0.013, -0.067, -0.051, -0.076, -0.059, -0.059, -0.047, -0.05, -0.048, -0.044, -0.05, -0.047, -0.059, -0.059, -0.067, -0.051, -0.076], "FUKUIrad": [0.009, -0.009, -0.011, -0.022, -0.072, -0.011, -0.009, 0.009, -0.054, -0.046, -0.072, -0.053, -0.052, -0.051, -0.058, -0.056, -0.054, -0.058, -0.051, -0.052, -0.053, -0.054, -0.046, -0.072], "s proportion": [1.005, 1.024, 1.04, 1.017, 1.694, 1.04, 1.024, 1.005, 0.974, 0.973, 0.97, 0.977, 0.967, 0.977, 0.975, 0.971, 0.665, 0.975, 0.977, 0.967, 0.977, 0.974, 0.973, 0.97], "p proportion": [3.082, 3.01, 3.035, 2.766, 4.867, 3.035, 3.01, 3.082, 0.0, 0.0, 0.0, 0.0, 0.0, 0.0, 0.0, 0.0, 0.0, 0.0, 0.0, 0.0, 0.0, 0.0, 0.0, 0.0], "d proportion": [0.0, 0.0, 0.0, 0.0, 0.0, 0.0, 0.0, 0.0, 0.0, 0.0, 0.0, 0.0, 0.0, 0.0, 0.0, 0.0, 0.0, 0.0, 0.0, 0.0, 0.0, 0.0, 0.0, 0.0], "Fermi-level/eV": -4.8871, "Coordination numbers": [3.752, 3.801, 3.803, 3.726, 1.655, 3.803, 3.801, 3.752, 0.925, 0.925, 0.925, 0.924, 0.924, 0.924, 0.924, 0.924, 0.805, 0.924, 0.924, 0.924, 0.924, 0.925, 0.925, 0.925], "Dispersion coefficient C6": [22.526, 21.535, 21.881, 18.91, 21.766, 21.881, 21.535, 22.526, 2.544, 2.552, 2.521, 2.563, 2.403, 2.601, 2.571, 2.446, 0.767, 2.571, 2.601, 2.403, 2.563, 2.544, 2.552, 2.521], "Total dispersion C6": 3813.631565, "Total dispersion C8": 79031.111584, "Polarizability alpha": [6.768, 6.607, 6.66, 6.209, 6.298, 6.66, 6.607, 6.768, 2.494, 2.498, 2.483, 2.504, 2.424, 2.522, 2.508, 2.446, 1.376, 2.508, 2.522, 2.424, 2.504, 2.494, 2.498, 2.483], "Total polarizability alpha": 91.264217, "Wiberg matrix": [[0.0, 1.0191550290919624, 0.0, 0.0, 0.0, 0.0, 0.0, 0.0, 0.9879297552380746, 0.987942143672216, 0.987324559526114, 0.0, 0.0, 0.0, 0.0, 0.0, 0.0, 0.0, 0.0, 0.0, 0.0, 0.0, 0.0, 0.0], [1.0191550290919624, 0.0, 1.008035970011237, 0.0, 0.0, 0.0, 0.0, 0.0, 0.0, 0.0, 0.0, 0.9784339581213115, 0.9765211861493719, 0.0, 0.0, 0.0, 0.0, 0.0, 0.0, 0.0, 0.0, 0.0, 0.0, 0.0], [0.0, 1.008035970011237, 0.0, 0.9853130738854001, 0.0, 0.0, 0.0, 0.0, 0.0, 0.0, 0.0, 0.0, 0.0, 0.9750026417290593, 0.9762540039194565, 0.0, 0.0, 0.0, 0.0, 0.0, 0.0, 0.0, 0.0, 0.0], [0.0, 0.0, 0.9853130738854001, 0.0, 0.9909242023051756, 0.9853130881788299, 0.0, 0.0, 0.0, 0.0, 0.0, 0.0, 0.0, 0.0, 0.0, 0.9620008891890871, 0.0, 0.0, 0.0, 0.0, 0.0, 0.0, 0.0, 0.0], [0.0, 0.0, 0.0, 0.9909242023051756, 0.0, 0.0, 0.0, 0.0, 0.0, 0.0, 0.0, 0.0, 0.0, 0.0, 0.0, 0.0, 0.9004624831162878, 0.0, 0.0, 0.0, 0.0, 0.0, 0.0, 0.0], [0.0, 0.0, 0.0, 0.9853130881788299, 0.0, 0.0, 1.0080359683540192, 0.0, 0.0, 0.0, 0.0, 0.0, 0.0, 0.0, 0.0, 0.0, 0.0, 0.9762540009281553, 0.97500263659844, 0.0, 0.0, 0.0, 0.0, 0.0], [0.0, 0.0, 0.0, 0.0, 0.0, 1.0080359683540192, 0.0, 1.019155030245315, 0.0, 0.0, 0.0, 0.0, 0.0, 0.0, 0.0, 0.0, 0.0, 0.0, 0.0, 0.976521191420618, 0.9784339554912455, 0.0, 0.0, 0.0], [0.0, 0.0, 0.0, 0.0, 0.0, 0.0, 1.019155030245315, 0.0, 0.0, 0.0, 0.0, 0.0, 0.0, 0.0, 0.0, 0.0, 0.0, 0.0, 0.0, 0.0, 0.0, 0.9879297568637573, 0.9879421415961714, 0.9873245567987494], [0.9879297552380746, 0.0, 0.0, 0.0, 0.0, 0.0, 0.0, 0.0, 0.0, 0.0, 0.0, 0.0, 0.0, 0.0, 0.0, 0.0, 0.0, 0.0, 0.0, 0.0, 0.0, 0.0, 0.0, 0.0], [0.987942143672216, 0.0, 0.0, 0.0, 0.0, 0.0, 0.0, 0.0, 0.0, 0.0, 0.0, 0.0, 0.0, 0.0, 0.0, 0.0, 0.0, 0.0, 0.0, 0.0, 0.0, 0.0, 0.0, 0.0], [0.987324559526114, 0.0, 0.0, 0.0, 0.0, 0.0, 0.0, 0.0, 0.0, 0.0, 0.0, 0.0, 0.0, 0.0, 0.0, 0.0, 0.0, 0.0, 0.0, 0.0, 0.0, 0.0, 0.0, 0.0], [0.0, 0.9784339581213115, 0.0, 0.0, 0.0, 0.0, 0.0, 0.0, 0.0, 0.0, 0.0, 0.0, 0.0, 0.0, 0.0, 0.0, 0.0, 0.0, 0.0, 0.0, 0.0, 0.0, 0.0, 0.0], [0.0, 0.9765211861493719, 0.0, 0.0, 0.0, 0.0, 0.0, 0.0, 0.0, 0.0, 0.0, 0.0, 0.0, 0.0, 0.0, 0.0, 0.0, 0.0, 0.0, 0.0, 0.0, 0.0, 0.0, 0.0], [0.0, 0.0, 0.9750026417290593, 0.0, 0.0, 0.0, 0.0, 0.0, 0.0, 0.0, 0.0, 0.0, 0.0, 0.0, 0.0, 0.0, 0.0, 0.0, 0.0, 0.0, 0.0, 0.0, 0.0, 0.0], [0.0, 0.0, 0.9762540039194565, 0.0, 0.0, 0.0, 0.0, 0.0, 0.0, 0.0, 0.0, 0.0, 0.0, 0.0, 0.0, 0.0, 0.0, 0.0, 0.0, 0.0, 0.0, 0.0, 0.0, 0.0], [0.0, 0.0, 0.0, 0.9620008891890871, 0.0, 0.0, 0.0, 0.0, 0.0, 0.0, 0.0, 0.0, 0.0, 0.0, 0.0, 0.0, 0.0, 0.0, 0.0, 0.0, 0.0, 0.0, 0.0, 0.0], [0.0, 0.0, 0.0, 0.0, 0.9004624831162878, 0.0, 0.0, 0.0, 0.0, 0.0, 0.0, 0.0, 0.0, 0.0, 0.0, 0.0, 0.0, 0.0, 0.0, 0.0, 0.0, 0.0, 0.0, 0.0], [0.0, 0.0, 0.0, 0.0, 0.0, 0.9762540009281553, 0.0, 0.0, 0.0, 0.0, 0.0, 0.0, 0.0, 0.0, 0.0, 0.0, 0.0, 0.0, 0.0, 0.0, 0.0, 0.0, 0.0, 0.0], [0.0, 0.0, 0.0, 0.0, 0.0, 0.97500263659844, 0.0, 0.0, 0.0, 0.0, 0.0, 0.0, 0.0, 0.0, 0.0, 0.0, 0.0, 0.0, 0.0, 0.0, 0.0, 0.0, 0.0, 0.0], [0.0, 0.0, 0.0, 0.0, 0.0, 0.0, 0.976521191420618, 0.0, 0.0, 0.0, 0.0, 0.0, 0.0, 0.0, 0.0, 0.0, 0.0, 0.0, 0.0, 0.0, 0.0, 0.0, 0.0, 0.0], [0.0, 0.0, 0.0, 0.0, 0.0, 0.0, 0.9784339554912455, 0.0, 0.0, 0.0, 0.0, 0.0, 0.0, 0.0, 0.0, 0.0, 0.0, 0.0, 0.0, 0.0, 0.0, 0.0, 0.0, 0.0], [0.0, 0.0, 0.0, 0.0, 0.0, 0.0, 0.0, 0.9879297568637573, 0.0, 0.0, 0.0, 0.0, 0.0, 0.0, 0.0, 0.0, 0.0, 0.0, 0.0, 0.0, 0.0, 0.0, 0.0, 0.0], [0.0, 0.0, 0.0, 0.0, 0.0, 0.0, 0.0, 0.9879421415961714, 0.0, 0.0, 0.0, 0.0, 0.0, 0.0, 0.0, 0.0, 0.0, 0.0, 0.0, 0.0, 0.0, 0.0, 0.0, 0.0], [0.0, 0.0, 0.0, 0.0, 0.0, 0.0, 0.0, 0.9873245567987494, 0.0, 0.0, 0.0, 0.0, 0.0, 0.0, 0.0, 0.0, 0.0, 0.0, 0.0, 0.0, 0.0, 0.0, 0.0, 0.0]], "Born radii": [], "Atomic SASAs": [], "Solvent H bonds": [], "Total SASA": NaN, "Total FOD": 0.0, "FOD": [0.0, 0.0, 0.0, 0.0, 0.0, 0.0, 0.0, 0.0, 0.0, 0.0, 0.0, 0.0, 0.0, 0.0, 0.0, 0.0, 0.0, 0.0, 0.0, 0.0, 0.0, 0.0, 0.0, 0.0], "FOD s proportion": [0.0, 0.0, 0.0, 0.0, 0.0, 0.0, 0.0, 0.0, 0.0, 0.0, 0.0, 0.0, 0.0, 0.0, 0.0, 0.0, 0.0, 0.0, 0.0, 0.0, 0.0, 0.0, 0.0, 0.0], "FOD p proportion": [0.0, 0.0, 0.0, 0.0, 0.0, 0.0, 0.0, 0.0, 0.0, 0.0, 0.0, 0.0, 0.0, 0.0, 0.0, 0.0, 0.0, 0.0, 0.0, 0.0, 0.0, 0.0, 0.0, 0.0], "FOD d proportion": [0.0, 0.0, 0.0, 0.0, 0.0, 0.0, 0.0, 0.0, 0.0, 0.0, 0.0, 0.0, 0.0, 0.0, 0.0, 0.0, 0.0, 0.0, 0.0, 0.0, 0.0, 0.0, 0.0, 0.0], "coordinates": [["3.79524084083023", "0.31295042102503", "0.04889466359840"], ["2.45759263770560", "0.63789809329986", "-0.60300673111983"], ["1.28755485131161", "0.02239898395683", "0.16123828713902"], ["-0.05217723866973", "0.26746283665709", "-0.54622729115637"], ["-0.05758371534305", "-0.29407436999363", "-1.84099301293533"], ["-1.22246232331826", "-0.26075753211681", "0.29452352573676"], ["-2.57334447441007", "0.07035581475471", "-0.33585682220636"], ["-3.72967269768396", "-0.53593828812711", "0.44847832905023"], ["3.82366926513925", "0.68885342473555", "1.06962153283504"], ["3.95810348844793", "-0.76254381840321", "0.07682358074265"], ["4.61117271173264", "0.76826207006945", "-0.50721730189885"], ["2.32488210176289", "1.72097873241309", "-0.64455973162463"], ["2.44569289495545", "0.26564994479023", "-1.62909986101684"], ["1.44411832280363", "-1.05644066642903", "0.25867237470755"], ["1.24162819282870", "0.44487387806260", "1.16650833152484"], ["-0.18238619210871", "1.34199312604577", "-0.71553689722727"], ["0.05470853645710", "-1.24825069493162", "-1.75339950439718"], ["-1.16667352860731", "0.17319138644446", "1.29439257280208"], ["-1.12436044625941", "-1.34619232230748", "0.39506144727217"], ["-2.58641381281605", "-0.30202412514213", "-1.36188789502329"], ["-2.68966715273229", "1.15528517769612", "-0.37827988046080"], ["-3.73399955222623", "-0.16373002002787", "1.47094440122184"], ["-3.64568885998888", "-1.62033087339661", "0.48059625450402"], ["-4.67993584981122", "-0.27987217907536", "-0.01384637206786"]], "bond_dist": [[0.0, 1.5231116615254956, 2.5269606742805903, 3.893438729430056, 4.334098705322381, 5.056364246859532, 6.3848073397961524, 7.5831789447655815, 1.0881151524948625, 1.0881140222629362, 1.0873426478709782, 2.1506690925096192, 2.1538761844418084, 2.7289220826635097, 2.7905916335583965, 4.179090967316864, 4.435898456064355, 5.117752616061895, 5.2033703413082195, 6.564603357290514, 6.553322639574478, 7.6771681364673965, 7.700089456589645, 8.496116466382652], [1.5231116615254956, 0.0, 1.527055343831808, 2.5375955187002512, 2.954199518183531, 3.8930639618714724, 5.069891669240226, 6.384807359085761, 2.1601960807303806, 2.162160866859138, 2.159647544493308, 1.0919717986390842, 1.0915939717533298, 2.1541599061130823, 2.15569279717661, 2.73457511787286, 3.264171072138935, 4.11720556763932, 4.214634356827419, 5.186651662735064, 5.178076370889666, 6.578730483751672, 6.597259926407304, 7.220368765627422], [2.5269606742805903, 1.527055343831808, 0.0, 1.534746203546011, 2.432793317620679, 2.52945226963466, 3.893063961549231, 5.0563642698559, 2.7751032346057376, 2.784796414272231, 3.471250538329245, 2.147214808405989, 2.146104713853382, 1.094486415297435, 1.091403754917746, 2.161201076921721, 2.607738199146587, 2.707399845712487, 2.782993143443585, 4.175260103412579, 4.170468301112758, 5.19287807858807, 5.209361228658057, 5.977705894561714], [3.893438729430056, 2.5375955187002512, 1.534746203546011, 0.0, 1.4113013635424945, 1.53474619186526, 2.5375955435924102, 3.893438774302916, 4.220275295618027, 4.187058347901781, 4.690325618906011, 2.7879721727452327, 2.7224936168134195, 2.153946230730105, 2.1538037248989563, 1.0955525806994744, 1.9406382535615179, 2.1538037445896148, 2.1539462137626972, 2.7224938262741256, 2.787972002870384, 4.220275401533725, 4.1870583299252795, 4.6903256630484185], [4.334098705322381, 2.954199518183531, 2.432793317620679, 1.4113013635424945, 0.0, 2.4327932649418442, 2.9541998085876475, 4.334099061500273, 4.949944321121598, 4.4747321517349405, 4.970392633846679, 3.3418610042647057, 2.5738266849300016, 2.691636327845953, 3.3584312457709156, 1.9897095210578224, 0.964745889664496, 3.3584312219064625, 2.6916359947473465, 2.573827223125463, 3.3418611622525023, 4.949944695705956, 4.4747325694997855, 4.9703929225447165], [5.056364246859532, 3.8930639618714724, 2.52945226963466, 1.53474619186526, 2.4327932649418442, 0.0, 1.5270553420514215, 2.5269607023593945, 5.192877997605037, 5.209361273054137, 5.977705865844748, 4.170468613544971, 4.175259808821203, 2.7829928669565205, 2.7074000923990624, 2.161201075557451, 2.6077378873303787, 1.0914037588423027, 1.0944864255464268, 2.1461047020654616, 2.1472147984915804, 2.7751035415944347, 2.784796146710617, 3.4712505743607798], [6.3848073397961524, 5.069891669240226, 3.893063961549231, 2.5375955435924102, 2.9541998085876475, 1.5270553420514215, 0.0, 1.523111659933611, 6.578730385418198, 6.597259992255472, 7.220368740804576, 5.178076582487887, 5.186651469854675, 4.214634337992714, 4.117205519119559, 2.7345749063686133, 3.2641711062914434, 2.1556927875965477, 2.1541598954366323, 1.0915939673843038, 1.0919717963098532, 2.1601960671864795, 2.1621608601684383, 2.159647563973146], [7.5831789447655815, 6.384807359085761, 5.0563642698559, 3.893438774302916, 4.334099061500273, 2.5269607023593945, 1.523111659933611, 0.0, 7.677167995221355, 7.700089610280381, 8.496116457365751, 6.553322856322034, 6.564603189359476, 5.20337030681076, 5.117752644844357, 4.179090737945215, 4.43589858806913, 2.7905914326228127, 2.728922294714035, 2.1538761753500584, 2.150669077723312, 1.0881151525705843, 1.0881140221120755, 1.0873426505750938], [1.0881151524948625, 2.1601960807303806, 2.7751032346057376, 4.220275295618027, 4.949944321121598, 5.192877997605037, 6.578730385418198, 7.677167995221355, 0.0, 1.7635969753507301, 1.7643378707252093, 2.500012603823182, 3.0595779486485686, 3.060384402144936, 2.5953514540527474, 4.43416986778769, 5.09184496243115, 5.021946889129813, 5.392535630524514, 6.926993682897685, 6.6886118421661775, 7.6161877949505286, 7.840318469467338, 8.626913234027876], [1.0881140222629362, 2.162160866859138, 2.784796414272231, 4.187058347901781, 4.4747321517349405, 5.209361273054137, 6.597259992255472, 7.700089610280381, 1.7635969753507301, 0.0, 1.7637941578259424, 3.058707282774946, 2.500948421523864, 2.5376299482441484, 3.1661504041241675, 4.711747624013344, 4.338446710807133, 5.349898512920926, 5.1257546335543385, 6.716597040535143, 6.933833118587178, 7.840318872059155, 7.662668535303927, 8.65198916787733], [1.0873426478709782, 2.159647544493308, 3.471250538329245, 4.690325618906011, 4.970392633846679, 5.977705865844748, 7.220368740804576, 8.496116457365751, 1.7643378707252093, 1.7637941578259424, 0.0, 2.4806565128904965, 2.490088806006765, 3.7344826382983496, 3.776210757304811, 4.832263583765498, 5.136210625919196, 6.081399052532263, 6.179107130085541, 7.32674730973964, 7.312227736541333, 8.62691330052909, 8.651989071095773, 9.363049641063869], [2.1506690925096192, 1.0919717986390842, 2.147214808405989, 2.7879721727452327, 3.3418610042647057, 4.170468613544971, 5.178076582487887, 6.553322856322034, 2.500012603823182, 3.058707282774946, 2.4806565128904965, 0.0, 1.7612201435991097, 3.050513332096811, 2.4661407421065933, 2.536742427863813, 3.8986583654515403, 4.283239711614574, 4.731344907065414, 5.359844010439228, 5.0533769286233055, 6.688612091806789, 6.93383324607037, 7.312227994710125], [2.1538761844418084, 1.0915939717533298, 2.146104713853382, 2.7224936168134195, 2.5738266849300016, 4.175259808821203, 5.186651469854675, 6.564603189359476, 3.0595779486485686, 2.500948421523864, 2.490088806006765, 1.7612201435991097, 0.0, 2.5129184670074514, 3.0491504048458085, 2.9832719655618503, 2.8326933739602795, 4.648069252247803, 4.4091433810998195, 5.071070301508611, 5.359843681561353, 6.926993599230509, 6.716596834028462, 7.326747111060523], [2.7289220826635097, 2.1541599061130823, 1.094486415297435, 2.153946230730105, 2.691636327845953, 2.7829928669565205, 4.214634337992714, 5.20337030681076, 3.060384402144936, 2.5376299482441484, 3.7344826382983496, 3.050513332096811, 2.5129184670074514, 0.0, 1.7661012821267468, 3.057300328629664, 2.452689113628899, 3.066096118126209, 2.588366509659505, 4.409143817325573, 4.731344601980169, 5.392535627343671, 5.12575453293894, 6.179107103135221], [2.7905916335583965, 2.15569279717661, 1.091403754917746, 2.1538037248989563, 3.3584312457709156, 2.7074000923990624, 4.117205519119559, 5.117752644844357, 2.5953514540527474, 3.1661504041241675, 3.776210757304811, 2.4661407421065933, 3.0491504048458085, 1.7661012821267468, 0.0, 2.524823589219481, 3.577891957652851, 2.426949306617373, 3.066096976552646, 4.648069459742906, 4.283239186476314, 5.021946981267711, 5.349898505356362, 6.081399081191471], [4.179090967316864, 2.73457511787286, 2.161201076921721, 1.0955525806994744, 1.9897095210578224, 2.161201075557451, 2.7345749063686133, 4.179090737945215, 4.43416986778769, 4.711747624013344, 4.832263583765498, 2.536742427863813, 2.9832719655618503, 3.057300328629664, 2.524823589219481, 0.0, 2.800488484851664, 2.5248238635158335, 3.057300309591099, 2.9832718843040644, 2.5367419988719107, 4.434169608940874, 4.71174737901862, 4.83226340181846], [4.435898456064355, 3.264171072138935, 2.607738199146587, 1.9406382535615179, 0.964745889664496, 2.6077378873303787, 3.2641711062914434, 4.43589858806913, 5.09184496243115, 4.338446710807133, 5.136210625919196, 3.8986583654515403, 2.8326933739602795, 2.452689113628899, 3.577891957652851, 2.800488484851664, 0.0, 3.577891597771842, 2.4526884615101743, 2.8326936518939423, 3.8986583069765244, 5.091845215366497, 4.3384469112367015, 5.136210618207827], [5.117752616061895, 4.11720556763932, 2.707399845712487, 2.1538037445896148, 3.3584312219064625, 1.0914037588423027, 2.1556927875965477, 2.7905914326228127, 5.021946889129813, 5.349898512920926, 6.081399052532263, 4.283239711614574, 4.648069252247803, 3.066096118126209, 2.426949306617373, 2.5248238635158335, 3.577891597771842, 0.0, 1.766101278156345, 3.0491504031136585, 2.4661408982142246, 2.595351516424815, 3.1661496423014768, 3.776210781837665], [5.2033703413082195, 4.214634356827419, 2.782993143443585, 2.1539462137626972, 2.6916359947473465, 1.0944864255464268, 2.1541598954366323, 2.728922294714035, 5.392535630524514, 5.1257546335543385, 6.179107130085541, 4.731344907065414, 4.4091433810998195, 2.588366509659505, 3.066096976552646, 3.057300309591099, 2.4526884615101743, 1.766101278156345, 0.0, 2.512918276033582, 3.05051333016806, 3.0603851865905973, 2.5376298229491634, 3.734482655324912], [6.564603357290514, 5.186651662735064, 4.175260103412579, 2.7224938262741256, 2.573827223125463, 2.1461047020654616, 1.0915939673843038, 2.1538761753500584, 6.926993682897685, 6.716597040535143, 7.32674730973964, 5.359844010439228, 5.071070301508611, 4.409143817325573, 4.648069459742906, 2.9832718843040644, 2.8326936518939423, 3.0491504031136585, 2.512918276033582, 0.0, 1.7612201403158914, 3.05957792962631, 2.5009486498758178, 2.4900885879243226], [6.553322639574478, 5.178076370889666, 4.170468301112758, 2.787972002870384, 3.3418611622525023, 2.1472147984915804, 1.0919717963098532, 2.150669077723312, 6.6886118421661775, 6.933833118587178, 7.312227736541333, 5.0533769286233055, 5.359843681561353, 4.731344601980169, 4.283239186476314, 2.5367419988719107, 3.8986583069765244, 2.4661408982142246, 3.05051333016806, 1.7612201403158914, 0.0, 2.500012339254409, 3.0587072731860943, 2.4806567491910583], [7.6771681364673965, 6.578730483751672, 5.19287807858807, 4.220275401533725, 4.949944695705956, 2.7751035415944347, 2.1601960671864795, 1.0881151525705843, 7.6161877949505286, 7.840318872059155, 8.62691330052909, 6.688612091806789, 6.926993599230509, 5.392535627343671, 5.021946981267711, 4.434169608940874, 5.091845215366497, 2.595351516424815, 3.0603851865905973, 3.05957792962631, 2.500012339254409, 0.0, 1.763596970995755, 1.7643378703194117], [7.700089456589645, 6.597259926407304, 5.209361228658057, 4.1870583299252795, 4.4747325694997855, 2.784796146710617, 2.1621608601684383, 1.0881140221120755, 7.840318469467338, 7.662668535303927, 8.651989071095773, 6.93383324607037, 6.716596834028462, 5.12575453293894, 5.349898505356362, 4.71174737901862, 4.3384469112367015, 3.1661496423014768, 2.5376298229491634, 2.5009486498758178, 3.0587072731860943, 1.763596970995755, 0.0, 1.7637941654595928], [8.496116466382652, 7.220368765627422, 5.977705894561714, 4.6903256630484185, 4.9703929225447165, 3.4712505743607798, 2.159647563973146, 1.0873426505750938, 8.626913234027876, 8.65198916787733, 9.363049641063869, 7.312227994710125, 7.326747111060523, 6.179107103135221, 6.081399081191471, 4.83226340181846, 5.136210618207827, 3.776210781837665, 3.734482655324912, 2.4900885879243226, 2.4806567491910583, 1.7643378703194117, 1.7637941654595928, 0.0]]}