{"total energy": -26.32178405, "HOMO-LUMO gap/eV": 12.91954347, "electronic energy": -26.71996615, "dipole": [0.00047061, 0.00032884, 0.01328268], "partial charges": [-0.10146713, -0.05217931, -0.06317079, -0.01548363, -0.1050573, -0.06240063, -0.05219739, -0.10129203, 0.03190286, 0.03214486, 0.03134594, 0.02663772, 0.03173701, 0.03227373, 0.03011548, 0.02448054, 0.03445128, 0.03079997, 0.03333366, 0.02981707, 0.029242, 0.03060199, 0.03147745, 0.03131854, 0.03069508, 0.03087304], "atomic dipole moments": [[-0.07928192, -0.03665219, -0.03720411], [0.04588174, -0.02576557, 0.10055816], [-0.03881522, 0.01621678, -0.10476548], [-0.02999281, 0.04172964, 0.0775389], [0.0309686, 0.06477632, -0.06390268], [0.04082236, 0.00104999, 0.10130629], [-0.04131301, -0.00497513, -0.10840006], [0.07095051, -0.04995597, 0.03444091], [0.08426451, -0.08732407, 0.0220374], [-0.02269945, 0.05849751, 0.10602614], [0.04861631, 0.08126248, -0.07913384], [0.02574571, -0.05608784, -0.10568126], [-0.07829907, 0.09100467, -0.02381758], [-0.03205508, 0.05729942, 0.10388877], [0.08319136, -0.08113216, 0.0307849], [0.03646275, -0.05834765, -0.09798287], [-0.0293765, 0.0511414, 0.10869077], [0.08935313, -0.08158553, 0.02145137], [-0.09827174, -0.06135516, -0.04271612], [0.03703348, 0.06659211, -0.09448713], [-0.08828019, -0.07058871, -0.04149319], [-0.04130063, -0.0659666, 0.09486123], [0.08607025, 0.07735061, 0.04031283], [-0.09135585, -0.07256522, -0.03993604], [-0.045119, 0.07380279, 0.08783324], [0.03636037, 0.07045148, -0.09425946]], "atomic quadrupole moments": [[0.12625197, 0.12119734, -0.06122021, 0.11007497, 0.04344539, -0.06503176], [0.06741712, 0.19418743, -0.04800991, 0.03997302, -0.09252575, -0.01940721], [0.01616667, 0.20731545, 0.00073698, 0.02741188, -0.08765619, -0.01690365], [0.06724847, 0.0525868, 0.01342779, 0.09144008, -0.13199751, -0.08067626], [-0.06389133, 0.07174117, 0.0365699, -0.06590767, -0.15761104, 0.02732143], [0.00378967, -0.20154298, 0.00600293, -0.004845, 0.08020136, -0.0097926], [0.0134608, -0.21137606, -0.02508711, 0.02914129, 0.06906461, 0.01162631], [0.0817434, -0.14922433, -0.01521238, 0.09246249, -0.06005251, -0.06653102], [0.01067472, -0.0563222, 0.03679122, 0.02009727, -0.00826345, -0.04746594], [-0.02165146, -0.01230851, -0.02491897, -0.02715161, 0.05527847, 0.04657042], [-0.02379342, 0.03506663, 0.0037834, -0.02104825, -0.05938543, 0.02001002], [-0.02028222, -0.00232482, -0.0057903, -0.02378863, 0.03972174, 0.02607252], [0.01964825, -0.03598495, 0.01986809, 0.00461332, -0.00994803, -0.03951634], [-0.01869657, -0.01011662, 0.00102322, -0.0315069, 0.03751429, 0.01767335], [0.02289273, -0.03480309, 0.01855605, 0.01046757, -0.01579425, -0.04144878], [-0.01202838, -0.01595192, -0.00585108, -0.00874522, 0.01691218, 0.01787947], [-0.04411334, -0.01204499, 0.00028887, -0.03061518, 0.05047018, 0.04382446], [0.03395524, -0.06168778, 0.0051801, 0.00372835, -0.02094923, -0.03913534], [0.03405447, 0.05138488, -0.01874347, 0.0445147, 0.01399837, -0.01531099], [-0.0172812, 0.00890864, 0.01166502, -0.03547023, -0.03675682, 0.00561618], [0.02760523, 0.0333467, 0.00903445, 0.01502608, 0.02236523, -0.03663968], [-0.01824867, 0.00946282, 0.00756104, -0.02739896, -0.03941744, 0.01068763], [0.02765838, 0.03288414, 0.00668084, 0.01531566, 0.01858739, -0.03433922], [0.01979697, 0.05290683, 0.01979022, 0.03372625, 0.0197803, -0.03958719], [-0.02901373, -0.03279739, -0.00584749, -0.02307316, 0.05517083, 0.03486122], [-0.01353837, 0.02054141, -0.01128545, -0.03444947, -0.05881402, 0.02482382]], "number of molecular orbitals": 50, "number of electrons": 50, "number of unpaired electrons": 0, "orbital energies/eV": [-16.99403798, -16.66257985, -16.51260624, -15.88078403, -15.87387418, -15.26749957, -15.10669397, -14.63621412, -14.04094534, -13.87886024, -13.59596212, -13.4085651, -13.17525594, -12.98622409, -12.69274429, -12.50845083, -12.37193746, -12.28627567, -12.08694315, -11.97144268, -11.58959053, -11.52106134, -11.309378, -11.22945875, -11.16051836, 1.75902511, 2.07162017, 2.77492151, 2.89986137, 3.42560525, 3.58194217, 3.85864013, 4.14614814, 4.3264749, 4.69655793, 4.93126378, 5.02245537, 5.06973748, 5.39605538, 5.66501635, 6.3138282, 6.52349456, 6.69751035, 7.1478516, 7.25565396, 7.39120085, 7.82166715, 8.07926213, 8.56113143, 8.64937174], "fractional occupation": [2.0, 2.0, 2.0, 2.0, 2.0, 2.0, 2.0, 2.0, 2.0, 2.0, 2.0, 2.0, 2.0, 2.0, 2.0, 2.0, 2.0, 2.0, 2.0, 2.0, 2.0, 2.0, 2.0, 2.0, 2.0, 0.0, 0.0, 0.0, 0.0, 0.0, 0.0, 0.0, 0.0, 0.0, 0.0, 0.0, 0.0, 0.0, 0.0, 0.0, 0.0, 0.0, 0.0, 0.0, 0.0, 0.0, 0.0, 0.0, 0.0, 0.0], "program call": "xtb /tmp/scratch/tmp3t7e6kpi/16277_0_xyzopt.xyz --pop --wbo --acc 0.2 --gfn 2 --chrg 0 --uhf 0 --etemp 300 --input /tmp/scratch/tmp3t7e6kpi/16277_0_xtb.inp", "method": "GFN2-xTB", "xtb version": "6.3.3 (7355c4f)", "Dipole module/D": 0.034, "Total charge": 0, "Transition dipole module/D": NaN, "HOMO": -11.1605, "LUMO": 1.759, "HOMO occupancy": 2.0, "LUMO occupancy": 0, "mulliken charges": [-0.08547, -0.03957, -0.05573, -0.00563, -0.09288, -0.05596, -0.04077, -0.08543, 0.02725, 0.02741, 0.02875, 0.02189, 0.02313, 0.02381, 0.02449, 0.01988, 0.02861, 0.02918, 0.02982, 0.02449, 0.02445, 0.02262, 0.02311, 0.02707, 0.02849, 0.027], "cm5 charges": [-0.23824, -0.1536, -0.16608, -0.07916, -0.24426, -0.16616, -0.15506, -0.23827, 0.07939, 0.07958, 0.0803, 0.07728, 0.07929, 0.08106, 0.08101, 0.0785, 0.08202, 0.08152, 0.08234, 0.08127, 0.08079, 0.07866, 0.07943, 0.07923, 0.08003, 0.07915], "FUKUI+": [0.008, -0.019, -0.019, -0.032, 0.017, -0.004, -0.015, 0.008, -0.045, -0.042, -0.075, -0.05, -0.043, -0.052, -0.065, -0.075, -0.043, -0.052, -0.077, -0.048, -0.063, -0.04, -0.034, -0.04, -0.064, -0.036], "FUKUI-": [0.019, 0.009, 0.012, -0.002, 0.018, 0.007, 0.003, 0.019, -0.065, -0.047, -0.054, -0.066, -0.065, -0.069, -0.067, -0.083, -0.049, -0.048, -0.043, -0.062, -0.064, -0.069, -0.054, -0.056, -0.068, -0.054], "FUKUIrad": [0.014, -0.005, -0.003, -0.017, 0.018, 0.001, -0.006, 0.013, -0.055, -0.045, -0.064, -0.058, -0.054, -0.06, -0.066, -0.079, -0.046, -0.05, -0.06, -0.055, -0.064, -0.055, -0.044, -0.048, -0.066, -0.045], "s proportion": [1.005, 1.026, 1.034, 1.055, 1.01, 1.034, 1.025, 1.005, 0.973, 0.973, 0.971, 0.978, 0.977, 0.976, 0.976, 0.98, 0.971, 0.971, 0.97, 0.976, 0.976, 0.977, 0.977, 0.973, 0.972, 0.973], "p proportion": [3.08, 3.014, 3.022, 2.951, 3.083, 3.022, 3.016, 3.08, 0.0, 0.0, 0.0, 0.0, 0.0, 0.0, 0.0, 0.0, 0.0, 0.0, 0.0, 0.0, 0.0, 0.0, 0.0, 0.0, 0.0, 0.0], "d proportion": [0.0, 0.0, 0.0, 0.0, 0.0, 0.0, 0.0, 0.0, 0.0, 0.0, 0.0, 0.0, 0.0, 0.0, 0.0, 0.0, 0.0, 0.0, 0.0, 0.0, 0.0, 0.0, 0.0, 0.0, 0.0, 0.0], "Fermi-level/eV": -4.7007, "Coordination numbers": [3.752, 3.8, 3.806, 3.849, 3.755, 3.804, 3.8, 3.752, 0.925, 0.925, 0.925, 0.924, 0.924, 0.924, 0.924, 0.924, 0.925, 0.925, 0.925, 0.924, 0.924, 0.924, 0.924, 0.925, 0.925, 0.925], "Dispersion coefficient C6": [22.498, 21.512, 21.709, 20.817, 22.563, 21.696, 21.512, 22.494, 2.56, 2.556, 2.567, 2.635, 2.562, 2.554, 2.585, 2.667, 2.524, 2.575, 2.54, 2.589, 2.597, 2.578, 2.566, 2.568, 2.577, 2.574], "Total dispersion C6": 4379.696114, "Total dispersion C8": 90669.151914, "Polarizability alpha": [6.764, 6.604, 6.633, 6.49, 6.773, 6.631, 6.604, 6.763, 2.502, 2.5, 2.506, 2.538, 2.503, 2.499, 2.514, 2.554, 2.484, 2.509, 2.492, 2.516, 2.52, 2.511, 2.505, 2.506, 2.51, 2.509], "Total polarizability alpha": 98.441166, "Wiberg matrix": [[0.0, 1.0186045747026966, 0.0, 0.0, 0.0, 0.0, 0.0, 0.0, 0.9879122085357059, 0.988137169157775, 0.9876525112427832, 0.0, 0.0, 0.0, 0.0, 0.0, 0.0, 0.0, 0.0, 0.0, 0.0, 0.0, 0.0, 0.0, 0.0, 0.0], [1.0186045747026966, 0.0, 1.008247438614854, 0.0, 0.0, 0.0, 0.0, 0.0, 0.0, 0.0, 0.0, 0.9784497804255455, 0.976521535511675, 0.0, 0.0, 0.0, 0.0, 0.0, 0.0, 0.0, 0.0, 0.0, 0.0, 0.0, 0.0, 0.0], [0.0, 1.008247438614854, 0.0, 0.9964762141890733, 0.0, 0.0, 0.0, 0.0, 0.0, 0.0, 0.0, 0.0, 0.0, 0.9745467554392531, 0.9756422759710789, 0.0, 0.0, 0.0, 0.0, 0.0, 0.0, 0.0, 0.0, 0.0, 0.0, 0.0], [0.0, 0.0, 0.9964762141890733, 0.0, 1.0081429306787133, 0.9950036947413028, 0.0, 0.0, 0.0, 0.0, 0.0, 0.0, 0.0, 0.0, 0.0, 0.9684710808163106, 0.0, 0.0, 0.0, 0.0, 0.0, 0.0, 0.0, 0.0, 0.0, 0.0], [0.0, 0.0, 0.0, 1.0081429306787133, 0.0, 0.0, 0.0, 0.0, 0.0, 0.0, 0.0, 0.0, 0.0, 0.0, 0.0, 0.0, 0.9850925504663274, 0.9869418628050962, 0.9863552998529961, 0.0, 0.0, 0.0, 0.0, 0.0, 0.0, 0.0], [0.0, 0.0, 0.0, 0.9950036947413028, 0.0, 0.0, 1.0091547034627788, 0.0, 0.0, 0.0, 0.0, 0.0, 0.0, 0.0, 0.0, 0.0, 0.0, 0.0, 0.0, 0.9751098226039799, 0.9758347156339214, 0.0, 0.0, 0.0, 0.0, 0.0], [0.0, 0.0, 0.0, 0.0, 0.0, 1.0091547034627788, 0.0, 1.018342798949037, 0.0, 0.0, 0.0, 0.0, 0.0, 0.0, 0.0, 0.0, 0.0, 0.0, 0.0, 0.0, 0.0, 0.9767223553715997, 0.9760204738645205, 0.0, 0.0, 0.0], [0.0, 0.0, 0.0, 0.0, 0.0, 0.0, 1.018342798949037, 0.0, 0.0, 0.0, 0.0, 0.0, 0.0, 0.0, 0.0, 0.0, 0.0, 0.0, 0.0, 0.0, 0.0, 0.0, 0.0, 0.9879993074792559, 0.9877530864209456, 0.988054908671258], [0.9879122085357059, 0.0, 0.0, 0.0, 0.0, 0.0, 0.0, 0.0, 0.0, 0.0, 0.0, 0.0, 0.0, 0.0, 0.0, 0.0, 0.0, 0.0, 0.0, 0.0, 0.0, 0.0, 0.0, 0.0, 0.0, 0.0], [0.988137169157775, 0.0, 0.0, 0.0, 0.0, 0.0, 0.0, 0.0, 0.0, 0.0, 0.0, 0.0, 0.0, 0.0, 0.0, 0.0, 0.0, 0.0, 0.0, 0.0, 0.0, 0.0, 0.0, 0.0, 0.0, 0.0], [0.9876525112427832, 0.0, 0.0, 0.0, 0.0, 0.0, 0.0, 0.0, 0.0, 0.0, 0.0, 0.0, 0.0, 0.0, 0.0, 0.0, 0.0, 0.0, 0.0, 0.0, 0.0, 0.0, 0.0, 0.0, 0.0, 0.0], [0.0, 0.9784497804255455, 0.0, 0.0, 0.0, 0.0, 0.0, 0.0, 0.0, 0.0, 0.0, 0.0, 0.0, 0.0, 0.0, 0.0, 0.0, 0.0, 0.0, 0.0, 0.0, 0.0, 0.0, 0.0, 0.0, 0.0], [0.0, 0.976521535511675, 0.0, 0.0, 0.0, 0.0, 0.0, 0.0, 0.0, 0.0, 0.0, 0.0, 0.0, 0.0, 0.0, 0.0, 0.0, 0.0, 0.0, 0.0, 0.0, 0.0, 0.0, 0.0, 0.0, 0.0], [0.0, 0.0, 0.9745467554392531, 0.0, 0.0, 0.0, 0.0, 0.0, 0.0, 0.0, 0.0, 0.0, 0.0, 0.0, 0.0, 0.0, 0.0, 0.0, 0.0, 0.0, 0.0, 0.0, 0.0, 0.0, 0.0, 0.0], [0.0, 0.0, 0.9756422759710789, 0.0, 0.0, 0.0, 0.0, 0.0, 0.0, 0.0, 0.0, 0.0, 0.0, 0.0, 0.0, 0.0, 0.0, 0.0, 0.0, 0.0, 0.0, 0.0, 0.0, 0.0, 0.0, 0.0], [0.0, 0.0, 0.0, 0.9684710808163106, 0.0, 0.0, 0.0, 0.0, 0.0, 0.0, 0.0, 0.0, 0.0, 0.0, 0.0, 0.0, 0.0, 0.0, 0.0, 0.0, 0.0, 0.0, 0.0, 0.0, 0.0, 0.0], [0.0, 0.0, 0.0, 0.0, 0.9850925504663274, 0.0, 0.0, 0.0, 0.0, 0.0, 0.0, 0.0, 0.0, 0.0, 0.0, 0.0, 0.0, 0.0, 0.0, 0.0, 0.0, 0.0, 0.0, 0.0, 0.0, 0.0], [0.0, 0.0, 0.0, 0.0, 0.9869418628050962, 0.0, 0.0, 0.0, 0.0, 0.0, 0.0, 0.0, 0.0, 0.0, 0.0, 0.0, 0.0, 0.0, 0.0, 0.0, 0.0, 0.0, 0.0, 0.0, 0.0, 0.0], [0.0, 0.0, 0.0, 0.0, 0.9863552998529961, 0.0, 0.0, 0.0, 0.0, 0.0, 0.0, 0.0, 0.0, 0.0, 0.0, 0.0, 0.0, 0.0, 0.0, 0.0, 0.0, 0.0, 0.0, 0.0, 0.0, 0.0], [0.0, 0.0, 0.0, 0.0, 0.0, 0.9751098226039799, 0.0, 0.0, 0.0, 0.0, 0.0, 0.0, 0.0, 0.0, 0.0, 0.0, 0.0, 0.0, 0.0, 0.0, 0.0, 0.0, 0.0, 0.0, 0.0, 0.0], [0.0, 0.0, 0.0, 0.0, 0.0, 0.9758347156339214, 0.0, 0.0, 0.0, 0.0, 0.0, 0.0, 0.0, 0.0, 0.0, 0.0, 0.0, 0.0, 0.0, 0.0, 0.0, 0.0, 0.0, 0.0, 0.0, 0.0], [0.0, 0.0, 0.0, 0.0, 0.0, 0.0, 0.9767223553715997, 0.0, 0.0, 0.0, 0.0, 0.0, 0.0, 0.0, 0.0, 0.0, 0.0, 0.0, 0.0, 0.0, 0.0, 0.0, 0.0, 0.0, 0.0, 0.0], [0.0, 0.0, 0.0, 0.0, 0.0, 0.0, 0.9760204738645205, 0.0, 0.0, 0.0, 0.0, 0.0, 0.0, 0.0, 0.0, 0.0, 0.0, 0.0, 0.0, 0.0, 0.0, 0.0, 0.0, 0.0, 0.0, 0.0], [0.0, 0.0, 0.0, 0.0, 0.0, 0.0, 0.0, 0.9879993074792559, 0.0, 0.0, 0.0, 0.0, 0.0, 0.0, 0.0, 0.0, 0.0, 0.0, 0.0, 0.0, 0.0, 0.0, 0.0, 0.0, 0.0, 0.0], [0.0, 0.0, 0.0, 0.0, 0.0, 0.0, 0.0, 0.9877530864209456, 0.0, 0.0, 0.0, 0.0, 0.0, 0.0, 0.0, 0.0, 0.0, 0.0, 0.0, 0.0, 0.0, 0.0, 0.0, 0.0, 0.0, 0.0], [0.0, 0.0, 0.0, 0.0, 0.0, 0.0, 0.0, 0.988054908671258, 0.0, 0.0, 0.0, 0.0, 0.0, 0.0, 0.0, 0.0, 0.0, 0.0, 0.0, 0.0, 0.0, 0.0, 0.0, 0.0, 0.0, 0.0]], "Born radii": [], "Atomic SASAs": [], "Solvent H bonds": [], "Total SASA": NaN, "Total FOD": 0.0, "FOD": [0.0, 0.0, 0.0, 0.0, 0.0, 0.0, 0.0, 0.0, 0.0, 0.0, 0.0, 0.0, 0.0, 0.0, 0.0, 0.0, 0.0, 0.0, 0.0, 0.0, 0.0, 0.0, 0.0, 0.0, 0.0, 0.0], "FOD s proportion": [0.0, 0.0, 0.0, 0.0, 0.0, 0.0, 0.0, 0.0, 0.0, 0.0, 0.0, 0.0, 0.0, 0.0, 0.0, 0.0, 0.0, 0.0, 0.0, 0.0, 0.0, 0.0, 0.0, 0.0, 0.0, 0.0], "FOD p proportion": [0.0, 0.0, 0.0, 0.0, 0.0, 0.0, 0.0, 0.0, 0.0, 0.0, 0.0, 0.0, 0.0, 0.0, 0.0, 0.0, 0.0, 0.0, 0.0, 0.0, 0.0, 0.0, 0.0, 0.0, 0.0, 0.0], "FOD d proportion": [0.0, 0.0, 0.0, 0.0, 0.0, 0.0, 0.0, 0.0, 0.0, 0.0, 0.0, 0.0, 0.0, 0.0, 0.0, 0.0, 0.0, 0.0, 0.0, 0.0, 0.0, 0.0, 0.0, 0.0, 0.0, 0.0], "coordinates": [["3.12215686144019", "1.15493949840785", "-0.08146445708006"], ["1.84432640780710", "0.54804367727673", "-0.64891679278995"], ["1.22138214470721", "-0.45118435342561", "0.32339434200644"], ["0.02194716753161", "-1.21492501832865", "-0.24934538468545"], ["-0.44983772844985", "-2.26199642183372", "0.75994184394483"], ["-1.13381802593796", "-0.30615579784275", "-0.69362969665055"], ["-1.70201257376179", "0.61037729173967", "0.38796209028302"], ["-2.86218371464815", "1.44037330971640", "-0.14951006669418"], ["3.86128990794760", "0.38032332918479", "0.11205613365847"], ["2.91607428047680", "1.67042271062877", "0.85437038738896"], ["3.55054888193379", "1.87061531569315", "-0.77962989614088"], ["2.07029485907881", "0.04221921501794", "-1.59079057945968"], ["1.13632954656860", "1.35008504377148", "-0.86299531405363"], ["0.92388714427274", "0.06752216784221", "1.23664417203666"], ["1.98430866700798", "-1.18294527369981", "0.60276322007529"], ["0.36438964017898", "-1.74721592688069", "-1.14609074518843"], ["-0.71854449828436", "-1.79659383685429", "1.70496037935297"], ["0.34066253944668", "-2.98402503424237", "0.95344164571533"], ["-1.31643534588619", "-2.79850256190805", "0.38002026946437"], ["-0.79858681551860", "0.30780040243938", "-1.53239150561328"], ["-1.93970306996896", "-0.94416037605827", "-1.06682531217348"], ["-2.05182511249671", "0.01454628231194", "1.23232608084693"], ["-0.92420662364106", "1.28413327015626", "0.75018931779197"], ["-3.66481981208137", "0.79498120752583", "-0.50048490593125"], ["-3.26022341249615", "2.09113233461307", "0.62603715459285"], ["-2.53540131522695", "2.06018954474874", "-0.98216738069728"]], "bond_dist": [[0.0, 1.5241966274864849, 2.521207845140391, 3.905859953933973, 5.014235833768213, 4.541240798202346, 4.877450155546187, 5.991530254971862, 1.088024856839642, 1.0881083716158446, 1.08772541524438, 2.1500291730059184, 2.142984458358767, 2.7842910333479725, 2.6886002371886626, 4.14260972003469, 5.16273664445306, 5.093011752138584, 5.961859865851182, 4.265567363024048, 5.567726848808189, 5.458629107338952, 4.13296461215389, 6.809419980780737, 6.489360023778419, 5.799888613187842], [1.5241966274864849, 0.0, 1.5270576790414254, 2.5668622922249296, 3.891580283252351, 3.0985480882685565, 3.695338072470465, 4.816315685643264, 2.1622561529223523, 2.1606134645443977, 2.1627475084591197, 1.092724282518287, 1.091035985822089, 2.1525448917415777, 2.1407056397132633, 2.7758983096644534, 4.195994529964988, 4.15981573838961, 4.716831359365377, 2.7970045951575915, 4.089034061491895, 4.359322297010105, 3.18811871542337, 5.51667492616643, 5.482979029715962, 4.645390834662493], [2.521207845140391, 1.5270576790414254, 0.0, 1.5329627726170882, 2.5025167198195115, 2.5695017067415353, 3.1108389223127526, 4.525167300824625, 2.7758209349604535, 2.7667911974080734, 3.4687798810623844, 2.1513260542146657, 2.158547150686134, 1.0915974452789337, 1.09342484556733, 2.1385790641681064, 2.735354963041865, 2.7546158611322586, 3.4574017532094046, 2.846097955471108, 3.4882941074690277, 3.42884057365584, 2.7923166670225363, 5.1094691684174345, 5.161371444165418, 4.703712601026493], [3.905859953933973, 2.5668622922249296, 1.5329627726170882, 0.0, 1.5289212608864151, 1.5359177153729964, 2.590352588045079, 3.9215796877253757, 4.173245862166596, 4.233130256489872, 4.717286388894244, 2.752383530594201, 2.863161005112466, 2.1601693150418835, 2.1396201609166443, 1.0976122721542523, 2.169326517825686, 2.16286638401479, 2.166814877966031, 2.1536425127725742, 2.1423488459248845, 2.8297493670439424, 2.8529929805823513, 4.206547855168747, 4.740142775002996, 4.219411658204006], [5.014235833768213, 3.891580283252351, 2.5025167198195115, 1.5289212608864151, 0.0, 2.531010038983278, 3.1554463283018563, 4.511547136403487, 5.097786878393961, 5.177084182723964, 5.954145946191788, 4.145650839890021, 4.265792324682506, 2.7460921315918374, 2.6672317437018807, 2.1356323177565826, 1.0871351923865669, 1.0879605525782954, 1.0877364899825277, 3.4612532165780214, 2.7006422980612417, 2.823500864125548, 3.577730670816941, 4.611929923175285, 5.183235295558828, 5.105468788935649], [4.541240798202346, 3.0985480882685565, 2.5695017067415353, 1.5359177153729964, 2.531010038983278, 0.0, 1.5273240461795838, 2.5166799655828047, 5.106024531881109, 4.764954832303796, 5.166141872093781, 3.3455346626748663, 2.815206642281658, 2.846004743089334, 3.488854891332199, 2.127440130005639, 2.8543111259295126, 3.472451668748672, 2.71990178639421, 1.0921737739382553, 1.0935152095249288, 2.1575199864806707, 2.158140311989886, 2.7669075980659743, 3.4655606842570035, 2.7653715830487653], [4.877450155546187, 3.695338072470465, 3.1108389223127526, 2.590352588045079, 3.1554463283018563, 1.5273240461795838, 0.0, 1.5243906276045225, 5.574888646922194, 4.761088025127061, 5.526379716381996, 4.297507311921928, 3.188769038033682, 2.8125259626544326, 4.105010309271446, 3.4902123139261914, 2.914653317768914, 4.172770881172156, 3.430625996488024, 2.1437091238943244, 2.142309622565328, 1.09102426765533, 1.0909343604654353, 2.162412755605525, 2.1627150184872654, 2.1618850872849085], [5.991530254971862, 4.816315685643264, 4.525167300824625, 3.9215796877253757, 4.511547136403487, 2.5166799655828047, 1.5243906276045225, 0.0, 6.811550513072101, 5.86932399439456, 6.457963962305254, 5.3255487294057495, 4.062674177102211, 4.2591638123071425, 5.562032352794676, 4.643777966709657, 4.302581322087134, 5.5722551371326725, 4.542885542414908, 2.7301125666356643, 2.7163281646352333, 2.144559375445019, 2.142341041401862, 1.0880896140715066, 1.0878402465405597, 1.0882449652279578], [1.088024856839642, 2.1622561529223523, 2.7758209349604535, 4.173245862166596, 5.097786878393961, 5.106024531881109, 5.574888646922194, 6.811550513072101, 0.0, 1.7631844621901054, 1.7642659000384484, 2.4943264793259035, 3.052306026572426, 3.160834987569784, 2.491517759973565, 4.282250382400835, 5.315185365747204, 4.941820166520824, 6.081576903085956, 4.9420561197857955, 6.065932581113843, 6.029405181906154, 4.911727132479807, 7.562372326139892, 7.34213837490094, 6.7035016376667285], [1.0881083716158446, 2.1606134645443977, 2.7667911974080734, 4.233130256489872, 5.177084182723964, 4.764954832303796, 4.761088025127061, 5.86932399439456, 1.7631844621901054, 0.0, 1.7642539572272655, 3.056992248367637, 2.493883014732836, 2.585388361958655, 3.012175655415514, 4.710965198670241, 5.094522621588205, 5.3203801142209945, 6.1733652786101, 4.62083098011221, 5.840000968348309, 5.250219198355357, 3.8610659991270837, 6.775706439085149, 6.194819274614484, 5.765706836905658], [1.08772541524438, 2.1627475084591197, 3.4687798810623844, 4.717286388894244, 5.954145946191788, 5.166141872093781, 5.526379716381996, 6.457963962305254, 1.7642659000384484, 1.7642539572272655, 0.0, 2.4884063026975496, 2.4711043191540405, 3.770392274276615, 3.699777211090768, 4.8347292755073275, 6.151972861987344, 6.072432809681735, 6.843462992913154, 4.682309452464516, 6.176431809486508, 6.2353471020854, 4.765264405227446, 7.30044218186721, 6.957811930465372, 6.092269661078152], [2.1500291730059184, 1.092724282518287, 2.1513260542146657, 2.752383530594201, 4.145650839890021, 3.3455346626748663, 4.297507311921928, 5.3255487294057495, 2.4943264793259035, 3.056992248367637, 2.4884063026975496, 0.0, 1.7642250931615673, 3.0511109717540057, 2.5139808911557324, 2.5119611234118104, 4.692636016507991, 4.31542579972314, 4.839807547553988, 2.8817400788029333, 4.1626395099721725, 4.996261255075345, 3.998696853938537, 5.886166610829962, 6.125911786641073, 5.065082792981801], [2.142984458358767, 1.091035985822089, 2.158547150686134, 2.863161005112466, 4.265792324682506, 2.815206642281658, 3.188769038033682, 4.062674177102211, 3.052306026572426, 2.493883014732836, 2.4711043191540405, 1.7642250931615673, 0.0, 2.4695313880480834, 3.0469261983680553, 3.2045760320218784, 4.465035514231079, 4.7662395432225475, 4.977139990047011, 2.297465965602997, 3.842796556226498, 4.042074425515785, 2.6177325305707053, 4.84670911331356, 4.700643222135466, 3.7416651246788746], [2.7842910333479725, 2.1525448917415777, 1.0915974452789337, 2.1601693150418835, 2.7460921315918374, 2.846004743089334, 2.8125259626544326, 4.2591638123071425, 3.160834987569784, 2.585388361958655, 3.770392274276615, 3.0511109717540057, 2.4695313880480834, 0.0, 1.7578303926989722, 3.046922627059851, 2.528206923784837, 3.11966263194268, 3.737237900095489, 3.2698943035331673, 3.811774147220832, 2.9761869103682272, 2.2654428870518584, 4.960145725604406, 4.687709482047163, 4.567332331630893], [2.6886002371886626, 2.1407056397132633, 1.09342484556733, 2.1396201609166443, 2.6672317437018807, 3.488854891332199, 4.105010309271446, 5.562032352794676, 2.491517759973565, 3.012175655415514, 3.699777211090768, 2.5139808911557324, 3.0469261983680553, 1.7578303926989722, 0.0, 2.449699821476588, 2.982753487989272, 2.463419626188904, 3.6816505554148304, 3.8112616861381703, 4.271113696249617, 4.256842880403413, 3.816762003555137, 6.086214107795497, 6.182656596822408, 5.784263720078182], [4.14260972003469, 2.7758983096644534, 2.1385790641681064, 1.0976122721542523, 2.1356323177565826, 2.127440130005639, 3.4902123139261914, 4.643777966709657, 4.282250382400835, 4.710965198670241, 4.8347292755073275, 2.5119611234118104, 3.2045760320218784, 3.046922627059851, 2.449699821476588, 0.0, 3.050192951436266, 2.4368619172649106, 2.501877505357272, 2.392662664853501, 2.4413161293725616, 3.8208332090206527, 3.8007152435777765, 4.807712759728044, 5.568767767766789, 4.788736250815433], [5.16273664445306, 4.195994529964988, 2.735354963041865, 2.169326517825686, 1.0871351923865669, 2.8543111259295126, 2.914653317768914, 4.302581322087134, 5.315185365747204, 5.094522621588205, 6.151972861987344, 4.692636016507991, 4.465035514231079, 2.528206923784837, 2.982753487989272, 3.050192951436266, 0.0, 1.7597422550810606, 1.765435032442854, 3.8620369125650704, 3.146532533128207, 2.2980968011840197, 3.231836041272847, 4.501198545023968, 4.768503099735582, 5.039484333214336], [5.093011752138584, 4.15981573838961, 2.7546158611322586, 2.16286638401479, 1.0879605525782954, 3.472451668748672, 4.172770881172156, 5.5722551371326725, 4.941820166520824, 5.3203801142209945, 6.072432809681735, 4.31542579972314, 4.7662395432225475, 3.11966263194268, 2.463419626188904, 2.4368619172649106, 1.7597422550810606, 0.0, 1.7632935274812451, 4.279412372583195, 3.666414286118169, 3.846193395205514, 4.45627432054441, 5.695496419216556, 6.231436083147614, 6.120655709823628], [5.961859865851182, 4.716831359365377, 3.4574017532094046, 2.166814877966031, 1.0877364899825277, 2.71990178639421, 3.430625996488024, 4.542885542414908, 6.081576903085956, 6.1733652786101, 6.843462992913154, 4.839807547553988, 4.977139990047011, 3.737237900095489, 3.6816505554148304, 2.501877505357272, 1.765435032442854, 1.7632935274812451, 0.0, 3.684372945858379, 2.4331892107294952, 3.0299285643261262, 4.118104397917717, 4.3821598060944815, 5.267576841104523, 5.191177343912725], [4.265567363024048, 2.7970045951575915, 2.846097955471108, 2.1536425127725742, 3.4612532165780214, 1.0921737739382553, 2.1437091238943244, 2.7301125666356643, 4.9420561197857955, 4.62083098011221, 4.682309452464516, 2.8817400788029333, 2.297465965602997, 3.2698943035331673, 3.8112616861381703, 2.392662664853501, 3.8620369125650704, 4.279412372583195, 3.684372945858379, 0.0, 1.756787971708961, 3.049634001133035, 2.4857959329265906, 3.085039377041597, 3.7281016344902387, 2.5278724058228255], [5.567726848808189, 4.089034061491895, 3.4882941074690277, 2.1423488459248845, 2.7006422980612417, 1.0935152095249288, 2.142309622565328, 2.7163281646352333, 6.065932581113843, 5.840000968348309, 6.176431809486508, 4.1626395099721725, 3.842796556226498, 3.811774147220832, 4.271113696249617, 2.4413161293725616, 3.146532533128207, 3.666414286118169, 2.4331892107294952, 1.756787971708961, 0.0, 2.493549064536662, 3.049273318640544, 2.514236002727382, 3.7178702432802684, 3.06400747574453], [5.458629107338952, 4.359322297010105, 3.42884057365584, 2.8297493670439424, 2.823500864125548, 2.1575199864806707, 1.09102426765533, 2.144559375445019, 6.029405181906154, 5.250219198355357, 6.2353471020854, 4.996261255075345, 4.042074425515785, 2.9761869103682272, 4.256842880403413, 3.8208332090206527, 2.2980968011840197, 3.846193395205514, 3.0299285643261262, 3.049634001133035, 2.493549064536662, 0.0, 1.765171502829634, 2.4926821877810634, 2.477906847755067, 3.0532742412403984], [4.13296461215389, 3.18811871542337, 2.7923166670225363, 2.8529929805823513, 3.577730670816941, 2.158140311989886, 1.0909343604654353, 2.142341041401862, 4.911727132479807, 3.8610659991270837, 4.765264405227446, 3.998696853938537, 2.6177325305707053, 2.2654428870518584, 3.816762003555137, 3.8007152435777765, 3.231836041272847, 4.45627432054441, 4.118104397917717, 2.4857959329265906, 3.049273318640544, 1.765171502829634, 0.0, 3.051952883468919, 2.474598086048325, 2.48983361016946], [6.809419980780737, 5.51667492616643, 5.1094691684174345, 4.206547855168747, 4.611929923175285, 2.7669075980659743, 2.162412755605525, 1.0880896140715066, 7.562372326139892, 6.775706439085149, 7.30044218186721, 5.886166610829962, 4.84670911331356, 4.960145725604406, 6.086214107795497, 4.807712759728044, 4.501198545023968, 5.695496419216556, 4.3821598060944815, 3.085039377041597, 2.514236002727382, 2.4926821877810634, 3.051952883468919, 0.0, 1.7643009787602313, 1.7630531143763044], [6.489360023778419, 5.482979029715962, 5.161371444165418, 4.740142775002996, 5.183235295558828, 3.4655606842570035, 2.1627150184872654, 1.0878402465405597, 7.34213837490094, 6.194819274614484, 6.957811930465372, 6.125911786641073, 4.700643222135466, 4.687709482047163, 6.182656596822408, 5.568767767766789, 4.768503099735582, 6.231436083147614, 5.267576841104523, 3.7281016344902387, 3.7178702432802684, 2.477906847755067, 2.474598086048325, 1.7643009787602313, 0.0, 1.7642693547930977], [5.799888613187842, 4.645390834662493, 4.703712601026493, 4.219411658204006, 5.105468788935649, 2.7653715830487653, 2.1618850872849085, 1.0882449652279578, 6.7035016376667285, 5.765706836905658, 6.092269661078152, 5.065082792981801, 3.7416651246788746, 4.567332331630893, 5.784263720078182, 4.788736250815433, 5.039484333214336, 6.120655709823628, 5.191177343912725, 2.5278724058228255, 3.06400747574453, 3.0532742412403984, 2.48983361016946, 1.7630531143763044, 1.7642693547930977, 0.0]]}