{"total energy": -26.32619837, "HOMO-LUMO gap/eV": 12.64920529, "electronic energy": -26.72592313, "dipole": [-0.01216323, 0.0077461, 0.01095691], "partial charges": [-0.10161504, -0.05259005, -0.05867105, -0.06545049, 0.0285388, -0.10812108, -0.1081212, -0.10900993, 0.03231779, 0.03231767, 0.03152652, 0.02718131, 0.02718152, 0.03178613, 0.03178773, 0.02926795, 0.02926783, 0.03320784, 0.0347339, 0.03368534, 0.0336853, 0.03320826, 0.0347343, 0.03420487, 0.03247297, 0.03247282], "atomic dipole moments": [[-0.07236652, -0.04636224, -0.04102847], [-0.00508556, 0.07235296, 0.08397429], [0.00870338, -0.07546679, -0.08815834], [-0.0122776, 0.07017, 0.0826802], [-0.00285364, -0.00291245, -0.00286293], [0.02220721, -0.09192772, 0.0093443], [0.00511443, 0.02419916, -0.09175758], [0.06553667, 0.05059044, 0.04702871], [0.00940844, -0.02734153, 0.11983072], [-0.01258952, 0.12218894, -0.01033791], [0.10558428, -0.03252636, -0.05520798], [-0.00461548, 0.02692489, -0.11885136], [0.01705599, -0.12038615, 0.00938515], [-0.01374275, 0.12138368, -0.01116529], [0.00827414, -0.02823319, 0.11908806], [-0.0018588, 0.02581949, -0.11792048], [0.01943661, -0.11888172, 0.00804641], [0.01067476, 0.03596057, -0.11799228], [0.07295412, 0.07136664, 0.07029967], [-0.11621181, 0.02064829, 0.03546548], [-0.11507491, 0.01291651, 0.04219324], [0.03335926, -0.11813207, 0.01616436], [0.07285605, 0.07201656, 0.06973655], [-0.11387254, 0.02036916, 0.04264836], [0.02341077, -0.12075675, 0.01031358], [0.00137966, 0.028916, -0.11999419]], "atomic quadrupole moments": [[0.09865915, 0.12661487, -0.04139485, 0.10756089, 0.07524246, -0.0572643], [0.21444413, 0.05371541, -0.12175869, -0.01468951, 0.12397777, -0.09268543], [0.20461161, 0.04006785, -0.12113458, -0.03036288, 0.13815423, -0.08347704], [0.20895008, 0.06009151, -0.11604339, -0.00397308, 0.11256309, -0.09290669], [-0.01692962, -0.00504673, 0.00665528, -0.00294281, 0.00855171, 0.01027434], [-0.08867951, -0.06579947, 0.19705086, 0.00875581, -0.03441744, -0.10837135], [-0.10332616, 0.00503727, -0.08928242, -0.00912341, -0.08263132, 0.19260858], [0.04281013, 0.11947901, -0.01612743, 0.11066698, 0.09259952, -0.02668269], [-0.04117535, 0.01212681, -0.03378674, 0.0044046, -0.03423978, 0.07496209], [-0.03426189, -0.01969317, 0.07934886, 0.01471544, -0.01453011, -0.04508697], [0.0464839, -0.02690695, -0.03348411, -0.04818722, 0.03012896, -0.01299979], [-0.01771171, 0.00126689, -0.03065109, 0.00443221, -0.0293532, 0.04836281], [-0.0161334, -0.01030669, 0.05384387, 0.00182385, -0.01669318, -0.03771047], [-0.01617101, -0.01531207, 0.05285778, 0.00272458, -0.01502877, -0.03668677], [-0.01969641, 0.00274502, -0.02960175, -0.00044716, -0.02852211, 0.04929816], [-0.01316804, 0.00764049, -0.03545153, 0.00468098, -0.03151956, 0.04861957], [-0.00984136, -0.01026807, 0.05448226, 0.00662935, -0.0171037, -0.0446409], [-0.05076825, -0.00288528, -0.02731664, -0.01700277, -0.02540502, 0.07808489], [0.01056718, 0.03619892, -0.00372979, 0.05528038, 0.03299864, -0.00683739], [0.07093285, -0.01068793, -0.0287448, -0.04097431, 0.00184236, -0.04218805], [0.07383769, -0.01882302, -0.05215997, -0.03065325, 0.0002547, -0.02167771], [-0.04239408, -0.03876114, 0.07371084, -0.00149301, -0.00655538, -0.03131676], [0.00438974, 0.05674525, 0.00210453, 0.03704627, 0.03026404, -0.00649427], [0.06028677, -0.02061392, -0.03840823, -0.04313462, 0.02231153, -0.02187854], [-0.03065769, -0.02887655, 0.07567363, 0.01475913, -0.01398222, -0.04501594], [-0.0408485, 0.01376852, -0.0334241, -0.00529432, -0.03499866, 0.0742726]], "number of molecular orbitals": 50, "number of electrons": 50, "number of unpaired electrons": 0, "orbital energies/eV": [-17.05344837, -16.74061721, -16.21609736, -15.88223098, -15.86328345, -15.48943386, -15.00127713, -14.52372301, -13.97343302, -13.70360256, -13.55996551, -13.50595374, -13.06784635, -12.91563786, -12.65203963, -12.48539162, -12.35325997, -12.13163248, -11.99653884, -11.86107918, -11.85319508, -11.53059796, -11.34112551, -11.26070663, -11.21182777, 1.43737752, 2.35524595, 2.51752417, 2.84484455, 3.40149542, 3.5311572, 3.68299909, 4.27769482, 4.37015635, 4.79705248, 5.13030726, 5.24413769, 5.79232331, 5.85209033, 6.01931598, 6.50899558, 6.63762959, 6.84705144, 6.94371325, 7.37546032, 7.43231666, 7.65584854, 7.73384405, 7.96109889, 8.79702227], "fractional occupation": [2.0, 2.0, 2.0, 2.0, 2.0, 2.0, 2.0, 2.0, 2.0, 2.0, 2.0, 2.0, 2.0, 2.0, 2.0, 2.0, 2.0, 2.0, 2.0, 2.0, 2.0, 2.0, 2.0, 2.0, 2.0, 0.0, 0.0, 0.0, 0.0, 0.0, 0.0, 0.0, 0.0, 0.0, 0.0, 0.0, 0.0, 0.0, 0.0, 0.0, 0.0, 0.0, 0.0, 0.0, 0.0, 0.0, 0.0, 0.0, 0.0, 0.0], "program call": "xtb /tmp/scratch/tmp__6w45ia/16305_0_xyzopt.xyz --pop --wbo --acc 0.2 --gfn 2 --chrg 0 --uhf 0 --etemp 300 --input /tmp/scratch/tmp__6w45ia/16305_0_xtb.inp", "method": "GFN2-xTB", "xtb version": "6.3.3 (7355c4f)", "Dipole module/D": 0.046, "Total charge": 0, "Transition dipole module/D": NaN, "HOMO": -11.2118, "LUMO": 1.4374, "HOMO occupancy": 2.0, "LUMO occupancy": 0, "mulliken charges": [-0.0858, -0.03904, -0.04739, -0.0598, 0.03745, -0.0996, -0.0996, -0.09866, 0.0273, 0.0273, 0.02892, 0.02184, 0.02184, 0.02314, 0.02314, 0.02456, 0.02456, 0.02999, 0.03036, 0.03007, 0.03007, 0.02999, 0.03036, 0.02994, 0.02953, 0.02953], "cm5 charges": [-0.23847, -0.15286, -0.15996, -0.16795, -0.00059, -0.2491, -0.2491, -0.24833, 0.07944, 0.07944, 0.08047, 0.07705, 0.07705, 0.07998, 0.07998, 0.08168, 0.08168, 0.08323, 0.08405, 0.08328, 0.08328, 0.08323, 0.08405, 0.08309, 0.08268, 0.08268], "FUKUI+": [0.006, -0.022, -0.022, -0.036, -0.048, 0.023, 0.023, 0.017, -0.045, -0.045, -0.077, -0.052, -0.052, -0.058, -0.058, -0.065, -0.065, -0.042, -0.031, -0.052, -0.052, -0.042, -0.031, -0.081, -0.045, -0.045], "FUKUI-": [0.017, 0.004, 0.004, -0.001, -0.027, 0.017, 0.017, 0.012, -0.06, -0.06, -0.071, -0.076, -0.076, -0.066, -0.066, -0.058, -0.058, -0.041, -0.044, -0.062, -0.062, -0.041, -0.044, -0.064, -0.048, -0.048], "FUKUIrad": [0.011, -0.009, -0.009, -0.018, -0.038, 0.02, 0.02, 0.014, -0.053, -0.053, -0.074, -0.064, -0.064, -0.062, -0.062, -0.061, -0.061, -0.042, -0.038, -0.057, -0.057, -0.042, -0.038, -0.072, -0.047, -0.047], "s proportion": [1.005, 1.026, 1.029, 1.038, 1.08, 1.013, 1.013, 1.015, 0.973, 0.973, 0.971, 0.978, 0.978, 0.977, 0.977, 0.975, 0.975, 0.97, 0.97, 0.97, 0.97, 0.97, 0.97, 0.97, 0.97, 0.97], "p proportion": [3.081, 3.013, 3.018, 3.022, 2.883, 3.087, 3.087, 3.084, 0.0, 0.0, 0.0, 0.0, 0.0, 0.0, 0.0, 0.0, 0.0, 0.0, 0.0, 0.0, 0.0, 0.0, 0.0, 0.0, 0.0, 0.0], "d proportion": [0.0, 0.0, 0.0, 0.0, 0.0, 0.0, 0.0, 0.0, 0.0, 0.0, 0.0, 0.0, 0.0, 0.0, 0.0, 0.0, 0.0, 0.0, 0.0, 0.0, 0.0, 0.0, 0.0, 0.0, 0.0, 0.0], "Fermi-level/eV": -4.8872, "Coordination numbers": [3.752, 3.801, 3.802, 3.809, 3.898, 3.76, 3.76, 3.763, 0.925, 0.925, 0.925, 0.924, 0.924, 0.924, 0.924, 0.924, 0.924, 0.925, 0.925, 0.925, 0.925, 0.925, 0.925, 0.925, 0.925, 0.925], "Dispersion coefficient C6": [22.501, 21.518, 21.629, 21.747, 20.04, 22.615, 22.615, 22.628, 2.554, 2.554, 2.565, 2.627, 2.627, 2.561, 2.561, 2.597, 2.597, 2.541, 2.52, 2.535, 2.535, 2.541, 2.52, 2.527, 2.552, 2.552], "Total dispersion C6": 4373.497552, "Total dispersion C8": 90627.236033, "Polarizability alpha": [6.765, 6.604, 6.621, 6.638, 6.364, 6.779, 6.779, 6.781, 2.499, 2.499, 2.504, 2.535, 2.535, 2.503, 2.503, 2.52, 2.52, 2.493, 2.483, 2.49, 2.49, 2.493, 2.483, 2.486, 2.498, 2.498], "Total polarizability alpha": 98.361024, "Wiberg matrix": [[0.0, 1.0190818689679086, 0.0, 0.0, 0.0, 0.0, 0.0, 0.0, 0.9880369572037552, 0.9880370937914161, 0.9875849445012002, 0.0, 0.0, 0.0, 0.0, 0.0, 0.0, 0.0, 0.0, 0.0, 0.0, 0.0, 0.0, 0.0, 0.0, 0.0], [1.0190818689679086, 0.0, 1.0067479001731918, 0.0, 0.0, 0.0, 0.0, 0.0, 0.0, 0.0, 0.0, 0.9786304119873348, 0.9786299893112265, 0.0, 0.0, 0.0, 0.0, 0.0, 0.0, 0.0, 0.0, 0.0, 0.0, 0.0, 0.0, 0.0], [0.0, 1.0067479001731918, 0.0, 1.007888474789451, 0.0, 0.0, 0.0, 0.0, 0.0, 0.0, 0.0, 0.0, 0.0, 0.9753326871140633, 0.975331991041215, 0.0, 0.0, 0.0, 0.0, 0.0, 0.0, 0.0, 0.0, 0.0, 0.0, 0.0], [0.0, 0.0, 1.007888474789451, 0.0, 0.9838729337956633, 0.0, 0.0, 0.0, 0.0, 0.0, 0.0, 0.0, 0.0, 0.0, 0.0, 0.9755616201133024, 0.9755612801135051, 0.0, 0.0, 0.0, 0.0, 0.0, 0.0, 0.0, 0.0, 0.0], [0.0, 0.0, 0.0, 0.9838729337956633, 0.0, 0.9993337900577902, 0.9993337415316009, 0.9966833535825482, 0.0, 0.0, 0.0, 0.0, 0.0, 0.0, 0.0, 0.0, 0.0, 0.0, 0.0, 0.0, 0.0, 0.0, 0.0, 0.0, 0.0, 0.0], [0.0, 0.0, 0.0, 0.0, 0.9993337900577902, 0.0, 0.0, 0.0, 0.0, 0.0, 0.0, 0.0, 0.0, 0.0, 0.0, 0.0, 0.0, 0.9862243303551228, 0.983723752445282, 0.9857086552235216, 0.0, 0.0, 0.0, 0.0, 0.0, 0.0], [0.0, 0.0, 0.0, 0.0, 0.9993337415316009, 0.0, 0.0, 0.0, 0.0, 0.0, 0.0, 0.0, 0.0, 0.0, 0.0, 0.0, 0.0, 0.0, 0.0, 0.0, 0.985708481343073, 0.986224437236016, 0.9837236496354832, 0.0, 0.0, 0.0], [0.0, 0.0, 0.0, 0.0, 0.9966833535825482, 0.0, 0.0, 0.0, 0.0, 0.0, 0.0, 0.0, 0.0, 0.0, 0.0, 0.0, 0.0, 0.0, 0.0, 0.0, 0.0, 0.0, 0.0, 0.9856042489211122, 0.9862295572362745, 0.9862296684268842], [0.9880369572037552, 0.0, 0.0, 0.0, 0.0, 0.0, 0.0, 0.0, 0.0, 0.0, 0.0, 0.0, 0.0, 0.0, 0.0, 0.0, 0.0, 0.0, 0.0, 0.0, 0.0, 0.0, 0.0, 0.0, 0.0, 0.0], [0.9880370937914161, 0.0, 0.0, 0.0, 0.0, 0.0, 0.0, 0.0, 0.0, 0.0, 0.0, 0.0, 0.0, 0.0, 0.0, 0.0, 0.0, 0.0, 0.0, 0.0, 0.0, 0.0, 0.0, 0.0, 0.0, 0.0], [0.9875849445012002, 0.0, 0.0, 0.0, 0.0, 0.0, 0.0, 0.0, 0.0, 0.0, 0.0, 0.0, 0.0, 0.0, 0.0, 0.0, 0.0, 0.0, 0.0, 0.0, 0.0, 0.0, 0.0, 0.0, 0.0, 0.0], [0.0, 0.9786304119873348, 0.0, 0.0, 0.0, 0.0, 0.0, 0.0, 0.0, 0.0, 0.0, 0.0, 0.0, 0.0, 0.0, 0.0, 0.0, 0.0, 0.0, 0.0, 0.0, 0.0, 0.0, 0.0, 0.0, 0.0], [0.0, 0.9786299893112265, 0.0, 0.0, 0.0, 0.0, 0.0, 0.0, 0.0, 0.0, 0.0, 0.0, 0.0, 0.0, 0.0, 0.0, 0.0, 0.0, 0.0, 0.0, 0.0, 0.0, 0.0, 0.0, 0.0, 0.0], [0.0, 0.0, 0.9753326871140633, 0.0, 0.0, 0.0, 0.0, 0.0, 0.0, 0.0, 0.0, 0.0, 0.0, 0.0, 0.0, 0.0, 0.0, 0.0, 0.0, 0.0, 0.0, 0.0, 0.0, 0.0, 0.0, 0.0], [0.0, 0.0, 0.975331991041215, 0.0, 0.0, 0.0, 0.0, 0.0, 0.0, 0.0, 0.0, 0.0, 0.0, 0.0, 0.0, 0.0, 0.0, 0.0, 0.0, 0.0, 0.0, 0.0, 0.0, 0.0, 0.0, 0.0], [0.0, 0.0, 0.0, 0.9755616201133024, 0.0, 0.0, 0.0, 0.0, 0.0, 0.0, 0.0, 0.0, 0.0, 0.0, 0.0, 0.0, 0.0, 0.0, 0.0, 0.0, 0.0, 0.0, 0.0, 0.0, 0.0, 0.0], [0.0, 0.0, 0.0, 0.9755612801135051, 0.0, 0.0, 0.0, 0.0, 0.0, 0.0, 0.0, 0.0, 0.0, 0.0, 0.0, 0.0, 0.0, 0.0, 0.0, 0.0, 0.0, 0.0, 0.0, 0.0, 0.0, 0.0], [0.0, 0.0, 0.0, 0.0, 0.0, 0.9862243303551228, 0.0, 0.0, 0.0, 0.0, 0.0, 0.0, 0.0, 0.0, 0.0, 0.0, 0.0, 0.0, 0.0, 0.0, 0.0, 0.0, 0.0, 0.0, 0.0, 0.0], [0.0, 0.0, 0.0, 0.0, 0.0, 0.983723752445282, 0.0, 0.0, 0.0, 0.0, 0.0, 0.0, 0.0, 0.0, 0.0, 0.0, 0.0, 0.0, 0.0, 0.0, 0.0, 0.0, 0.0, 0.0, 0.0, 0.0], [0.0, 0.0, 0.0, 0.0, 0.0, 0.9857086552235216, 0.0, 0.0, 0.0, 0.0, 0.0, 0.0, 0.0, 0.0, 0.0, 0.0, 0.0, 0.0, 0.0, 0.0, 0.0, 0.0, 0.0, 0.0, 0.0, 0.0], [0.0, 0.0, 0.0, 0.0, 0.0, 0.0, 0.985708481343073, 0.0, 0.0, 0.0, 0.0, 0.0, 0.0, 0.0, 0.0, 0.0, 0.0, 0.0, 0.0, 0.0, 0.0, 0.0, 0.0, 0.0, 0.0, 0.0], [0.0, 0.0, 0.0, 0.0, 0.0, 0.0, 0.986224437236016, 0.0, 0.0, 0.0, 0.0, 0.0, 0.0, 0.0, 0.0, 0.0, 0.0, 0.0, 0.0, 0.0, 0.0, 0.0, 0.0, 0.0, 0.0, 0.0], [0.0, 0.0, 0.0, 0.0, 0.0, 0.0, 0.9837236496354832, 0.0, 0.0, 0.0, 0.0, 0.0, 0.0, 0.0, 0.0, 0.0, 0.0, 0.0, 0.0, 0.0, 0.0, 0.0, 0.0, 0.0, 0.0, 0.0], [0.0, 0.0, 0.0, 0.0, 0.0, 0.0, 0.0, 0.9856042489211122, 0.0, 0.0, 0.0, 0.0, 0.0, 0.0, 0.0, 0.0, 0.0, 0.0, 0.0, 0.0, 0.0, 0.0, 0.0, 0.0, 0.0, 0.0], [0.0, 0.0, 0.0, 0.0, 0.0, 0.0, 0.0, 0.9862295572362745, 0.0, 0.0, 0.0, 0.0, 0.0, 0.0, 0.0, 0.0, 0.0, 0.0, 0.0, 0.0, 0.0, 0.0, 0.0, 0.0, 0.0, 0.0], [0.0, 0.0, 0.0, 0.0, 0.0, 0.0, 0.0, 0.9862296684268842, 0.0, 0.0, 0.0, 0.0, 0.0, 0.0, 0.0, 0.0, 0.0, 0.0, 0.0, 0.0, 0.0, 0.0, 0.0, 0.0, 0.0, 0.0]], "Born radii": [], "Atomic SASAs": [], "Solvent H bonds": [], "Total SASA": NaN, "Total FOD": 0.0, "FOD": [0.0, 0.0, 0.0, 0.0, 0.0, 0.0, 0.0, 0.0, 0.0, 0.0, 0.0, 0.0, 0.0, 0.0, 0.0, 0.0, 0.0, 0.0, 0.0, 0.0, 0.0, 0.0, 0.0, 0.0, 0.0, 0.0], "FOD s proportion": [0.0, 0.0, 0.0, 0.0, 0.0, 0.0, 0.0, 0.0, 0.0, 0.0, 0.0, 0.0, 0.0, 0.0, 0.0, 0.0, 0.0, 0.0, 0.0, 0.0, 0.0, 0.0, 0.0, 0.0, 0.0, 0.0], "FOD p proportion": [0.0, 0.0, 0.0, 0.0, 0.0, 0.0, 0.0, 0.0, 0.0, 0.0, 0.0, 0.0, 0.0, 0.0, 0.0, 0.0, 0.0, 0.0, 0.0, 0.0, 0.0, 0.0, 0.0, 0.0, 0.0, 0.0], "FOD d proportion": [0.0, 0.0, 0.0, 0.0, 0.0, 0.0, 0.0, 0.0, 0.0, 0.0, 0.0, 0.0, 0.0, 0.0, 0.0, 0.0, 0.0, 0.0, 0.0, 0.0, 0.0, 0.0, 0.0, 0.0, 0.0, 0.0], "coordinates": [["3.60958042796388", "0.59037099424614", "0.06806617964932"], ["2.42625075624161", "-0.13302849734636", "-0.56295260789367"], ["1.10562101868250", "0.25144670173985", "0.10190482088516"], ["-0.07142446151866", "-0.48056362850848", "-0.53997730282157"], ["-1.46074600616987", "-0.17285140583898", "0.04836064839577"], ["-1.80559695409258", "1.31014825386287", "-0.10446116464671"], ["-1.52987499747941", "-0.56304750107621", "1.52637716617201"], ["-2.49239707693566", "-0.99994949409676", "-0.72723187794249"], ["3.68696811776575", "0.34616081199439", "1.12554952476387"], ["3.49249172404009", "1.66809430673299", "-0.02521550404990"], ["4.53916063807540", "0.30357412082037", "-0.41848709590449"], ["2.37968820241476", "0.10924862791573", "-1.62742883054553"], ["2.57410483173346", "-1.21225693731834", "-0.47703785042126"], ["0.96888562234017", "1.33020843395485", "0.01135525309423"], ["1.16365973176584", "0.00660187192402", "1.16365069790277"], ["-0.08925982667466", "-0.23697598221295", "-1.60581865017371"], ["0.10493678662651", "-1.55652783898066", "-0.45709355629307"], ["-1.70841801073334", "1.62106667657182", "-1.14243757616012"], ["-1.15240067250107", "1.92914632300973", "0.50490205926658"], ["-2.83082517440698", "1.49142115199211", "0.21178641112326"], ["-2.54570600446304", "-0.44569068820152", "1.89823857423521"], ["-1.23411725921101", "-1.60103892273084", "1.66279578620869"], ["-0.87797210876499", "0.06459110889727", "2.12823971275224"], ["-3.49474153786663", "-0.81601194527072", "-0.34649519567723"], ["-2.28163642444578", "-2.06307876217282", "-0.63280596386330"], ["-2.47623034238629", "-0.74105877990749", "-1.78378065805608"]], "bond_dist": [[0.0, 1.5237324721376941, 2.5270194801426316, 3.881547995218438, 5.127485435243004, 5.465527519565432, 5.465441174222162, 6.355764920633278, 1.088070996232765, 1.0880711260657285, 1.087706717635741, 2.149143305469688, 2.149142985853749, 2.7429627454330325, 2.7429217773941876, 4.143405926565991, 4.143367519437799, 5.550563964713822, 4.965844235154021, 6.504719149568175, 6.504652632459281, 5.550391628255203, 4.965771565853282, 7.2540447131692405, 6.499111737268978, 6.499164152899386], [1.5237324721376941, 0.0, 1.5277170821327557, 2.5218425853825295, 3.9349756787499124, 4.494608835285027, 4.4945685251891385, 4.997162815037542, 2.161034500377982, 2.1610354808833625, 2.162378389434935, 1.0926920451048012, 1.09269217936043, 2.1435496191662655, 2.143546526366188, 2.725099659556449, 2.7250789089436065, 4.528591229091887, 4.266101807075005, 5.556609087512629, 5.556579317430462, 4.528499147779019, 4.26608231954188, 5.96418225311159, 5.0886319597881675, 5.088658258812292], [2.5270194801426316, 1.5277170821327557, 0.0, 1.527510342611961, 2.601756246990128, 3.1046136605801498, 3.104571068620154, 3.898614410363365, 2.7785197657036296, 2.7785251083693008, 3.473142573062722, 2.1526872412947835, 2.152683829280159, 1.0911565734263462, 1.0911561713466167, 2.1407046518393082, 2.140705504703279, 3.367946337995717, 2.8417854864869128, 4.128585621280041, 4.128559618539112, 3.367856707691001, 2.841758223676222, 4.743824004917344, 4.1677741117236415, 4.1677975034039525], [3.881547995218438, 2.5218425853825295, 1.527510342611961, 0.0, 1.5398190514650887, 2.5305488705568857, 2.5305537628368437, 2.483129951870347, 4.193204942994287, 4.193233741378891, 4.678367967667575, 2.7456115191833277, 2.7455712910577708, 2.159886135885111, 2.1598869308750595, 1.093467338059747, 1.0934678721859845, 2.731218812243638, 2.840243739624035, 3.4739264457409935, 3.4739288908745145, 2.731213779352371, 2.8402631633692206, 3.4451503166363073, 2.719927982438803, 2.719925703957841], [5.127485435243004, 3.9349756787499124, 2.601756246990128, 1.5398190514650887, 0.0, 1.5302171981456048, 1.5302171862181062, 1.5329510580327215, 5.284758297159649, 5.284795036595208, 6.036870699167693, 4.199617329857783, 4.199574826760238, 2.857213350721088, 2.857198076917155, 2.1497431134108385, 2.1497458064450274, 2.167367970569462, 2.172993639364913, 2.16185754709, 2.1618574912339734, 2.167367293874968, 2.172993623011603, 2.16949405162658, 2.170439699947113, 2.170440006969515], [5.465527519565432, 4.494608835285027, 3.1046136605801498, 2.5305488705568857, 1.5302171981456048, 0.0, 2.4989034785177227, 2.489194523375857, 5.710557691919637, 5.310757845434709, 6.431776789829215, 4.612830179429322, 5.067852510486909, 2.7769712674733555, 3.4819285076404864, 2.755627122118365, 3.4629930117378174, 1.0878920182952423, 1.086806114516529, 1.088101694009153, 2.7643332000733505, 3.453229929960111, 2.7197157320172147, 2.7262331318964415, 3.4473790487711704, 2.7344676626041866], [5.465441174222162, 4.4945685251891385, 3.104571068620154, 2.5305537628368437, 1.5302171862181062, 2.4989034785177227, 0.0, 2.4891938109879637, 5.310628460338223, 5.710481684259831, 6.431696788490204, 5.067855440317512, 4.612786040930506, 3.481883695328912, 2.776904794297585, 3.4629965835530685, 2.755679382317629, 3.4532310199976832, 2.71972945655582, 2.764319385047226, 1.0881020922157199, 1.087891939057805, 1.0868054683427422, 2.7262322746491416, 2.734467190582231, 3.447378899326764], [6.355764920633278, 4.997162815037542, 3.898614410363365, 2.483129951870347, 1.5329510580327215, 2.489194523375857, 2.4891938109879637, 0.0, 6.590096060898243, 6.5901577122557775, 7.158023543871162, 5.077193121855313, 5.077116612054761, 4.237407797710883, 4.237373473807342, 2.670039688800147, 2.669999506671126, 2.7670823469824746, 3.448673180936502, 2.683880887921686, 2.6838665691357892, 2.7670939334104236, 3.4486711467666, 1.0878822829008141, 1.0879246970850462, 1.087925130677169], [1.088070996232765, 2.161034500377982, 2.7785197657036296, 4.193204942994287, 5.284758297159649, 5.710557691919637, 5.310628460338223, 6.590096060898243, 0.0, 1.7634027854602883, 1.7641130360330752, 3.0567953783083133, 2.4970816706456174, 3.098023732841055, 2.546337994853343, 4.696841291356661, 4.353841026246803, 5.989936721626693, 5.12937975711696, 6.680435141045357, 6.330110889979405, 5.319520809231311, 4.682237540171245, 7.4225679353247465, 6.672367610633185, 6.901540683999692], [1.0880711260657285, 2.1610354808833625, 2.7785251083693008, 4.193233741378891, 5.284795036595208, 5.310757845434709, 5.710481684259831, 6.5901577122557775, 1.7634027854602883, 0.0, 1.764112722682627, 2.497082111527207, 3.056795905151209, 2.5463880379545865, 3.0979700459031005, 4.353911262578576, 4.696832452688874, 5.3197611624648955, 4.682328284260366, 6.330222737754819, 6.680388791423915, 5.989778515819686, 5.129283184822125, 7.422629801343436, 6.9015487038867676, 6.672496766728279], [1.087706717635741, 2.162378389434935, 3.473142573062722, 4.678367967667575, 6.036870699167693, 6.431776789829215, 6.431696788490204, 7.158023543871162, 1.7641130360330752, 1.764112722682627, 0.0, 2.4824632354433, 2.482461743856404, 3.73973343246294, 3.7397003735198524, 4.80876560378751, 4.8087223796344905, 6.425895261002446, 5.990743081494086, 7.491656434949226, 7.49159201553827, 6.425731628409216, 5.9906808890817445, 8.11185798480778, 7.222897688174787, 7.222949191076933], [2.149143305469688, 1.0926920451048012, 2.1526872412947835, 2.7456115191833277, 4.199617329857783, 4.612830179429322, 5.067855440317512, 5.077193121855313, 3.0567953783083133, 2.497082111527207, 2.4824632354433, 0.0, 1.7628312998842353, 2.4832881509601767, 3.046208550324084, 2.493199320331006, 3.052702064639792, 4.385592632592856, 4.509380718519954, 5.6958373608747594, 6.082581391716138, 5.177861667625772, 4.971859934084732, 6.083241149151718, 5.237960310429305, 4.932282787463395], [2.149142985853749, 1.09269217936043, 2.152683829280159, 2.7455712910577708, 4.199574826760238, 5.067852510486909, 4.612786040930506, 5.077116612054761, 2.4970816706456174, 3.056795905151209, 2.482461743856404, 1.7628312998842353, 0.0, 3.0462085775419303, 2.483310510083664, 3.0526759308741673, 2.4931327809759622, 5.177883872036034, 4.971867225030033, 6.082567093356805, 5.695790103773923, 4.385498252033822, 4.509395449217224, 6.083169218116378, 4.932178487217909, 5.237889827001316], [2.7429627454330325, 2.1435496191662655, 1.0911565734263462, 2.159886135885111, 2.857213350721088, 2.7769712674733555, 3.481883695328912, 4.237407797710883, 3.098023732841055, 2.5463880379545865, 3.73973343246294, 2.4832881509601767, 3.0462085775419303, 0.0, 1.7656885560257074, 2.488170054268974, 3.049442274782221, 2.9298107709894174, 2.2587984835991275, 3.808407059189272, 4.366520429686664, 4.021528141964572, 3.0812125061362434, 4.96571105534997, 4.742914214433749, 4.402440779969179], [2.7429217773941876, 2.143546526366188, 1.0911561713466167, 2.1598869308750595, 2.857198076917155, 3.4819285076404864, 2.776904794297585, 4.237373473807342, 2.546337994853343, 3.0979700459031005, 3.7397003735198524, 3.046208550324084, 2.483310510083664, 1.7656885560257074, 0.0, 3.049442254066122, 2.488188237490539, 4.0216128968581755, 3.0812761530765935, 4.3665367948238645, 3.8083568731289272, 2.9296739139836756, 2.2587729614643246, 4.965675835276569, 4.402374367175712, 4.742904995917349], [4.143405926565991, 2.725099659556449, 2.1407046518393082, 1.093467338059747, 2.1497431134108385, 2.755627122118365, 3.4629965835530685, 2.670039688800147, 4.696841291356661, 4.353911262578576, 4.80876560378751, 2.493199320331006, 3.0526759308741673, 2.488170054268974, 3.049442254066122, 0.0, 1.7602553134780876, 2.5077315978035144, 3.2058534296670262, 3.7158074988173513, 4.284402722060495, 3.722258263508252, 3.8283418907012523, 3.676749093264616, 3.014617753074614, 2.446098564256503], [4.143367519437799, 2.7250789089436065, 2.140705504703279, 1.0934678721859845, 2.1497458064450274, 3.4629930117378174, 2.755679382317629, 2.669999506671126, 4.353841026246803, 4.696832452688874, 4.8087223796344905, 3.052702064639792, 2.4931327809759622, 3.049442274782221, 2.488188237490539, 1.7602553134780876, 0.0, 3.7222384329788314, 3.828349176087364, 4.284400979627607, 3.715838509220362, 2.5077834433425448, 3.2059452041232857, 3.676721341906901, 2.44605813090549, 3.014550082547344], [5.550563964713822, 4.528591229091887, 3.367946337995717, 2.731218812243638, 2.167367970569462, 1.0878920182952423, 3.4532310199976832, 2.7670823469824746, 5.989936721626693, 5.3197611624648955, 6.425895261002446, 4.385592632592856, 5.177883872036034, 2.9298107709894174, 4.0216128968581755, 2.5077315978035144, 3.7222384329788314, 0.0, 1.7657282416646054, 1.7636690196414828, 3.7707093020904847, 4.298402018576115, 3.7161252020176803, 3.1247125028841647, 3.763141153862581, 2.565247239055475], [4.965844235154021, 4.266101807075005, 2.8417854864869128, 2.840243739624035, 2.172993639364913, 1.086806114516529, 2.71972945655582, 3.448673180936502, 5.12937975711696, 4.682328284260366, 5.990743081494086, 4.509380718519954, 4.971867225030033, 2.2587984835991275, 3.0812761530765935, 3.2058534296670262, 3.828349176087364, 1.7657282416646054, 0.0, 1.7591557398726767, 3.0858608558775567, 3.716127467227116, 2.4873886548532256, 3.707739464039492, 4.3020244141712, 3.7577372003753813], [6.504719149568175, 5.556609087512629, 4.128585621280041, 3.4739264457409935, 2.16185754709, 1.088101694009153, 2.764319385047226, 2.683880887921686, 6.680435141045357, 6.330222737754819, 7.491656434949226, 5.6958373608747594, 6.082567093356805, 3.808407059189272, 4.3665367948238645, 3.7158074988173513, 4.284400979627607, 1.7636690196414828, 1.7591557398726767, 0.0, 2.584147078041969, 3.7707046671399156, 3.085817934549924, 2.465098535252731, 3.6945113618404095, 3.0152930319992524], [6.504652632459281, 5.556579317430462, 4.128559618539112, 3.4739288908745145, 2.1618574912339734, 2.7643332000733505, 1.0881020922157199, 2.6838665691357892, 6.330110889979405, 6.680388791423915, 7.49159201553827, 6.082581391716138, 5.695790103773923, 4.366520429686664, 3.8083568731289272, 4.284402722060495, 3.715838509220362, 3.7707093020904847, 3.0858608558775567, 2.584147078041969, 0.0, 1.7636688708869113, 1.7591544511581965, 2.4650833606361595, 3.0152716923609693, 3.6945006163461342], [5.550391628255203, 4.528499147779019, 3.367856707691001, 2.731213779352371, 2.167367293874968, 3.453229929960111, 1.087891939057805, 2.7670939334104236, 5.319520809231311, 5.989778515819686, 6.425731628409216, 5.177861667625772, 4.385498252033822, 4.021528141964572, 2.9296739139836756, 3.722258263508252, 2.5077834433425448, 4.298402018576115, 3.716127467227116, 3.7707046671399156, 1.7636688708869113, 0.0, 1.7657295430512439, 3.124730345881945, 2.565261119203911, 3.763150268539174], [4.965771565853282, 4.26608231954188, 2.841758223676222, 2.8402631633692206, 2.172993623011603, 2.7197157320172147, 1.0868054683427422, 3.4486711467666, 4.682237540171245, 5.129283184822125, 5.9906808890817445, 4.971859934084732, 4.509395449217224, 3.0812125061362434, 2.2587729614643246, 3.8283418907012523, 3.2059452041232857, 3.7161252020176803, 2.4873886548532256, 3.085817934549924, 1.7591544511581965, 1.7657295430512439, 0.0, 3.707729338974237, 3.7577421172470578, 4.3020233037826126], [7.2540447131692405, 5.96418225311159, 4.743824004917344, 3.4451503166363073, 2.16949405162658, 2.7262331318964415, 2.7262322746491416, 1.0878822829008141, 7.4225679353247465, 7.422629801343436, 8.11185798480778, 6.083241149151718, 6.083169218116378, 4.96571105534997, 4.965675835276569, 3.676749093264616, 3.676721341906901, 3.1247125028841647, 3.707739464039492, 2.465098535252731, 2.4650833606361595, 3.124730345881945, 3.707729338974237, 0.0, 1.7631714374970595, 1.7631711580791989], [6.499111737268978, 5.0886319597881675, 4.1677741117236415, 2.719927982438803, 2.170439699947113, 3.4473790487711704, 2.734467190582231, 1.0879246970850462, 6.672367610633185, 6.9015487038867676, 7.222897688174787, 5.237960310429305, 4.932178487217909, 4.742914214433749, 4.402374367175712, 3.014617753074614, 2.44605813090549, 3.763141153862581, 4.3020244141712, 3.6945113618404095, 3.0152716923609693, 2.565261119203911, 3.7577421172470578, 1.7631714374970595, 0.0, 1.763617411197912], [6.499164152899386, 5.088658258812292, 4.1677975034039525, 2.719925703957841, 2.170440006969515, 2.7344676626041866, 3.447378899326764, 1.087925130677169, 6.901540683999692, 6.672496766728279, 7.222949191076933, 4.932282787463395, 5.237889827001316, 4.402440779969179, 4.742904995917349, 2.446098564256503, 3.014550082547344, 2.565247239055475, 3.7577372003753813, 3.0152930319992524, 3.6945006163461342, 3.763150268539174, 4.3020233037826126, 1.7631711580791989, 1.763617411197912, 0.0]]}