{"total energy": -23.16174198, "HOMO-LUMO gap/eV": 12.92962969, "electronic energy": -23.51493366, "dipole": [-0.01002184, 0.00282205, 0.0020352], "partial charges": [-0.10140362, -0.05249197, -0.0662587, 0.02809476, -0.10819989, -0.10819989, -0.10890455, 0.03163116, 0.03163117, 0.03053919, 0.03039723, 0.03039728, 0.03055837, 0.03055834, 0.03371589, 0.03321563, 0.03437523, 0.03321563, 0.03371589, 0.03437527, 0.03250096, 0.03403564, 0.03250096], "atomic dipole moments": [[-0.08174605, 0.03717405, 0.0272132], [0.01466056, -0.09119691, -0.06825885], [-0.01677594, 0.08763806, 0.06557331], [-0.00358713, -0.00278882, -0.00211983], [0.0152072, -0.08793597, 0.03031821], [0.01619919, 0.00433432, -0.09274695], [0.06325612, 0.05634439, 0.04275507], [0.01209421, 0.00259328, -0.12257066], [0.01080822, -0.11701964, 0.03696138], [0.09266519, 0.0647749, 0.04931348], [-0.00400635, 0.11684261, -0.03737505], [-0.00529569, -0.00309258, 0.12258684], [0.01199736, 0.00067077, -0.12013113], [0.01075128, -0.11521611, 0.03443162], [-0.11756328, 0.03257578, 0.01723065], [0.02493731, 0.00978355, -0.12087177], [0.0701431, 0.08126851, 0.06205978], [0.02361227, -0.11347246, 0.04352053], [-0.11762776, 0.02658028, 0.02522697], [0.07014887, 0.08180793, 0.06134042], [0.01569026, 0.00306693, -0.12241569], [-0.11611587, 0.03382474, 0.0244248], [0.01440202, -0.11676566, 0.03741059]], "atomic quadrupole moments": [[0.159314, -0.11221083, -0.06570286, -0.08182975, 0.04459598, -0.09361114], [0.20764592, 0.00091456, -0.06612474, 0.00428112, 0.12918755, -0.14152118], [0.21330637, 0.03316152, -0.07359461, 0.02840175, 0.11422326, -0.13971176], [-0.01713044, -0.00529597, 0.01091454, -0.00411159, 0.00789172, 0.0062159], [-0.0974849, -0.04015078, 0.17420866, 0.01641967, -0.09993915, -0.07672376], [-0.0964903, 0.00457139, -0.11085828, -0.04641691, -0.01632986, 0.20734858], [0.03394365, 0.12896952, 0.00933977, 0.09789316, 0.09383676, -0.04328342], [-0.03549804, -0.01104427, -0.04830796, -0.00349096, -0.00842288, 0.08380599], [-0.03538591, -0.00519883, 0.06898556, -0.00997315, -0.04262829, -0.03359965], [0.0269334, 0.04591726, -0.00192539, 0.03509544, 0.04085747, -0.02500801], [-0.01601969, -0.00707923, 0.04311803, 0.00556004, -0.03363612, -0.02709834], [-0.01578762, 0.00326596, -0.0397329, -0.00916476, -0.00935819, 0.05552052], [-0.01222965, 0.00823047, -0.04544833, -0.00537208, -0.01049777, 0.05767799], [-0.01246069, -0.0020361, 0.04396566, 0.00932159, -0.03669189, -0.03150497], [0.07617519, -0.02338526, -0.02674177, -0.02433396, -0.00208537, -0.04943342], [-0.04598545, -0.00547504, -0.03260816, -0.03080641, -0.00141946, 0.07859361], [0.0035112, 0.04332681, 0.0056515, 0.05030972, 0.0324921, -0.0091627], [-0.04652212, -0.02988906, 0.06956566, 0.00289777, -0.0314544, -0.02304355], [0.07601567, -0.03092127, -0.04830224, -0.01452483, 0.00415025, -0.02771343], [0.00387264, 0.06015233, 0.00855213, 0.02790258, 0.03178067, -0.01242477], [-0.03624248, 0.01319002, -0.04414572, -0.02214142, -0.00790675, 0.08038821], [0.06473084, -0.03553355, -0.02583416, -0.02567922, 0.0213596, -0.03889668], [-0.03689025, -0.01634343, 0.06661251, 0.01848652, -0.04048981, -0.02972226]], "number of molecular orbitals": 44, "number of electrons": 44, "number of unpaired electrons": 0, "orbital energies/eV": [-17.04998307, -16.59855551, -15.88380912, -15.86395413, -15.84925573, -15.09255871, -14.54056911, -13.84817982, -13.77383076, -13.45216519, -13.3828564, -12.8734008, -12.61103371, -12.589285, -12.30183157, -12.16291346, -12.09988228, -11.93335749, -11.63087826, -11.3455732, -11.28892574, -11.25844569, 1.67118399, 2.35991307, 2.53068069, 2.86541219, 3.56166753, 3.88032647, 4.00097128, 4.7488978, 4.90940874, 4.9886663, 5.78988985, 5.90436986, 6.18128493, 6.25467992, 6.76150137, 6.78158225, 6.94887714, 7.38310333, 7.58847318, 7.71404342, 7.92150637, 8.68266811], "fractional occupation": [2.0, 2.0, 2.0, 2.0, 2.0, 2.0, 2.0, 2.0, 2.0, 2.0, 2.0, 2.0, 2.0, 2.0, 2.0, 2.0, 2.0, 2.0, 2.0, 2.0, 2.0, 2.0, 0.0, 0.0, 0.0, 0.0, 0.0, 0.0, 0.0, 0.0, 0.0, 0.0, 0.0, 0.0, 0.0, 0.0, 0.0, 0.0, 0.0, 0.0, 0.0, 0.0, 0.0, 0.0], "program call": "xtb /tmp/scratch/tmppg0_ezor/16322_0_xyzopt.xyz --pop --wbo --acc 0.2 --gfn 2 --chrg 0 --uhf 0 --etemp 300 --input /tmp/scratch/tmppg0_ezor/16322_0_xtb.inp", "method": "GFN2-xTB", "xtb version": "6.3.3 (7355c4f)", "Dipole module/D": 0.027, "Total charge": 0, "Transition dipole module/D": NaN, "HOMO": -11.2584, "LUMO": 1.6712, "HOMO occupancy": 2.0, "LUMO occupancy": 0, "mulliken charges": [-0.08537, -0.03949, -0.06119, 0.03722, -0.09969, -0.09969, -0.09863, 0.02724, 0.02724, 0.02852, 0.02252, 0.02252, 0.02469, 0.02469, 0.03006, 0.03, 0.03023, 0.03, 0.03006, 0.03023, 0.02951, 0.02983, 0.02951], "cm5 charges": [-0.23828, -0.15377, -0.16943, -0.00082, -0.24923, -0.24923, -0.2483, 0.07941, 0.07941, 0.08008, 0.07861, 0.07861, 0.08184, 0.08184, 0.08329, 0.08325, 0.08394, 0.08325, 0.08329, 0.08394, 0.08266, 0.08297, 0.08266], "FUKUI+": [0.006, -0.023, -0.038, -0.056, 0.025, 0.025, 0.02, -0.053, -0.053, -0.091, -0.06, -0.06, -0.072, -0.072, -0.059, -0.053, -0.039, -0.053, -0.059, -0.039, -0.052, -0.092, -0.052], "FUKUI-": [0.02, 0.001, 0.003, -0.028, 0.018, 0.018, 0.007, -0.07, -0.07, -0.086, -0.08, -0.08, -0.072, -0.072, -0.064, -0.046, -0.059, -0.046, -0.064, -0.059, -0.054, -0.063, -0.054], "FUKUIrad": [0.013, -0.011, -0.018, -0.042, 0.022, 0.022, 0.013, -0.062, -0.062, -0.088, -0.07, -0.07, -0.072, -0.072, -0.062, -0.049, -0.049, -0.049, -0.062, -0.049, -0.053, -0.077, -0.053], "s proportion": [1.006, 1.025, 1.038, 1.08, 1.013, 1.013, 1.015, 0.973, 0.973, 0.971, 0.977, 0.977, 0.975, 0.975, 0.97, 0.97, 0.97, 0.97, 0.97, 0.97, 0.97, 0.97, 0.97], "p proportion": [3.08, 3.015, 3.023, 2.883, 3.087, 3.087, 3.084, 0.0, 0.0, 0.0, 0.0, 0.0, 0.0, 0.0, 0.0, 0.0, 0.0, 0.0, 0.0, 0.0, 0.0, 0.0, 0.0], "d proportion": [0.0, 0.0, 0.0, 0.0, 0.0, 0.0, 0.0, 0.0, 0.0, 0.0, 0.0, 0.0, 0.0, 0.0, 0.0, 0.0, 0.0, 0.0, 0.0, 0.0, 0.0, 0.0, 0.0], "Fermi-level/eV": -4.7936, "Coordination numbers": [3.753, 3.799, 3.81, 3.898, 3.76, 3.76, 3.763, 0.925, 0.925, 0.925, 0.924, 0.924, 0.924, 0.924, 0.925, 0.925, 0.925, 0.925, 0.925, 0.925, 0.925, 0.925, 0.925], "Dispersion coefficient C6": [22.496, 21.518, 21.762, 20.048, 22.616, 22.616, 22.626, 2.563, 2.563, 2.579, 2.581, 2.581, 2.579, 2.579, 2.534, 2.541, 2.525, 2.541, 2.534, 2.525, 2.551, 2.53, 2.551], "Total dispersion C6": 3395.25368, "Total dispersion C8": 70157.607935, "Polarizability alpha": [6.764, 6.605, 6.64, 6.365, 6.78, 6.78, 6.78, 2.504, 2.504, 2.511, 2.512, 2.512, 2.511, 2.511, 2.489, 2.493, 2.485, 2.493, 2.489, 2.485, 2.498, 2.487, 2.498], "Total polarizability alpha": 86.696059, "Wiberg matrix": [[0.0, 1.0179872034698942, 0.0, 0.0, 0.0, 0.0, 0.0, 0.988033773554382, 0.98803377428979, 0.9877420070186839, 0.0, 0.0, 0.0, 0.0, 0.0, 0.0, 0.0, 0.0, 0.0, 0.0, 0.0, 0.0, 0.0], [1.0179872034698942, 0.0, 1.0085309661599398, 0.0, 0.0, 0.0, 0.0, 0.0, 0.0, 0.0, 0.9765183975116526, 0.9765184275195513, 0.0, 0.0, 0.0, 0.0, 0.0, 0.0, 0.0, 0.0, 0.0, 0.0, 0.0], [0.0, 1.0085309661599398, 0.0, 0.9843605120628232, 0.0, 0.0, 0.0, 0.0, 0.0, 0.0, 0.0, 0.0, 0.9755262691494297, 0.9755262740161447, 0.0, 0.0, 0.0, 0.0, 0.0, 0.0, 0.0, 0.0, 0.0], [0.0, 0.0, 0.9843605120628232, 0.0, 0.9992334080158711, 0.9992334460318393, 0.9966928038786809, 0.0, 0.0, 0.0, 0.0, 0.0, 0.0, 0.0, 0.0, 0.0, 0.0, 0.0, 0.0, 0.0, 0.0, 0.0, 0.0], [0.0, 0.0, 0.0, 0.9992334080158711, 0.0, 0.0, 0.0, 0.0, 0.0, 0.0, 0.0, 0.0, 0.0, 0.0, 0.9857394041025529, 0.9862423639564544, 0.9837698006389126, 0.0, 0.0, 0.0, 0.0, 0.0, 0.0], [0.0, 0.0, 0.0, 0.9992334460318393, 0.0, 0.0, 0.0, 0.0, 0.0, 0.0, 0.0, 0.0, 0.0, 0.0, 0.0, 0.0, 0.0, 0.9862423612013161, 0.9857393906819902, 0.9837698175482971, 0.0, 0.0, 0.0], [0.0, 0.0, 0.0, 0.9966928038786809, 0.0, 0.0, 0.0, 0.0, 0.0, 0.0, 0.0, 0.0, 0.0, 0.0, 0.0, 0.0, 0.0, 0.0, 0.0, 0.0, 0.9862463621305988, 0.9856507938794252, 0.9862463507445675], [0.988033773554382, 0.0, 0.0, 0.0, 0.0, 0.0, 0.0, 0.0, 0.0, 0.0, 0.0, 0.0, 0.0, 0.0, 0.0, 0.0, 0.0, 0.0, 0.0, 0.0, 0.0, 0.0, 0.0], [0.98803377428979, 0.0, 0.0, 0.0, 0.0, 0.0, 0.0, 0.0, 0.0, 0.0, 0.0, 0.0, 0.0, 0.0, 0.0, 0.0, 0.0, 0.0, 0.0, 0.0, 0.0, 0.0, 0.0], [0.9877420070186839, 0.0, 0.0, 0.0, 0.0, 0.0, 0.0, 0.0, 0.0, 0.0, 0.0, 0.0, 0.0, 0.0, 0.0, 0.0, 0.0, 0.0, 0.0, 0.0, 0.0, 0.0, 0.0], [0.0, 0.9765183975116526, 0.0, 0.0, 0.0, 0.0, 0.0, 0.0, 0.0, 0.0, 0.0, 0.0, 0.0, 0.0, 0.0, 0.0, 0.0, 0.0, 0.0, 0.0, 0.0, 0.0, 0.0], [0.0, 0.9765184275195513, 0.0, 0.0, 0.0, 0.0, 0.0, 0.0, 0.0, 0.0, 0.0, 0.0, 0.0, 0.0, 0.0, 0.0, 0.0, 0.0, 0.0, 0.0, 0.0, 0.0, 0.0], [0.0, 0.0, 0.9755262691494297, 0.0, 0.0, 0.0, 0.0, 0.0, 0.0, 0.0, 0.0, 0.0, 0.0, 0.0, 0.0, 0.0, 0.0, 0.0, 0.0, 0.0, 0.0, 0.0, 0.0], [0.0, 0.0, 0.9755262740161447, 0.0, 0.0, 0.0, 0.0, 0.0, 0.0, 0.0, 0.0, 0.0, 0.0, 0.0, 0.0, 0.0, 0.0, 0.0, 0.0, 0.0, 0.0, 0.0, 0.0], [0.0, 0.0, 0.0, 0.0, 0.9857394041025529, 0.0, 0.0, 0.0, 0.0, 0.0, 0.0, 0.0, 0.0, 0.0, 0.0, 0.0, 0.0, 0.0, 0.0, 0.0, 0.0, 0.0, 0.0], [0.0, 0.0, 0.0, 0.0, 0.9862423639564544, 0.0, 0.0, 0.0, 0.0, 0.0, 0.0, 0.0, 0.0, 0.0, 0.0, 0.0, 0.0, 0.0, 0.0, 0.0, 0.0, 0.0, 0.0], [0.0, 0.0, 0.0, 0.0, 0.9837698006389126, 0.0, 0.0, 0.0, 0.0, 0.0, 0.0, 0.0, 0.0, 0.0, 0.0, 0.0, 0.0, 0.0, 0.0, 0.0, 0.0, 0.0, 0.0], [0.0, 0.0, 0.0, 0.0, 0.0, 0.9862423612013161, 0.0, 0.0, 0.0, 0.0, 0.0, 0.0, 0.0, 0.0, 0.0, 0.0, 0.0, 0.0, 0.0, 0.0, 0.0, 0.0, 0.0], [0.0, 0.0, 0.0, 0.0, 0.0, 0.9857393906819902, 0.0, 0.0, 0.0, 0.0, 0.0, 0.0, 0.0, 0.0, 0.0, 0.0, 0.0, 0.0, 0.0, 0.0, 0.0, 0.0, 0.0], [0.0, 0.0, 0.0, 0.0, 0.0, 0.9837698175482971, 0.0, 0.0, 0.0, 0.0, 0.0, 0.0, 0.0, 0.0, 0.0, 0.0, 0.0, 0.0, 0.0, 0.0, 0.0, 0.0, 0.0], [0.0, 0.0, 0.0, 0.0, 0.0, 0.0, 0.9862463621305988, 0.0, 0.0, 0.0, 0.0, 0.0, 0.0, 0.0, 0.0, 0.0, 0.0, 0.0, 0.0, 0.0, 0.0, 0.0, 0.0], [0.0, 0.0, 0.0, 0.0, 0.0, 0.0, 0.9856507938794252, 0.0, 0.0, 0.0, 0.0, 0.0, 0.0, 0.0, 0.0, 0.0, 0.0, 0.0, 0.0, 0.0, 0.0, 0.0, 0.0], [0.0, 0.0, 0.0, 0.0, 0.0, 0.0, 0.9862463507445675, 0.0, 0.0, 0.0, 0.0, 0.0, 0.0, 0.0, 0.0, 0.0, 0.0, 0.0, 0.0, 0.0, 0.0, 0.0, 0.0]], "Born radii": [], "Atomic SASAs": [], "Solvent H bonds": [], "Total SASA": NaN, "Total FOD": 0.0, "FOD": [0.0, 0.0, 0.0, 0.0, 0.0, 0.0, 0.0, 0.0, 0.0, 0.0, 0.0, 0.0, 0.0, 0.0, 0.0, 0.0, 0.0, 0.0, 0.0, 0.0, 0.0, 0.0, 0.0], "FOD s proportion": [0.0, 0.0, 0.0, 0.0, 0.0, 0.0, 0.0, 0.0, 0.0, 0.0, 0.0, 0.0, 0.0, 0.0, 0.0, 0.0, 0.0, 0.0, 0.0, 0.0, 0.0, 0.0, 0.0], "FOD p proportion": [0.0, 0.0, 0.0, 0.0, 0.0, 0.0, 0.0, 0.0, 0.0, 0.0, 0.0, 0.0, 0.0, 0.0, 0.0, 0.0, 0.0, 0.0, 0.0, 0.0, 0.0, 0.0, 0.0], "FOD d proportion": [0.0, 0.0, 0.0, 0.0, 0.0, 0.0, 0.0, 0.0, 0.0, 0.0, 0.0, 0.0, 0.0, 0.0, 0.0, 0.0, 0.0, 0.0, 0.0, 0.0, 0.0, 0.0, 0.0], "coordinates": [["2.97290868079596", "-0.26807086610920", "-0.11074992071638"], ["1.62721691029695", "0.31107625459510", "0.31263231644718"], ["0.47493401632789", "-0.48695664177384", "-0.29499944338536"], ["-0.94331548949425", "-0.00280371058615", "0.05657136574312"], ["-1.17196396988842", "1.42897367833325", "-0.43397656109696"], ["-1.18808479085193", "-0.07055069156367", "1.56600895218781"], ["-1.94282633540120", "-0.92917825530609", "-0.64605081487329"], ["3.07554459426628", "-0.24374054862154", "-1.19365298339996"], ["3.06417259898997", "-1.30150086282423", "0.21711957968362"], ["3.79000346674070", "0.30309787412238", "0.32408387414234"], ["1.57233469450922", "1.35114937033621", "-0.01141543293936"], ["1.56094847427928", "0.29199546574673", "1.40121641399774"], ["0.58268490205514", "-0.47185921394607", "-1.38284039076814"], ["0.57133177165764", "-1.52775343012588", "0.02544671032117"], ["-2.20957208407514", "1.71687959057958", "-0.27888739454805"], ["-0.94982991833285", "1.50985275891418", "-1.49581895902650"], ["-0.54412085328340", "2.13279175454593", "0.10581071501732"], ["-0.97755188517095", "-1.06883541833293", "1.94349787987903"], ["-2.22623399481786", "0.16704752891117", "1.78819466243045"], ["-0.56016978424319", "0.64001250225946", "2.09680059325999"], ["-1.80127783065907", "-0.89863439053376", "-1.72430609841481"], ["-2.96447973480802", "-0.62628901980498", "-0.42718897378821"], ["-1.81265243889276", "-1.95670372881566", "-0.31311009015276"]], "bond_dist": [[0.0, 1.524975490738937, 2.5143063245588086, 3.9287625060147113, 4.49047936608832, 4.490478950881719, 4.988793519158997, 1.0880280962605768, 1.0880280649721752, 1.0876387489359902, 2.143209977029638, 2.1432097699884705, 2.715310952205775, 2.7153123825630043, 5.552153222298033, 4.524080765680101, 4.263864042836601, 4.524079638734132, 5.5521530156270575, 4.26386422342322, 5.078782407534569, 5.956595933727128, 5.07878192221943], [1.524975490738937, 0.0, 1.5276873786799121, 2.6022537657565135, 3.1052428352744745, 3.105240052805378, 3.899040057727497, 2.162029178762184, 2.162028976164689, 2.16283158878874, 1.090766284581474, 1.0907662075602045, 2.139781008667358, 2.1397812055853693, 4.128816825108104, 3.368787835412133, 2.841853307461388, 3.3687830427194645, 4.1288148891462715, 2.84185081354809, 4.16738456824441, 4.744435401584148, 4.167382962012351], [2.5143063245588086, 1.5276873786799121, 0.0, 1.5392978124370966, 2.530291802886856, 2.5302920220397587, 2.48281335168228, 2.7622287434305814, 2.76222819835394, 3.4636881720486046, 2.1594772171080185, 2.159477257006444, 1.0932685454656992, 1.0932685943087563, 3.4732875982637164, 2.7311476637726173, 2.839401921246316, 2.7311478302949186, 3.4732877453813424, 2.839402533079193, 2.719105819069809, 3.4447720584994777, 2.719105787847032], [3.9287625060147113, 2.6022537657565135, 1.5392978124370966, 0.0, 1.5306547251207632, 1.5306545958153546, 1.5332545962379704, 4.215726254864804, 4.2157266042253845, 4.750731213521803, 2.8576751037182193, 2.857676479312682, 2.1495572718641274, 2.149557330478617, 2.161769876625156, 2.167507267102609, 2.1731426234348183, 2.167507186253265, 2.1617697787902483, 2.173142566828874, 2.1702848956618563, 2.1697610245024563, 2.170284864173384], [4.49047936608832, 3.1052428352744745, 2.530291802886856, 1.5306547251207632, 0.0, 2.4997550420255656, 2.489996951364741, 4.627786744679098, 5.081758596651094, 5.144256291452675, 2.777731032580317, 3.4827378797750552, 2.755413020844975, 3.463002307061064, 1.0879214413335863, 1.0878392530961847, 1.0867001274164352, 3.453871893913642, 2.764414556236685, 2.720585390675343, 2.734729524557734, 2.7271346862935113, 3.447883687625236], [4.490478950881719, 3.105240052805378, 2.5302920220397587, 1.5306545958153546, 2.4997550420255656, 0.0, 2.4899968886199977, 5.081757989019475, 4.627789296504995, 5.144254450403781, 3.48273089571409, 2.7777293225981587, 3.463002495365356, 2.755416208628265, 2.7644141936291855, 3.453871828608057, 2.72058566848258, 1.087839322052995, 1.0879214925278071, 1.0867000847394277, 3.4478836188000934, 2.7271344041877206, 2.7347296762570705], [4.988793519158997, 3.899040057727497, 2.48281335168228, 1.5332545962379704, 2.489996951364741, 2.4899968886199977, 0.0, 5.094481305535602, 5.094479912915837, 5.943484105667062, 4.237807595263234, 4.23780677713729, 2.6702446695492186, 2.670241965354922, 2.6846944696619874, 2.7671321022778312, 3.4492510965525565, 2.7671323296773256, 2.684694007735796, 3.449251022930634, 1.0879353672691991, 1.0878502024567118, 1.087935369505325], [1.0880280962605768, 2.162029178762184, 2.7622287434305814, 4.215726254864804, 4.627786744679098, 5.081757989019475, 5.094481305535602, 0.0, 1.7633109281485644, 1.7643721007170947, 2.490180612333123, 3.051943917132485, 2.5104141980213464, 3.0669162042705964, 5.710804296810673, 4.401140049094449, 4.520894783523259, 5.1913474315078005, 6.096639929933405, 4.9826221246645055, 4.949128775542649, 6.10046754820025, 5.2539574492503975], [1.0880280649721752, 2.162028976164689, 2.76222819835394, 4.2157266042253845, 5.081758596651094, 4.627789296504995, 5.094479912915837, 1.7633109281485644, 0.0, 1.7643721023297452, 3.0519439452136465, 2.490180441517054, 3.066913491222111, 2.510415125726253, 6.09664058823662, 5.191347015268193, 4.98262351405315, 4.401142130210269, 5.710806705037561, 4.520899531121911, 5.253954980911784, 6.100466663038031, 4.9491268672866], [1.0876387489359902, 2.16283158878874, 3.4636881720486046, 4.750731213521803, 5.144256291452675, 5.144254450403781, 5.943484105667062, 1.7643721007170947, 1.7643721023297452, 0.0, 2.475687077782454, 2.475686557564238, 3.7149752771538536, 3.714976195699182, 6.193323815416238, 5.218651568403722, 4.709570733036947, 5.2186479776341335, 6.193322475915033, 4.709569337685531, 6.074741843258915, 6.85938876363233, 6.074740540114032], [2.143209977029638, 1.090766284581474, 2.1594772171080185, 2.8576751037182193, 2.777731032580317, 3.48273089571409, 4.237807595263234, 2.490180612333123, 3.0519439452136465, 2.475687077782454, 0.0, 1.765634552957998, 2.486679196242844, 3.048187494835518, 3.808952444721304, 2.9308624887699617, 2.2592235109302434, 4.022428869135865, 4.366900245455484, 3.0818607707294103, 4.4019067314653, 4.966469106934552, 4.7424729503769125], [2.1432097699884705, 1.0907662075602045, 2.159477257006444, 2.857676479312682, 3.4827378797750552, 2.7777293225981587, 4.23780677713729, 3.051943917132485, 2.490180441517054, 2.475686557564238, 1.765634552957998, 0.0, 3.048187310614708, 2.486678415013013, 4.3669060967307365, 4.022436882771785, 3.081870175015984, 2.930855499377671, 3.808951982621496, 2.259224618044969, 4.742473632597608, 4.966468879807136, 4.401902605898231], [2.715310952205775, 2.139781008667358, 1.0932685454656992, 2.1495572718641274, 2.755413020844975, 3.463002495365356, 2.6702446695492186, 2.5104141980213464, 3.066913491222111, 3.7149752771538536, 2.486679196242844, 3.048187310614708, 0.0, 1.760202842977573, 3.7156411087311754, 2.5076977838192955, 3.204680950217454, 3.722263519901532, 4.284120738715573, 3.8275680170338107, 2.4458156495983707, 3.6768866118940795, 3.0144198656345695], [2.7153123825630043, 2.1397812055853693, 1.0932685943087563, 2.149557330478617, 3.463002307061064, 2.755416208628265, 2.670241965354922, 3.0669162042705964, 2.510415125726253, 3.714976195699182, 3.048187494835518, 2.486678415013013, 1.760202842977573, 0.0, 4.284120556341549, 3.7222618773435348, 3.8275689387341716, 2.507701460098665, 3.715643262097967, 3.2046859154965888, 3.014415695066329, 3.6768845718705037, 2.4458127037953683], [5.552153222298033, 4.128816825108104, 3.4732875982637164, 2.161769876625156, 1.0879214413335863, 2.7644141936291855, 2.6846944696619874, 5.710804296810673, 6.09664058823662, 6.193323815416238, 3.808952444721304, 4.3669060967307365, 3.7156411087311754, 4.284120556341549, 0.0, 1.7637269816506342, 1.7591769000825537, 3.7705540958032513, 2.5836186384463593, 3.086108243081145, 3.0160989394016573, 2.4662356043637987, 3.6951225693020127], [4.524080765680101, 3.368787835412133, 2.7311476637726173, 2.167507267102609, 1.0878392530961847, 3.453871828608057, 2.7671321022778312, 4.401140049094449, 5.191347015268193, 5.218651568403722, 2.9308624887699617, 4.022436882771785, 2.5076977838192955, 3.7222618773435348, 1.7637269816506342, 0.0, 1.765749260376372, 4.2987558131741475, 3.7705541659159043, 3.7169035956918632, 2.564757350964491, 3.1247216879529094, 3.7630143307088004], [4.263864042836601, 2.841853307461388, 2.839401921246316, 2.1731426234348183, 1.0867001274164352, 2.72058566848258, 3.4492510965525565, 4.520894783523259, 4.98262351405315, 4.709570733036947, 2.2592235109302434, 3.081870175015984, 3.204680950217454, 3.8275689387341716, 1.7591769000825537, 1.765749260376372, 0.0, 3.7169037019294513, 3.086109318875908, 2.4885112335504265, 3.7575677890949635, 3.7087400155625247, 4.30216693459561], [4.524079638734132, 3.3687830427194645, 2.7311478302949186, 2.167507186253265, 3.453871893913642, 1.087839322052995, 2.7671323296773256, 5.1913474315078005, 4.401142130210269, 5.2186479776341335, 4.022428869135865, 2.930855499377671, 3.722263519901532, 2.507701460098665, 3.7705540958032513, 4.2987558131741475, 3.7169037019294513, 0.0, 1.763726951540658, 1.7657493468263754, 3.763014595549997, 3.1247217080348335, 2.5647578057190756], [5.5521530156270575, 4.1288148891462715, 3.4732877453813424, 2.1617697787902483, 2.764414556236685, 1.0879214925278071, 2.684694007735796, 6.096639929933405, 5.710806705037561, 6.193322475915033, 4.366900245455484, 3.808951982621496, 4.284120738715573, 3.715643262097967, 2.5836186384463593, 3.7705541659159043, 3.086109318875908, 1.763726951540658, 0.0, 1.7591769212661115, 3.695122094035177, 2.4662348444071345, 3.0160986010617266], [4.26386422342322, 2.84185081354809, 2.839402533079193, 2.173142566828874, 2.720585390675343, 1.0867000847394277, 3.449251022930634, 4.9826221246645055, 4.520899531121911, 4.709569337685531, 3.0818607707294103, 2.259224618044969, 3.8275680170338107, 3.2046859154965888, 3.086108243081145, 3.7169035956918632, 2.4885112335504265, 1.7657493468263754, 1.7591769212661115, 0.0, 4.30216687179175, 3.7087395726494377, 3.757568028253636], [5.078782407534569, 4.16738456824441, 2.719105819069809, 2.1702848956618563, 2.734729524557734, 3.4478836188000934, 1.0879353672691991, 4.949128775542649, 5.253954980911784, 6.074741843258915, 4.4019067314653, 4.742473632597608, 2.4458156495983707, 3.014415695066329, 3.0160989394016573, 2.564757350964491, 3.7575677890949635, 3.763014595549997, 3.695122094035177, 4.30216687179175, 0.0, 1.7634408143662543, 1.7638351056885992], [5.956595933727128, 4.744435401584148, 3.4447720584994777, 2.1697610245024563, 2.7271346862935113, 2.7271344041877206, 1.0878502024567118, 6.10046754820025, 6.100466663038031, 6.85938876363233, 4.966469106934552, 4.966468879807136, 3.6768866118940795, 3.6768845718705037, 2.4662356043637987, 3.1247216879529094, 3.7087400155625247, 3.1247217080348335, 2.4662348444071345, 3.7087395726494377, 1.7634408143662543, 0.0, 1.763440787001067], [5.07878192221943, 4.167382962012351, 2.719105787847032, 2.170284864173384, 3.447883687625236, 2.7347296762570705, 1.087935369505325, 5.2539574492503975, 4.9491268672866, 6.074740540114032, 4.7424729503769125, 4.401902605898231, 3.0144198656345695, 2.4458127037953683, 3.6951225693020127, 3.7630143307088004, 4.30216693459561, 2.5647578057190756, 3.0160986010617266, 3.757568028253636, 1.7638351056885992, 1.763440787001067, 0.0]]}