{"total energy": -25.31912709, "HOMO-LUMO gap/eV": 12.85121392, "electronic energy": -25.69558269, "dipole": [-0.01173521, 0.00238541, 0.00479288], "partial charges": [-0.10612288, 0.02504338, -0.1082744, -0.06167192, -0.05351959, -0.05472556, -0.05351959, -0.06167192, 0.03145905, 0.03145905, 0.03737228, 0.0332219, 0.03028317, 0.03322191, 0.03058111, 0.02719348, 0.02417756, 0.03054523, 0.02315847, 0.02929188, 0.03054522, 0.02417756, 0.02719348, 0.03058111], "atomic dipole moments": [[0.02587866, -0.0487387, -0.07800428], [-0.00558396, -0.00293999, -0.00403977], [0.0780248, 0.03092723, 0.04070015], [0.03325486, 0.10312317, 0.01392806], [-0.03949331, 0.02450761, -0.09869969], [-0.09209427, 0.02608127, 0.04903057], [-0.03183299, -0.10304179, -0.01646278], [0.04105316, -0.02672347, 0.09764608], [-0.06325199, -0.07289117, 0.07693454], [-0.07329724, 0.0943677, -0.03090488], [0.09566764, 0.04617187, 0.06270109], [-0.07345457, 0.09370481, -0.0324653], [0.02669463, -0.0640221, -0.10178481], [-0.06337957, -0.07405092, 0.07569447], [0.0135836, -0.06991432, -0.09811463], [-0.05581079, -0.06791486, 0.08493691], [0.06532083, -0.10034427, 0.02161778], [-0.00830906, 0.06013052, 0.10649143], [0.10977871, 0.03387365, 0.04231219], [0.01798393, -0.06477703, -0.10214434], [-0.00898865, 0.07144639, 0.09919557], [0.05531715, 0.06622368, -0.08577616], [-0.0659093, 0.10023194, -0.02347496], [0.01295131, -0.0593864, -0.10490246]], "atomic quadrupole moments": [[-0.07671961, -0.04316816, -0.0257055, -0.06984863, 0.13134467, 0.10242511], [-0.01021634, 0.0017639, 0.00615092, 0.00435486, -0.00173674, 0.00406542], [0.11966666, 0.090339, -0.07653335, 0.11803284, 0.05497388, -0.04313331], [0.14958943, -0.04377706, 0.00989812, 0.14283361, -0.03046153, -0.15948755], [0.11421806, 0.15853164, -0.08021553, -0.00644773, -0.1034275, -0.03400253], [-0.03581218, -0.05584581, 0.09636815, -0.06298142, -0.18333134, -0.06055597], [0.14073609, -0.06537645, 0.02424539, 0.1297932, -0.03552871, -0.16498148], [0.12506991, 0.16309389, -0.08127649, 0.01660815, -0.09079012, -0.04379342], [-0.0211969, 0.04399643, 0.0162226, -0.0415818, -0.03998905, 0.0049743], [-0.00855787, -0.06154935, 0.02695803, 0.02517188, -0.02532297, -0.01840016], [0.05610077, 0.03185563, -0.03671611, 0.03906744, 0.02525095, -0.01938465], [-0.0023463, -0.05199287, 0.0450152, 0.02427967, -0.01982903, -0.0426689], [-0.01970837, -0.01661142, -0.01833908, -0.02903521, 0.05813414, 0.03804745], [-0.01333572, 0.04101843, -0.00562609, -0.03183806, -0.05129825, 0.01896181], [-0.01347948, -0.01994532, -0.01841719, -0.00073066, 0.04304769, 0.03189667], [-0.00081543, 0.01619366, -0.01692863, -0.02815033, -0.04021134, 0.01774406], [0.00275991, -0.03651292, 0.03583996, 0.00374945, -0.01112087, -0.03859987], [-0.01987446, 0.00401944, -0.00317242, -0.01882468, 0.04459078, 0.02304687], [0.03494512, 0.02647851, -0.01643207, 0.03594491, 0.0031531, -0.01851305], [-0.04559079, -0.00528254, 0.00778061, -0.00512952, 0.03225861, 0.03781018], [-0.01731811, -0.01681853, -0.01797338, -0.00453264, 0.03986651, 0.03529149], [-0.00357944, 0.01777501, -0.01446979, -0.02763999, -0.03883374, 0.01804923], [0.00527922, -0.03614317, 0.03625145, 0.00180328, -0.0113876, -0.04153067], [-0.01705677, 0.00951148, -0.00758527, -0.0202704, 0.04518174, 0.02464204]], "number of molecular orbitals": 48, "number of electrons": 48, "number of unpaired electrons": 0, "orbital energies/eV": [-17.17855034, -16.73127675, -16.42902215, -15.88994998, -15.86314065, -15.41020683, -15.08393725, -14.52716786, -13.96557902, -13.64373219, -13.55006847, -13.31478992, -13.17655801, -12.98792153, -12.5094914, -12.36263715, -12.236393, -12.0351669, -11.99488293, -11.74372568, -11.65538024, -11.1693617, -11.07245771, -10.96017954, 1.89103438, 2.0011143, 2.48892192, 2.76527909, 3.08912096, 3.13085859, 3.17314742, 3.66828263, 4.84037602, 4.86680372, 4.92366976, 5.08943467, 5.53841822, 5.89766063, 6.25733547, 6.48760447, 6.7781408, 6.8222975, 7.27172464, 7.57383409, 7.73447364, 8.2392856, 8.44559807, 8.73424265], "fractional occupation": [2.0, 2.0, 2.0, 2.0, 2.0, 2.0, 2.0, 2.0, 2.0, 2.0, 2.0, 2.0, 2.0, 2.0, 2.0, 2.0, 2.0, 2.0, 2.0, 2.0, 2.0, 2.0, 2.0, 2.0, 0.0, 0.0, 0.0, 0.0, 0.0, 0.0, 0.0, 0.0, 0.0, 0.0, 0.0, 0.0, 0.0, 0.0, 0.0, 0.0, 0.0, 0.0, 0.0, 0.0, 0.0, 0.0, 0.0, 0.0], "program call": "xtb /tmp/scratch/tmp__8l6c7m/16326_0_xyzopt.xyz --pop --wbo --acc 0.2 --gfn 2 --chrg 0 --uhf 0 --etemp 300 --input /tmp/scratch/tmp__8l6c7m/16326_0_xtb.inp", "method": "GFN2-xTB", "xtb version": "6.3.3 (7355c4f)", "Dipole module/D": 0.033, "Total charge": 0, "Transition dipole module/D": NaN, "HOMO": -10.9602, "LUMO": 1.891, "HOMO occupancy": 2.0, "LUMO occupancy": 0, "mulliken charges": [-0.09974, 0.03065, -0.09817, -0.05843, -0.04513, -0.04677, -0.04513, -0.05843, 0.02958, 0.02958, 0.03134, 0.02973, 0.02896, 0.02973, 0.02501, 0.02508, 0.02402, 0.02351, 0.02382, 0.02318, 0.02351, 0.02402, 0.02508, 0.02501], "cm5 charges": [-0.24924, -0.00464, -0.24773, -0.16551, -0.15602, -0.15747, -0.15602, -0.16551, 0.08284, 0.08284, 0.08585, 0.08289, 0.08208, 0.08289, 0.08231, 0.08131, 0.07871, 0.08017, 0.07843, 0.0793, 0.08017, 0.07871, 0.08131, 0.08231], "FUKUI+": [0.014, -0.043, -0.002, 0.006, 0.004, 0.017, 0.004, 0.006, -0.049, -0.049, -0.048, -0.066, -0.058, -0.066, -0.076, -0.058, -0.067, -0.061, -0.077, -0.067, -0.061, -0.067, -0.058, -0.076], "FUKUI-": [0.023, -0.032, 0.019, 0.001, 0.005, 0.004, 0.005, 0.001, -0.056, -0.056, -0.046, -0.06, -0.044, -0.06, -0.055, -0.077, -0.094, -0.059, -0.071, -0.064, -0.059, -0.094, -0.077, -0.055], "FUKUIrad": [0.019, -0.038, 0.008, 0.003, 0.004, 0.011, 0.004, 0.003, -0.052, -0.052, -0.047, -0.063, -0.051, -0.063, -0.065, -0.067, -0.081, -0.06, -0.074, -0.066, -0.06, -0.081, -0.067, -0.065], "s proportion": [1.013, 1.081, 1.015, 1.034, 1.027, 1.027, 1.027, 1.034, 0.97, 0.97, 0.969, 0.97, 0.971, 0.97, 0.975, 0.975, 0.976, 0.976, 0.976, 0.977, 0.976, 0.976, 0.975, 0.975], "p proportion": [3.087, 2.889, 3.083, 3.024, 3.019, 3.02, 3.019, 3.024, 0.0, 0.0, 0.0, 0.0, 0.0, 0.0, 0.0, 0.0, 0.0, 0.0, 0.0, 0.0, 0.0, 0.0, 0.0, 0.0], "d proportion": [0.0, 0.0, 0.0, 0.0, 0.0, 0.0, 0.0, 0.0, 0.0, 0.0, 0.0, 0.0, 0.0, 0.0, 0.0, 0.0, 0.0, 0.0, 0.0, 0.0, 0.0, 0.0, 0.0, 0.0], "Fermi-level/eV": -4.5346, "Coordination numbers": [3.76, 3.9, 3.762, 3.811, 3.804, 3.806, 3.804, 3.811, 0.925, 0.925, 0.925, 0.925, 0.925, 0.925, 0.924, 0.924, 0.924, 0.924, 0.924, 0.924, 0.924, 0.924, 0.924, 0.924], "Dispersion coefficient C6": [22.577, 20.098, 22.614, 21.676, 21.532, 21.553, 21.532, 21.676, 2.566, 2.566, 2.484, 2.541, 2.582, 2.541, 2.578, 2.627, 2.671, 2.579, 2.686, 2.597, 2.579, 2.671, 2.627, 2.578], "Total dispersion C6": 3954.624719, "Total dispersion C8": 83724.959802, "Polarizability alpha": [6.774, 6.373, 6.779, 6.627, 6.606, 6.609, 6.606, 6.627, 2.505, 2.505, 2.465, 2.493, 2.513, 2.493, 2.511, 2.535, 2.556, 2.511, 2.563, 2.52, 2.511, 2.556, 2.535, 2.511], "Total polarizability alpha": 93.281505, "Wiberg matrix": [[0.0, 0.9998318342202264, 0.0, 0.0, 0.0, 0.0, 0.0, 0.0, 0.9857834357223395, 0.9857834358778139, 0.9804717608089343, 0.0, 0.0, 0.0, 0.0, 0.0, 0.0, 0.0, 0.0, 0.0, 0.0, 0.0, 0.0, 0.0], [0.9998318342202264, 0.0, 0.9965393377785622, 0.9860533569956411, 0.0, 0.0, 0.0, 0.9860533537600702, 0.0, 0.0, 0.0, 0.0, 0.0, 0.0, 0.0, 0.0, 0.0, 0.0, 0.0, 0.0, 0.0, 0.0, 0.0, 0.0], [0.0, 0.9965393377785622, 0.0, 0.0, 0.0, 0.0, 0.0, 0.0, 0.0, 0.0, 0.0, 0.9859652228025567, 0.9857035935209709, 0.9859652231692684, 0.0, 0.0, 0.0, 0.0, 0.0, 0.0, 0.0, 0.0, 0.0, 0.0], [0.0, 0.9860533569956411, 0.0, 0.0, 1.0084055913840502, 0.0, 0.0, 0.0, 0.0, 0.0, 0.0, 0.0, 0.0, 0.0, 0.9759183767379613, 0.9763385297731555, 0.0, 0.0, 0.0, 0.0, 0.0, 0.0, 0.0, 0.0], [0.0, 0.0, 0.0, 1.0084055913840502, 0.0, 1.0090298711191852, 0.0, 0.0, 0.0, 0.0, 0.0, 0.0, 0.0, 0.0, 0.0, 0.0, 0.9773247555305907, 0.9753102290638604, 0.0, 0.0, 0.0, 0.0, 0.0, 0.0], [0.0, 0.0, 0.0, 0.0, 1.0090298711191852, 0.0, 1.0090298722233226, 0.0, 0.0, 0.0, 0.0, 0.0, 0.0, 0.0, 0.0, 0.0, 0.0, 0.0, 0.977947638748854, 0.9775541664864706, 0.0, 0.0, 0.0, 0.0], [0.0, 0.0, 0.0, 0.0, 0.0, 1.0090298722233226, 0.0, 1.0084055903834304, 0.0, 0.0, 0.0, 0.0, 0.0, 0.0, 0.0, 0.0, 0.0, 0.0, 0.0, 0.0, 0.9753102266736768, 0.9773247549972087, 0.0, 0.0], [0.0, 0.9860533537600702, 0.0, 0.0, 0.0, 0.0, 1.0084055903834304, 0.0, 0.0, 0.0, 0.0, 0.0, 0.0, 0.0, 0.0, 0.0, 0.0, 0.0, 0.0, 0.0, 0.0, 0.0, 0.9763385312848276, 0.9759183786841297], [0.9857834357223395, 0.0, 0.0, 0.0, 0.0, 0.0, 0.0, 0.0, 0.0, 0.0, 0.0, 0.0, 0.0, 0.0, 0.0, 0.0, 0.0, 0.0, 0.0, 0.0, 0.0, 0.0, 0.0, 0.0], [0.9857834358778139, 0.0, 0.0, 0.0, 0.0, 0.0, 0.0, 0.0, 0.0, 0.0, 0.0, 0.0, 0.0, 0.0, 0.0, 0.0, 0.0, 0.0, 0.0, 0.0, 0.0, 0.0, 0.0, 0.0], [0.9804717608089343, 0.0, 0.0, 0.0, 0.0, 0.0, 0.0, 0.0, 0.0, 0.0, 0.0, 0.0, 0.0, 0.0, 0.0, 0.0, 0.0, 0.0, 0.0, 0.0, 0.0, 0.0, 0.0, 0.0], [0.0, 0.0, 0.9859652228025567, 0.0, 0.0, 0.0, 0.0, 0.0, 0.0, 0.0, 0.0, 0.0, 0.0, 0.0, 0.0, 0.0, 0.0, 0.0, 0.0, 0.0, 0.0, 0.0, 0.0, 0.0], [0.0, 0.0, 0.9857035935209709, 0.0, 0.0, 0.0, 0.0, 0.0, 0.0, 0.0, 0.0, 0.0, 0.0, 0.0, 0.0, 0.0, 0.0, 0.0, 0.0, 0.0, 0.0, 0.0, 0.0, 0.0], [0.0, 0.0, 0.9859652231692684, 0.0, 0.0, 0.0, 0.0, 0.0, 0.0, 0.0, 0.0, 0.0, 0.0, 0.0, 0.0, 0.0, 0.0, 0.0, 0.0, 0.0, 0.0, 0.0, 0.0, 0.0], [0.0, 0.0, 0.0, 0.9759183767379613, 0.0, 0.0, 0.0, 0.0, 0.0, 0.0, 0.0, 0.0, 0.0, 0.0, 0.0, 0.0, 0.0, 0.0, 0.0, 0.0, 0.0, 0.0, 0.0, 0.0], [0.0, 0.0, 0.0, 0.9763385297731555, 0.0, 0.0, 0.0, 0.0, 0.0, 0.0, 0.0, 0.0, 0.0, 0.0, 0.0, 0.0, 0.0, 0.0, 0.0, 0.0, 0.0, 0.0, 0.0, 0.0], [0.0, 0.0, 0.0, 0.0, 0.9773247555305907, 0.0, 0.0, 0.0, 0.0, 0.0, 0.0, 0.0, 0.0, 0.0, 0.0, 0.0, 0.0, 0.0, 0.0, 0.0, 0.0, 0.0, 0.0, 0.0], [0.0, 0.0, 0.0, 0.0, 0.9753102290638604, 0.0, 0.0, 0.0, 0.0, 0.0, 0.0, 0.0, 0.0, 0.0, 0.0, 0.0, 0.0, 0.0, 0.0, 0.0, 0.0, 0.0, 0.0, 0.0], [0.0, 0.0, 0.0, 0.0, 0.0, 0.977947638748854, 0.0, 0.0, 0.0, 0.0, 0.0, 0.0, 0.0, 0.0, 0.0, 0.0, 0.0, 0.0, 0.0, 0.0, 0.0, 0.0, 0.0, 0.0], [0.0, 0.0, 0.0, 0.0, 0.0, 0.9775541664864706, 0.0, 0.0, 0.0, 0.0, 0.0, 0.0, 0.0, 0.0, 0.0, 0.0, 0.0, 0.0, 0.0, 0.0, 0.0, 0.0, 0.0, 0.0], [0.0, 0.0, 0.0, 0.0, 0.0, 0.0, 0.9753102266736768, 0.0, 0.0, 0.0, 0.0, 0.0, 0.0, 0.0, 0.0, 0.0, 0.0, 0.0, 0.0, 0.0, 0.0, 0.0, 0.0, 0.0], [0.0, 0.0, 0.0, 0.0, 0.0, 0.0, 0.9773247549972087, 0.0, 0.0, 0.0, 0.0, 0.0, 0.0, 0.0, 0.0, 0.0, 0.0, 0.0, 0.0, 0.0, 0.0, 0.0, 0.0, 0.0], [0.0, 0.0, 0.0, 0.0, 0.0, 0.0, 0.0, 0.9763385312848276, 0.0, 0.0, 0.0, 0.0, 0.0, 0.0, 0.0, 0.0, 0.0, 0.0, 0.0, 0.0, 0.0, 0.0, 0.0, 0.0], [0.0, 0.0, 0.0, 0.0, 0.0, 0.0, 0.0, 0.9759183786841297, 0.0, 0.0, 0.0, 0.0, 0.0, 0.0, 0.0, 0.0, 0.0, 0.0, 0.0, 0.0, 0.0, 0.0, 0.0, 0.0]], "Born radii": [], "Atomic SASAs": [], "Solvent H bonds": [], "Total SASA": NaN, "Total FOD": 0.0, "FOD": [0.0, 0.0, 0.0, 0.0, 0.0, 0.0, 0.0, 0.0, 0.0, 0.0, 0.0, 0.0, 0.0, 0.0, 0.0, 0.0, 0.0, 0.0, 0.0, 0.0, 0.0, 0.0, 0.0, 0.0], "FOD s proportion": [0.0, 0.0, 0.0, 0.0, 0.0, 0.0, 0.0, 0.0, 0.0, 0.0, 0.0, 0.0, 0.0, 0.0, 0.0, 0.0, 0.0, 0.0, 0.0, 0.0, 0.0, 0.0, 0.0, 0.0], "FOD p proportion": [0.0, 0.0, 0.0, 0.0, 0.0, 0.0, 0.0, 0.0, 0.0, 0.0, 0.0, 0.0, 0.0, 0.0, 0.0, 0.0, 0.0, 0.0, 0.0, 0.0, 0.0, 0.0, 0.0, 0.0], "FOD d proportion": [0.0, 0.0, 0.0, 0.0, 0.0, 0.0, 0.0, 0.0, 0.0, 0.0, 0.0, 0.0, 0.0, 0.0, 0.0, 0.0, 0.0, 0.0, 0.0, 0.0, 0.0, 0.0, 0.0, 0.0], "coordinates": [["-1.25980831718666", "0.70294504696930", "1.20761785662066"], ["-0.84405510027838", "-0.07745597799173", "-0.04151107907574"], ["-2.11532495070645", "-0.59404387020303", "-0.72432059182147"], ["0.04193027566662", "-1.27657001141509", "0.32851673530937"], ["1.42415617838068", "-0.86887938707768", "0.83116335936017"], ["2.13566868342221", "-0.00160867749002", "-0.20143165491186"], ["1.29803239907960", "1.23116433675506", "-0.52283037030323"], ["-0.08424416525633", "0.82431666351452", "-1.02602040319350"], ["-1.81262212341917", "0.05721494066728", "1.88703772733935"], ["-1.90153323384753", "1.53763386914943", "0.93254415393840"], ["-0.40091100959927", "1.09831809191779", "1.74083487693173"], ["-2.75984161055191", "0.23541644748612", "-1.00780998628590"], ["-1.87129998057889", "-1.15826050576175", "-1.62215095257274"], ["-2.67090028470232", "-1.24551663710769", "-0.05298485986380"], ["0.16715487291464", "-1.90193361481230", "-0.55932542111861"], ["-0.46232212012908", "-1.87911586623456", "1.08766761771258"], ["2.01385755856682", "-1.76662030833526", "1.03165753108306"], ["1.33514932009774", "-0.31957831826563", "1.76997873316223"], ["3.11621351470638", "0.29943446432111", "0.17414891429937"], ["2.29062652144182", "-0.58125352113231", "-1.11489480360274"], ["1.20473906729143", "1.85183898137586", "0.36996721964996"], ["1.79782096505135", "1.83053039356639", "-1.28758922882742"], ["-0.67834977770690", "1.71788578679172", "-1.23148277602574"], ["0.03586431734358", "0.28413867331247", "-1.96878559780413"]], "bond_dist": [[0.0, 1.5304246453595258, 2.4792085692950225, 2.52701840357069, 3.1330520987434607, 3.743137793117339, 3.1330521562775333, 2.5270184052183127, 1.088201192460978, 1.088201194836314, 1.085515923605971, 2.7160271352960583, 3.441743697226585, 2.7160270035313268, 3.455966628203631, 2.7050713213899957, 4.104461395403377, 2.845278356719533, 4.5144707240446555, 4.432698789965211, 2.845278487682954, 4.104461467809158, 2.705071280883608, 3.4559666172820385], [1.5304246453595258, 0.0, 1.5327161882366815, 1.5361527056122588, 2.555913553425629, 2.9849759179464264, 2.555913582886058, 1.5361527148116005, 2.1623040566426686, 2.1623040522270633, 2.180728881697951, 2.168377431547832, 2.1729686792589527, 2.1683774299860534, 2.1492780066730988, 2.1602645556314166, 3.4889298884217665, 2.8441256078606107, 3.984003406258914, 3.351446471913929, 2.8441256954697796, 3.4889299067052333, 2.160264554596574, 2.149278005261237], [2.4792085692950225, 1.5327161882366815, 0.0, 2.4956078382934614, 3.8759504056274134, 4.3238107238071555, 3.8759504260830124, 2.4956078491650344, 2.7083130010089946, 2.7083126976754763, 3.446780477114824, 1.0880130422991918, 1.0881121057012986, 1.0880130434724469, 2.6358135623838668, 2.7689582272709843, 4.63773035721898, 4.266454400939515, 5.382800916139022, 4.42324769630454, 4.266454479024339, 4.637730358265724, 2.768958264003955, 2.635813536239694], [2.52701840357069, 1.5361527056122588, 2.4956078382934614, 0.0, 1.526241697758252, 2.5080096131021867, 2.9310946759990397, 2.5028814734266893, 2.765381453245527, 3.472987621148844, 2.798364601056057, 3.4527956587604085, 2.7348768859106865, 2.7397002442689247, 1.0931717755872392, 1.092539266149918, 2.1501287127144204, 2.1601067771965274, 3.4581551390220633, 2.7610752793227618, 3.337781486962157, 3.9177829862082154, 3.4524147140904042, 2.7773092021168866], [3.1330520987434607, 2.555913553425629, 3.8759504056274134, 1.526241697758252, 0.0, 1.5246838990553453, 2.5018772691085935, 2.9310946744037936, 3.5283502036843144, 4.106311506024955, 2.8334146240690083, 4.701821961115123, 4.118558466333853, 4.206312057789452, 2.1402598832901267, 2.1552662362502892, 1.0926501692621913, 1.0913423803310132, 2.1586299511038125, 2.1495678327979997, 2.7682402692618364, 3.4518909407143954, 3.919999290809855, 3.3311438128266344], [3.743137793117339, 2.9849759179464264, 4.3238107238071555, 2.5080096131021867, 1.5246838990553453, 0.0, 1.5246838963383251, 2.5080096348367995, 4.467008492721053, 4.467008850813838, 3.378827417585659, 4.967136797148444, 4.405914734635377, 4.967136872313662, 2.759414691099838, 3.4549046866455466, 2.1565279844637133, 2.151370461291783, 1.0923167596254528, 1.0928929500829727, 2.1513704581487882, 2.1565279807769655, 3.4549046910702113, 2.759414771967123], [3.1330521562775333, 2.555913582886058, 3.8759504260830124, 2.9310946759990397, 2.5018772691085935, 1.5246838963383251, 0.0, 1.5262417039033152, 4.106311360692511, 3.52835072229306, 2.833414403542139, 4.206311990918548, 4.118558552866476, 4.701821997733026, 3.3311437438265235, 3.9199993295676143, 3.451890941621788, 2.768240241174991, 2.1586299468813035, 2.149567834825256, 1.0913423829658218, 1.0926501692787507, 2.155266227356016, 2.140259889291308], [2.5270184052183127, 1.5361527148116005, 2.4956078491650344, 2.5028814734266893, 2.9310946744037936, 2.5080096348367995, 1.5262417039033152, 0.0, 3.47298763189878, 2.765381731177297, 2.7983643104910434, 2.739700124647674, 2.734877026690027, 3.4527956703539444, 2.77730917666079, 3.4524147248828805, 3.9177830104303166, 3.337781413770137, 3.458155154835263, 2.761075330655498, 2.1601067868567396, 2.150128711451589, 1.0925392640402016, 1.0931717709767288], [1.088201192460978, 2.1623040566426686, 2.7083130010089946, 2.765381453245527, 3.5283502036843144, 4.467008492721053, 4.106311360692511, 3.47298763189878, 0.0, 1.7636902707191975, 1.760170251394358, 3.0510856787245184, 3.7141928925428553, 2.4894655259163665, 3.7070841198687936, 2.492324149224386, 4.324349321262473, 3.1724030369288787, 5.223607865367872, 5.124050188922301, 3.824479955235303, 5.124275880687534, 3.7107373314913756, 4.282028726765141], [1.088201194836314, 2.1623040522270633, 2.7083126976754763, 3.472987621148844, 4.106311506024955, 4.467008850813838, 3.52835072229306, 2.765381731177297, 1.7636902707191975, 0.0, 1.760170248842286, 2.4894653386399916, 3.714192727567178, 3.0510850260958304, 4.282028700133484, 3.7107372142352744, 5.124275967224747, 3.8244800612078635, 5.223608287213703, 5.12405049462042, 3.172403705136805, 4.324349904921839, 2.4923244320914324, 3.707084272807137], [1.085515923605971, 2.180728881697951, 3.446780477114824, 2.798364601056057, 2.8334146240690083, 3.378827417585659, 2.833414403542139, 2.7983643104910434, 1.760170251394358, 1.760170248842286, 0.0, 3.72346631677612, 4.308580321049119, 3.7234663680750497, 3.822949979706791, 3.0488541729920655, 3.813385868609729, 2.2416924549800994, 3.9322874863651007, 4.268550935932707, 2.2416922255407856, 3.813385597520878, 3.0488536581251444, 3.8229497614389385], [2.7160271352960583, 2.168377431547832, 1.0880130422991918, 3.4527956587604085, 4.701821961115123, 4.967136797148444, 4.206311990918548, 2.739700124647674, 3.0510856787245184, 2.4894653386399916, 3.72346631677612, 0.0, 1.763308396471708, 1.7643028035276143, 3.6519463452008583, 3.760434696082479, 5.563792113595525, 4.979265014237344, 5.99409284080806, 5.117191158050209, 4.497665148540041, 4.836832959550228, 2.565219894872887, 2.956656831032694], [3.441743697226585, 2.1729686792589527, 1.0881121057012986, 2.7348768859106865, 4.118558466333853, 4.405914734635377, 4.118558552866476, 2.734877026690027, 3.7141928925428553, 3.714192727567178, 4.308580321049119, 1.763308396471708, 0.0, 1.7633083976772705, 2.416184180307245, 3.1381471835819434, 4.7441806691241775, 4.742493936135011, 5.497895843246061, 4.232242676076288, 4.742494065213889, 4.744180761792777, 3.138147432302688, 2.416184311748337], [2.7160270035313268, 2.1683774299860534, 1.0880130434724469, 2.7397002442689247, 4.206312057789452, 4.967136872313662, 4.701821997733026, 3.4527956703539444, 2.4894655259163665, 3.0510850260958304, 3.7234663680750497, 1.7643028035276143, 1.7633083976772705, 0.0, 2.9566570802625924, 2.565219984091228, 4.8368330757301825, 4.497665112913271, 5.994092907561432, 5.117191267086255, 4.979265073847662, 5.563792132240644, 3.760434654039163, 3.651946391594215], [3.455966628203631, 2.1492780066730988, 2.6358135623838668, 1.0931717755872392, 2.1402598832901267, 2.759414691099838, 3.3311437438265235, 2.77730917666079, 3.7070841198687936, 4.282028700133484, 3.822949979706791, 3.6519463452008583, 2.416184180307245, 2.9566570802625924, 0.0, 1.7633343427665435, 2.4412798394082285, 3.048559849553529, 3.752459579165498, 2.561637189512817, 4.003869937510502, 4.137720103088808, 3.777534397488299, 2.6043669573529002], [2.7050713213899957, 2.1602645556314166, 2.7689582272709843, 1.092539266149918, 2.1552662362502892, 3.4549046866455466, 3.9199993295676143, 3.4524147248828805, 2.492324149224386, 3.7107372142352744, 3.0488541729920655, 3.760434696082479, 3.1381471835819434, 2.565219984091228, 1.7633343427665435, 0.0, 2.479366487943614, 2.4756028357194473, 4.287950006009538, 3.7569208282517454, 4.149001197745165, 4.950915796635934, 4.28527098203707, 3.77753440593133], [4.104461395403377, 3.4889298884217665, 4.63773035721898, 2.1501287127144204, 1.0926501692621913, 2.1565279844637133, 3.451890941621788, 3.9177830104303166, 4.324349321262473, 5.124275967224747, 3.813385868609729, 5.563792113595525, 4.7441806691241775, 4.8368330757301825, 2.4412798394082285, 2.479366487943614, 0.0, 1.7605946698289496, 2.4938107397135827, 2.4676674015271596, 3.7663980714291077, 4.285448694744176, 4.95091578580404, 4.137720221670383], [2.845278356719533, 2.8441256078606107, 4.266454400939515, 2.1601067771965274, 1.0913423803310132, 2.151370461291783, 2.768240241174991, 3.337781413770137, 3.1724030369288787, 3.8244800612078635, 2.2416924549800994, 4.979265014237344, 4.742493936135011, 4.497665112913271, 3.048559849553529, 2.4756028357194473, 1.7605946698289496, 0.0, 2.470230616985906, 3.0502304695236493, 2.5869078377836088, 3.7663980625958233, 4.1490010589772295, 4.003869933802585], [4.5144707240446555, 3.984003406258914, 5.382800916139022, 3.4581551390220633, 2.1586299511038125, 1.0923167596254528, 2.1586299468813035, 3.458155154835263, 5.223607865367872, 5.223608287213703, 3.9322874863651007, 5.99409284080806, 5.497895843246061, 5.994092907561432, 3.752459579165498, 4.287950006009538, 2.4938107397135827, 2.470230616985906, 0.0, 1.766023476013984, 2.4702305876987793, 2.4938107503596005, 4.287949997748943, 3.752459654957064], [4.432698789965211, 3.351446471913929, 4.42324769630454, 2.7610752793227618, 2.1495678327979997, 1.0928929500829727, 2.149567834825256, 2.761075330655498, 5.124050188922301, 5.12405049462042, 4.268550935932707, 5.117191158050209, 4.232242676076288, 5.117191267086255, 2.561637189512817, 3.7569208282517454, 2.4676674015271596, 3.0502304695236493, 1.766023476013984, 0.0, 3.0502304694794433, 2.467667386847828, 3.756920890498218, 2.5616373154015744], [2.845278487682954, 2.8441256954697796, 4.266454479024339, 3.337781486962157, 2.7682402692618364, 2.1513704581487882, 1.0913423829658218, 2.1601067868567396, 3.824479955235303, 3.172403705136805, 2.2416922255407856, 4.497665148540041, 4.742494065213889, 4.979265073847662, 4.003869937510502, 4.149001197745165, 3.7663980714291077, 2.5869078377836088, 2.4702305876987793, 3.0502304694794433, 0.0, 1.7605946646669945, 2.475602784201484, 3.048559853130186], [4.104461467809158, 3.4889299067052333, 4.637730358265724, 3.9177829862082154, 3.4518909407143954, 2.1565279807769655, 1.0926501692787507, 2.150128711451589, 5.124275880687534, 4.324349904921839, 3.813385597520878, 4.836832959550228, 4.744180761792777, 5.563792132240644, 4.137720103088808, 4.950915796635934, 4.285448694744176, 3.7663980625958233, 2.4938107503596005, 2.467667386847828, 1.7605946646669945, 0.0, 2.479366509569198, 2.4412798024762616], [2.705071280883608, 2.160264554596574, 2.768958264003955, 3.4524147140904042, 3.919999290809855, 3.4549046910702113, 2.155266227356016, 1.0925392640402016, 3.7107373314913756, 2.4923244320914324, 3.0488536581251444, 2.565219894872887, 3.138147432302688, 3.760434654039163, 3.777534397488299, 4.28527098203707, 4.95091578580404, 4.1490010589772295, 4.287949997748943, 3.756920890498218, 2.475602784201484, 2.479366509569198, 0.0, 1.7633343443548175], [3.4559666172820385, 2.149278005261237, 2.635813536239694, 2.7773092021168866, 3.3311438128266344, 2.759414771967123, 2.140259889291308, 1.0931717709767288, 4.282028726765141, 3.707084272807137, 3.8229497614389385, 2.956656831032694, 2.416184311748337, 3.651946391594215, 2.6043669573529002, 3.77753440593133, 4.137720221670383, 4.003869933802585, 3.752459654957064, 2.5616373154015744, 3.048559853130186, 2.4412798024762616, 1.7633343443548175, 0.0]]}