{"total energy": -28.10835462, "HOMO-LUMO gap/eV": 11.10148221, "electronic energy": -28.41386025, "dipole": [0.77955854, 0.52458259, 0.47232378], "partial charges": [-0.1046068, -0.0550505, -0.06558053, 0.08861009, -0.32497176, 0.07448367, 0.07606743, -0.4348882, 0.03788405, 0.03805839, 0.03801236, 0.03215119, 0.03206309, 0.04765969, 0.04928225, 0.01547796, 0.01558747, 0.02969378, 0.01937599, 0.05081433, 0.03514355, 0.30473252], "atomic dipole moments": [[-0.08642615, 0.05957803, 0.02148112], [-0.01468494, -0.1119861, -0.02556072], [-0.01926958, 0.12737457, 0.03146128], [-0.1231084, -0.1680037, -0.02810969], [-0.01658351, 0.28073834, 0.06555538], [0.13993996, -0.1523846, -0.03967245], [0.08773798, -0.00091654, -0.19002278], [0.12805063, 0.04798001, 0.20795512], [0.10177697, 0.06995878, 0.00831254], [0.01079967, -0.0939193, 0.07998592], [-0.00534283, -0.04724945, -0.11433375], [-0.00626612, 0.09337075, -0.07886961], [0.00969339, 0.04751768, 0.11238953], [-0.01253062, -0.04814459, -0.11384354], [0.00298046, -0.09480616, 0.08068842], [0.00417351, 0.04555516, 0.10830252], [-0.0116538, 0.08853377, -0.07624152], [-0.01338797, 0.09057254, -0.07885978], [-0.00052471, 0.04368239, 0.11131518], [-0.11087569, 0.05173102, 0.01724152], [0.01831702, -0.09215135, 0.07552372], [0.07603292, -0.01896627, -0.00797692]], "atomic quadrupole moments": [[0.12690832, -0.15806118, -0.01014314, -0.05942636, 0.04242642, -0.11676517], [0.22586723, 0.01214601, -0.00297961, -0.03588913, 0.05587912, -0.22288762], [0.25212028, -0.02373238, -0.00162369, -0.04838584, 0.06698961, -0.25049659], [0.33857769, 0.19161295, 0.00885222, -0.01559039, 0.0702958, -0.34742991], [0.13404509, 0.00893193, 0.02647987, -0.02312502, 0.04181517, -0.16052496], [0.36557845, -0.09636357, -0.04047747, -0.07988363, 0.1028136, -0.32510098], [-0.13772631, 0.17736528, -0.11562183, -0.01174666, 0.25662147, 0.25334813], [-0.06705443, -0.00079363, -0.08413863, 0.01431734, 0.09644902, 0.15119305], [0.04051605, 0.05646906, 0.01280247, 0.00555325, 0.01176491, -0.05331852], [-0.03909645, -0.01000864, 0.023214, -0.00773166, -0.06451363, 0.01588245], [-0.03525519, -0.00609542, -0.03119657, 0.01744658, 0.04272419, 0.06645176], [-0.0176001, -0.00436804, 0.0074851, 0.00258041, -0.04877835, 0.010115], [-0.01740939, 0.00221009, -0.03143149, 0.00522292, 0.02770993, 0.04884088], [-0.02519202, 0.00106301, -0.02584844, 0.00459695, 0.02746944, 0.05104046], [-0.02466812, -0.00604358, 0.01170403, 0.00455423, -0.04679526, 0.01296409], [-0.01521517, 0.01249087, -0.02346935, 0.00841157, 0.02069022, 0.03868452], [-0.01631027, 0.00753501, 0.00593882, 0.00388843, -0.0391224, 0.01037144], [-0.0076788, -0.01929219, 0.00110962, -0.00082657, -0.04049915, 0.00656917], [-0.0161782, -0.0117018, -0.02779589, -0.00065017, 0.02660919, 0.04397409], [0.03809691, -0.03876704, -0.02021578, -0.01075141, 0.01860198, -0.01788113], [-0.04460565, -0.00882299, 0.02552793, 0.01745788, -0.01658305, 0.01907772], [0.09398393, -0.05825973, -0.06365961, -0.04530886, 0.03077155, -0.03032431]], "number of molecular orbitals": 46, "number of electrons": 50, "number of unpaired electrons": 0, "orbital energies/eV": [-19.17888289, -18.63200797, -17.79150951, -17.15168818, -16.81796126, -16.46832495, -16.14172285, -15.47791028, -15.32838769, -15.17531981, -14.99799536, -14.50290109, -14.22430442, -13.92160065, -13.65603925, -13.25577956, -13.21686661, -12.79153881, -12.4644222, -12.32225421, -12.10608929, -11.99176154, -11.74969123, -11.15691841, -11.0318702, 0.06961202, 1.94825108, 2.42039944, 2.46722124, 3.08763705, 3.22648401, 3.43721562, 3.83691449, 4.03582468, 4.14915747, 4.50545687, 4.83083495, 4.86285618, 5.06147975, 5.58518628, 6.27398851, 6.45634691, 6.77198118, 7.15045903, 7.40074104, 8.19666899], "fractional occupation": [2.0, 2.0, 2.0, 2.0, 2.0, 2.0, 2.0, 2.0, 2.0, 2.0, 2.0, 2.0, 2.0, 2.0, 2.0, 2.0, 2.0, 2.0, 2.0, 2.0, 2.0, 2.0, 2.0, 2.0, 2.0, 0.0, 0.0, 0.0, 0.0, 0.0, 0.0, 0.0, 0.0, 0.0, 0.0, 0.0, 0.0, 0.0, 0.0, 0.0, 0.0, 0.0, 0.0, 0.0, 0.0, 0.0], "program call": "xtb /tmp/scratch/tmpb54xuswn/1640_0_xyzopt.xyz --pop --wbo --acc 0.2 --gfn 2 --chrg 0 --uhf 0 --etemp 300 --input /tmp/scratch/tmpb54xuswn/1640_0_xtb.inp", "method": "GFN2-xTB", "xtb version": "6.3.3 (7355c4f)", "Dipole module/D": 2.673, "Total charge": 0, "Transition dipole module/D": NaN, "HOMO": -11.0319, "LUMO": 0.0696, "HOMO occupancy": 2.0, "LUMO occupancy": 0, "mulliken charges": [-0.08436, -0.04372, -0.05669, 0.20179, -0.47463, 0.1782, 0.196, -0.56403, 0.03072, 0.02987, 0.02999, 0.02255, 0.02228, 0.03565, 0.03649, 0.00828, 0.00923, 0.01905, 0.00982, 0.02529, 0.01994, 0.34827], "cm5 charges": [-0.2371, -0.15707, -0.16522, 0.12038, -0.58094, 0.09863, 0.11367, -0.77962, 0.08234, 0.0821, 0.08222, 0.07784, 0.07758, 0.09387, 0.09478, 0.07081, 0.07173, 0.08323, 0.07183, 0.08913, 0.08393, 0.52588], "FUKUI+": [0.01, -0.018, -0.011, -0.021, -0.132, -0.012, 0.003, -0.059, -0.056, -0.033, -0.033, -0.04, -0.041, -0.048, -0.049, -0.069, -0.069, -0.066, -0.079, -0.086, -0.053, -0.037], "FUKUI-": [0.017, 0.01, 0.014, 0.025, -0.085, 0.02, 0.017, -0.111, -0.046, -0.063, -0.063, -0.073, -0.073, -0.058, -0.06, -0.073, -0.072, -0.072, -0.066, -0.063, -0.09, -0.035], "FUKUIrad": [0.014, -0.004, 0.002, 0.002, -0.109, 0.004, 0.01, -0.085, -0.051, -0.048, -0.048, -0.057, -0.057, -0.053, -0.054, -0.071, -0.07, -0.069, -0.072, -0.074, -0.071, -0.036], "s proportion": [1.005, 1.026, 1.032, 0.993, 1.687, 0.999, 0.987, 1.692, 0.969, 0.97, 0.97, 0.977, 0.978, 0.964, 0.964, 0.992, 0.991, 0.981, 0.99, 0.975, 0.98, 0.652], "p proportion": [3.08, 3.017, 3.024, 2.805, 4.788, 2.823, 2.817, 4.872, 0.0, 0.0, 0.0, 0.0, 0.0, 0.0, 0.0, 0.0, 0.0, 0.0, 0.0, 0.0, 0.0, 0.0], "d proportion": [0.0, 0.0, 0.0, 0.0, 0.0, 0.0, 0.0, 0.0, 0.0, 0.0, 0.0, 0.0, 0.0, 0.0, 0.0, 0.0, 0.0, 0.0, 0.0, 0.0, 0.0, 0.0], "Fermi-level/eV": -5.4811, "Coordination numbers": [3.752, 3.801, 3.802, 3.702, 1.702, 3.7, 3.674, 1.656, 0.925, 0.925, 0.925, 0.924, 0.924, 0.924, 0.924, 0.923, 0.923, 0.923, 0.923, 0.924, 0.923, 0.805], "Dispersion coefficient C6": [22.558, 21.563, 21.756, 19.258, 19.435, 19.49, 19.532, 21.538, 2.477, 2.475, 2.475, 2.556, 2.557, 2.349, 2.329, 2.803, 2.802, 2.591, 2.743, 2.31, 2.515, 0.707], "Total dispersion C6": 3332.719248, "Total dispersion C8": 68488.019941, "Polarizability alpha": [6.773, 6.611, 6.641, 6.275, 5.952, 6.314, 6.333, 6.265, 2.461, 2.46, 2.46, 2.5, 2.501, 2.397, 2.387, 2.618, 2.618, 2.517, 2.59, 2.377, 2.48, 1.321], "Total polarizability alpha": 84.850721, "Wiberg matrix": [[0.0, 1.01945883242042, 0.0, 0.0, 0.0, 0.0, 0.0, 0.0, 0.9871265062122476, 0.9877224321992739, 0.9877207626327013, 0.0, 0.0, 0.0, 0.0, 0.0, 0.0, 0.0, 0.0, 0.0, 0.0, 0.0], [1.01945883242042, 0.0, 1.007488395459868, 0.0, 0.0, 0.0, 0.0, 0.0, 0.0, 0.0, 0.0, 0.9783019135503597, 0.978307863756916, 0.0, 0.0, 0.0, 0.0, 0.0, 0.0, 0.0, 0.0, 0.0], [0.0, 1.007488395459868, 0.0, 1.0017990792866716, 0.0, 0.0, 0.0, 0.0, 0.0, 0.0, 0.0, 0.0, 0.0, 0.9759412186388059, 0.9757364487386299, 0.0, 0.0, 0.0, 0.0, 0.0, 0.0, 0.0], [0.0, 0.0, 1.0017990792866716, 0.0, 0.978435838106605, 0.0, 0.0, 0.0, 0.0, 0.0, 0.0, 0.0, 0.0, 0.0, 0.0, 0.9678349086845565, 0.967546203831579, 0.0, 0.0, 0.0, 0.0, 0.0], [0.0, 0.0, 0.0, 0.978435838106605, 0.0, 0.983770357580037, 0.0, 0.0, 0.0, 0.0, 0.0, 0.0, 0.0, 0.0, 0.0, 0.0, 0.0, 0.0, 0.0, 0.0, 0.0, 0.0], [0.0, 0.0, 0.0, 0.0, 0.983770357580037, 0.0, 0.9913630788734814, 0.0, 0.0, 0.0, 0.0, 0.0, 0.0, 0.0, 0.0, 0.0, 0.0, 0.9666746767308154, 0.9669473535826618, 0.0, 0.0, 0.0], [0.0, 0.0, 0.0, 0.0, 0.0, 0.9913630788734814, 0.0, 1.0122643416696948, 0.0, 0.0, 0.0, 0.0, 0.0, 0.0, 0.0, 0.0, 0.0, 0.0, 0.0, 0.9721505710222209, 0.9675715998719792, 0.0], [0.0, 0.0, 0.0, 0.0, 0.0, 0.0, 1.0122643416696948, 0.0, 0.0, 0.0, 0.0, 0.0, 0.0, 0.0, 0.0, 0.0, 0.0, 0.0, 0.0, 0.0, 0.0, 0.8902953280481533], [0.9871265062122476, 0.0, 0.0, 0.0, 0.0, 0.0, 0.0, 0.0, 0.0, 0.0, 0.0, 0.0, 0.0, 0.0, 0.0, 0.0, 0.0, 0.0, 0.0, 0.0, 0.0, 0.0], [0.9877224321992739, 0.0, 0.0, 0.0, 0.0, 0.0, 0.0, 0.0, 0.0, 0.0, 0.0, 0.0, 0.0, 0.0, 0.0, 0.0, 0.0, 0.0, 0.0, 0.0, 0.0, 0.0], [0.9877207626327013, 0.0, 0.0, 0.0, 0.0, 0.0, 0.0, 0.0, 0.0, 0.0, 0.0, 0.0, 0.0, 0.0, 0.0, 0.0, 0.0, 0.0, 0.0, 0.0, 0.0, 0.0], [0.0, 0.9783019135503597, 0.0, 0.0, 0.0, 0.0, 0.0, 0.0, 0.0, 0.0, 0.0, 0.0, 0.0, 0.0, 0.0, 0.0, 0.0, 0.0, 0.0, 0.0, 0.0, 0.0], [0.0, 0.978307863756916, 0.0, 0.0, 0.0, 0.0, 0.0, 0.0, 0.0, 0.0, 0.0, 0.0, 0.0, 0.0, 0.0, 0.0, 0.0, 0.0, 0.0, 0.0, 0.0, 0.0], [0.0, 0.0, 0.9759412186388059, 0.0, 0.0, 0.0, 0.0, 0.0, 0.0, 0.0, 0.0, 0.0, 0.0, 0.0, 0.0, 0.0, 0.0, 0.0, 0.0, 0.0, 0.0, 0.0], [0.0, 0.0, 0.9757364487386299, 0.0, 0.0, 0.0, 0.0, 0.0, 0.0, 0.0, 0.0, 0.0, 0.0, 0.0, 0.0, 0.0, 0.0, 0.0, 0.0, 0.0, 0.0, 0.0], [0.0, 0.0, 0.0, 0.9678349086845565, 0.0, 0.0, 0.0, 0.0, 0.0, 0.0, 0.0, 0.0, 0.0, 0.0, 0.0, 0.0, 0.0, 0.0, 0.0, 0.0, 0.0, 0.0], [0.0, 0.0, 0.0, 0.967546203831579, 0.0, 0.0, 0.0, 0.0, 0.0, 0.0, 0.0, 0.0, 0.0, 0.0, 0.0, 0.0, 0.0, 0.0, 0.0, 0.0, 0.0, 0.0], [0.0, 0.0, 0.0, 0.0, 0.0, 0.9666746767308154, 0.0, 0.0, 0.0, 0.0, 0.0, 0.0, 0.0, 0.0, 0.0, 0.0, 0.0, 0.0, 0.0, 0.0, 0.0, 0.0], [0.0, 0.0, 0.0, 0.0, 0.0, 0.9669473535826618, 0.0, 0.0, 0.0, 0.0, 0.0, 0.0, 0.0, 0.0, 0.0, 0.0, 0.0, 0.0, 0.0, 0.0, 0.0, 0.0], [0.0, 0.0, 0.0, 0.0, 0.0, 0.0, 0.9721505710222209, 0.0, 0.0, 0.0, 0.0, 0.0, 0.0, 0.0, 0.0, 0.0, 0.0, 0.0, 0.0, 0.0, 0.0, 0.0], [0.0, 0.0, 0.0, 0.0, 0.0, 0.0, 0.9675715998719792, 0.0, 0.0, 0.0, 0.0, 0.0, 0.0, 0.0, 0.0, 0.0, 0.0, 0.0, 0.0, 0.0, 0.0, 0.0], [0.0, 0.0, 0.0, 0.0, 0.0, 0.0, 0.0, 0.8902953280481533, 0.0, 0.0, 0.0, 0.0, 0.0, 0.0, 0.0, 0.0, 0.0, 0.0, 0.0, 0.0, 0.0, 0.0]], "Born radii": [], "Atomic SASAs": [], "Solvent H bonds": [], "Total SASA": NaN, "Total FOD": 0.0, "FOD": [0.0, 0.0, 0.0, 0.0, 0.0, 0.0, 0.0, 0.0, 0.0, 0.0, 0.0, 0.0, 0.0, 0.0, 0.0, 0.0, 0.0, 0.0, 0.0, 0.0, 0.0, 0.0], "FOD s proportion": [0.0, 0.0, 0.0, 0.0, 0.0, 0.0, 0.0, 0.0, 0.0, 0.0, 0.0, 0.0, 0.0, 0.0, 0.0, 0.0, 0.0, 0.0, 0.0, 0.0, 0.0, 0.0], "FOD p proportion": [0.0, 0.0, 0.0, 0.0, 0.0, 0.0, 0.0, 0.0, 0.0, 0.0, 0.0, 0.0, 0.0, 0.0, 0.0, 0.0, 0.0, 0.0, 0.0, 0.0, 0.0, 0.0], "FOD d proportion": [0.0, 0.0, 0.0, 0.0, 0.0, 0.0, 0.0, 0.0, 0.0, 0.0, 0.0, 0.0, 0.0, 0.0, 0.0, 0.0, 0.0, 0.0, 0.0, 0.0, 0.0, 0.0], "coordinates": [["3.69088407434560", "-0.22779656971701", "-0.54550983447810"], ["2.44758087541431", "0.59948673369244", "-0.24330992446246"], ["1.17758814124897", "-0.24087055864329", "-0.33881520896357"], ["-0.07127337855589", "0.57911106711380", "-0.03909238882533"], ["-1.19855131242095", "-0.26089571120560", "-0.13555896047937"], ["-2.41739765088784", "0.40154492745410", "0.11788636556759"], ["-3.53781003064958", "-0.62321310002043", "-0.05606653275080"], ["-3.58630784839844", "-1.11407488444003", "-1.36858711727055"], ["4.58526510843703", "0.38623868697052", "-0.47256140963205"], ["3.78093888289743", "-1.05152774529329", "0.15883197408574"], ["3.63875047799473", "-0.64119451576081", "-1.55007416047851"], ["2.38409768992075", "1.43172956964461", "-0.94804275644032"], ["2.52676678596400", "1.02192912064042", "0.76094057490974"], ["1.08505255489170", "-0.66288609767249", "-1.34102299810454"], ["1.22492398357684", "-1.07092331566053", "0.36795281253007"], ["-0.01179988929777", "1.01028149498784", "0.97307213880817"], ["-0.16256220927356", "1.41291488516806", "-0.75389542297517"], ["-2.55208928837352", "1.23046496269348", "-0.59380597300027"], ["-2.43138792961616", "0.81152949923224", "1.13893528141141"], ["-4.50547974135290", "-0.15840437336138", "0.14298982178768"], ["-3.37781110652222", "-1.44434706196780", "0.65698998888681"], ["-2.68937918934252", "-1.38909601385483", "-1.59715627012619"]], "bond_dist": [[0.0, 1.5236552412492441, 2.5218148315693396, 3.88090031617144, 4.906702933093114, 6.1763476969093505, 7.256026973601668, 7.377022959503948, 1.0873261715259575, 1.0875386436584993, 1.0875501178034814, 2.150290774524715, 2.1503013822341135, 2.7590762944541583, 2.7615640290365806, 4.189128434234871, 4.193376550278149, 6.411207033119803, 6.4342651885460445, 8.2255228923689, 7.272719744731831, 6.569804863048393], [1.5236552412492441, 0.0, 1.525845071749499, 2.5272013616635296, 3.7478191195542445, 4.882382592543255, 6.111870357713215, 6.37262546452759, 2.1604918081300637, 2.159956132079499, 2.160048090526478, 1.0923857456510748, 1.0923584778859012, 2.1575547690937573, 2.1584257554460042, 2.774327198725852, 2.781224520143677, 5.05150301912056, 5.075421218385673, 7.0049038797504855, 6.238829077757305, 5.672364584405359], [2.5218148315693396, 1.525845071749499, 0.0, 1.5237646573996144, 2.3849010068700545, 3.6803799845426983, 4.739315620676786, 4.951527135935641, 3.4674798290446605, 2.7716877308069527, 2.7721341176218646, 2.1504452294325977, 2.1504438680228146, 1.0913663008080383, 1.09121459741283, 2.1681959694079356, 2.1687094872831354, 4.017504478544708, 4.039306954626873, 5.704050956787909, 4.8157705502561425, 4.225550882200508], [3.88090031617144, 2.5272013616635296, 1.5237646573996144, 0.0, 1.4091390021031638, 2.3580651315240475, 3.6691617414262283, 4.121880908479062, 4.680645877212629, 4.187803278241883, 4.187659089042214, 2.7535424757133167, 2.754260929550859, 2.1388478050293243, 2.137387859487316, 1.101781314416416, 1.1020462037707304, 2.6241982844593332, 2.6480007956113263, 4.498807511355705, 3.9385410018397087, 3.6271035563192946], [4.906702933093114, 3.7478191195542445, 2.3849010068700545, 1.4091390021031638, 0.0, 1.4101945007115384, 2.368485652714078, 2.8195131516245966, 5.82965573342235, 5.05045420145076, 5.054203106656228, 4.044809530009089, 4.040711063700066, 2.613347745636747, 2.6044003793291224, 2.0623611090539287, 2.0633117348633245, 2.0654810665999404, 2.0722735170080053, 3.320221307761561, 2.603433153923607, 2.373114067437786], [6.1763476969093505, 4.882382592543255, 3.6803799845426983, 2.3580651315240475, 1.4101945007115384, 0.0, 1.5283038069802168, 2.4234392666685953, 7.027527913645832, 6.3665118017010975, 6.367599863516235, 5.025121172465032, 5.024256884549054, 3.94063286574979, 3.9366486817808597, 2.6246530258251286, 2.6205258149770274, 1.1007980045430763, 1.1003744660527348, 2.1620037510418144, 2.14949853664789, 2.4943416326155834], [7.256026973601668, 6.111870357713215, 4.739315620676786, 3.6691617414262283, 2.368485652714078, 1.5283038069802168, 0.0, 1.402143935021673, 8.196146082639968, 7.334420254058349, 7.330443564836557, 6.331461285531799, 6.336646234781902, 4.798285688596969, 4.802486036692895, 4.019972451912476, 4.0031337958907995, 2.167240514465313, 2.170411372900651, 1.0918128290477283, 1.099231659949451, 1.9186894247970998], [7.377022959503948, 6.37262546452759, 4.951527135935641, 4.121880908479062, 2.8195131516245966, 2.4234392666685953, 1.402143935021673, 0.0, 8.356339358247277, 7.524177405208147, 7.242790982053661, 6.5041310080483274, 6.816676814017804, 4.693180064668005, 5.115211112622067, 4.772144722037364, 4.299483384799423, 2.677080676074893, 3.3659264461823377, 2.010733183999175, 2.062889530636762, 0.9655886798723294], [1.0873261715259575, 2.1604918081300637, 3.4674798290446605, 4.680645877212629, 5.82965573342235, 7.027527913645832, 8.196146082639968, 8.356339358247277, 0.0, 1.7643045643646633, 1.7642399666578203, 2.4827951388012015, 2.4825480492736163, 3.755845612428807, 3.757882081039155, 4.859248128673042, 4.865704171217978, 7.188132305017645, 7.211880040368067, 9.1278245658893, 8.248485518648966, 7.572118366706967], [1.0875386436584993, 2.159956132079499, 2.7716877308069527, 4.187803278241883, 5.05045420145076, 6.3665118017010975, 7.334420254058349, 7.524177405208147, 1.7643045643646633, 0.0, 1.7632217893670257, 3.056616410291982, 2.496939284564259, 3.109406753931935, 2.5646286044514084, 4.393052672489668, 4.738960819012395, 6.7735662997279436, 6.55931316639822, 8.334425831909671, 7.186805259242734, 6.71285803556913], [1.0875501178034814, 2.160048090526478, 2.7721341176218646, 4.187659089042214, 5.054203106656228, 6.367599863516235, 7.330443564836557, 7.242790982053661, 1.7642399666578203, 1.7632217893670257, 0.0, 2.496719786825086, 3.0566774557483765, 2.5623321399999, 3.1128849409840815, 4.734992950979098, 4.393545738856447, 6.537893778772884, 6.796157673999591, 8.33234887864042, 7.399210947203184, 6.372346385950313], [2.150290774524715, 1.0923857456510748, 2.1504452294325977, 2.7535424757133167, 4.044809530009089, 5.025121172465032, 6.331461285531799, 6.5041310080483274, 2.4827951388012015, 3.056616410291982, 2.496719786825086, 0.0, 1.7632115317800592, 2.4958698938348873, 3.055944941152396, 3.099778400221971, 2.5541189912781967, 4.952972140587413, 5.284792068736644, 7.1543801426098295, 6.636832066807643, 5.841110593936185], [2.1503013822341135, 1.0923584778859012, 2.1504438680228146, 2.754260929550859, 4.040711063700066, 5.024256884549054, 6.336646234781902, 6.816676814017804, 2.4825480492736163, 2.496939284564259, 3.0566774557483765, 1.7632115317800592, 0.0, 3.055387554176087, 2.4958496316161067, 2.547441114596161, 3.1112840457239996, 5.260570732375907, 4.976991679967103, 7.1573417908681165, 6.3997940608797785, 6.2114283192710715], [2.7590762944541583, 2.1575547690937573, 1.0913663008080383, 2.1388478050293243, 2.613347745636747, 3.94063286574979, 4.798285688596969, 4.693180064668005, 3.755845612428807, 3.109406753931935, 2.5623321399999, 2.4958698938348873, 3.055387554176087, 0.0, 1.7625710508118713, 3.059021310833946, 2.4920295161980377, 4.16796260880845, 4.548565499321903, 5.806104306255813, 4.951756172841339, 3.852183807566956], [2.7615640290365806, 2.1584257554460042, 1.09121459741283, 2.137387859487316, 2.6044003793291224, 3.9366486817808597, 4.802486036692895, 5.115211112622067, 3.757882081039155, 2.5646286044514084, 3.1128849409840815, 3.055944941152396, 2.4958496316161067, 1.7625710508118713, 0.0, 2.4954095456736467, 3.0582860570509296, 4.526278518361325, 4.18409600441686, 5.806963579870909, 4.626895081288491, 4.391429938202469], [4.189128434234871, 2.774327198725852, 2.1681959694079356, 1.101781314416416, 2.0623611090539287, 2.6246530258251286, 4.019972451912476, 4.772144722037364, 4.859248128673042, 4.393052672489668, 4.734992950979098, 3.099778400221971, 2.547441114596161, 3.059021310833946, 2.4954095456736467, 0.0, 1.779679713730646, 2.9927676167340316, 2.4333966431190053, 4.716780885802889, 4.177934991428404, 4.419560771395891], [4.193376550278149, 2.781224520143677, 2.1687094872831354, 1.1020462037707304, 2.0633117348633245, 2.6205258149770274, 4.0031337958907995, 4.299483384799423, 4.865704171217978, 4.738960819012395, 4.393545738856447, 2.5541189912781967, 3.1112840457239996, 2.4920295161980377, 3.0582860570509296, 1.779679713730646, 0.0, 2.401823529728242, 3.0153014123257877, 4.704718912426218, 4.526849782267385, 3.8661554528168858], [6.411207033119803, 5.05150301912056, 4.017504478544708, 2.6241982844593332, 2.0654810665999404, 1.1007980045430763, 2.167240514465313, 2.677080676074893, 7.188132305017645, 6.7735662997279436, 6.537893778772884, 4.952972140587413, 5.260570732375907, 4.16796260880845, 4.526278518361325, 2.9927676167340316, 2.401823529728242, 0.0, 1.7867478824085727, 2.507500815082951, 3.0660930231342296, 2.808497827221073], [6.4342651885460445, 5.075421218385673, 4.039306954626873, 2.6480007956113263, 2.0722735170080053, 1.1003744660527348, 2.170411372900651, 3.3659264461823377, 7.211880040368067, 6.55931316639822, 6.796157673999591, 5.284792068736644, 4.976991679967103, 4.548565499321903, 4.18409600441686, 2.4333966431190053, 3.0153014123257877, 1.7867478824085727, 0.0, 2.4969052683798343, 2.493384678332507, 3.5207256520979247], [8.2255228923689, 7.0049038797504855, 5.704050956787909, 4.498807511355705, 3.320221307761561, 2.1620037510418144, 1.0918128290477283, 2.010733183999175, 9.1278245658893, 8.334425831909671, 8.33234887864042, 7.1543801426098295, 7.1573417908681165, 5.806104306255813, 5.806963579870909, 4.716780885802889, 4.704718912426218, 2.507500815082951, 2.4969052683798343, 0.0, 1.7859119015615335, 2.800166343308194], [7.272719744731831, 6.238829077757305, 4.8157705502561425, 3.9385410018397087, 2.603433153923607, 2.14949853664789, 1.099231659949451, 2.062889530636762, 8.248485518648966, 7.186805259242734, 7.399210947203184, 6.636832066807643, 6.3997940608797785, 4.951756172841339, 4.626895081288491, 4.177934991428404, 4.526849782267385, 3.0660930231342296, 2.493384678332507, 1.7859119015615335, 0.0, 2.3575764123208396], [6.569804863048393, 5.672364584405359, 4.225550882200508, 3.6271035563192946, 2.373114067437786, 2.4943416326155834, 1.9186894247970998, 0.9655886798723294, 7.572118366706967, 6.71285803556913, 6.372346385950313, 5.841110593936185, 6.2114283192710715, 3.852183807566956, 4.391429938202469, 4.419560771395891, 3.8661554528168858, 2.808497827221073, 3.5207256520979247, 2.800166343308194, 2.3575764123208396, 0.0]]}