{"total energy": -21.10255242, "HOMO-LUMO gap/eV": 5.14031669, "electronic energy": -21.44422049, "dipole": [0.04511496, 0.11635891, 0.02270988], "partial charges": [-0.10831294, 0.00293232, -0.0556291, -0.05283567, -0.05480481, -0.05404792, -0.05928384, 0.03972039, 0.03618346, 0.0395341, 0.0188425, 0.03423388, 0.03112576, 0.03155256, 0.0245584, 0.02498942, 0.0320483, 0.0335187, 0.0356745], "atomic dipole moments": [[-0.05976968, 0.01211782, -0.00237098], [0.114558, 0.12029108, 0.02952347], [-0.13860397, -0.03422519, -0.01484339], [0.03249647, 0.07703816, 0.03834919], [0.07829284, -0.01380791, -0.07568855], [0.03237564, -0.08053514, 0.06871749], [-0.07273178, -0.04652002, -0.03758038], [0.06048003, 0.06306452, -0.09049259], [0.02584499, -0.12218922, -0.01292639], [0.04755457, 0.03995345, 0.10948823], [0.04911075, -0.13409705, -0.02184424], [-0.03934872, -0.00557162, -0.11764104], [-0.05604216, -0.0928168, 0.06027559], [0.01084749, -0.00507569, 0.12276461], [-0.11720345, 0.02390656, -0.02818653], [-0.03837356, 0.10993908, 0.03851432], [-0.00294146, -0.00198379, -0.12341598], [0.07800792, 0.07707351, -0.05897047], [0.00750441, 0.02814409, 0.12118611]], "atomic quadrupole moments": [[0.17737089, -0.03369784, -0.06323354, 0.0143545, 0.00429027, -0.11413735], [-0.1714776, -0.18774317, -0.20026138, -0.06733942, -0.11213724, 0.37173899], [-0.08205342, -0.10261659, -0.34367412, -0.04424401, -0.14956204, 0.42572754], [0.07556173, -0.09762772, 0.08608967, -0.02092896, 0.11596532, -0.1616514], [-0.06415805, 0.06487204, 0.20507354, -0.11083078, 0.02632646, -0.14091549], [0.18545866, 0.09013373, -0.02511737, 0.02431918, -0.1050587, -0.1603413], [0.139604, -0.09810887, 0.04389713, 0.08880883, 0.02911046, -0.18350114], [-0.01777374, 0.02211863, -0.00753365, -0.0398229, -0.05675792, 0.02530739], [-0.02458699, -0.01695606, 0.08113274, -6.626e-05, 0.01529692, -0.05654575], [-0.02667679, 0.00594728, -0.03270226, 0.03528733, 0.04392393, 0.05937905], [0.03255555, 0.00526377, 0.03697924, 0.0018784, 0.01928491, -0.06953479], [-0.02503792, -0.01378168, -0.03073362, 0.02243524, 0.00272412, 0.05577153], [-0.01476523, 0.01928227, 0.02366061, -0.03584258, -0.03339134, -0.00889538], [-0.040209, 0.00702473, -0.01437891, 0.01522083, -0.00500804, 0.05458791], [0.04830612, -0.0151372, -0.01796515, 0.02904106, 0.00016346, -0.03034096], [-0.01256757, -0.02109536, 0.03839042, -0.00750746, 0.03481955, -0.02582285], [-0.01821917, 0.0111496, -0.03844783, -0.00084721, 0.00702166, 0.05666701], [0.01416504, 0.02327907, -0.00043552, -0.02835703, -0.04130942, -0.01372952], [-0.02412938, -0.01354022, -0.03413142, 0.00449666, 0.01407385, 0.0582608]], "number of molecular orbitals": 40, "number of electrons": 40, "number of unpaired electrons": 0, "orbital energies/eV": [-17.12943253, -16.64992711, -16.42144151, -15.90349334, -15.47791306, -15.16632105, -14.33575021, -13.96726648, -13.46666424, -13.33758036, -13.1877088, -12.97918773, -12.58481993, -12.43911794, -12.30322085, -12.12797097, -11.55548112, -11.26585257, -11.0441492, -10.08224686, -4.94193017, 2.29154446, 2.65493279, 3.02313069, 3.27997627, 3.39311658, 3.94264441, 4.16839565, 5.06812703, 5.39372989, 5.43371164, 6.060102, 6.16924157, 6.48664195, 6.79177173, 6.95788129, 7.80260079, 8.47226687, 11.15118496, 17.94741536], "fractional occupation": [2.0, 2.0, 2.0, 2.0, 2.0, 2.0, 2.0, 2.0, 2.0, 2.0, 2.0, 2.0, 2.0, 2.0, 2.0, 2.0, 2.0, 2.0, 2.0, 2.0, 0.0, 0.0, 0.0, 0.0, 0.0, 0.0, 0.0, 0.0, 0.0, 0.0, 0.0, 0.0, 0.0, 0.0, 0.0, 0.0, 0.0, 0.0, 0.0, 0.0], "program call": "xtb /tmp/scratch/tmp5z1vj0n2/16461_0_xyzopt.xyz --pop --wbo --acc 0.2 --gfn 2 --chrg 0 --uhf 0 --etemp 300 --input /tmp/scratch/tmp5z1vj0n2/16461_0_xtb.inp", "method": "GFN2-xTB", "xtb version": "6.3.3 (7355c4f)", "Dipole module/D": 0.322, "Total charge": 0, "Transition dipole module/D": NaN, "HOMO": -10.0822, "LUMO": -4.9419, "HOMO occupancy": 2.0, "LUMO occupancy": 0, "mulliken charges": [-0.08759, -0.00286, -0.07084, -0.03782, -0.04566, -0.04325, -0.04936, 0.0345, 0.03291, 0.0342, 0.02516, 0.02904, 0.02715, 0.02456, 0.0232, 0.02318, 0.02482, 0.02801, 0.03064], "cm5 charges": [-0.23374, -0.02656, -0.13032, -0.14348, -0.15527, -0.1528, -0.15361, 0.08679, 0.08584, 0.0866, 0.08222, 0.08428, 0.08195, 0.08093, 0.07782, 0.07781, 0.08127, 0.08376, 0.08651], "FUKUI+": [0.046, -0.167, -0.143, 0.028, 0.02, 0.02, 0.029, -0.085, -0.057, -0.084, -0.119, -0.082, -0.077, -0.031, -0.057, -0.057, -0.03, -0.074, -0.08], "FUKUI-": [0.03, -0.08, -0.076, 0.013, 0.017, 0.016, 0.018, -0.092, -0.057, -0.088, -0.084, -0.129, -0.103, -0.051, -0.059, -0.057, -0.038, -0.079, -0.102], "FUKUIrad": [0.038, -0.123, -0.109, 0.021, 0.019, 0.018, 0.023, -0.088, -0.057, -0.086, -0.102, -0.105, -0.09, -0.041, -0.058, -0.057, -0.034, -0.077, -0.091], "s proportion": [1.005, 1.085, 1.059, 1.023, 1.025, 1.025, 1.027, 0.966, 0.967, 0.966, 0.975, 0.971, 0.973, 0.975, 0.977, 0.977, 0.975, 0.972, 0.969], "p proportion": [3.082, 2.918, 3.012, 3.015, 3.02, 3.018, 3.023, 0.0, 0.0, 0.0, 0.0, 0.0, 0.0, 0.0, 0.0, 0.0, 0.0, 0.0, 0.0], "d proportion": [0.0, 0.0, 0.0, 0.0, 0.0, 0.0, 0.0, 0.0, 0.0, 0.0, 0.0, 0.0, 0.0, 0.0, 0.0, 0.0, 0.0, 0.0, 0.0], "Fermi-level/eV": -7.5121, "Coordination numbers": [3.758, 2.942, 2.898, 3.808, 3.807, 3.807, 3.812, 0.924, 0.925, 0.925, 0.925, 0.924, 0.924, 0.924, 0.924, 0.924, 0.924, 0.924, 0.924], "Dispersion coefficient C6": [22.621, 27.96, 29.381, 21.516, 21.553, 21.54, 21.631, 2.453, 2.5, 2.455, 2.751, 2.527, 2.571, 2.565, 2.665, 2.659, 2.558, 2.537, 2.507], "Total dispersion C6": 2825.919789, "Total dispersion C8": 62218.279379, "Polarizability alpha": [6.781, 8.672, 8.887, 6.603, 6.609, 6.607, 6.62, 2.449, 2.473, 2.45, 2.594, 2.486, 2.507, 2.504, 2.553, 2.55, 2.501, 2.491, 2.476], "Total polarizability alpha": 80.813667, "Wiberg matrix": [[0.0, 1.0222894750237563, 0.0, 0.0, 0.0, 0.0, 0.0, 0.9731655786131986, 0.9852731380537902, 0.9744816473593931, 0.0, 0.0, 0.0, 0.0, 0.0, 0.0, 0.0, 0.0, 0.0], [1.0222894750237563, 0.0, 1.887318591344959, 0.0, 0.0, 0.0, 1.0087541773628814, 0.0, 0.0, 0.0, 0.0, 0.0, 0.0, 0.0, 0.0, 0.0, 0.0, 0.0, 0.0], [0.0, 1.887318591344959, 0.0, 1.022321571190339, 0.0, 0.0, 0.0, 0.0, 0.0, 0.0, 0.9658475290256446, 0.0, 0.0, 0.0, 0.0, 0.0, 0.0, 0.0, 0.0], [0.0, 0.0, 1.022321571190339, 0.0, 1.0068751704634373, 0.0, 0.0, 0.0, 0.0, 0.0, 0.0, 0.9604541084906996, 0.9688258126831405, 0.0, 0.0, 0.0, 0.0, 0.0, 0.0], [0.0, 0.0, 0.0, 1.0068751704634373, 0.0, 1.0090741318436105, 0.0, 0.0, 0.0, 0.0, 0.0, 0.0, 0.0, 0.9785747023537082, 0.9786400893089808, 0.0, 0.0, 0.0, 0.0], [0.0, 0.0, 0.0, 0.0, 1.0090741318436105, 0.0, 1.0068921991303, 0.0, 0.0, 0.0, 0.0, 0.0, 0.0, 0.0, 0.0, 0.9783771088702836, 0.9784996541650108, 0.0, 0.0], [0.0, 1.0087541773628814, 0.0, 0.0, 0.0, 1.0068921991303, 0.0, 0.0, 0.0, 0.0, 0.0, 0.0, 0.0, 0.0, 0.0, 0.0, 0.0, 0.968992057767568, 0.9615101516082237], [0.9731655786131986, 0.0, 0.0, 0.0, 0.0, 0.0, 0.0, 0.0, 0.0, 0.0, 0.0, 0.0, 0.0, 0.0, 0.0, 0.0, 0.0, 0.0, 0.0], [0.9852731380537902, 0.0, 0.0, 0.0, 0.0, 0.0, 0.0, 0.0, 0.0, 0.0, 0.0, 0.0, 0.0, 0.0, 0.0, 0.0, 0.0, 0.0, 0.0], [0.9744816473593931, 0.0, 0.0, 0.0, 0.0, 0.0, 0.0, 0.0, 0.0, 0.0, 0.0, 0.0, 0.0, 0.0, 0.0, 0.0, 0.0, 0.0, 0.0], [0.0, 0.0, 0.9658475290256446, 0.0, 0.0, 0.0, 0.0, 0.0, 0.0, 0.0, 0.0, 0.0, 0.0, 0.0, 0.0, 0.0, 0.0, 0.0, 0.0], [0.0, 0.0, 0.0, 0.9604541084906996, 0.0, 0.0, 0.0, 0.0, 0.0, 0.0, 0.0, 0.0, 0.0, 0.0, 0.0, 0.0, 0.0, 0.0, 0.0], [0.0, 0.0, 0.0, 0.9688258126831405, 0.0, 0.0, 0.0, 0.0, 0.0, 0.0, 0.0, 0.0, 0.0, 0.0, 0.0, 0.0, 0.0, 0.0, 0.0], [0.0, 0.0, 0.0, 0.0, 0.9785747023537082, 0.0, 0.0, 0.0, 0.0, 0.0, 0.0, 0.0, 0.0, 0.0, 0.0, 0.0, 0.0, 0.0, 0.0], [0.0, 0.0, 0.0, 0.0, 0.9786400893089808, 0.0, 0.0, 0.0, 0.0, 0.0, 0.0, 0.0, 0.0, 0.0, 0.0, 0.0, 0.0, 0.0, 0.0], [0.0, 0.0, 0.0, 0.0, 0.0, 0.9783771088702836, 0.0, 0.0, 0.0, 0.0, 0.0, 0.0, 0.0, 0.0, 0.0, 0.0, 0.0, 0.0, 0.0], [0.0, 0.0, 0.0, 0.0, 0.0, 0.9784996541650108, 0.0, 0.0, 0.0, 0.0, 0.0, 0.0, 0.0, 0.0, 0.0, 0.0, 0.0, 0.0, 0.0], [0.0, 0.0, 0.0, 0.0, 0.0, 0.0, 0.968992057767568, 0.0, 0.0, 0.0, 0.0, 0.0, 0.0, 0.0, 0.0, 0.0, 0.0, 0.0, 0.0], [0.0, 0.0, 0.0, 0.0, 0.0, 0.0, 0.9615101516082237, 0.0, 0.0, 0.0, 0.0, 0.0, 0.0, 0.0, 0.0, 0.0, 0.0, 0.0, 0.0]], "Born radii": [], "Atomic SASAs": [], "Solvent H bonds": [], "Total SASA": NaN, "Total FOD": 0.0, "FOD": [0.0, 0.0, 0.0, 0.0, 0.0, 0.0, 0.0, 0.0, 0.0, 0.0, 0.0, 0.0, 0.0, 0.0, 0.0, 0.0, 0.0, 0.0, 0.0], "FOD s proportion": [0.0, 0.0, 0.0, 0.0, 0.0, 0.0, 0.0, 0.0, 0.0, 0.0, 0.0, 0.0, 0.0, 0.0, 0.0, 0.0, 0.0, 0.0, 0.0], "FOD p proportion": [0.0, 0.0, 0.0, 0.0, 0.0, 0.0, 0.0, 0.0, 0.0, 0.0, 0.0, 0.0, 0.0, 0.0, 0.0, 0.0, 0.0, 0.0, 0.0], "FOD d proportion": [0.0, 0.0, 0.0, 0.0, 0.0, 0.0, 0.0, 0.0, 0.0, 0.0, 0.0, 0.0, 0.0, 0.0, 0.0, 0.0, 0.0, 0.0, 0.0], "coordinates": [["2.42527793336609", "-0.54409759938485", "0.07292087156751"], ["0.94726303179002", "-0.30222371180209", "0.00921900191726"], ["0.07379877748165", "-1.27248027141772", "-0.21760553424720"], ["-1.41064482025018", "-1.07720162959310", "-0.27882864334083"], ["-1.82440214807989", "0.26727785426232", "0.31202266978451"], ["-0.91503724236467", "1.36378149722473", "-0.22917813815255"], ["0.51682647882220", "1.12115587449930", "0.23872526706289"], ["2.93404672126506", "0.00801879156192", "-0.71757168391835"], ["2.65497798802847", "-1.60067454048843", "-0.03843476509621"], ["2.82367180291465", "-0.19727349247683", "1.02638629178383"], ["0.42031888830328", "-2.28365073684354", "-0.38759084717701"], ["-1.73171080577708", "-1.13614628123031", "-1.32511249956740"], ["-1.90793573378864", "-1.89274142785621", "0.25333965823282"], ["-1.73307820457034", "0.23061459154958", "1.39980374636247"], ["-2.86738615551826", "0.47899534184067", "0.06769496234114"], ["-1.25611299417715", "2.34490769381727", "0.10790617362764"], ["-0.94842004133815", "1.35103275180632", "-1.32081365941786"], ["1.20164502249915", "1.79641219557950", "-0.28123408295879"], ["0.59690050139381", "1.34429409895147", "1.30835021119613"]], "bond_dist": [[0.0, 1.499029337595584, 2.478790255336735, 3.8887312841045674, 4.333045186855368, 3.8586230616854564, 2.5382567214920377, 1.0902094610536268, 1.0869760923776015, 1.0900004330158333, 2.6940632757087535, 4.425559210522994, 4.541820317876106, 4.433139171300642, 5.390643712422361, 4.679766523760324, 4.112888646120932, 2.664711866730865, 2.904354126704643], [1.499029337595584, 0.0, 1.3250611175481144, 2.4986579713348624, 2.8457248574531895, 2.510093397468428, 1.5046455391790559, 2.138173178363955, 2.1458182140589885, 2.1369496298379067, 2.0883441388472836, 3.1068904438401215, 3.2774229954163467, 3.066247174044555, 3.8942612996502564, 3.4455637780025783, 2.8453221484439744, 2.1338570391341833, 2.1263858311126675], [2.478790255336735, 1.3250611175481144, 0.0, 1.498484171383528, 2.500905410827497, 2.8156361114519894, 2.4766924200271383, 3.173430683192238, 2.6081218836028577, 3.203964253345611, 1.0823293879245588, 2.122504061327632, 2.129268641967507, 2.853088042165941, 3.435059243637305, 3.8678312894162254, 3.0240403542310825, 3.2701967400453906, 3.0740339061292823], [3.8887312841045674, 2.4986579713348624, 1.498484171383528, 0.0, 1.5257540703084678, 2.4912829364270017, 2.9691384903236355, 4.499615917949127, 4.106227212945515, 4.517443615428021, 2.195398999591766, 1.0960236068713727, 1.093437934424599, 2.152243772291857, 2.159611757023262, 3.4473578470035977, 2.6824814502582397, 3.88351907744692, 3.523211106093917], [4.333045186855368, 2.8457248574531895, 2.500905410827497, 1.5257540703084678, 0.0, 1.5238645232723327, 2.4931569678051573, 4.875460535881645, 4.86589282316004, 4.725538571645261, 3.4692172433011064, 2.1583332809716946, 2.162430312151119, 1.0922233874313372, 1.0919413734002494, 2.163599282828495, 2.14663080366545, 3.441971366388812, 2.8311374183264224], [3.8586230616854564, 2.510093397468428, 2.8156361114519894, 2.4912829364270017, 1.5238645232723327, 0.0, 1.525789797274257, 4.109996122709045, 4.644285884733831, 4.241612905941206, 3.887419772061309, 2.8491519319259986, 3.4385480074703496, 2.1463551039010014, 2.163942341479561, 1.0920472129733751, 1.0922202401829189, 2.1610698630395166, 2.1564621315348482], [2.5382567214920377, 1.5046455391790559, 2.4766924200271383, 2.9691384903236355, 2.4931569678051573, 1.525789797274257, 0.0, 2.8278139479714492, 3.4723004431788103, 2.7713175990594654, 3.463277876611729, 3.5492142092065757, 3.8682376242005225, 2.683884888753995, 3.448842801472289, 2.158239218763869, 2.1521971115051644, 1.0933001704004042, 1.0955820541677848], [1.0902094610536268, 2.138173178363955, 3.173430683192238, 4.499615917949127, 4.875460535881645, 4.109996122709045, 2.8278139479714492, 0.0, 1.7683327031304836, 1.7594649656932506, 3.41752310866296, 4.842263195823576, 5.2915359151278665, 5.129803375986561, 5.873251743324348, 4.86825449988984, 4.152244638883233, 2.5278364495021712, 3.3693090798117282], [1.0869760923776015, 2.1458182140589885, 2.6081218836028577, 4.106227212945515, 4.86589282316004, 4.644285884733831, 3.4723004431788103, 1.7683327031304836, 0.0, 1.769699406090208, 2.3626399950958046, 4.595036960649226, 4.581551812819818, 4.967613818562003, 5.901931554367881, 5.557487517674283, 4.831309235189863, 3.7028808392679124, 3.8369718529908052], [1.0900004330158333, 2.1369496298379067, 3.203964253345611, 4.517443615428021, 4.725538571645261, 4.241612905941206, 2.7713175990594654, 1.7594649656932506, 1.769699406090208, 0.0, 3.4825861923987, 5.2117693148065465, 5.085304563045516, 4.592003858725539, 5.810728808648731, 4.893969237947585, 4.704814206585198, 2.883682462336612, 2.7229477997327107], [2.6940632757087535, 2.0883441388472836, 1.0823293879245588, 2.195398999591766, 3.4692172433011064, 3.887419772061309, 3.463277876611729, 3.41752310866296, 2.3626399950958046, 3.4825861923987, 0.0, 2.6128423466708877, 2.446297526040167, 3.7621042800765747, 4.318391249017096, 4.947675646226663, 3.994405479851364, 4.15556203440701, 4.0086632274524066], [4.425559210522994, 3.1068904438401215, 2.122504061327632, 1.0960236068713727, 2.1583332809716946, 2.8491519319259986, 3.5492142092065757, 4.842263195823576, 4.595036960649226, 5.2117693148065465, 2.6128423466708877, 0.0, 1.7592619633285764, 3.04847596357164, 2.416268525750857, 3.7944001598828336, 2.6076085680291397, 4.277167027817887, 4.302341333332637], [4.541820317876106, 3.2774229954163467, 2.129268641967507, 1.093437934424599, 2.162430312151119, 3.4385480074703496, 3.8682376242005225, 5.2915359151278665, 4.581551812819818, 5.085304563045516, 2.446297526040167, 1.7592619633285764, 0.0, 2.41942055997755, 2.5651792080870393, 4.289952664160648, 3.7310454245659765, 4.854391416228791, 4.226777831133547], [4.433139171300642, 3.066247174044555, 2.853088042165941, 2.152243772291857, 1.0922233874313372, 2.1463551039010014, 2.683884888753995, 5.129803375986561, 4.967613818562003, 4.592003858725539, 3.7621042800765747, 3.04847596357164, 2.41942055997755, 0.0, 1.7671619442387332, 2.5232380927412095, 3.045124686379017, 3.7269573032027252, 2.5840755725302835], [5.390643712422361, 3.8942612996502564, 3.435059243637305, 2.159611757023262, 1.0919413734002494, 2.163942341479561, 3.448842801472289, 5.873251743324348, 5.901931554367881, 5.810728808648731, 4.318391249017096, 2.416268525750857, 2.5651792080870393, 1.7671619442387332, 0.0, 2.4656534726579378, 2.5240515811785995, 4.291194865401335, 3.7801123563761885], [4.679766523760324, 3.4455637780025783, 3.8678312894162254, 3.4473578470035977, 2.163599282828495, 1.0920472129733751, 2.158239218763869, 4.86825449988984, 5.557487517674283, 4.893969237947585, 4.947675646226663, 3.7944001598828336, 4.289952664160648, 2.5232380927412095, 2.4656534726579378, 0.0, 1.7673999872472597, 2.5481075172409566, 2.4240363999602206], [4.112888646120932, 2.8453221484439744, 3.0240403542310825, 2.6824814502582397, 2.14663080366545, 1.0922202401829189, 2.1521971115051644, 4.152244638883233, 4.831309235189863, 4.704814206585198, 3.994405479851364, 2.6076085680291397, 3.7310454245659765, 3.045124686379017, 2.5240515811785995, 1.7673999872472597, 0.0, 2.4293761181546634, 3.049682548688246], [2.664711866730865, 2.1338570391341833, 3.2701967400453906, 3.88351907744692, 3.441971366388812, 2.1610698630395166, 1.0933001704004042, 2.5278364495021712, 3.7028808392679124, 2.883682462336612, 4.15556203440701, 4.277167027817887, 4.854391416228791, 3.7269573032027252, 4.291194865401335, 2.5481075172409566, 2.4293761181546634, 0.0, 1.759802527935869], [2.904354126704643, 2.1263858311126675, 3.0740339061292823, 3.523211106093917, 2.8311374183264224, 2.1564621315348482, 1.0955820541677848, 3.3693090798117282, 3.8369718529908052, 2.7229477997327107, 4.0086632274524066, 4.302341333332637, 4.226777831133547, 2.5840755725302835, 3.7801123563761885, 2.4240363999602206, 3.049682548688246, 1.759802527935869, 0.0]]}