{"total energy": -26.32528869, "HOMO-LUMO gap/eV": 12.72043648, "electronic energy": -26.72462618, "dipole": [-0.00050088, -0.02365111, -0.01473989], "partial charges": [-0.10588524, -0.0098489, -0.10556085, -0.06257736, -0.06257737, -0.0098489, -0.10556085, -0.10588524, 0.03303419, 0.03092049, 0.03391965, 0.02487117, 0.03186667, 0.03408012, 0.03385655, 0.03293666, 0.02838684, 0.02838685, 0.03293668, 0.02487117, 0.03385655, 0.03408012, 0.03186667, 0.03391965, 0.03092049, 0.03303419], "atomic dipole moments": [[0.05838499, -0.04651567, 0.058356], [0.00101549, -0.03783439, -0.09044254], [0.02878423, 0.09117674, -0.00243199], [-0.02552152, -0.04702026, 0.09945687], [0.02596134, 0.06779002, -0.08651267], [-0.0038874, -0.0977863, 0.00592067], [-0.02603149, 0.03881611, 0.08344647], [-0.05865668, 0.03368419, -0.06635289], [-0.11603627, -0.00454804, 0.0417423], [0.03387399, 0.1184181, -0.00658462], [0.00131704, -0.04644801, -0.11436308], [-0.00592167, 0.04962526, 0.11189248], [-0.11798599, -0.00519987, 0.03504317], [0.00924723, -0.0560722, -0.10971741], [0.06683151, -0.06331864, 0.08292467], [0.00634675, -0.05460879, -0.1098054], [0.02571401, 0.11720327, -0.01599822], [-0.02242743, 0.03799987, 0.11272436], [-0.01009474, -0.12238249, -0.00049962], [0.00955761, 0.1220756, -0.00488463], [-0.06714328, 0.04859726, -0.09209933], [-0.01303622, -0.12285904, -0.00179654], [0.11841719, 0.025564, -0.02235187], [-0.00490607, -0.12303517, 0.00873737], [-0.03036621, 0.04723166, 0.10982127], [0.11661597, 0.0319224, -0.02468198]], "atomic quadrupole moments": [[0.02235456, -0.09770521, -0.02256272, 0.1269437, -0.11459332, 0.00020815], [0.09776715, 0.00872044, 0.04846583, 0.01325883, -0.12244378, -0.14623298], [-0.06922889, 0.09120368, 0.19526064, -0.00082789, -0.01762392, -0.12603175], [0.19787214, -0.06572858, -0.16093576, 0.01350218, -0.11594979, -0.03693638], [0.2008125, 0.00377853, -0.15333366, 0.05659135, -0.12203893, -0.04747884], [0.09645609, -0.02490877, -0.2040564, -0.00172092, 0.00251321, 0.10760031], [-0.07455121, -0.03732958, -0.07528431, -0.07446071, 0.11939447, 0.14983552], [0.02330502, -0.07597986, -0.09036357, 0.14206659, -0.08208799, 0.06705854], [0.06572804, 0.00521151, -0.04694292, -0.04413577, -0.01461387, -0.01878511], [-0.02653113, 0.0394113, 0.07175206, 0.01137932, -0.00446411, -0.04522093], [-0.04361181, -0.01386361, -0.0181301, -0.00293899, 0.04914174, 0.06174191], [-0.01862453, -0.0004358, -0.00692859, -0.00190186, 0.01725236, 0.02555312], [0.07355533, -0.00324229, -0.0300397, -0.03948176, -3.75e-06, -0.04351563], [-0.0499957, 0.00138913, -0.01615253, -0.01732699, 0.04286265, 0.06614822], [0.00206009, -0.02673674, -0.00941078, 0.05828952, -0.03713486, 0.00735069], [-0.02022037, -0.01146674, -0.01093189, -0.00187734, 0.04255907, 0.03115226], [-0.00834026, 0.0162709, 0.05536566, 0.00564498, -0.00682931, -0.0470254], [-0.00950901, -0.01224862, -0.03181173, -0.01005283, 0.03688368, 0.04132074], [-0.01937364, 0.00923601, 0.05615964, 0.00942814, 0.00895996, -0.03678599], [-0.01847889, 0.00342275, 0.03273322, -0.00043514, -0.00232535, -0.01425433], [0.00142381, -0.04190296, -0.02275715, 0.04916324, -0.03007567, 0.02133334], [-0.04929913, 0.01888714, 0.08304737, -0.00877351, -0.00637068, -0.03374823], [0.07511399, 0.03342348, -0.04304836, -0.0163505, 0.00512872, -0.03206563], [-0.0425365, 0.01261255, 0.08445896, 0.01112344, -0.00205837, -0.04192247], [-0.02928601, -0.02665331, -0.02439926, -0.02747881, 0.04492471, 0.05368527], [0.06693466, 0.0337966, -0.03797715, -0.02655285, -0.01998115, -0.02895751]], "number of molecular orbitals": 50, "number of electrons": 50, "number of unpaired electrons": 0, "orbital energies/eV": [-16.98120493, -16.84559812, -16.24360125, -15.88819538, -15.85907171, -15.47363113, -14.84130207, -14.80926838, -14.02194035, -13.66199682, -13.58467729, -13.48526561, -13.11505217, -12.82104792, -12.75764679, -12.48087107, -12.45214584, -12.12988295, -12.02804638, -11.96912125, -11.63674652, -11.57197236, -11.33115833, -11.27738506, -11.22598306, 1.49445341, 2.48771475, 2.69291568, 2.98713045, 3.19705753, 3.74775222, 3.76619659, 3.88627154, 4.2001818, 4.83995916, 4.89213071, 5.20271097, 5.58609542, 6.01597132, 6.19705177, 6.32260054, 6.54999972, 6.55856915, 6.88064073, 7.22651103, 7.3145918, 7.64423478, 8.08042033, 8.28145179, 8.63256435], "fractional occupation": [2.0, 2.0, 2.0, 2.0, 2.0, 2.0, 2.0, 2.0, 2.0, 2.0, 2.0, 2.0, 2.0, 2.0, 2.0, 2.0, 2.0, 2.0, 2.0, 2.0, 2.0, 2.0, 2.0, 2.0, 2.0, 0.0, 0.0, 0.0, 0.0, 0.0, 0.0, 0.0, 0.0, 0.0, 0.0, 0.0, 0.0, 0.0, 0.0, 0.0, 0.0, 0.0, 0.0, 0.0, 0.0, 0.0, 0.0, 0.0, 0.0, 0.0], "program call": "xtb /tmp/scratch/tmp6qwo57qm/16548_0_xyzopt.xyz --pop --wbo --acc 0.2 --gfn 2 --chrg 0 --uhf 0 --etemp 300 --input /tmp/scratch/tmp6qwo57qm/16548_0_xtb.inp", "method": "GFN2-xTB", "xtb version": "6.3.3 (7355c4f)", "Dipole module/D": 0.071, "Total charge": 0, "Transition dipole module/D": NaN, "HOMO": -11.226, "LUMO": 1.4945, "HOMO occupancy": 2.0, "LUMO occupancy": 0, "mulliken charges": [-0.09286, 0.00113, -0.09408, -0.05418, -0.05418, 0.00113, -0.09408, -0.09286, 0.0295, 0.02886, 0.02815, 0.01833, 0.02921, 0.02815, 0.02962, 0.02391, 0.02427, 0.02427, 0.02391, 0.01833, 0.02962, 0.02815, 0.02921, 0.02815, 0.02886, 0.0295], "cm5 charges": [-0.24403, -0.07452, -0.24529, -0.16456, -0.16456, -0.07452, -0.24529, -0.24403, 0.08185, 0.08119, 0.08108, 0.07672, 0.08167, 0.08116, 0.08263, 0.08114, 0.08096, 0.08096, 0.08114, 0.07672, 0.08263, 0.08116, 0.08167, 0.08108, 0.08119, 0.08185], "FUKUI+": [0.009, -0.035, 0.025, -0.028, -0.028, -0.035, 0.025, 0.009, -0.08, -0.045, -0.048, -0.057, -0.048, -0.038, -0.029, -0.062, -0.062, -0.062, -0.062, -0.057, -0.029, -0.038, -0.048, -0.048, -0.045, -0.08], "FUKUI-": [0.018, -0.012, 0.019, 0.001, 0.001, -0.012, 0.019, 0.018, -0.069, -0.046, -0.059, -0.081, -0.062, -0.056, -0.041, -0.058, -0.053, -0.053, -0.058, -0.081, -0.041, -0.056, -0.062, -0.059, -0.046, -0.069], "FUKUIrad": [0.014, -0.024, 0.022, -0.014, -0.014, -0.024, 0.022, 0.014, -0.075, -0.045, -0.053, -0.069, -0.055, -0.047, -0.035, -0.06, -0.058, -0.058, -0.06, -0.069, -0.035, -0.047, -0.055, -0.053, -0.045, -0.075], "s proportion": [1.01, 1.051, 1.009, 1.034, 1.034, 1.051, 1.009, 1.01, 0.97, 0.971, 0.972, 0.982, 0.971, 0.972, 0.97, 0.976, 0.976, 0.976, 0.976, 0.982, 0.97, 0.972, 0.971, 0.972, 0.971, 0.97], "p proportion": [3.083, 2.948, 3.085, 3.02, 3.02, 2.948, 3.085, 3.083, 0.0, 0.0, 0.0, 0.0, 0.0, 0.0, 0.0, 0.0, 0.0, 0.0, 0.0, 0.0, 0.0, 0.0, 0.0, 0.0, 0.0, 0.0], "d proportion": [0.0, 0.0, 0.0, 0.0, 0.0, 0.0, 0.0, 0.0, 0.0, 0.0, 0.0, 0.0, 0.0, 0.0, 0.0, 0.0, 0.0, 0.0, 0.0, 0.0, 0.0, 0.0, 0.0, 0.0, 0.0, 0.0], "Fermi-level/eV": -4.8658, "Coordination numbers": [3.757, 3.849, 3.756, 3.805, 3.805, 3.849, 3.756, 3.757, 0.925, 0.925, 0.925, 0.924, 0.925, 0.925, 0.925, 0.924, 0.924, 0.924, 0.924, 0.924, 0.925, 0.925, 0.925, 0.925, 0.925, 0.925], "Dispersion coefficient C6": [22.577, 20.718, 22.572, 21.698, 21.698, 20.718, 22.572, 22.577, 2.544, 2.573, 2.531, 2.661, 2.56, 2.529, 2.532, 2.545, 2.61, 2.61, 2.545, 2.661, 2.532, 2.529, 2.56, 2.531, 2.573, 2.544], "Total dispersion C6": 4375.660639, "Total dispersion C8": 90642.855525, "Polarizability alpha": [6.775, 6.474, 6.774, 6.631, 6.631, 6.474, 6.774, 6.775, 2.494, 2.509, 2.488, 2.551, 2.502, 2.487, 2.488, 2.495, 2.526, 2.526, 2.495, 2.551, 2.488, 2.487, 2.502, 2.488, 2.509, 2.494], "Total polarizability alpha": 98.389312, "Wiberg matrix": [[0.0, 1.0083239222516114, 0.0, 0.0, 0.0, 0.0, 0.0, 0.0, 0.9857487982738892, 0.986167767717236, 0.9866840087597859, 0.0, 0.0, 0.0, 0.0, 0.0, 0.0, 0.0, 0.0, 0.0, 0.0, 0.0, 0.0, 0.0, 0.0, 0.0], [1.0083239222516114, 0.0, 1.0097461719199192, 0.9822525330529186, 0.0, 0.0, 0.0, 0.0, 0.0, 0.0, 0.0, 0.9682989891924443, 0.0, 0.0, 0.0, 0.0, 0.0, 0.0, 0.0, 0.0, 0.0, 0.0, 0.0, 0.0, 0.0, 0.0], [0.0, 1.0097461719199192, 0.0, 0.0, 0.0, 0.0, 0.0, 0.0, 0.0, 0.0, 0.0, 0.0, 0.9849474127810213, 0.9857606975481227, 0.9865354014338141, 0.0, 0.0, 0.0, 0.0, 0.0, 0.0, 0.0, 0.0, 0.0, 0.0, 0.0], [0.0, 0.9822525330529186, 0.0, 0.0, 0.9970296698050364, 0.0, 0.0, 0.0, 0.0, 0.0, 0.0, 0.0, 0.0, 0.0, 0.0, 0.9714201297056756, 0.966476152344516, 0.0, 0.0, 0.0, 0.0, 0.0, 0.0, 0.0, 0.0, 0.0], [0.0, 0.0, 0.0, 0.9970296698050364, 0.0, 1.1694483513408613, 0.0, 0.15211352656833352, 0.0, 0.0, 0.0, 0.0, 0.0, 0.0, 0.0, 0.0, 0.0, 0.9423575099368038, 0.0, 0.0, 0.0, 0.0, 0.0, 0.0, 0.0, 0.0], [0.0, 0.0, 0.0, 0.0, 1.1694483513408613, 0.0, 1.1392135213517145, 1.627541631778455, 0.0, 0.0, 0.0, 0.0, 0.0, 0.0, 0.0, 0.0, 0.0, 0.0, 0.0, 0.0, 0.0, 0.0, 0.0, 0.0, 0.0, 0.0], [0.0, 0.0, 0.0, 0.0, 0.0, 1.1392135213517145, 0.0, 0.1423461996326008, 0.0, 0.0, 0.0, 0.0, 0.0, 0.0, 0.0, 0.0, 0.0, 0.0, 0.9521025058928527, 0.9469733830563042, 0.0, 0.0, 0.9865052977062425, 0.0, 0.0, 0.0], [0.0, 0.0, 0.0, 0.0, 0.15211352656833352, 1.627541631778455, 0.1423461996326008, 0.0, 0.0, 0.0, 0.0, 0.0, 0.0, 0.0, 0.0, 0.0, 0.0, 0.0, 0.0, 0.0, 0.0, 0.0, 0.0, 0.9870996920832275, 0.9868765609742549, 0.986631449891144], [0.9857487982738892, 0.0, 0.0, 0.0, 0.0, 0.0, 0.0, 0.0, 0.0, 0.0, 0.0, 0.0, 0.0, 0.0, 0.0, 0.0, 0.0, 0.0, 0.0, 0.0, 0.0, 0.0, 0.0, 0.0, 0.0, 0.0], [0.986167767717236, 0.0, 0.0, 0.0, 0.0, 0.0, 0.0, 0.0, 0.0, 0.0, 0.0, 0.0, 0.0, 0.0, 0.0, 0.0, 0.0, 0.0, 0.0, 0.0, 0.0, 0.0, 0.0, 0.0, 0.0, 0.0], [0.9866840087597859, 0.0, 0.0, 0.0, 0.0, 0.0, 0.0, 0.0, 0.0, 0.0, 0.0, 0.0, 0.0, 0.0, 0.0, 0.0, 0.0, 0.0, 0.0, 0.0, 0.0, 0.0, 0.0, 0.0, 0.0, 0.0], [0.0, 0.9682989891924443, 0.0, 0.0, 0.0, 0.0, 0.0, 0.0, 0.0, 0.0, 0.0, 0.0, 0.0, 0.0, 0.0, 0.0, 0.0, 0.0, 0.0, 0.0, 0.0, 0.0, 0.0, 0.0, 0.0, 0.0], [0.0, 0.0, 0.9849474127810213, 0.0, 0.0, 0.0, 0.0, 0.0, 0.0, 0.0, 0.0, 0.0, 0.0, 0.0, 0.0, 0.0, 0.0, 0.0, 0.0, 0.0, 0.0, 0.0, 0.0, 0.0, 0.0, 0.0], [0.0, 0.0, 0.9857606975481227, 0.0, 0.0, 0.0, 0.0, 0.0, 0.0, 0.0, 0.0, 0.0, 0.0, 0.0, 0.0, 0.0, 0.0, 0.0, 0.0, 0.0, 0.0, 0.0, 0.0, 0.0, 0.0, 0.0], [0.0, 0.0, 0.9865354014338141, 0.0, 0.0, 0.0, 0.0, 0.0, 0.0, 0.0, 0.0, 0.0, 0.0, 0.0, 0.0, 0.0, 0.0, 0.0, 0.0, 0.0, 0.0, 0.0, 0.0, 0.0, 0.0, 0.0], [0.0, 0.0, 0.0, 0.9714201297056756, 0.0, 0.0, 0.0, 0.0, 0.0, 0.0, 0.0, 0.0, 0.0, 0.0, 0.0, 0.0, 0.0, 0.0, 0.0, 0.0, 0.0, 0.0, 0.0, 0.0, 0.0, 0.0], [0.0, 0.0, 0.0, 0.966476152344516, 0.0, 0.0, 0.0, 0.0, 0.0, 0.0, 0.0, 0.0, 0.0, 0.0, 0.0, 0.0, 0.0, 0.0, 0.0, 0.0, 0.0, 0.0, 0.0, 0.0, 0.0, 0.0], [0.0, 0.0, 0.0, 0.0, 0.9423575099368038, 0.0, 0.0, 0.0, 0.0, 0.0, 0.0, 0.0, 0.0, 0.0, 0.0, 0.0, 0.0, 0.0, 0.0, 0.0, 0.0, 0.0, 0.0, 0.0, 0.0, 0.0], [0.0, 0.0, 0.0, 0.0, 0.0, 0.0, 0.9521025058928527, 0.0, 0.0, 0.0, 0.0, 0.0, 0.0, 0.0, 0.0, 0.0, 0.0, 0.0, 0.0, 0.0, 0.0, 0.0, 0.0, 0.0, 0.0, 0.0], [0.0, 0.0, 0.0, 0.0, 0.0, 0.0, 0.9469733830563042, 0.0, 0.0, 0.0, 0.0, 0.0, 0.0, 0.0, 0.0, 0.0, 0.0, 0.0, 0.0, 0.0, 0.0, 0.0, 0.0, 0.0, 0.0, 0.0], [0.0, 0.0, 0.0, 0.0, 0.0, 0.0, 0.0, 0.0, 0.0, 0.0, 0.0, 0.0, 0.0, 0.0, 0.0, 0.0, 0.0, 0.0, 0.0, 0.0, 0.0, 0.0, 0.0, 0.0, 0.0, 0.0], [0.0, 0.0, 0.0, 0.0, 0.0, 0.0, 0.0, 0.0, 0.0, 0.0, 0.0, 0.0, 0.0, 0.0, 0.0, 0.0, 0.0, 0.0, 0.0, 0.0, 0.0, 0.0, 0.0, 0.0, 0.0, 0.0], [0.0, 0.0, 0.0, 0.0, 0.0, 0.0, 0.9865052977062425, 0.0, 0.0, 0.0, 0.0, 0.0, 0.0, 0.0, 0.0, 0.0, 0.0, 0.0, 0.0, 0.0, 0.0, 0.0, 0.0, 0.0, 0.0, 0.0], [0.0, 0.0, 0.0, 0.0, 0.0, 0.0, 0.0, 0.9870996920832275, 0.0, 0.0, 0.0, 0.0, 0.0, 0.0, 0.0, 0.0, 0.0, 0.0, 0.0, 0.0, 0.0, 0.0, 0.0, 0.0, 0.0, 0.0], [0.0, 0.0, 0.0, 0.0, 0.0, 0.0, 0.0, 0.9868765609742549, 0.0, 0.0, 0.0, 0.0, 0.0, 0.0, 0.0, 0.0, 0.0, 0.0, 0.0, 0.0, 0.0, 0.0, 0.0, 0.0, 0.0, 0.0], [0.0, 0.0, 0.0, 0.0, 0.0, 0.0, 0.0, 0.986631449891144, 0.0, 0.0, 0.0, 0.0, 0.0, 0.0, 0.0, 0.0, 0.0, 0.0, 0.0, 0.0, 0.0, 0.0, 0.0, 0.0, 0.0, 0.0]], "Born radii": [], "Atomic SASAs": [], "Solvent H bonds": [], "Total SASA": NaN, "Total FOD": 0.0, "FOD": [0.0, 0.0, 0.0, 0.0, 0.0, 0.0, 0.0, 0.0, 0.0, 0.0, 0.0, 0.0, 0.0, 0.0, 0.0, 0.0, 0.0, 0.0, 0.0, 0.0, 0.0, 0.0, 0.0, 0.0, 0.0, 0.0], "FOD s proportion": [0.0, 0.0, 0.0, 0.0, 0.0, 0.0, 0.0, 0.0, 0.0, 0.0, 0.0, 0.0, 0.0, 0.0, 0.0, 0.0, 0.0, 0.0, 0.0, 0.0, 0.0, 0.0, 0.0, 0.0, 0.0, 0.0], "FOD p proportion": [0.0, 0.0, 0.0, 0.0, 0.0, 0.0, 0.0, 0.0, 0.0, 0.0, 0.0, 0.0, 0.0, 0.0, 0.0, 0.0, 0.0, 0.0, 0.0, 0.0, 0.0, 0.0, 0.0, 0.0, 0.0, 0.0], "FOD d proportion": [0.0, 0.0, 0.0, 0.0, 0.0, 0.0, 0.0, 0.0, 0.0, 0.0, 0.0, 0.0, 0.0, 0.0, 0.0, 0.0, 0.0, 0.0, 0.0, 0.0, 0.0, 0.0, 0.0, 0.0, 0.0, 0.0], "coordinates": [["-2.88902964757318", "1.15050079348332", "-0.68480630129056"], ["-1.95198456413373", "0.36445171376773", "0.23109917232462"], ["-2.41385244720988", "-1.08798960228254", "0.32217720883328"], ["-0.51168388626583", "0.47084977130837", "-0.28250079727029"], ["0.51865453322133", "-0.14166821131672", "0.66531342543191"], ["1.96454145169694", "0.22852876115951", "0.31611899361772"], ["2.38355110584976", "-0.34294198575626", "-1.03630661499094"], ["2.90754480866031", "-0.27614712366193", "1.40738266198564"], ["-3.91103504833188", "1.10859754468260", "-0.31472326931511"], ["-2.58808007797294", "2.19436223752109", "-0.74073401408767"], ["-2.87176385169319", "0.73457454900946", "-1.69020963569845"], ["-1.99639358024124", "0.80719512509166", "1.23309988466557"], ["-3.45481958314926", "-1.13409558629362", "0.63512822479262"], ["-2.32642547170034", "-1.57405397552136", "-0.64747826853520"], ["-1.81992168273634", "-1.64337332015672", "1.04283416876259"], ["-0.45271327106638", "-0.01306735057671", "-1.25901058941390"], ["-0.27187711160229", "1.52852993113262", "-0.42069197080815"], ["0.30862948637626", "0.20703937300169", "1.67999757809501"], ["0.42640695766783", "-1.22919151878903", "0.66246558357917"], ["2.04146559642882", "1.32125538566174", "0.27105783073481"], ["1.78676339399576", "0.07754310323719", "-1.84103511539473"], ["2.26293101910948", "-1.42439100329260", "-1.04356055785456"], ["3.42838744197969", "-0.11411131053091", "-1.23538007038867"], ["2.85849921425375", "-1.36095465688123", "1.47749504390419"], ["2.63755839490604", "0.14217314360892", "2.37457485385837"], ["3.93464581953059", "0.00638421239379", "1.18726457446268"]], "bond_dist": [[0.0, 1.5280083379085398, 2.5001296793051413, 2.505104408864924, 3.8864939842341495, 5.040737673202671, 5.491268670057979, 6.325571465425728, 1.0877556582229981, 1.0878167432292554, 1.0881767381211576, 2.143133702964065, 2.698467347001908, 2.782286025922764, 3.4544849105345588, 2.7602968820048606, 2.6574705652211663, 4.087473642340038, 4.297696698956383, 5.025198177263158, 4.934687816185292, 5.770742681211141, 6.466230272130189, 6.6345341663247455, 6.396851811106456, 7.16771923245612], [1.5280083379085398, 0.0, 1.5268277331517648, 1.5328312099129002, 2.559053916108146, 3.9198060477193137, 4.5720447090493765, 5.040737589243599, 2.1655377981237236, 2.167406230931786, 2.16203894201233, 1.096357294185686, 2.1604158350046316, 2.160997135642078, 2.169727097111259, 2.147268533786069, 2.1453836119588097, 2.6896953583319814, 2.8952585315322237, 4.106667036153389, 4.284191096526411, 4.75291795300389, 5.59714095424653, 5.260350177953526, 5.070286020822686, 5.9745193853284935], [2.5001296793051413, 1.5268277331517648, 0.0, 2.5325601509079005, 3.1004618734019096, 4.572044448300584, 5.041394162470618, 5.491268327119633, 2.7335312426201637, 3.4545577336896383, 2.7533840545726593, 2.143776382421595, 1.0879690612593027, 1.0881791193408774, 1.0865317671206975, 2.73891941625578, 3.4620929255517487, 3.30646096010685, 2.864054406991702, 5.065267364387035, 4.8665313615259755, 4.883718781911705, 6.124229790597354, 5.404346515833649, 5.58948906167013, 6.499958495192687], [2.505104408864924, 1.5328312099129002, 2.5325601509079005, 0.0, 1.528112344844771, 2.5590539365889113, 3.1004622065534675, 3.8864939643807985, 3.4588074293299806, 2.737132449685481, 2.76064709359488, 2.1481472248150513, 3.475620858679759, 2.7582833266788525, 2.8174346815476654, 1.0914324021499902, 1.0932938352081527, 2.1433408102543123, 2.1594249883809176, 2.7473967941574404, 2.8047422797937718, 3.4452340161477433, 4.095646523818628, 4.220334933996858, 4.1334980690617575, 4.705930976545541], [3.8864939842341495, 2.559053916108146, 3.1004618734019096, 1.528112344844771, 0.0, 1.5328312140152602, 2.5325601909623123, 2.505104404569181, 4.705930957057941, 4.1334982284342825, 4.220334950132201, 2.747396969405909, 4.0956464440193345, 3.445233118912309, 2.80474220979469, 2.1594250407694395, 2.143340812183469, 1.0932938440003623, 1.0914323935518084, 2.148147215340114, 2.8174344165050056, 2.7582836168585123, 3.475620915483586, 2.7606469439385575, 2.737132463096162, 3.458807452039198], [5.040737673202671, 3.9198060477193137, 4.572044448300584, 2.5590539365889113, 1.5328312140152602, 0.0, 1.5268277347737165, 1.5280083356658425, 5.9745194143232085, 5.070286217669916, 5.260350358656149, 4.106667145329467, 5.59714087975782, 4.752917140441017, 4.284191121286075, 2.895258585907138, 2.6896954157485986, 2.1453836542426092, 2.1472685199279016, 1.096357290457417, 2.1697270696397593, 2.160997122707229, 2.160415850619414, 2.1620389329614427, 2.167406197990617, 2.1655378185867025], [5.491268670057979, 4.5720447090493765, 5.041394162470618, 3.1004622065534675, 2.5325601909623123, 1.5268277347737165, 0.0, 2.500129643958015, 6.499958798761619, 5.589489467905284, 5.404346986099116, 5.065267681737028, 6.124229808347202, 4.883718212122956, 4.8665317772045436, 2.8640548093432368, 3.306461483803586, 3.4620929639910143, 2.7389192091404047, 2.143776383100197, 1.0865317493970874, 1.0881791224530162, 1.0879690656748924, 2.7533841512784645, 3.4545576831444493, 2.7335311298923903], [6.325571465425728, 5.040737589243599, 5.491268327119633, 3.8864939643807985, 2.505104404569181, 1.5280083356658425, 2.500129643958015, 0.0, 7.167719156140918, 6.396851932966707, 6.634534266541731, 5.025198168883215, 6.466230210444317, 5.7707417664961556, 4.934687680448578, 4.297696860003517, 4.087473532906654, 2.657470401612441, 2.7602971050979987, 2.143133710427397, 3.454484883808618, 2.7822856811745664, 2.6984676231236544, 1.0881767322261253, 1.0878167334808853, 1.0877556779162065], [1.0877556582229981, 2.1655377981237236, 2.7335312426201637, 3.4588074293299806, 4.705930957057941, 5.9745194143232085, 6.499958798761619, 7.167719156140918, 0.0, 1.7636836384322885, 1.7640693199422657, 2.4804136521689792, 2.477906957748495, 3.1334218641464426, 3.71336248518467, 3.7563013983525386, 3.664838749979008, 4.753660398207979, 5.023301595058691, 5.985033565518422, 5.9881222601161515, 6.713053834080013, 7.497316078522488, 7.425451413268298, 7.144954625686135, 8.06384213592222], [1.0878167432292554, 2.167406230931786, 3.4545577336896383, 2.737132449685481, 4.1334982284342825, 5.070286217669916, 5.589489467905284, 6.396851932966707, 1.7636836384322885, 0.0, 1.7643583918907932, 2.484018069433317, 3.7044386558726186, 3.7786400360160552, 4.3010925348930655, 3.114666498195244, 2.4311634562738305, 4.266183295338472, 4.772506838264749, 4.818581893398208, 4.98305540457209, 6.05965243207283, 6.463095718130351, 6.87212080509755, 6.420586177998723, 7.144954830497904], [1.0881767381211576, 2.16203894201233, 2.7533840545726593, 2.76064709359488, 4.220334950132201, 5.260350358656149, 5.404346986099116, 6.634534266541731, 1.7640693199422657, 1.7643583918907932, 0.0, 3.052422875694534, 3.039585206239593, 2.5912252540133824, 3.7723383270818514, 2.5684054857370997, 3.0002418755112625, 4.663849462693619, 4.502153767271933, 5.322648597162682, 4.707049473384094, 5.607528751789912, 6.373307143456348, 6.874700749477968, 6.872120778081205, 7.425451609768355], [2.143133702964065, 1.096357294185686, 2.143776382421595, 2.1481472248150513, 2.747396969405909, 4.106667145329467, 5.065267681737028, 5.025198168883215, 2.4804136521689792, 2.484018069433317, 3.052422875694534, 0.0, 2.500637146424935, 3.052186514426405, 2.464270496131485, 3.044075235755581, 2.495858260046895, 2.4234347139541383, 3.215968985460604, 4.182593644575971, 4.928993280915496, 5.320244868572044, 6.030791654158889, 5.322648449500281, 4.818581767400063, 5.985033613539959], [2.698467347001908, 2.1604158350046316, 1.0879690612593027, 3.475620858679759, 4.0956464440193345, 5.59714087975782, 6.124229808347202, 6.466230210444317, 2.477906957748495, 3.7044386558726186, 3.039585206239593, 2.500637146424935, 0.0, 1.7640623775057254, 1.7602497242527133, 3.7225137288942425, 4.281991792223023, 4.12964209628717, 3.882487608313205, 6.030791525377178, 5.922300676895101, 5.9661494624042275, 7.20539437893095, 6.373306922900404, 6.463095688119465, 7.4973160302366555], [2.782286025922764, 2.160997135642078, 1.0881791193408774, 2.7582833266788525, 3.445233118912309, 4.752917140441017, 4.883718212122956, 5.7707417664961556, 3.1334218641464426, 3.7786400360160552, 2.5912252540133824, 3.052186514426405, 1.7640623775057254, 0.0, 1.7659296122606811, 2.514249079454925, 3.728086357187371, 3.941186618885756, 3.0680562892386365, 5.320244096435722, 4.590280329362838, 4.608847272898836, 5.966148907389122, 5.607527699191565, 6.059651510353989, 6.713052947774851], [3.4544849105345588, 2.169727097111259, 1.0865317671206975, 2.8174346815476654, 2.80474220979469, 4.284191121286075, 4.8665317772045436, 4.934687680448578, 3.71336248518467, 4.3010925348930655, 3.7723383270818514, 2.464270496131485, 1.7602497242527133, 1.7659296122606811, 0.0, 3.134588599183934, 3.8209057814822294, 2.8914934592221524, 2.315646602113256, 4.9289931830954, 4.928126685378023, 4.590281298060582, 5.922301164423662, 4.707049231433504, 4.98305509393425, 5.988122176145414], [2.7602968820048606, 2.147268533786069, 2.73891941625578, 1.0914324021499902, 2.1594250407694395, 2.895258585907138, 2.8640548093432368, 4.297696860003517, 3.7563013983525386, 3.114666498195244, 2.5684054857370997, 3.044075235755581, 3.7225137288942425, 2.514249079454925, 3.134588599183934, 0.0, 1.764086733084394, 3.043987314815695, 2.4380075989339924, 3.2159687121983747, 2.315646461906786, 3.0680575417646576, 3.882487737015964, 4.502154083837914, 4.772506862656888, 5.023301735964629], [2.6574705652211663, 2.1453836119588097, 3.4620929255517487, 1.0932938352081527, 2.143340812183469, 2.6896954157485986, 3.306461483803586, 4.087473532906654, 3.664838749979008, 2.4311634562738305, 3.0002418755112625, 2.495858260046895, 4.281991792223023, 3.728086357187371, 3.8209057814822294, 1.764086733084394, 0.0, 2.5487686804409675, 3.0439872740175384, 2.4234345483085766, 2.891494104159497, 3.9411875851345113, 4.129642201802388, 4.66384938314608, 4.2661829226986585, 4.753660380243945], [4.087473642340038, 2.6896953583319814, 3.30646096010685, 2.1433408102543123, 1.0932938440003623, 2.1453836542426092, 3.4620929639910143, 2.657470401612441, 4.753660398207979, 4.266183295338472, 4.663849462693619, 2.4234347139541383, 4.12964209628717, 3.941186618885756, 2.8914934592221524, 3.043987314815695, 2.5487686804409675, 0.0, 1.764086751591652, 2.495858473323673, 3.8209056990929553, 3.728086435885874, 4.281991860847307, 3.0002413541660626, 2.431163318394755, 3.6648387078627476], [4.297696698956383, 2.8952585315322237, 2.864054406991702, 2.1594249883809176, 1.0914323935518084, 2.1472685199279016, 2.7389192091404047, 2.7602971050979987, 5.023301595058691, 4.772506838264749, 4.502153767271933, 3.215968985460604, 3.882487608313205, 3.0680562892386365, 2.315646602113256, 2.4380075989339924, 3.0439872740175384, 1.764086751591652, 0.0, 3.0440752040719508, 3.13458781277916, 2.5142491249396612, 3.7225137777210255, 2.5684055930290275, 3.114666895359827, 3.7563015427684214], [5.025198177263158, 4.106667036153389, 5.065267364387035, 2.7473967941574404, 2.148147215340114, 1.096357290457417, 2.143776383100197, 2.143133710427397, 5.985033565518422, 4.818581893398208, 5.322648597162682, 4.182593644575971, 6.030791525377178, 5.320244096435722, 4.9289931830954, 3.2159687121983747, 2.4234345483085766, 2.495858473323673, 3.0440752040719508, 0.0, 2.4642706966703343, 3.0521865169478812, 2.50063690050086, 3.052422872783906, 2.484018000033678, 2.4804137470767107], [4.934687816185292, 4.284191096526411, 4.8665313615259755, 2.8047422797937718, 2.8174344165050056, 2.1697270696397593, 1.0865317493970874, 3.454484883808618, 5.9881222601161515, 4.98305540457209, 4.707049473384094, 4.928993280915496, 5.922300676895101, 4.590280329362838, 4.928126685378023, 2.315646461906786, 2.891494104159497, 3.8209056990929553, 3.13458781277916, 2.4642706966703343, 0.0, 1.7659295958468357, 1.760249687623103, 3.772338252657931, 4.30109248779406, 3.7133625615145545], [5.770742681211141, 4.75291795300389, 4.883718781911705, 3.4452340161477433, 2.7582836168585123, 2.160997122707229, 1.0881791224530162, 2.7822856811745664, 6.713053834080013, 6.05965243207283, 5.607528751789912, 5.320244868572044, 5.9661494624042275, 4.608847272898836, 4.590281298060582, 3.0680575417646576, 3.9411875851345113, 3.728086435885874, 2.5142491249396612, 3.0521865169478812, 1.7659295958468357, 0.0, 1.7640624343435007, 2.5912249983883298, 3.778639780378572, 3.133421271190272], [6.466230272130189, 5.59714095424653, 6.124229790597354, 4.095646523818628, 3.475620915483586, 2.160415850619414, 1.0879690656748924, 2.6984676231236544, 7.497316078522488, 6.463095718130351, 6.373307143456348, 6.030791654158889, 7.20539437893095, 5.966148907389122, 5.922301164423662, 3.882487737015964, 4.129642201802388, 4.281991860847307, 3.7225137777210255, 2.50063690050086, 1.760249687623103, 1.7640624343435007, 0.0, 3.0395858777452194, 3.704438804761744, 2.477907139323887], [6.6345341663247455, 5.260350177953526, 5.404346515833649, 4.220334933996858, 2.7606469439385575, 2.1620389329614427, 2.7533841512784645, 1.0881767322261253, 7.425451413268298, 6.87212080509755, 6.874700749477968, 5.322648449500281, 6.373306922900404, 5.607527699191565, 4.707049231433504, 4.502154083837914, 4.66384938314608, 3.0002413541660626, 2.5684055930290275, 3.052422872783906, 3.772338252657931, 2.5912249983883298, 3.0395858777452194, 0.0, 1.764358301391138, 1.764069393439894], [6.396851811106456, 5.070286020822686, 5.58948906167013, 4.1334980690617575, 2.737132463096162, 2.167406197990617, 3.4545576831444493, 1.0878167334808853, 7.144954625686135, 6.420586177998723, 6.872120778081205, 4.818581767400063, 6.463095688119465, 6.059651510353989, 4.98305509393425, 4.772506862656888, 4.2661829226986585, 2.431163318394755, 3.114666895359827, 2.484018000033678, 4.30109248779406, 3.778639780378572, 3.704438804761744, 1.764358301391138, 0.0, 1.763683679268583], [7.16771923245612, 5.9745193853284935, 6.499958495192687, 4.705930976545541, 3.458807452039198, 2.1655378185867025, 2.7335311298923903, 1.0877556779162065, 8.06384213592222, 7.144954830497904, 7.425451609768355, 5.985033613539959, 7.4973160302366555, 6.713052947774851, 5.988122176145414, 5.023301735964629, 4.753660380243945, 3.6648387078627476, 3.7563015427684214, 2.4804137470767107, 3.7133625615145545, 3.133421271190272, 2.477907139323887, 1.764069393439894, 1.763683679268583, 0.0]]}