{"total energy": -25.26938361, "HOMO-LUMO gap/eV": 5.22456951, "electronic energy": -25.67979815, "dipole": [-0.01041722, 0.00396612, -0.03145129], "partial charges": [-0.09817829, -0.0520792, -0.04548954, -0.04542549, -0.05754928, -0.05512688, -0.05255637, -0.10196228, 0.03413775, 0.03271125, 0.0350703, 0.03165335, 0.0348207, 0.02805159, 0.02676868, 0.03471765, 0.03164449, 0.03062649, 0.03137082, 0.02877988, 0.0285388, 0.0328328, 0.03339474, 0.03324804], "atomic dipole moments": [[-0.04005391, -0.03108073, 0.0840191], [-0.01567469, 0.0592684, -0.07599245], [0.14543882, -0.01203505, -0.01357244], [-0.14730782, 0.01041782, 0.01377531], [0.0025421, -0.05193711, -0.08156011], [-0.03179171, 0.0629451, 0.0902237], [0.03255627, -0.06104722, -0.08839437], [0.05421687, 0.02241743, 0.07717569], [-0.06951693, -0.03481474, -0.09755891], [0.1130056, -0.04983066, -0.01143004], [0.01157179, 0.12346522, -0.0028234], [-0.01002845, -0.12372304, 0.00086938], [0.07376913, 0.03329147, 0.09369521], [-0.00464557, 0.14511038, 0.00592937], [0.00461271, -0.14502632, -0.00681349], [-0.05563898, -0.04188404, 0.10222623], [0.01127272, 0.12293567, 0.01053808], [0.05411506, 0.04236535, -0.10242141], [-0.00893156, -0.12181563, -0.01104117], [0.00859482, 0.12147357, 0.01101163], [-0.05301688, -0.042315, 0.10148286], [-0.11244144, 0.04947812, 0.01324693], [0.04957958, 0.04399954, -0.10425712], [-0.01288793, -0.12211227, -0.01239725]], "atomic quadrupole moments": [[-0.05226444, 0.04042602, -0.08998367, -0.13683317, -0.09388148, 0.14224811], [0.08014893, -0.05410419, -0.11599198, -0.13940533, -0.08363876, 0.03584305], [-0.19833179, -0.1742762, -0.30607839, 0.0520992, -0.02130223, 0.50441018], [-0.19634704, -0.17404465, -0.30550875, 0.06525595, -0.01378194, 0.50185579], [0.13108142, -0.05636831, -0.13351878, 0.11672744, 0.08326747, 0.00243736], [0.15802378, -0.08600305, -0.16148375, 0.12522824, 0.09414899, 0.00345996], [0.15613625, -0.08294048, -0.15858224, 0.11811051, 0.08793852, 0.002446], [0.00499464, 0.03839061, -0.10465685, 0.15911974, 0.06546451, 0.09966222], [0.00362332, 0.03276816, -0.03495676, 0.05035695, 0.02389326, 0.03133344], [0.05791903, -0.05343832, -0.02417097, -0.00732245, -0.00795216, -0.03374806], [-0.05171238, 0.00863536, 0.08363035, -0.00775141, 0.0074089, -0.03191797], [-0.02409582, 0.00970608, 0.05824286, -0.01211451, 0.0072116, -0.03414704], [0.00282112, 0.0218649, -0.02692434, 0.03460007, 0.02430143, 0.02410321], [0.03177153, 0.00523057, 0.03600949, -0.00731541, 0.00394692, -0.06778102], [0.03144274, 0.00561475, 0.03577005, -0.01075983, 0.00350676, -0.06721278], [-0.01157725, 0.01974373, -0.01915736, -0.02859244, -0.03236128, 0.03073461], [-0.02178682, 0.00901848, 0.05960183, 0.00851349, 6.923e-05, -0.03781501], [-0.00656906, 0.01541307, -0.01991373, -0.02514431, -0.03414089, 0.0264828], [-0.02250386, 0.00890097, 0.05827507, 0.00671337, -0.00087957, -0.03577122], [-0.02084263, 0.00864175, 0.05731762, 0.0086521, -0.00050035, -0.03647499], [-0.00442386, 0.01592114, -0.02161981, -0.02513068, -0.03514372, 0.02604367], [0.05870538, -0.05063754, -0.02656294, -0.01387539, 0.01833355, -0.03214244], [-0.01345542, 0.03272433, -0.02914249, -0.04091127, -0.03679923, 0.04259792], [-0.04841183, 0.00730441, 0.08423009, 0.01132245, 0.00259478, -0.03581826]], "number of molecular orbitals": 48, "number of electrons": 48, "number of unpaired electrons": 0, "orbital energies/eV": [-16.92868776, -16.80987815, -16.56292613, -16.17584532, -15.63162986, -15.19098034, -15.05640214, -14.68582748, -14.03781232, -13.74106353, -13.55916012, -13.39808259, -13.19704151, -12.94004702, -12.71947829, -12.39595503, -12.24244242, -12.12938371, -11.84114737, -11.76699953, -11.57144319, -11.42420475, -11.30677043, -10.40930864, -5.18473913, 1.91510511, 3.023087, 3.11584473, 3.47566877, 3.68372349, 3.85547889, 4.20421546, 4.41003718, 4.63937107, 4.89696329, 5.08213348, 5.25387568, 5.63895259, 5.66668951, 6.04818553, 6.54613863, 6.96859897, 7.24909957, 7.36233403, 7.69297243, 8.43097544, 11.36851842, 17.70589459], "fractional occupation": [2.0, 2.0, 2.0, 2.0, 2.0, 2.0, 2.0, 2.0, 2.0, 2.0, 2.0, 2.0, 2.0, 2.0, 2.0, 2.0, 2.0, 2.0, 2.0, 2.0, 2.0, 2.0, 2.0, 2.0, 0.0, 0.0, 0.0, 0.0, 0.0, 0.0, 0.0, 0.0, 0.0, 0.0, 0.0, 0.0, 0.0, 0.0, 0.0, 0.0, 0.0, 0.0, 0.0, 0.0, 0.0, 0.0, 0.0, 0.0], "program call": "xtb /tmp/scratch/tmpzqq9jk2q/16582_0_xyzopt.xyz --pop --wbo --acc 0.2 --gfn 2 --chrg 0 --uhf 0 --etemp 300 --input /tmp/scratch/tmpzqq9jk2q/16582_0_xtb.inp", "method": "GFN2-xTB", "xtb version": "6.3.3 (7355c4f)", "Dipole module/D": 0.085, "Total charge": 0, "Transition dipole module/D": NaN, "HOMO": -10.4093, "LUMO": -5.1847, "HOMO occupancy": 2.0, "LUMO occupancy": 0, "mulliken charges": [-0.08218, -0.03398, -0.04553, -0.04433, -0.0404, -0.04412, -0.0399, -0.08548, 0.02863, 0.02876, 0.0286, 0.02472, 0.02863, 0.02301, 0.02284, 0.02888, 0.02507, 0.02377, 0.02363, 0.02239, 0.02205, 0.02934, 0.02788, 0.02773], "cm5 charges": [-0.23391, -0.14292, -0.1088, -0.10756, -0.14769, -0.15518, -0.15341, -0.23812, 0.08095, 0.08031, 0.08082, 0.08045, 0.08336, 0.08038, 0.08021, 0.08437, 0.08153, 0.07989, 0.07965, 0.0776, 0.07722, 0.0809, 0.08004, 0.07988], "FUKUI+": [0.018, 0.023, -0.145, -0.144, 0.024, 0.001, 0.005, 0.011, -0.029, -0.06, -0.036, -0.055, -0.081, -0.129, -0.128, -0.08, -0.053, -0.021, -0.028, -0.018, -0.02, -0.028, -0.013, -0.015], "FUKUI-": [0.01, 0.005, -0.056, -0.053, 0.008, 0.001, 0.006, 0.014, -0.045, -0.054, -0.043, -0.053, -0.096, -0.065, -0.063, -0.08, -0.047, -0.05, -0.049, -0.062, -0.063, -0.058, -0.052, -0.055], "FUKUIrad": [0.014, 0.014, -0.1, -0.099, 0.016, 0.001, 0.005, 0.013, -0.037, -0.057, -0.039, -0.054, -0.089, -0.097, -0.096, -0.08, -0.05, -0.035, -0.038, -0.04, -0.042, -0.043, -0.033, -0.035], "s proportion": [1.005, 1.022, 1.064, 1.064, 1.026, 1.031, 1.026, 1.005, 0.971, 0.971, 0.971, 0.975, 0.971, 0.977, 0.977, 0.971, 0.975, 0.976, 0.976, 0.978, 0.978, 0.971, 0.972, 0.972], "p proportion": [3.077, 3.012, 2.981, 2.981, 3.014, 3.013, 3.014, 3.08, 0.0, 0.0, 0.0, 0.0, 0.0, 0.0, 0.0, 0.0, 0.0, 0.0, 0.0, 0.0, 0.0, 0.0, 0.0, 0.0], "d proportion": [0.0, 0.0, 0.0, 0.0, 0.0, 0.0, 0.0, 0.0, 0.0, 0.0, 0.0, 0.0, 0.0, 0.0, 0.0, 0.0, 0.0, 0.0, 0.0, 0.0, 0.0, 0.0, 0.0, 0.0], "Fermi-level/eV": -7.797, "Coordination numbers": [3.753, 3.804, 2.891, 2.891, 3.806, 3.804, 3.801, 3.752, 0.925, 0.925, 0.925, 0.924, 0.924, 0.925, 0.925, 0.924, 0.924, 0.924, 0.924, 0.924, 0.924, 0.925, 0.925, 0.925], "Dispersion coefficient C6": [22.433, 21.506, 29.128, 29.126, 21.604, 21.561, 21.518, 22.508, 2.528, 2.548, 2.516, 2.563, 2.519, 2.614, 2.633, 2.521, 2.563, 2.578, 2.567, 2.604, 2.607, 2.546, 2.539, 2.541], "Total dispersion C6": 4140.726618, "Total dispersion C8": 88480.702066, "Polarizability alpha": [6.754, 6.602, 8.849, 8.848, 6.617, 6.611, 6.604, 6.765, 2.487, 2.496, 2.48, 2.504, 2.482, 2.528, 2.537, 2.483, 2.504, 2.511, 2.506, 2.523, 2.525, 2.495, 2.492, 2.493], "Total polarizability alpha": 97.695868, "Wiberg matrix": [[0.0, 1.0042491865245844, 0.0, 0.0, 0.0, 0.0, 0.0, 0.0, 0.9890418453924135, 0.9869520870241597, 0.9881665211833197, 0.0, 0.0, 0.0, 0.0, 0.0, 0.0, 0.0, 0.0, 0.0, 0.0, 0.0, 0.0, 0.0], [1.0042491865245844, 0.0, 1.0246267869125312, 0.0, 0.0, 0.0, 0.0, 0.0, 0.0, 0.0, 0.0, 0.9769501185927655, 0.9650678415022527, 0.0, 0.0, 0.0, 0.0, 0.0, 0.0, 0.0, 0.0, 0.0, 0.0, 0.0], [0.0, 1.0246267869125312, 0.0, 1.9292264202263398, 0.0, 0.0, 0.0, 0.0, 0.0, 0.0, 0.0, 0.0, 0.0, 0.9646219578427383, 0.0, 0.0, 0.0, 0.0, 0.0, 0.0, 0.0, 0.0, 0.0, 0.0], [0.0, 0.0, 1.9292264202263398, 0.0, 1.024686783671382, 0.0, 0.0, 0.0, 0.0, 0.0, 0.0, 0.0, 0.0, 0.0, 0.9646875782426898, 0.0, 0.0, 0.0, 0.0, 0.0, 0.0, 0.0, 0.0, 0.0], [0.0, 0.0, 0.0, 1.024686783671382, 0.0, 0.99134093514859, 0.0, 0.0, 0.0, 0.0, 0.0, 0.0, 0.0, 0.0, 0.0, 0.9638199367781946, 0.9759095214520483, 0.0, 0.0, 0.0, 0.0, 0.0, 0.0, 0.0], [0.0, 0.0, 0.0, 0.0, 0.99134093514859, 0.0, 1.0072508788107752, 0.0, 0.0, 0.0, 0.0, 0.0, 0.0, 0.0, 0.0, 0.0, 0.0, 0.9785116078963615, 0.977749517845733, 0.0, 0.0, 0.0, 0.0, 0.0], [0.0, 0.0, 0.0, 0.0, 0.0, 1.0072508788107752, 0.0, 1.0187407298844462, 0.0, 0.0, 0.0, 0.0, 0.0, 0.0, 0.0, 0.0, 0.0, 0.0, 0.0, 0.9786106624087646, 0.9784927793066124, 0.0, 0.0, 0.0], [0.0, 0.0, 0.0, 0.0, 0.0, 0.0, 1.0187407298844462, 0.0, 0.0, 0.0, 0.0, 0.0, 0.0, 0.0, 0.0, 0.0, 0.0, 0.0, 0.0, 0.0, 0.0, 0.9873962406146128, 0.9879878088275691, 0.9880065383156185], [0.9890418453924135, 0.0, 0.0, 0.0, 0.0, 0.0, 0.0, 0.0, 0.0, 0.0, 0.0, 0.0, 0.0, 0.0, 0.0, 0.0, 0.0, 0.0, 0.0, 0.0, 0.0, 0.0, 0.0, 0.0], [0.9869520870241597, 0.0, 0.0, 0.0, 0.0, 0.0, 0.0, 0.0, 0.0, 0.0, 0.0, 0.0, 0.0, 0.0, 0.0, 0.0, 0.0, 0.0, 0.0, 0.0, 0.0, 0.0, 0.0, 0.0], [0.9881665211833197, 0.0, 0.0, 0.0, 0.0, 0.0, 0.0, 0.0, 0.0, 0.0, 0.0, 0.0, 0.0, 0.0, 0.0, 0.0, 0.0, 0.0, 0.0, 0.0, 0.0, 0.0, 0.0, 0.0], [0.0, 0.9769501185927655, 0.0, 0.0, 0.0, 0.0, 0.0, 0.0, 0.0, 0.0, 0.0, 0.0, 0.0, 0.0, 0.0, 0.0, 0.0, 0.0, 0.0, 0.0, 0.0, 0.0, 0.0, 0.0], [0.0, 0.9650678415022527, 0.0, 0.0, 0.0, 0.0, 0.0, 0.0, 0.0, 0.0, 0.0, 0.0, 0.0, 0.0, 0.0, 0.0, 0.0, 0.0, 0.0, 0.0, 0.0, 0.0, 0.0, 0.0], [0.0, 0.0, 0.9646219578427383, 0.0, 0.0, 0.0, 0.0, 0.0, 0.0, 0.0, 0.0, 0.0, 0.0, 0.0, 0.0, 0.0, 0.0, 0.0, 0.0, 0.0, 0.0, 0.0, 0.0, 0.0], [0.0, 0.0, 0.0, 0.9646875782426898, 0.0, 0.0, 0.0, 0.0, 0.0, 0.0, 0.0, 0.0, 0.0, 0.0, 0.0, 0.0, 0.0, 0.0, 0.0, 0.0, 0.0, 0.0, 0.0, 0.0], [0.0, 0.0, 0.0, 0.0, 0.9638199367781946, 0.0, 0.0, 0.0, 0.0, 0.0, 0.0, 0.0, 0.0, 0.0, 0.0, 0.0, 0.0, 0.0, 0.0, 0.0, 0.0, 0.0, 0.0, 0.0], [0.0, 0.0, 0.0, 0.0, 0.9759095214520483, 0.0, 0.0, 0.0, 0.0, 0.0, 0.0, 0.0, 0.0, 0.0, 0.0, 0.0, 0.0, 0.0, 0.0, 0.0, 0.0, 0.0, 0.0, 0.0], [0.0, 0.0, 0.0, 0.0, 0.0, 0.9785116078963615, 0.0, 0.0, 0.0, 0.0, 0.0, 0.0, 0.0, 0.0, 0.0, 0.0, 0.0, 0.0, 0.0, 0.0, 0.0, 0.0, 0.0, 0.0], [0.0, 0.0, 0.0, 0.0, 0.0, 0.977749517845733, 0.0, 0.0, 0.0, 0.0, 0.0, 0.0, 0.0, 0.0, 0.0, 0.0, 0.0, 0.0, 0.0, 0.0, 0.0, 0.0, 0.0, 0.0], [0.0, 0.0, 0.0, 0.0, 0.0, 0.0, 0.9786106624087646, 0.0, 0.0, 0.0, 0.0, 0.0, 0.0, 0.0, 0.0, 0.0, 0.0, 0.0, 0.0, 0.0, 0.0, 0.0, 0.0, 0.0], [0.0, 0.0, 0.0, 0.0, 0.0, 0.0, 0.9784927793066124, 0.0, 0.0, 0.0, 0.0, 0.0, 0.0, 0.0, 0.0, 0.0, 0.0, 0.0, 0.0, 0.0, 0.0, 0.0, 0.0, 0.0], [0.0, 0.0, 0.0, 0.0, 0.0, 0.0, 0.0, 0.9873962406146128, 0.0, 0.0, 0.0, 0.0, 0.0, 0.0, 0.0, 0.0, 0.0, 0.0, 0.0, 0.0, 0.0, 0.0, 0.0, 0.0], [0.0, 0.0, 0.0, 0.0, 0.0, 0.0, 0.0, 0.9879878088275691, 0.0, 0.0, 0.0, 0.0, 0.0, 0.0, 0.0, 0.0, 0.0, 0.0, 0.0, 0.0, 0.0, 0.0, 0.0, 0.0], [0.0, 0.0, 0.0, 0.0, 0.0, 0.0, 0.0, 0.9880065383156185, 0.0, 0.0, 0.0, 0.0, 0.0, 0.0, 0.0, 0.0, 0.0, 0.0, 0.0, 0.0, 0.0, 0.0, 0.0, 0.0]], "Born radii": [], "Atomic SASAs": [], "Solvent H bonds": [], "Total SASA": NaN, "Total FOD": 0.0, "FOD": [0.0, 0.0, 0.0, 0.0, 0.0, 0.0, 0.0, 0.0, 0.0, 0.0, 0.0, 0.0, 0.0, 0.0, 0.0, 0.0, 0.0, 0.0, 0.0, 0.0, 0.0, 0.0, 0.0, 0.0], "FOD s proportion": [0.0, 0.0, 0.0, 0.0, 0.0, 0.0, 0.0, 0.0, 0.0, 0.0, 0.0, 0.0, 0.0, 0.0, 0.0, 0.0, 0.0, 0.0, 0.0, 0.0, 0.0, 0.0, 0.0, 0.0], "FOD p proportion": [0.0, 0.0, 0.0, 0.0, 0.0, 0.0, 0.0, 0.0, 0.0, 0.0, 0.0, 0.0, 0.0, 0.0, 0.0, 0.0, 0.0, 0.0, 0.0, 0.0, 0.0, 0.0, 0.0, 0.0], "FOD d proportion": [0.0, 0.0, 0.0, 0.0, 0.0, 0.0, 0.0, 0.0, 0.0, 0.0, 0.0, 0.0, 0.0, 0.0, 0.0, 0.0, 0.0, 0.0, 0.0, 0.0, 0.0, 0.0, 0.0, 0.0], "coordinates": [["3.87491693022703", "0.05125149634165", "-0.59452451280653"], ["3.21664176567332", "-0.40308117405453", "0.70806753918269"], ["1.86301120328396", "0.21282818577758", "0.87110311156133"], ["0.72917661475414", "-0.46237790719457", "0.94926965577262"], ["-0.62564683006060", "0.15513695259422", "1.08872516471395"], ["-1.51593083040752", "-0.18279926087515", "-0.11096038252651"], ["-2.91283056192229", "0.41708302672089", "0.02537062096241"], ["-3.79185035025866", "0.08346356294940", "-1.17372667695459"], ["3.27210775291186", "-0.25331281438710", "-1.44727425927431"], ["4.86508629512948", "-0.38740078193710", "-0.69564126540709"], ["3.97381674415581", "1.13449336703773", "-0.61390656873679"], ["3.13153757321354", "-1.49144861666336", "0.71697625656680"], ["3.85090664468448", "-0.10556332489667", "1.54857842245055"], ["1.85038717680680", "1.29503945173422", "0.91313411196072"], ["0.74165818358279", "-1.54437332995716", "0.90072952264010"], ["-1.10284932596159", "-0.22124760837757", "1.99883226989450"], ["-0.53178311471569", "1.23918319257453", "1.18023365095748"], ["-1.04485925648000", "0.19527040947880", "-1.02141641491569"], ["-1.59633539760963", "-1.26834272358876", "-0.20602096553730"], ["-2.83125856453277", "1.50205958876263", "0.12469823953504"], ["-3.38159190915888", "0.03649071642639", "0.93613119476304"], ["-4.78153009382641", "0.51922171558292", "-1.05706945204633"], ["-3.35127914648772", "0.47230821876530", "-2.08932937513317"], ["-3.90150150300142", "-0.99388434281432", "-1.27871188762297"]], "bond_dist": [[0.0, 1.52855828203017, 2.4943808879129854, 3.541581247339589, 4.806162276214562, 5.417550516920518, 6.82580535194708, 7.688682156085975, 1.0878053381584103, 1.0876928748902155, 1.0879199362620275, 2.156981867138965, 2.1489666291218565, 2.814029802489391, 3.8208786411299656, 5.619422752000803, 4.896933074982738, 4.940361916977049, 5.641530461352893, 6.8989068159409745, 7.416201542017642, 8.681418030895456, 7.3911866489124165, 7.8761097589356694], [1.52855828203017, 0.0, 1.4960750772685723, 2.4998354827159974, 3.901242027572921, 4.807969866272937, 6.221669825146734, 7.2730211736303, 2.161250865927802, 2.16518212847644, 2.164501087887123, 1.091726054901387, 1.094197126758373, 2.189136259029786, 2.7322536772072037, 4.511888775930727, 4.119546354991947, 4.637836815457655, 4.974835124689742, 6.367651016664299, 6.616791073140158, 8.242396757747834, 7.19230986496603, 7.413791504242235], [2.4943808879129854, 1.4960750772685723, 0.0, 1.32196601725129, 2.4988210106638276, 3.540934770651966, 4.854446214759391, 6.0146091526695225, 2.7527648195606096, 3.439101279916786, 2.740478149575678, 2.1301346572401325, 2.1241643620197674, 1.083100731789312, 2.0847224002074736, 3.2025807606620877, 2.623738957268411, 3.4695315309668575, 3.914223096009312, 4.9249778168500935, 5.247969641846949, 6.925435399970248, 6.001692615214274, 6.269566683456206], [3.541581247339589, 2.4998354827159974, 1.32196601725129, 0.0, 1.4954327158564282, 2.4985514591278464, 3.858919179740528, 5.0244145089428045, 3.500518493479385, 4.45164041586364, 3.9396963518351855, 2.6237920883963275, 3.198700677419869, 2.084930376643131, 1.083155588530172, 2.125098715218962, 2.130416387156231, 2.7319055931810166, 2.7188751027953035, 4.149172370714725, 4.140949212437312, 5.946160346223042, 5.172701561479782, 5.1661959582536925], [4.806162276214562, 3.901242027572921, 2.4988210106638276, 1.4954327158564282, 0.0, 1.531682701444843, 2.535852530168146, 3.8921292555575713, 4.66804188923993, 5.798832727574826, 5.001315724567757, 4.118965395314989, 4.507655783840092, 2.73147475341004, 2.189337927838227, 1.094386815861824, 1.0919434282637452, 2.1517544559981325, 2.15520259499588, 2.7583095590477327, 2.7627151731635666, 4.691306636109678, 4.198773606028232, 4.201931933326414], [5.417550516920518, 4.807969866272937, 3.540934770651966, 2.4985514591278464, 1.531682701444843, 0.0, 1.5263596435276288, 2.5259013735225015, 4.971520935666738, 6.411013420171834, 5.667939940242932, 4.89867377740283, 5.618093886638335, 3.8163953830573383, 2.8238464132991203, 2.150195256471063, 2.1581850838899044, 1.0926002426861998, 1.092660065303736, 2.1504351600347675, 2.150623194830586, 3.47161264717952, 2.7769791360625633, 2.7771298172284693], [6.82580535194708, 6.221669825146734, 4.854446214759391, 3.858919179740528, 2.535852530168146, 1.5263596435276288, 0.0, 1.5237493444677652, 6.393088102424822, 7.852581930415566, 6.953363505525652, 6.376142842035781, 6.95280247205472, 4.924142029502719, 4.238968298645602, 2.7528256308819836, 2.7710908044658233, 2.152737962132414, 2.1511302944657533, 1.0925630905120944, 1.092736258256319, 2.1619775123613794, 2.1603803037035902, 2.160770773780907], [7.688682156085975, 7.2730211736303, 6.0146091526695225, 5.0244145089428045, 3.8921292555575713, 2.5259013735225015, 1.5237493444677652, 0.0, 7.077270002725155, 8.682904524079715, 7.856439882282472, 7.347680334309578, 8.115319507100647, 6.136590942732187, 5.244608765232901, 4.169976699915043, 4.183880431841418, 2.7534812975853833, 2.7539281921537473, 2.1496647475869923, 2.1498880611913127, 1.0876396786336004, 1.087948276739596, 1.0879907075937614], [1.0878053381584103, 2.161250865927802, 2.7527648195606096, 3.500518493479385, 4.66804188923993, 4.971520935666738, 6.393088102424822, 7.077270002725155, 0.0, 1.766497205340915, 1.764342147437795, 2.49734269486933, 3.0548275498561175, 3.160729633410605, 3.685530360432007, 5.569284319353901, 4.858078620395857, 4.361053309982967, 5.125693530210962, 6.542439164078654, 7.073636040810075, 8.100009380117708, 6.693878896028198, 7.213704264688043], [1.0876928748902155, 2.16518212847644, 3.439101279916786, 4.45164041586364, 5.798832727574826, 6.411013420171834, 7.852581930415566, 8.682904524079715, 1.766497205340915, 0.0, 1.7655604701670273, 2.493912800401767, 2.4788131682189367, 3.808828445692519, 4.570519069087879, 6.550118326184055, 5.940612893877734, 5.947528191470139, 6.539553274804414, 7.9672292294538005, 8.417248170823955, 9.695865224041594, 8.377954832969797, 8.806864100373248], [1.0879199362620275, 2.164501087887123, 2.740478149575678, 3.9396963518351855, 5.001315724567757, 5.667939940242932, 6.953363505525652, 7.856439882282472, 1.764342147437795, 1.7655604701670273, 0.0, 3.062067046662316, 2.4958342951553996, 2.6204162671813216, 4.462880037627634, 5.86830266932387, 4.850807064371702, 5.122041862196789, 6.080015363971437, 6.854902767149827, 7.596727147020729, 8.788119867161145, 7.501492613830256, 8.184900444221789], [2.156981867138965, 1.091726054901387, 2.1301346572401325, 2.6237920883963275, 4.118965395314989, 4.89867377740283, 6.376142842035781, 7.347680334309578, 2.49734269486933, 2.493912800401767, 3.062067046662316, 0.0, 1.769104876830865, 3.0731644924683037, 2.397517421219642, 4.60289016295855, 4.592480370528514, 4.827972724911382, 4.822290217290619, 6.698270105462612, 6.693540404500998, 8.35503879490557, 7.3320259702514665, 7.327617622599934], [2.1489666291218565, 1.094197126758373, 2.1241643620197674, 3.198700677419869, 4.507655783840092, 5.618093886638335, 6.95280247205472, 8.115319507100647, 3.0548275498561175, 2.4788131682189367, 2.4958342951553996, 1.769104876830865, 0.0, 2.523401623007652, 3.4867332017966337, 4.975521037770231, 4.5991293300024, 5.537499269420473, 5.83978773669785, 7.018776110626078, 7.259773156835179, 9.03873449311737, 8.089486314671497, 8.299549193577722], [2.814029802489391, 2.189136259029786, 1.083100731789312, 2.084930376643131, 2.73147475341004, 3.8163953830573383, 4.924142029502719, 6.136590942732187, 3.160729633410605, 3.808828445692519, 2.6204162671813216, 3.0731644924683037, 2.523401623007652, 0.0, 3.0482287970367516, 3.4927743671882, 2.3977483986506885, 3.6516338256732612, 4.438843629735676, 4.752083259946718, 5.381271126875566, 6.96174704566864, 6.0620958596784735, 6.567159538799668], [3.8208786411299656, 2.7322536772072037, 2.0847224002074736, 1.083155588530172, 2.189337927838227, 2.8238464132991203, 4.238968298645602, 5.244608765232901, 3.685530360432007, 4.570519069087879, 4.462880037627634, 2.397517421219642, 3.4867332017966337, 3.0482287970367516, 0.0, 2.5216461431768695, 3.073753765688997, 3.1484361052861565, 2.6014041447706617, 4.759066312795182, 4.41605884684879, 6.2126492002181495, 5.45523534496867, 5.15867568866815], [5.619422752000803, 4.511888775930727, 3.2025807606620877, 2.125098715218962, 1.094386815861824, 2.150195256471063, 2.7528256308819836, 4.169976699915043, 5.569284319353901, 6.550118326184055, 5.86830266932387, 4.60289016295855, 4.975521037770231, 3.4927743671882, 2.5216461431768695, 0.0, 1.7689201341275802, 3.0493855488368737, 2.4902438581399666, 3.0772657596387107, 2.5275344467751513, 4.8393721024267125, 4.716939895638945, 4.378551956518018], [4.896933074982738, 4.119546354991947, 2.623738957268411, 2.130416387156231, 1.0919434282637452, 2.1581850838899044, 2.7710908044658233, 4.183880431841418, 4.858078620395857, 5.940612893877734, 4.850807064371702, 4.592480370528514, 4.5991293300024, 2.3977483986506885, 3.073753765688997, 1.7689201341275802, 0.0, 2.4900329392435263, 3.0565764582287707, 2.543785829968994, 3.1028157157957756, 4.856358624476069, 4.384939849098524, 4.731596537709372], [4.940361916977049, 4.637836815457655, 3.4695315309668575, 2.7319055931810166, 2.1517544559981325, 1.0926002426861998, 2.152737962132414, 2.7534812975853833, 4.361053309982967, 5.947528191470139, 5.122041862196789, 4.827972724911382, 5.537499269420473, 3.6516338256732612, 3.1484361052861565, 3.0493855488368737, 2.4900329392435263, 0.0, 1.7638478042025205, 2.492488565279977, 3.0524618138775135, 3.750856506780594, 2.556708968067728, 3.1049468449214905], [5.641530461352893, 4.974835124689742, 3.914223096009312, 2.7188751027953035, 2.15520259499588, 1.092660065303736, 2.1511302944657533, 2.7539281921537473, 5.125693530210962, 6.539553274804414, 6.080015363971437, 4.822290217290619, 5.83978773669785, 4.438843629735676, 2.6014041447706617, 2.4902438581399666, 3.0565764582287707, 1.7638478042025205, 0.0, 3.0511537806359557, 2.488823552502166, 3.7503513706568854, 3.1074980016886395, 2.5573001369705293], [6.8989068159409745, 6.367651016664299, 4.9249778168500935, 4.149172370714725, 2.7583095590477327, 2.1504351600347675, 1.0925630905120944, 2.1496647475869923, 6.542439164078654, 7.9672292294538005, 6.854902767149827, 6.698270105462612, 7.018776110626078, 4.752083259946718, 4.759066312795182, 3.0772657596387107, 2.543785829968994, 2.492488565279977, 3.0511537806359557, 0.0, 1.7632873703960805, 2.4831641507953774, 2.4965431236374727, 3.056912828643872], [7.416201542017642, 6.616791073140158, 5.247969641846949, 4.140949212437312, 2.7627151731635666, 2.150623194830586, 1.092736258256319, 2.1498880611913127, 7.073636040810075, 8.417248170823955, 7.596727147020729, 6.693540404500998, 7.259773156835179, 5.381271126875566, 4.41605884684879, 2.5275344467751513, 3.1028157157957756, 3.0524618138775135, 2.488823552502166, 1.7632873703960805, 0.0, 2.4830837595373563, 3.0568394493205533, 2.497500476089639], [8.681418030895456, 8.242396757747834, 6.925435399970248, 5.946160346223042, 4.691306636109678, 3.47161264717952, 2.1619775123613794, 1.0876396786336004, 8.100009380117708, 9.695865224041594, 8.788119867161145, 8.35503879490557, 9.03873449311737, 6.96174704566864, 6.2126492002181495, 4.8393721024267125, 4.856358624476069, 3.750856506780594, 3.7503513706568854, 2.4831641507953774, 2.4830837595373563, 0.0, 1.7644770322557688, 1.7643881755090614], [7.3911866489124165, 7.19230986496603, 6.001692615214274, 5.172701561479782, 4.198773606028232, 2.7769791360625633, 2.1603803037035902, 1.087948276739596, 6.693878896028198, 8.377954832969797, 7.501492613830256, 7.3320259702514665, 8.089486314671497, 6.0620958596784735, 5.45523534496867, 4.716939895638945, 4.384939849098524, 2.556708968067728, 3.1074980016886395, 2.4965431236374727, 3.0568394493205533, 1.7644770322557688, 0.0, 1.7633961495637465], [7.8761097589356694, 7.413791504242235, 6.269566683456206, 5.1661959582536925, 4.201931933326414, 2.7771298172284693, 2.160770773780907, 1.0879907075937614, 7.213704264688043, 8.806864100373248, 8.184900444221789, 7.327617622599934, 8.299549193577722, 6.567159538799668, 5.15867568866815, 4.378551956518018, 4.731596537709372, 3.1049468449214905, 2.5573001369705293, 3.056912828643872, 2.497500476089639, 1.7643881755090614, 1.7633961495637465, 0.0]]}