{"total energy": -22.10497362, "HOMO-LUMO gap/eV": 5.22556754, "electronic energy": -22.46864395, "dipole": [-0.01191933, -0.00244674, -0.02401775], "partial charges": [-0.09820684, -0.05211259, -0.04548212, -0.04588666, -0.05814032, -0.04909359, -0.10179807, 0.03274607, 0.0340844, 0.03508104, 0.03157164, 0.03480971, 0.02800419, 0.02628038, 0.03597957, 0.03278946, 0.03019644, 0.0293918, 0.03283582, 0.03336818, 0.03358149], "atomic dipole moments": [[-0.03949935, 0.01545614, 0.08815241], [-0.01937621, -0.03702763, -0.08809047], [0.14641905, -0.0042931, -0.00817419], [-0.14689011, 0.00663604, 0.00866291], [0.01371449, 0.06961613, -0.06767434], [-0.04490934, -0.07636875, 0.07023965], [0.09192445, 0.02895158, -0.00045819], [0.11870473, 0.03597947, 0.00235166], [-0.06043716, 0.06551565, -0.08733211], [-0.00374472, -0.11980536, -0.03191104], [0.00538359, 0.12034139, 0.03021927], [0.06482805, -0.06376318, 0.08401077], [-0.02249617, -0.14065463, -0.02886905], [0.02256906, 0.14087581, 0.02796965], [-0.05478524, 0.02404926, 0.10830088], [-0.00439808, -0.12247146, -0.0188111], [0.00604199, 0.12128285, 0.0179069], [0.05268532, -0.02424933, -0.10899605], [-0.06167855, 0.05883415, -0.08973515], [-0.05507332, 0.02533706, 0.10749881], [-0.00922836, -0.12162437, -0.02010128]], "atomic quadrupole moments": [[-0.05141354, -0.01611474, -0.1172842, -0.1406114, 0.04804327, 0.16869774], [0.10153531, 0.05257125, -0.16427913, -0.11587213, 0.05576262, 0.06274383], [-0.16078643, 0.14548369, -0.31051369, 0.05937314, -0.17507995, 0.47130012], [-0.1607636, 0.14212216, -0.30536344, 0.07130658, -0.1827099, 0.46612704], [0.13230333, 0.00084211, -0.0924495, 0.11533437, -0.12224883, -0.03985383], [0.16479883, 0.02101914, -0.1175071, 0.12447864, -0.12957248, -0.04729173], [0.20618814, 0.09594493, -0.09152594, 0.00919781, -0.00698214, -0.1146622], [0.07011944, 0.04054402, -0.04074918, 0.0080083, 0.00898737, -0.02937026], [-0.00909441, -0.04472958, -0.00853719, 0.03566768, -0.04214679, 0.0176316], [-0.05095924, 0.01040448, 0.07996181, -0.00722874, 0.02129531, -0.02900257], [-0.02413824, 0.00373008, 0.05667967, -0.01186024, 0.0166369, -0.03254143], [-0.00571618, -0.02991087, -0.00495587, 0.02374745, -0.03713108, 0.01067206], [0.03119505, -0.00337612, 0.03280793, -0.00417376, 0.02105453, -0.06400298], [0.03102173, -0.00301321, 0.03222114, -0.00761996, 0.02170757, -0.06324288], [-0.01419339, -0.01471105, -0.02775131, -0.03088411, 0.02115069, 0.0419447], [-0.02357272, -0.00106088, 0.05592687, 0.00904735, 0.02091756, -0.03235415], [-0.02242147, -0.00149294, 0.05333603, 0.0091271, 0.02097322, -0.03091455], [-0.00699683, -0.01291352, -0.03188229, -0.02412791, 0.02296823, 0.03887913], [-0.00952254, -0.02142323, -0.01376951, 0.04109285, -0.0556944, 0.02329205], [-0.01695464, -0.00236169, -0.04163822, -0.04152195, 0.03308421, 0.05859286], [-0.02980025, -0.00053584, 0.0803023, -0.00357678, 0.0233555, -0.05050205]], "number of molecular orbitals": 42, "number of electrons": 42, "number of unpaired electrons": 0, "orbital energies/eV": [-16.90505019, -16.76024845, -16.42620239, -15.92030182, -15.34241046, -15.05403944, -14.70296589, -13.92299806, -13.78651751, -13.40687386, -13.30788774, -13.08271959, -12.64165868, -12.57218898, -12.25044006, -12.04992876, -11.8986503, -11.61983896, -11.47559611, -11.3561887, -10.41141109, -5.18584355, 2.15965387, 3.0936553, 3.53133563, 3.66980709, 3.91287095, 4.03194464, 4.51812199, 4.61420485, 4.84924527, 4.9868428, 5.43814107, 5.75821448, 6.29326208, 6.56887442, 7.03692588, 7.19890571, 7.62482077, 8.18702028, 11.359089, 17.69615486], "fractional occupation": [2.0, 2.0, 2.0, 2.0, 2.0, 2.0, 2.0, 2.0, 2.0, 2.0, 2.0, 2.0, 2.0, 2.0, 2.0, 2.0, 2.0, 2.0, 2.0, 2.0, 2.0, 0.0, 0.0, 0.0, 0.0, 0.0, 0.0, 0.0, 0.0, 0.0, 0.0, 0.0, 0.0, 0.0, 0.0, 0.0, 0.0, 0.0, 0.0, 0.0, 0.0, 0.0], "program call": "xtb /tmp/scratch/tmpw89thf8h/16605_0_xyzopt.xyz --pop --wbo --acc 0.2 --gfn 2 --chrg 0 --uhf 0 --etemp 300 --input /tmp/scratch/tmpw89thf8h/16605_0_xtb.inp", "method": "GFN2-xTB", "xtb version": "6.3.3 (7355c4f)", "Dipole module/D": 0.068, "Total charge": 0, "Transition dipole module/D": NaN, "HOMO": -10.4114, "LUMO": -5.1858, "HOMO occupancy": 2.0, "LUMO occupancy": 0, "mulliken charges": [-0.08222, -0.03404, -0.04563, -0.04452, -0.04182, -0.03619, -0.08629, 0.02875, 0.02858, 0.02859, 0.02468, 0.0286, 0.02296, 0.02267, 0.029, 0.02516, 0.02309, 0.02325, 0.02981, 0.0276, 0.02795], "cm5 charges": [-0.23396, -0.14299, -0.10887, -0.10772, -0.14915, -0.14892, -0.23886, 0.0803, 0.08092, 0.08082, 0.08041, 0.08334, 0.08032, 0.08001, 0.08451, 0.08162, 0.07838, 0.07863, 0.08137, 0.07973, 0.08011], "FUKUI+": [0.018, 0.023, -0.146, -0.145, 0.024, 0.0, 0.016, -0.06, -0.029, -0.036, -0.055, -0.081, -0.129, -0.129, -0.08, -0.054, -0.029, -0.022, -0.038, -0.025, -0.023], "FUKUI-": [0.011, 0.006, -0.06, -0.056, 0.005, -0.002, 0.018, -0.06, -0.052, -0.049, -0.059, -0.107, -0.07, -0.07, -0.099, -0.056, -0.053, -0.068, -0.074, -0.06, -0.047], "FUKUIrad": [0.015, 0.014, -0.103, -0.1, 0.015, -0.001, 0.017, -0.06, -0.04, -0.042, -0.057, -0.094, -0.1, -0.099, -0.09, -0.055, -0.041, -0.045, -0.056, -0.042, -0.035], "s proportion": [1.005, 1.022, 1.064, 1.064, 1.026, 1.027, 1.005, 0.971, 0.971, 0.971, 0.975, 0.971, 0.977, 0.977, 0.971, 0.975, 0.977, 0.977, 0.97, 0.972, 0.972], "p proportion": [3.077, 3.012, 2.981, 2.981, 3.016, 3.01, 3.081, 0.0, 0.0, 0.0, 0.0, 0.0, 0.0, 0.0, 0.0, 0.0, 0.0, 0.0, 0.0, 0.0, 0.0], "d proportion": [0.0, 0.0, 0.0, 0.0, 0.0, 0.0, 0.0, 0.0, 0.0, 0.0, 0.0, 0.0, 0.0, 0.0, 0.0, 0.0, 0.0, 0.0, 0.0, 0.0, 0.0], "Fermi-level/eV": -7.7986, "Coordination numbers": [3.753, 3.804, 2.891, 2.891, 3.806, 3.802, 3.752, 0.925, 0.925, 0.925, 0.924, 0.924, 0.925, 0.925, 0.924, 0.924, 0.924, 0.924, 0.925, 0.925, 0.925], "Dispersion coefficient C6": [22.433, 21.506, 29.128, 29.138, 21.615, 21.453, 22.505, 2.548, 2.529, 2.515, 2.564, 2.519, 2.615, 2.64, 2.503, 2.547, 2.584, 2.595, 2.546, 2.539, 2.536], "Total dispersion C6": 3190.742135, "Total dispersion C8": 68275.929139, "Polarizability alpha": [6.754, 6.602, 8.849, 8.85, 6.618, 6.594, 6.765, 2.496, 2.487, 2.48, 2.504, 2.482, 2.529, 2.541, 2.474, 2.496, 2.514, 2.519, 2.495, 2.492, 2.49], "Total polarizability alpha": 86.032164, "Wiberg matrix": [[0.0, 1.0041221500532997, 0.0, 0.0, 0.0, 0.0, 0.0, 0.9869634821985654, 0.9890657280814616, 0.9881869152897554, 0.0, 0.0, 0.0, 0.0, 0.0, 0.0, 0.0, 0.0, 0.0, 0.0, 0.0], [1.0041221500532997, 0.0, 1.0246567460975684, 0.0, 0.0, 0.0, 0.0, 0.0, 0.0, 0.0, 0.9769911891682798, 0.9651481877034053, 0.0, 0.0, 0.0, 0.0, 0.0, 0.0, 0.0, 0.0, 0.0], [0.0, 1.0246567460975684, 0.0, 1.9293584312567233, 0.0, 0.0, 0.0, 0.0, 0.0, 0.0, 0.0, 0.0, 0.9646370164226156, 0.0, 0.0, 0.0, 0.0, 0.0, 0.0, 0.0, 0.0], [0.0, 0.0, 1.9293584312567233, 0.0, 1.0249536694362626, 0.0, 0.0, 0.0, 0.0, 0.0, 0.0, 0.0, 0.0, 0.9647097603928345, 0.0, 0.0, 0.0, 0.0, 0.0, 0.0, 0.0], [0.0, 0.0, 0.0, 1.0249536694362626, 0.0, 0.9919795247719063, 0.0, 0.0, 0.0, 0.0, 0.0, 0.0, 0.0, 0.0, 0.9637853583377753, 0.9759017872657674, 0.0, 0.0, 0.0, 0.0, 0.0], [0.0, 0.0, 0.0, 0.0, 0.9919795247719063, 0.0, 1.0187635722348183, 0.0, 0.0, 0.0, 0.0, 0.0, 0.0, 0.0, 0.0, 0.0, 0.9788820454981214, 0.9796639382045711, 0.0, 0.0, 0.0], [0.0, 0.0, 0.0, 0.0, 0.0, 1.0187635722348183, 0.0, 0.0, 0.0, 0.0, 0.0, 0.0, 0.0, 0.0, 0.0, 0.0, 0.0, 0.0, 0.9870495898605047, 0.9878565408701079, 0.987950463828209], [0.9869634821985654, 0.0, 0.0, 0.0, 0.0, 0.0, 0.0, 0.0, 0.0, 0.0, 0.0, 0.0, 0.0, 0.0, 0.0, 0.0, 0.0, 0.0, 0.0, 0.0, 0.0], [0.9890657280814616, 0.0, 0.0, 0.0, 0.0, 0.0, 0.0, 0.0, 0.0, 0.0, 0.0, 0.0, 0.0, 0.0, 0.0, 0.0, 0.0, 0.0, 0.0, 0.0, 0.0], [0.9881869152897554, 0.0, 0.0, 0.0, 0.0, 0.0, 0.0, 0.0, 0.0, 0.0, 0.0, 0.0, 0.0, 0.0, 0.0, 0.0, 0.0, 0.0, 0.0, 0.0, 0.0], [0.0, 0.9769911891682798, 0.0, 0.0, 0.0, 0.0, 0.0, 0.0, 0.0, 0.0, 0.0, 0.0, 0.0, 0.0, 0.0, 0.0, 0.0, 0.0, 0.0, 0.0, 0.0], [0.0, 0.9651481877034053, 0.0, 0.0, 0.0, 0.0, 0.0, 0.0, 0.0, 0.0, 0.0, 0.0, 0.0, 0.0, 0.0, 0.0, 0.0, 0.0, 0.0, 0.0, 0.0], [0.0, 0.0, 0.9646370164226156, 0.0, 0.0, 0.0, 0.0, 0.0, 0.0, 0.0, 0.0, 0.0, 0.0, 0.0, 0.0, 0.0, 0.0, 0.0, 0.0, 0.0, 0.0], [0.0, 0.0, 0.0, 0.9647097603928345, 0.0, 0.0, 0.0, 0.0, 0.0, 0.0, 0.0, 0.0, 0.0, 0.0, 0.0, 0.0, 0.0, 0.0, 0.0, 0.0, 0.0], [0.0, 0.0, 0.0, 0.0, 0.9637853583377753, 0.0, 0.0, 0.0, 0.0, 0.0, 0.0, 0.0, 0.0, 0.0, 0.0, 0.0, 0.0, 0.0, 0.0, 0.0, 0.0], [0.0, 0.0, 0.0, 0.0, 0.9759017872657674, 0.0, 0.0, 0.0, 0.0, 0.0, 0.0, 0.0, 0.0, 0.0, 0.0, 0.0, 0.0, 0.0, 0.0, 0.0, 0.0], [0.0, 0.0, 0.0, 0.0, 0.0, 0.9788820454981214, 0.0, 0.0, 0.0, 0.0, 0.0, 0.0, 0.0, 0.0, 0.0, 0.0, 0.0, 0.0, 0.0, 0.0, 0.0], [0.0, 0.0, 0.0, 0.0, 0.0, 0.9796639382045711, 0.0, 0.0, 0.0, 0.0, 0.0, 0.0, 0.0, 0.0, 0.0, 0.0, 0.0, 0.0, 0.0, 0.0, 0.0], [0.0, 0.0, 0.0, 0.0, 0.0, 0.0, 0.9870495898605047, 0.0, 0.0, 0.0, 0.0, 0.0, 0.0, 0.0, 0.0, 0.0, 0.0, 0.0, 0.0, 0.0, 0.0], [0.0, 0.0, 0.0, 0.0, 0.0, 0.0, 0.9878565408701079, 0.0, 0.0, 0.0, 0.0, 0.0, 0.0, 0.0, 0.0, 0.0, 0.0, 0.0, 0.0, 0.0, 0.0], [0.0, 0.0, 0.0, 0.0, 0.0, 0.0, 0.987950463828209, 0.0, 0.0, 0.0, 0.0, 0.0, 0.0, 0.0, 0.0, 0.0, 0.0, 0.0, 0.0, 0.0, 0.0]], "Born radii": [], "Atomic SASAs": [], "Solvent H bonds": [], "Total SASA": NaN, "Total FOD": 0.0, "FOD": [0.0, 0.0, 0.0, 0.0, 0.0, 0.0, 0.0, 0.0, 0.0, 0.0, 0.0, 0.0, 0.0, 0.0, 0.0, 0.0, 0.0, 0.0, 0.0, 0.0, 0.0], "FOD s proportion": [0.0, 0.0, 0.0, 0.0, 0.0, 0.0, 0.0, 0.0, 0.0, 0.0, 0.0, 0.0, 0.0, 0.0, 0.0, 0.0, 0.0, 0.0, 0.0, 0.0, 0.0], "FOD p proportion": [0.0, 0.0, 0.0, 0.0, 0.0, 0.0, 0.0, 0.0, 0.0, 0.0, 0.0, 0.0, 0.0, 0.0, 0.0, 0.0, 0.0, 0.0, 0.0, 0.0, 0.0], "FOD d proportion": [0.0, 0.0, 0.0, 0.0, 0.0, 0.0, 0.0, 0.0, 0.0, 0.0, 0.0, 0.0, 0.0, 0.0, 0.0, 0.0, 0.0, 0.0, 0.0, 0.0, 0.0], "coordinates": [["3.29622211972832", "-0.25973966899988", "-0.80106807199339"], ["2.64215524999452", "-0.04218774094755", "0.56365597247341"], ["1.21714433357431", "-0.49780207368951", "0.55558422930081"], ["0.17214388926323", "0.28199290555053", "0.77451807065836"], ["-1.25291525139055", "-0.16995087801636", "0.74215619937527"], ["-2.04085233080585", "0.54918024094207", "-0.35751310755053"], ["-3.50081975856055", "0.11483836024168", "-0.38061608166023"], ["4.33635802202062", "0.05751946387328", "-0.78121379034791"], ["2.77342268226114", "0.31236973087617", "-1.56434438514474"], ["3.26113017602708", "-1.31160061731470", "-1.07649003329480"], ["2.69186265003030", "1.01515543468884", "0.83078494383804"], ["3.19692139902860", "-0.60912018036989", "1.31723645362465"], ["1.07042975536377", "-1.54894980483168", "0.33882725651189"], ["0.31912930509747", "1.33452512433436", "0.98475955613357"], ["-1.72212291202904", "0.04381002733277", "1.70732487358372"], ["-1.29711792347572", "-1.24820591990358", "0.57589877516452"], ["-1.98377067551567", "1.62780597540666", "-0.19443306674671"], ["-1.57897524992213", "0.33468379085646", "-1.32382752002674"], ["-4.04215509725262", "0.63226803801109", "-1.16945706307538"], ["-3.98084475265140", "0.33939855075294", "0.56974384650304"], ["-3.57734663078575", "-0.95598975879371", "-0.55720005732687"]], "bond_dist": [[0.0, 1.5289225058937677, 2.493941381831682, 3.5405946767896386, 4.804607580233573, 5.416221572067284, 6.820327475376699, 1.0876259674761835, 1.0877587726423776, 1.0878879335067555, 2.157209345265609, 2.1492187971703864, 2.8134633076589326, 3.8202018501086124, 5.618537571764421, 4.896108248379451, 5.639960860425999, 4.939045057820628, 7.40156526532208, 7.429252599511393, 6.913044420814816], [1.5289225058937677, 0.0, 1.496096816771733, 2.5001024055339234, 3.9012510763802193, 4.809244074262616, 6.217109365646113, 2.1653958618195372, 2.1613254409326874, 2.1643978215617263, 1.0916974416135123, 1.0941030173414215, 2.188881198044687, 2.7329683646667022, 4.512460309745871, 4.119769759272046, 4.9762203199170685, 4.639242263912443, 6.938196899056341, 6.633986297488999, 6.3854174501271785], [2.493941381831682, 1.496096816771733, 0.0, 1.3221339437250303, 2.4986976327276085, 3.5418160566055037, 4.848812689535951, 3.4387359581114505, 2.7518135805046184, 2.7393087800357305, 2.130626660945323, 2.1241523157700244, 1.0832452655781355, 2.0851967324812, 3.2029895598867766, 2.623934700104564, 3.9149192096607006, 3.4703754787330428, 5.649164223215537, 5.2649972384463535, 4.943214382431423], [3.5405946767896386, 2.5001024055339234, 1.3221339437250303, 0.0, 1.4953574918990402, 2.500047185688837, 3.853950896172026, 4.450996438195029, 3.4982640977466004, 3.9379699842473923, 2.624819210633647, 3.1996726017970265, 2.085448438938102, 1.0833421741355773, 2.1248779563866664, 2.1306544403859937, 2.719935061044648, 2.7335414368476654, 4.654250523633628, 4.158430298905038, 4.167103719558528], [4.804607580233573, 3.9012510763802193, 2.4986976327276085, 1.4953574918990402, 0.0, 1.532079303419567, 2.5287936212044775, 5.7976180114678995, 4.6651875923821295, 4.9987442790799985, 4.119903484099725, 4.508284949997142, 2.73171087355879, 2.1894356619784956, 1.0942577955540558, 1.0918925508857877, 2.1548268627473197, 2.151571518798517, 3.4752955805447887, 2.78042482794623, 2.776538319822325], [5.416221572067284, 4.809244074262616, 3.5418160566055037, 2.500047185688837, 1.532079303419567, 0.0, 1.5233816025040279, 6.410153233153476, 4.9688796374734725, 5.664843486361286, 4.901813565401292, 5.619672553059636, 3.8166891164098136, 2.826300729105976, 2.149544924753116, 2.157543886608061, 1.0923767162149325, 1.0922924098904276, 2.161335080898522, 2.1604130191233057, 2.1601449812191564], [6.820327475376699, 6.217109365646113, 4.848812689535951, 3.853950896172026, 2.5287936212044775, 1.5233816025040279, 0.0, 7.8476187180903425, 6.387984779651809, 6.945713471712266, 6.373960989274246, 6.947413606095536, 4.91753107703772, 4.236023758635625, 2.7437756702256064, 2.7620847486852083, 2.150621547354998, 2.1520841401328314, 1.0876798767621985, 1.088133846166394, 1.0879848910493564], [1.0876259674761835, 2.1653958618195372, 3.4387359581114505, 4.450996438195029, 5.7976180114678995, 6.410153233153476, 7.8476187180903425, 0.0, 1.7666377849936759, 1.765727265791894, 2.493987089003178, 2.479156642796218, 3.80808651436551, 4.5702879429423975, 6.549672042077842, 5.939926306091417, 6.538664856017272, 5.94663076388142, 8.407172583700502, 8.430919543632115, 7.981485101712729], [1.0877587726423776, 2.1613254409326874, 2.7518135805046184, 3.4982640977466004, 4.6651875923821295, 4.9688796374734725, 6.387984779651809, 1.7666377849936759, 0.0, 1.764409294890943, 2.497439546194155, 3.054832720460297, 3.1601831625201964, 3.683244294505285, 5.566495687882816, 4.856473820583182, 5.122296182082339, 4.359095552950428, 6.834498620428613, 7.083444904838429, 6.554032831747902], [1.0878879335067555, 2.1643978215617263, 2.7393087800357305, 3.9379699842473923, 4.9987442790799985, 5.664843486361286, 6.945713471712266, 1.765727265791894, 1.764409294890943, 0.0, 3.0619531479248128, 2.4955015579064543, 2.618897859927937, 4.46162531316638, 5.866819819203892, 4.848920848869606, 6.076768923703096, 5.118402946157455, 7.558124370549116, 7.608027675262622, 6.867378408035763], [2.157209345265609, 1.0916974416135123, 2.130626660945323, 2.624819210633647, 4.119903484099725, 4.901813565401292, 6.373960989274246, 2.493987089003178, 2.497439546194155, 3.0619531479248128, 0.0, 1.7691779687153624, 3.0733861907288125, 2.399076636135655, 4.603813928787587, 4.593445068382979, 4.825760007421137, 4.831713246372499, 7.035237442011252, 6.711915814615659, 6.716762668422803], [2.1492187971703864, 1.0941030173414215, 2.1241523157700244, 3.1996726017970265, 4.508284949997142, 5.619672553059636, 6.947413606095536, 2.479156642796218, 3.054832720460297, 2.4955015579064543, 1.7691779687153624, 0.0, 2.5224057941947358, 3.488550600716104, 4.977497741402334, 4.59939143454817, 5.841964886616732, 5.538517279063116, 7.754283840158565, 7.278650967672199, 7.037367268928689], [2.8134633076589326, 2.188881198044687, 1.0832452655781355, 2.085448438938102, 2.73171087355879, 3.8166891164098136, 4.91753107703772, 3.80808651436551, 3.1601831625201964, 2.618897859927937, 3.0733861907288125, 2.5224057941947358, 0.0, 3.048952044456258, 3.4939977119412235, 2.398318536153229, 4.438950791755157, 3.6512796812604935, 5.759440662238918, 5.397643572791388, 4.770355531717898], [3.8202018501086124, 2.7329683646667022, 2.0851967324812, 1.0833421741355773, 2.1894356619784956, 2.826300729105976, 4.236023758635625, 4.5702879429423975, 3.683244294505285, 4.46162531316638, 2.399076636135655, 3.488550600716104, 3.048952044456258, 0.0, 2.5208642790784186, 3.074072524999295, 2.603815895982081, 3.15151675897994, 4.914734570243796, 4.4330905510717145, 4.775627979469432], [5.618537571764421, 4.512460309745871, 3.2029895598867766, 2.1248779563866664, 1.0942577955540558, 2.149544924753116, 2.7437756702256064, 6.549672042077842, 5.566495687882816, 5.866819819203892, 4.603813928787587, 4.977497741402334, 3.4939977119412235, 2.5208642790784186, 0.0, 1.7691974068464897, 2.4888121623099435, 3.04843954061148, 3.7422862640226855, 2.546230060630051, 3.093465341925079], [4.896108248379451, 4.119769759272046, 2.623934700104564, 2.1306544403859937, 1.0918925508857877, 2.157543886608061, 2.7620847486852083, 5.939926306091417, 4.856473820583182, 4.848920848869606, 4.593445068382979, 4.59939143454817, 2.398318536153229, 3.074072524999295, 1.7691974068464897, 0.0, 3.055543743838793, 2.488763424984912, 3.7573499163493467, 3.1181589972342247, 2.562956536238551], [5.639960860425999, 4.9762203199170685, 3.9149192096607006, 2.719935061044648, 2.1548268627473197, 1.0923767162149325, 2.150621547354998, 6.538664856017272, 5.122296182082339, 6.076768923703096, 4.825760007421137, 5.841964886616732, 4.438950791755157, 2.603815895982081, 2.4888121623099435, 3.055543743838793, 0.0, 1.7639603600583078, 2.485701914120017, 2.496450463400841, 3.0573002159980236], [4.939045057820628, 4.639242263912443, 3.4703754787330428, 2.7335414368476654, 2.151571518798517, 1.0922924098904276, 2.1520841401328314, 5.94663076388142, 4.359095552950428, 5.118402946157455, 4.831713246372499, 5.538517279063116, 3.6512796812604935, 3.15151675897994, 3.04843954061148, 2.488763424984912, 1.7639603600583078, 0.0, 2.485888489540313, 3.0585309966131278, 2.499408740919937], [7.40156526532208, 6.938196899056341, 5.649164223215537, 4.654250523633628, 3.4752955805447887, 2.161335080898522, 1.0876798767621985, 8.407172583700502, 6.834498620428613, 7.558124370549116, 7.035237442011252, 7.754283840158565, 5.759440662238918, 4.914734570243796, 3.7422862640226855, 3.7573499163493467, 2.485701914120017, 2.485888489540313, 0.0, 1.7647524752214898, 1.7645023039652432], [7.429252599511393, 6.633986297488999, 5.2649972384463535, 4.158430298905038, 2.78042482794623, 2.1604130191233057, 1.088133846166394, 8.430919543632115, 7.083444904838429, 7.608027675262622, 6.711915814615659, 7.278650967672199, 5.397643572791388, 4.4330905510717145, 2.546230060630051, 3.1181589972342247, 2.496450463400841, 3.0585309966131278, 1.7647524752214898, 0.0, 1.7637585348450144], [6.913044420814816, 6.3854174501271785, 4.943214382431423, 4.167103719558528, 2.776538319822325, 2.1601449812191564, 1.0879848910493564, 7.981485101712729, 6.554032831747902, 6.867378408035763, 6.716762668422803, 7.037367268928689, 4.770355531717898, 4.775627979469432, 3.093465341925079, 2.562956536238551, 3.0573002159980236, 2.499408740919937, 1.7645023039652432, 1.7637585348450144, 0.0]]}