{"total energy": -25.26963999, "HOMO-LUMO gap/eV": 5.20389071, "electronic energy": -25.68009941, "dipole": [-0.00021637, -0.01754035, 0.01517212], "partial charges": [-0.10181579, -0.04915145, -0.05824365, -0.04599014, -0.04599028, -0.05824372, -0.04915146, -0.10181579, 0.03358755, 0.03341722, 0.03287909, 0.03030764, 0.02930441, 0.03619696, 0.03275425, 0.02675408, 0.02675407, 0.03275419, 0.03619688, 0.02930439, 0.03030761, 0.03341723, 0.03287912, 0.03358756], "atomic dipole moments": [[-0.09033139, 0.02174404, 0.02628943], [0.04584104, 0.02009362, -0.10146809], [-0.01510573, -0.02406841, 0.09399152], [0.14648466, -0.00298693, -0.00038275], [-0.14649599, 0.0020228, 0.00121676], [0.01361123, -0.09668175, 0.01045304], [-0.04430621, 0.10394256, -0.00581886], [0.09030137, -0.02416169, -0.02419817], [0.00169908, -0.07729854, -0.09645656], [0.06399335, 0.10093761, -0.03072457], [0.05782047, -0.05494869, 0.09458151], [0.00140988, 0.07487518, 0.09718932], [-0.06162447, -0.10196277, 0.03240826], [0.06353043, 0.10111004, -0.03229464], [-0.00329456, -0.0760856, -0.09785377], [-0.01335645, 0.09440215, 0.10955453], [0.01334903, -0.09500173, -0.10903592], [0.00341498, 0.08582498, 0.08942946], [-0.06169263, 0.04740997, -0.09616984], [0.05977325, -0.04761799, 0.09697402], [-0.00153964, -0.08536845, -0.08811296], [-0.06217672, 0.04583796, -0.09623141], [-0.05974654, -0.10067835, 0.04003056], [-0.00161195, 0.08433862, 0.09036711]], "atomic quadrupole moments": [[0.19276704, -0.08190982, -0.10305616, -0.08093964, 0.01383771, -0.08971088], [0.14197804, -0.14776489, -0.15060816, 0.03238486, -0.10013189, 0.00863012], [0.11311774, -0.12589632, -0.13631224, 0.04662139, -0.09000355, 0.0231945], [-0.1833799, -0.10792232, 0.14928859, -0.12385851, -0.41313819, 0.03409132], [-0.18311533, -0.09717184, 0.15716183, -0.13305696, -0.41183878, 0.0259535], [0.11779027, 0.06403159, 0.04372863, -0.11537452, -0.06109246, -0.1615189], [0.14691021, 0.05263825, 0.03237351, -0.13863298, -0.07064319, -0.17928372], [0.19299753, -0.07253159, -0.09193904, -0.08891075, 0.01558927, -0.10105849], [-0.02890968, 0.00659705, -0.00047531, 0.00520478, 0.06770285, 0.02938499], [-0.01021977, 0.04364144, 0.05588223, -0.02061668, -0.02390007, -0.04566246], [-0.01353021, -0.02755298, -0.02824899, 0.03509401, -0.04807109, 0.0417792], [-0.02325942, -0.00421867, 0.00790022, 0.01019948, 0.04625072, 0.0153592], [-0.00187241, 0.03095139, 0.03649323, -0.00228013, -0.01821642, -0.03462082], [-0.00787827, 0.03851727, 0.03703655, -0.00395773, -0.01859625, -0.02915829], [-0.02445995, -0.00426244, 0.00741857, 0.00981656, 0.04791816, 0.01704139], [0.03206466, 0.0037234, -0.02340179, 0.0031429, 0.05204821, -0.00866288], [0.03200097, 0.00114612, -0.02386077, 0.00536596, 0.05194459, -0.0081402], [-0.02410299, 0.01013473, 0.00289016, -0.00269042, 0.04746542, 0.02121282], [-0.00905369, -0.00932361, -0.02221662, 0.03667358, -0.02790129, 0.03127031], [-0.00279552, -0.00673528, -0.02776094, 0.02950735, -0.02810376, 0.03055646], [-0.02289424, 0.01049704, 0.00171793, -0.00260377, 0.04556188, 0.02117631], [-0.01194396, -0.02658308, -0.03598677, 0.03896383, -0.0382705, 0.04793073], [-0.01186872, 0.04007135, 0.05291594, -0.02237173, -0.03529515, -0.04104722], [-0.02897806, 0.00389649, 0.00934819, 0.00766291, 0.0690934, 0.01962987]], "number of molecular orbitals": 48, "number of electrons": 48, "number of unpaired electrons": 0, "orbital energies/eV": [-16.91843045, -16.8221277, -16.5638864, -16.15761628, -15.67214129, -15.16934836, -15.03156813, -14.70098176, -13.93913513, -13.9270371, -13.5480393, -13.26674461, -13.20925873, -12.96779074, -12.77095237, -12.38268996, -12.22565054, -12.04450025, -11.86815326, -11.83197879, -11.49611286, -11.46447404, -11.34814499, -10.39141974, -5.18752903, 1.98932353, 3.03466595, 3.27044051, 3.52405278, 3.62429495, 3.82479421, 4.22029888, 4.29243496, 4.49314284, 4.74462515, 4.94156399, 5.06002986, 5.70198967, 6.16433087, 6.44493623, 6.47765817, 6.76516734, 7.14577556, 7.18387598, 8.06607506, 8.25202035, 11.37029975, 17.69407102], "fractional occupation": [2.0, 2.0, 2.0, 2.0, 2.0, 2.0, 2.0, 2.0, 2.0, 2.0, 2.0, 2.0, 2.0, 2.0, 2.0, 2.0, 2.0, 2.0, 2.0, 2.0, 2.0, 2.0, 2.0, 2.0, 0.0, 0.0, 0.0, 0.0, 0.0, 0.0, 0.0, 0.0, 0.0, 0.0, 0.0, 0.0, 0.0, 0.0, 0.0, 0.0, 0.0, 0.0, 0.0, 0.0, 0.0, 0.0, 0.0, 0.0], "program call": "xtb /tmp/scratch/tmp3_h9m8x8/16625_0_xyzopt.xyz --pop --wbo --acc 0.2 --gfn 2 --chrg 0 --uhf 0 --etemp 300 --input /tmp/scratch/tmp3_h9m8x8/16625_0_xtb.inp", "method": "GFN2-xTB", "xtb version": "6.3.3 (7355c4f)", "Dipole module/D": 0.059, "Total charge": 0, "Transition dipole module/D": NaN, "HOMO": -10.3914, "LUMO": -5.1875, "HOMO occupancy": 2.0, "LUMO occupancy": 0, "mulliken charges": [-0.08628, -0.03617, -0.04177, -0.04462, -0.04462, -0.04177, -0.03617, -0.08628, 0.02795, 0.02763, 0.02984, 0.02313, 0.02321, 0.02909, 0.02516, 0.02283, 0.02283, 0.02516, 0.02909, 0.02321, 0.02313, 0.02763, 0.02984, 0.02795], "cm5 charges": [-0.23885, -0.1489, -0.1491, -0.10785, -0.10785, -0.1491, -0.1489, -0.23885, 0.08012, 0.07976, 0.0814, 0.07841, 0.07859, 0.08459, 0.08163, 0.0802, 0.0802, 0.08163, 0.08459, 0.07859, 0.07841, 0.07976, 0.0814, 0.08012], "FUKUI+": [0.016, 0.0, 0.024, -0.144, -0.144, 0.024, 0.0, 0.016, -0.023, -0.025, -0.038, -0.029, -0.021, -0.08, -0.053, -0.128, -0.128, -0.053, -0.08, -0.021, -0.029, -0.025, -0.038, -0.023], "FUKUI-": [0.016, -0.003, 0.004, -0.053, -0.053, 0.004, -0.003, 0.016, -0.04, -0.052, -0.068, -0.045, -0.057, -0.089, -0.05, -0.064, -0.064, -0.05, -0.089, -0.057, -0.045, -0.052, -0.068, -0.04], "FUKUIrad": [0.016, -0.001, 0.014, -0.098, -0.098, 0.014, -0.001, 0.016, -0.031, -0.038, -0.053, -0.037, -0.039, -0.084, -0.052, -0.096, -0.096, -0.052, -0.084, -0.039, -0.037, -0.038, -0.053, -0.031], "s proportion": [1.005, 1.027, 1.026, 1.064, 1.064, 1.026, 1.027, 1.005, 0.972, 0.972, 0.97, 0.977, 0.977, 0.971, 0.975, 0.977, 0.977, 0.975, 0.971, 0.977, 0.977, 0.972, 0.97, 0.972], "p proportion": [3.081, 3.01, 3.015, 2.981, 2.981, 3.015, 3.01, 3.081, 0.0, 0.0, 0.0, 0.0, 0.0, 0.0, 0.0, 0.0, 0.0, 0.0, 0.0, 0.0, 0.0, 0.0, 0.0, 0.0], "d proportion": [0.0, 0.0, 0.0, 0.0, 0.0, 0.0, 0.0, 0.0, 0.0, 0.0, 0.0, 0.0, 0.0, 0.0, 0.0, 0.0, 0.0, 0.0, 0.0, 0.0, 0.0, 0.0, 0.0, 0.0], "Fermi-level/eV": -7.7895, "Coordination numbers": [3.752, 3.802, 3.806, 2.891, 2.891, 3.806, 3.802, 3.752, 0.925, 0.925, 0.925, 0.924, 0.924, 0.924, 0.924, 0.925, 0.925, 0.924, 0.924, 0.924, 0.924, 0.925, 0.925, 0.925], "Dispersion coefficient C6": [22.505, 21.454, 21.617, 29.14, 29.14, 21.617, 21.454, 22.505, 2.536, 2.538, 2.546, 2.582, 2.596, 2.5, 2.548, 2.633, 2.633, 2.548, 2.5, 2.596, 2.582, 2.538, 2.546, 2.536], "Total dispersion C6": 4140.207988, "Total dispersion C8": 88477.706482, "Polarizability alpha": [6.765, 6.594, 6.619, 8.85, 8.85, 6.619, 6.594, 6.765, 2.49, 2.492, 2.495, 2.513, 2.52, 2.473, 2.496, 2.537, 2.537, 2.496, 2.473, 2.52, 2.513, 2.492, 2.495, 2.49], "Total polarizability alpha": 97.68959, "Wiberg matrix": [[0.0, 1.0187721543789978, 0.0, 0.0, 0.0, 0.0, 0.0, 0.0, 0.9879467366497721, 0.9878478947495317, 0.987042991431603, 0.0, 0.0, 0.0, 0.0, 0.0, 0.0, 0.0, 0.0, 0.0, 0.0, 0.0, 0.0, 0.0], [1.0187721543789978, 0.0, 0.9920230811313783, 0.0, 0.0, 0.0, 0.0, 0.0, 0.0, 0.0, 0.0, 0.9788521982354615, 0.9796497810496723, 0.0, 0.0, 0.0, 0.0, 0.0, 0.0, 0.0, 0.0, 0.0, 0.0, 0.0], [0.0, 0.9920230811313783, 0.0, 1.0249328477067239, 0.0, 0.0, 0.0, 0.0, 0.0, 0.0, 0.0, 0.0, 0.0, 0.9637355706833789, 0.9758894386152496, 0.0, 0.0, 0.0, 0.0, 0.0, 0.0, 0.0, 0.0, 0.0], [0.0, 0.0, 1.0249328477067239, 0.0, 1.927883524246052, 0.0, 0.0, 0.0, 0.0, 0.0, 0.0, 0.0, 0.0, 0.0, 0.0, 0.9647041657051505, 0.0, 0.0, 0.0, 0.0, 0.0, 0.0, 0.0, 0.0], [0.0, 0.0, 0.0, 1.927883524246052, 0.0, 1.0249326147589055, 0.0, 0.0, 0.0, 0.0, 0.0, 0.0, 0.0, 0.0, 0.0, 0.0, 0.964704199471011, 0.0, 0.0, 0.0, 0.0, 0.0, 0.0, 0.0], [0.0, 0.0, 0.0, 0.0, 1.0249326147589055, 0.0, 0.9920231441785701, 0.0, 0.0, 0.0, 0.0, 0.0, 0.0, 0.0, 0.0, 0.0, 0.0, 0.9758895020180356, 0.963735660288624, 0.0, 0.0, 0.0, 0.0, 0.0], [0.0, 0.0, 0.0, 0.0, 0.0, 0.9920231441785701, 0.0, 1.018772170969972, 0.0, 0.0, 0.0, 0.0, 0.0, 0.0, 0.0, 0.0, 0.0, 0.0, 0.0, 0.9796497895419682, 0.9788522064166547, 0.0, 0.0, 0.0], [0.0, 0.0, 0.0, 0.0, 0.0, 0.0, 1.018772170969972, 0.0, 0.0, 0.0, 0.0, 0.0, 0.0, 0.0, 0.0, 0.0, 0.0, 0.0, 0.0, 0.0, 0.0, 0.9878478897467465, 0.9870429850268121, 0.9879467350069695], [0.9879467366497721, 0.0, 0.0, 0.0, 0.0, 0.0, 0.0, 0.0, 0.0, 0.0, 0.0, 0.0, 0.0, 0.0, 0.0, 0.0, 0.0, 0.0, 0.0, 0.0, 0.0, 0.0, 0.0, 0.0], [0.9878478947495317, 0.0, 0.0, 0.0, 0.0, 0.0, 0.0, 0.0, 0.0, 0.0, 0.0, 0.0, 0.0, 0.0, 0.0, 0.0, 0.0, 0.0, 0.0, 0.0, 0.0, 0.0, 0.0, 0.0], [0.987042991431603, 0.0, 0.0, 0.0, 0.0, 0.0, 0.0, 0.0, 0.0, 0.0, 0.0, 0.0, 0.0, 0.0, 0.0, 0.0, 0.0, 0.0, 0.0, 0.0, 0.0, 0.0, 0.0, 0.0], [0.0, 0.9788521982354615, 0.0, 0.0, 0.0, 0.0, 0.0, 0.0, 0.0, 0.0, 0.0, 0.0, 0.0, 0.0, 0.0, 0.0, 0.0, 0.0, 0.0, 0.0, 0.0, 0.0, 0.0, 0.0], [0.0, 0.9796497810496723, 0.0, 0.0, 0.0, 0.0, 0.0, 0.0, 0.0, 0.0, 0.0, 0.0, 0.0, 0.0, 0.0, 0.0, 0.0, 0.0, 0.0, 0.0, 0.0, 0.0, 0.0, 0.0], [0.0, 0.0, 0.9637355706833789, 0.0, 0.0, 0.0, 0.0, 0.0, 0.0, 0.0, 0.0, 0.0, 0.0, 0.0, 0.0, 0.0, 0.0, 0.0, 0.0, 0.0, 0.0, 0.0, 0.0, 0.0], [0.0, 0.0, 0.9758894386152496, 0.0, 0.0, 0.0, 0.0, 0.0, 0.0, 0.0, 0.0, 0.0, 0.0, 0.0, 0.0, 0.0, 0.0, 0.0, 0.0, 0.0, 0.0, 0.0, 0.0, 0.0], [0.0, 0.0, 0.0, 0.9647041657051505, 0.0, 0.0, 0.0, 0.0, 0.0, 0.0, 0.0, 0.0, 0.0, 0.0, 0.0, 0.0, 0.0, 0.0, 0.0, 0.0, 0.0, 0.0, 0.0, 0.0], [0.0, 0.0, 0.0, 0.0, 0.964704199471011, 0.0, 0.0, 0.0, 0.0, 0.0, 0.0, 0.0, 0.0, 0.0, 0.0, 0.0, 0.0, 0.0, 0.0, 0.0, 0.0, 0.0, 0.0, 0.0], [0.0, 0.0, 0.0, 0.0, 0.0, 0.9758895020180356, 0.0, 0.0, 0.0, 0.0, 0.0, 0.0, 0.0, 0.0, 0.0, 0.0, 0.0, 0.0, 0.0, 0.0, 0.0, 0.0, 0.0, 0.0], [0.0, 0.0, 0.0, 0.0, 0.0, 0.963735660288624, 0.0, 0.0, 0.0, 0.0, 0.0, 0.0, 0.0, 0.0, 0.0, 0.0, 0.0, 0.0, 0.0, 0.0, 0.0, 0.0, 0.0, 0.0], [0.0, 0.0, 0.0, 0.0, 0.0, 0.0, 0.9796497895419682, 0.0, 0.0, 0.0, 0.0, 0.0, 0.0, 0.0, 0.0, 0.0, 0.0, 0.0, 0.0, 0.0, 0.0, 0.0, 0.0, 0.0], [0.0, 0.0, 0.0, 0.0, 0.0, 0.0, 0.9788522064166547, 0.0, 0.0, 0.0, 0.0, 0.0, 0.0, 0.0, 0.0, 0.0, 0.0, 0.0, 0.0, 0.0, 0.0, 0.0, 0.0, 0.0], [0.0, 0.0, 0.0, 0.0, 0.0, 0.0, 0.0, 0.9878478897467465, 0.0, 0.0, 0.0, 0.0, 0.0, 0.0, 0.0, 0.0, 0.0, 0.0, 0.0, 0.0, 0.0, 0.0, 0.0, 0.0], [0.0, 0.0, 0.0, 0.0, 0.0, 0.0, 0.0, 0.9870429850268121, 0.0, 0.0, 0.0, 0.0, 0.0, 0.0, 0.0, 0.0, 0.0, 0.0, 0.0, 0.0, 0.0, 0.0, 0.0, 0.0], [0.0, 0.0, 0.0, 0.0, 0.0, 0.0, 0.0, 0.9879467350069695, 0.0, 0.0, 0.0, 0.0, 0.0, 0.0, 0.0, 0.0, 0.0, 0.0, 0.0, 0.0, 0.0, 0.0, 0.0, 0.0]], "Born radii": [], "Atomic SASAs": [], "Solvent H bonds": [], "Total SASA": NaN, "Total FOD": 0.0, "FOD": [0.0, 0.0, 0.0, 0.0, 0.0, 0.0, 0.0, 0.0, 0.0, 0.0, 0.0, 0.0, 0.0, 0.0, 0.0, 0.0, 0.0, 0.0, 0.0, 0.0, 0.0, 0.0, 0.0, 0.0], "FOD s proportion": [0.0, 0.0, 0.0, 0.0, 0.0, 0.0, 0.0, 0.0, 0.0, 0.0, 0.0, 0.0, 0.0, 0.0, 0.0, 0.0, 0.0, 0.0, 0.0, 0.0, 0.0, 0.0, 0.0, 0.0], "FOD p proportion": [0.0, 0.0, 0.0, 0.0, 0.0, 0.0, 0.0, 0.0, 0.0, 0.0, 0.0, 0.0, 0.0, 0.0, 0.0, 0.0, 0.0, 0.0, 0.0, 0.0, 0.0, 0.0, 0.0, 0.0], "FOD d proportion": [0.0, 0.0, 0.0, 0.0, 0.0, 0.0, 0.0, 0.0, 0.0, 0.0, 0.0, 0.0, 0.0, 0.0, 0.0, 0.0, 0.0, 0.0, 0.0, 0.0, 0.0, 0.0, 0.0, 0.0], "coordinates": [["4.12229052314454", "-0.60291101614583", "0.32752292506334"], ["2.69161771520834", "-0.24412547307250", "0.70800377815498"], ["1.94960038344685", "0.43309679576474", "-0.44845404463756"], ["0.55523102041481", "0.80463998325573", "-0.05639592585992"], ["-0.54119869946915", "0.32904267820152", "-0.62192965163370"], ["-1.93578400116678", "0.68323286930194", "-0.21486251318276"], ["-2.70142232596096", "-0.54804654325730", "0.27946917113006"], ["-4.13226487840351", "-0.20296105931560", "0.67179926063399"], ["4.13221325435153", "-1.28260061826549", "-0.52194652025173"], ["4.68088121002459", "0.29066118644207", "0.05635433591476"], ["4.63011601524239", "-1.08593504821503", "1.15930115950849"], ["2.70098164081818", "0.42573014760283", "1.57089036761623"], ["2.15079413913589", "-1.14848309348028", "0.99586109925711"], ["2.49707702811025", "1.33577009729048", "-0.73650170722998"], ["1.92676030248012", "-0.23792802712996", "-1.30951538185170"], ["0.47719239134348", "1.50970249084911", "0.76221530752145"], ["-0.46321632425672", "-0.38056624862773", "-1.43660836246361"], ["-1.91190380410701", "1.43831695099043", "0.57349031823131"], ["-2.46685776448112", "1.10594764832167", "-1.07322979826326"], ["-2.17702272567619", "-0.97072071920602", "1.13944953190002"], ["-2.71186729020558", "-1.30529591668456", "-0.50782478211624"], ["-4.67478520523883", "0.20189868009107", "-0.18013235588159"], ["-4.65702611849953", "-1.08833561266525", "1.02363924329231"], ["-4.14140648625560", "0.53986984795396", "1.46665354514801"]], "bond_dist": [[0.0, 1.5232588187356135, 2.5290383324468384, 3.8538950421651386, 4.849549423733957, 6.216801026235753, 6.8241026018590825, 8.271406835625276, 1.0879681770842753, 1.0881301578615257, 1.0876828477444618, 2.150391634084014, 2.1520043677490226, 2.744440158240503, 2.76287168548034, 4.235426033796853, 4.9181774513368275, 6.374842174623295, 6.94976123930547, 6.362063831754828, 6.920755981695169, 8.84838820929213, 8.82023897984965, 8.419753852467181], [1.5232588187356135, 0.0, 1.5318663185609775, 2.4996727785004684, 3.54236455327689, 4.808796349562991, 5.4185690742091355, 6.824102792854727, 2.1602138484727886, 2.160512212086593, 2.1610387193322294, 1.0924136130263236, 1.0923436653990861, 2.149537668778196, 2.1576442781736698, 2.8253373129457766, 3.8171920485469673, 4.903174151505012, 5.621864438193802, 4.941431557023204, 5.639323718505621, 7.4331430313266065, 7.4037073619462, 6.919567751683763], [2.5290383324468384, 1.5318663185609775, 0.0, 1.4953326817911807, 2.499000023421314, 3.900428806561074, 4.808796804106819, 6.2168015993984715, 2.7771960148179473, 2.7811893782175563, 3.4752695710956765, 2.1546182763391446, 2.151260121016525, 1.094313127794888, 1.0918894672467692, 2.18924311079311, 2.7313331855747265, 4.11898682102376, 4.51089520877004, 4.639090392357948, 4.975421085664227, 6.633847565699293, 6.937530465375234, 6.385875214243584], [3.8538950421651386, 2.4996727785004684, 1.4953326817911807, 0.0, 1.3221873249306315, 2.4990012373669335, 3.54236604839851, 4.849551102118865, 4.167506759019854, 4.159071568527223, 4.653695421282411, 2.719536554167144, 2.7327195731742804, 2.1249491733898638, 2.1303401134155306, 1.0832024366014716, 2.0849304967119107, 2.6239392947057887, 3.2027734944713178, 3.470902262484333, 3.9152967812640123, 5.266087494834803, 5.649553704101022, 4.944510773044033], [4.849549423733957, 3.54236455327689, 2.499000023421314, 1.3221873249306315, 0.0, 1.4953335782993233, 2.499674270086516, 3.8538965705705897, 4.944509078940195, 5.266085917245603, 5.64955228734183, 3.9152958333321584, 3.4709011456324377, 3.20277165109647, 2.6239381761783056, 2.084930520425607, 1.083202419568483, 2.130340536276704, 2.124950820515154, 2.732720578863217, 2.7195375884130524, 4.1590729552955175, 4.653696761780972, 4.167508125177744], [6.216801026235753, 4.808796349562991, 3.900428806561074, 2.4990012373669335, 1.4953335782993233, 0.0, 1.5318664596828977, 2.5290387550081337, 6.385874457051032, 6.633847271561801, 6.937530104093069, 4.97542125067381, 4.639089989516292, 4.510894499715129, 4.1189866226579905, 2.7313345042056345, 2.1892434872857836, 1.0918893813154997, 1.0943132652851388, 2.1512600285873367, 2.154618039291623, 2.7811897420775864, 3.4752697950284372, 2.777196384313442], [6.8241026018590825, 5.4185690742091355, 4.808796804106819, 3.54236604839851, 2.499674270086516, 1.5318664596828977, 0.0, 1.5232587765175525, 6.919567330694667, 7.433143102549242, 7.403707369965021, 5.6393242831625905, 4.941431580998187, 5.621864236635316, 4.903174466186519, 3.81719352936566, 2.82533853838067, 2.157644053724625, 2.149537583080824, 1.0923436367292056, 1.0924136028319293, 2.160512081652478, 2.161038539271088, 2.160213691762457], [8.271406835625276, 6.824102792854727, 6.2168015993984715, 4.849551102118865, 3.8538965705705897, 2.5290387550081337, 1.5232587765175525, 0.0, 8.419753522129861, 8.848388517286356, 8.820239230985175, 6.920756854908751, 6.3620640212297355, 6.949761096746879, 6.374842472088878, 4.918179319547114, 4.235427204083824, 2.7628719578586267, 2.744439701729261, 2.1520045416708604, 2.1503916686416775, 1.0881301359859439, 1.0876827810640437, 1.0879681334484637], [1.0879681770842753, 2.1602138484727886, 2.7771960148179473, 4.167506759019854, 4.944509078940195, 6.385874457051032, 6.919567330694667, 8.419753522129861, 0.0, 1.7636953002083549, 1.7644200935279377, 3.057251081676212, 2.499549797550658, 3.0944417284393855, 2.5642987847265406, 4.7754796368642305, 4.771608251056851, 6.7182382588101754, 7.039660104438896, 6.531765807591322, 6.844132742754443, 8.937773601798838, 8.926214371061574, 8.702224568035119], [1.0881301578615257, 2.160512212086593, 2.7811893782175563, 4.159071568527223, 5.266085917245603, 6.633847271561801, 7.433143102549242, 8.848388517286356, 1.7636953002083549, 0.0, 1.7646773058972791, 2.4964104870262847, 3.0586189372129056, 2.5475231197444397, 3.1193250257050327, 4.433429947274744, 5.398261139528048, 6.711881824098647, 7.282226636048812, 7.05655906988406, 7.584069325889499, 9.359075745586122, 9.488613467735586, 8.93777427620956], [1.0876828477444618, 2.1610387193322294, 3.4752695710956765, 4.653695421282411, 5.64955228734183, 6.937530104093069, 7.403707369965021, 8.820239230985175, 1.7644200935279377, 1.7646773058972791, 0.0, 2.48517540126706, 2.4854902688608003, 3.7428037140527914, 3.7579652915411104, 4.913429152230128, 5.760062995339905, 7.036550704287648, 7.756002905032284, 6.808142644425299, 7.5320745451257025, 9.488613416976472, 9.288133231739602, 8.926214989773154], [2.150391634084014, 1.0924136130263236, 2.1546182763391446, 2.719536554167144, 3.9152958333321584, 4.97542125067381, 5.6393242831625905, 6.920756854908751, 3.057251081676212, 2.4964104870262847, 2.48517540126706, 0.0, 1.7639479229496586, 2.4887362231008274, 3.055584745215806, 2.6027274194239736, 4.4392917511907655, 4.826888337315297, 5.844709695002737, 5.092263035004459, 6.0511520770060505, 7.584069993838925, 7.532075219066096, 6.844133872731797], [2.1520043677490226, 1.0923436653990861, 2.151260121016525, 2.7327195731742804, 3.4709011456324377, 4.639089989516292, 4.941431580998187, 6.3620640212297355, 2.499549797550658, 3.0586189372129056, 2.4854902688608003, 1.7639479229496586, 0.0, 3.0483613054149203, 2.4887873369319, 3.1498386890357057, 3.652349198192614, 4.83481603835845, 5.5395220204238855, 4.33384539584055, 5.0922625293446995, 7.05655900048158, 6.808142625195629, 6.531766215361252], [2.744440158240503, 2.149537668778196, 1.094313127794888, 2.1249491733898638, 3.20277165109647, 4.510894499715129, 5.621864236635316, 6.949761096746879, 3.0944417284393855, 2.5475231197444397, 3.7428037140527914, 2.4887362231008274, 3.0483613054149203, 0.0, 1.7692178005099797, 2.5211781201812973, 3.49274913400467, 4.600620278053291, 4.980647828389403, 5.539521770561294, 5.8447090378878785, 7.282226248888487, 7.756002610306256, 7.039660051698649], [2.76287168548034, 2.1576442781736698, 1.0918894672467692, 2.1303401134155306, 2.6239381761783056, 4.1189866226579905, 4.903174466186519, 6.374842472088878, 2.5642987847265406, 3.1193250257050327, 3.7579652915411104, 3.055584745215806, 2.4887873369319, 1.7692178005099797, 0.0, 3.0736830685123313, 2.3976001677304897, 4.592477524868173, 4.6006208740136945, 4.834816379194852, 4.826888021591301, 6.711881751209458, 7.036550803017262, 6.718238729134219], [4.235426033796853, 2.8253373129457766, 2.18924311079311, 1.0832024366014716, 2.084930520425607, 2.7313345042056345, 3.81719352936566, 4.918179319547114, 4.7754796368642305, 4.433429947274744, 4.913429152230128, 2.6027274194239736, 3.1498386890357057, 2.5211781201812973, 3.0736830685123313, 0.0, 3.0483290490868513, 2.3976016449776396, 3.492750782581582, 3.6523503184166817, 4.439292681969257, 5.39826296894107, 5.760064597582304, 4.771610229054222], [4.9181774513368275, 3.8171920485469673, 2.7313331855747265, 2.0849304967119107, 1.083202419568483, 2.1892434872857836, 2.82533853838067, 4.235427204083824, 4.771608251056851, 5.398261139528048, 5.760062995339905, 4.4392917511907655, 3.652349198192614, 3.49274913400467, 2.3976001677304897, 3.0483290490868513, 0.0, 3.0736831675141207, 2.5211795984674525, 3.1498395127058574, 2.602728388589581, 4.43343092734742, 4.913430201456487, 4.77548062292211], [6.374842174623295, 4.903174151505012, 4.11898682102376, 2.6239392947057887, 2.130340536276704, 1.0918893813154997, 2.157644053724625, 2.7628719578586267, 6.7182382588101754, 6.711881824098647, 7.036550704287648, 4.826888337315297, 4.83481603835845, 4.600620278053291, 4.592477524868173, 2.3976016449776396, 3.0736831675141207, 0.0, 1.769217452310291, 2.488786927508269, 3.0555843128610265, 3.1193253937784324, 3.7579653741269543, 2.5642991160507456], [6.94976123930547, 5.621864438193802, 4.51089520877004, 3.2027734944713178, 2.124950820515154, 1.0943132652851388, 2.149537583080824, 2.744439701729261, 7.039660104438896, 7.282226636048812, 7.756002905032284, 5.844709695002737, 5.5395220204238855, 4.980647828389403, 4.6006208740136945, 3.492750782581582, 2.5211795984674525, 1.769217452310291, 0.0, 3.0483611460161666, 2.4887362314564174, 2.547522553815449, 3.742803257696733, 3.094440966605067], [6.362063831754828, 4.941431557023204, 4.639090392357948, 3.470902262484333, 2.732720578863217, 2.1512600285873367, 1.0923436367292056, 2.1520045416708604, 6.531765807591322, 7.05655906988406, 6.808142644425299, 5.092263035004459, 4.33384539584055, 5.539521770561294, 4.834816379194852, 3.6523503184166817, 3.1498395127058574, 2.488786927508269, 3.0483611460161666, 0.0, 1.7639478270607034, 3.0586189724253092, 2.4854903167234643, 2.49954993682991], [6.920755981695169, 5.639323718505621, 4.975421085664227, 3.9152967812640123, 2.7195375884130524, 2.154618039291623, 1.0924136028319293, 2.1503916686416775, 6.844132742754443, 7.584069325889499, 7.5320745451257025, 6.0511520770060505, 5.0922625293446995, 5.8447090378878785, 4.826888021591301, 4.439292681969257, 2.602728388589581, 3.0555843128610265, 2.4887362314564174, 1.7639478270607034, 0.0, 2.4964103468620076, 2.485175386553353, 3.057250999979168], [8.84838820929213, 7.4331430313266065, 6.633847565699293, 5.266087494834803, 4.1590729552955175, 2.7811897420775864, 2.160512081652478, 1.0881301359859439, 8.937773601798838, 9.359075745586122, 9.488613416976472, 7.584069993838925, 7.05655900048158, 7.282226248888487, 6.711881751209458, 5.39826296894107, 4.43343092734742, 3.1193253937784324, 2.547522553815449, 3.0586189724253092, 2.4964103468620076, 0.0, 1.764677301475798, 1.7636953172247947], [8.82023897984965, 7.4037073619462, 6.937530465375234, 5.649553704101022, 4.653696761780972, 3.4752697950284372, 2.161038539271088, 1.0876827810640437, 8.926214371061574, 9.488613467735586, 9.288133231739602, 7.532075219066096, 6.808142625195629, 7.756002610306256, 7.036550803017262, 5.760064597582304, 4.913430201456487, 3.7579653741269543, 3.742803257696733, 2.4854903167234643, 2.485175386553353, 1.764677301475798, 0.0, 1.7644201026950108], [8.419753852467181, 6.919567751683763, 6.385875214243584, 4.944510773044033, 4.167508125177744, 2.777196384313442, 2.160213691762457, 1.0879681334484637, 8.702224568035119, 8.93777427620956, 8.926214989773154, 6.844133872731797, 6.531766215361252, 7.039660051698649, 6.718238729134219, 4.771610229054222, 4.77548062292211, 2.5642991160507456, 3.094440966605067, 2.49954993682991, 3.057250999979168, 1.7636953172247947, 1.7644201026950108, 0.0]]}