{"total energy": -18.94031644, "HOMO-LUMO gap/eV": 5.25095154, "electronic energy": -19.25734861, "dipole": [-0.00124252, 0.02144306, 0.01122671], "partial charges": [-0.0980362, -0.05195492, -0.04538551, -0.04538567, -0.05195501, -0.09803621, 0.03262052, 0.03412593, 0.03493613, 0.03160717, 0.03455962, 0.02752751, 0.02752748, 0.03160711, 0.03455951, 0.03262053, 0.0349361, 0.0341259], "atomic dipole moments": [[0.05001306, -0.08365653, -0.00993503], [0.00725849, 0.09658635, -0.01188728], [-0.14728424, -0.00881598, -0.00098515], [0.14734692, 0.00773302, 0.00041868], [-0.01552208, 0.04428506, 0.08556193], [-0.04157973, -0.06010081, -0.06524879], [-0.11586198, -0.02646359, 0.03551803], [0.05284782, 0.07317242, 0.08610816], [-0.00556603, 0.0634158, -0.1064837], [0.00370674, -0.06197208, 0.1074813], [-0.05770172, -0.07106, -0.08343857], [0.01283329, 0.06819758, -0.12775545], [-0.01289116, -0.06721096, 0.12827145], [-0.00315739, 0.05260938, -0.11237776], [0.06792922, -0.10327998, -0.00773988], [0.11596235, 0.02475425, -0.03641195], [0.00482614, -0.05080403, 0.11307948], [-0.06342339, 0.10710888, 0.00817718]], "atomic quadrupole moments": [[-0.01466828, -0.16214239, 0.13510885, -0.02808212, 0.03296033, -0.12044058], [0.12277071, -0.09099834, 0.05166289, -0.08669716, 0.00303344, -0.17443361], [-0.18179407, 0.03953411, 0.33915386, -0.16606765, 0.33516682, -0.15735979], [-0.18302931, 0.05022705, 0.33340234, -0.16095545, 0.34034182, -0.15037303], [0.09659157, 0.13581484, -0.07410546, 0.02147315, 0.11541237, -0.02248611], [-0.04567535, 0.10569299, 0.01405359, 0.10160828, 0.14668243, 0.03162176], [0.06313651, 0.02973382, -0.01945087, -0.03738433, -0.00956723, -0.04368564], [-0.01315433, 0.02184243, -0.00108304, 0.04758439, 0.04859369, 0.01423737], [-0.04948878, -0.00958043, -0.01146667, -0.00476537, -0.04761175, 0.06095545], [-0.02151189, -0.01143272, -0.01992257, -0.00140937, -0.03797747, 0.04143446], [-0.0085505, 0.01523606, -0.00631845, 0.03087107, 0.03954848, 0.01486896], [0.03134972, 0.00401451, -0.04598969, 0.00743553, -0.04255188, 0.01463997], [0.03172703, 0.0007892, -0.04566518, 0.00579306, -0.04313802, 0.01393815], [-0.02391274, 0.00881512, -0.01259463, 0.00956901, -0.04077199, 0.03650737], [-0.00239355, -0.03855625, 0.03833239, 0.00627267, 0.00264986, -0.03593883], [0.06396906, 0.02327886, -0.04135545, -0.04227802, 0.00485042, -0.0226136], [-0.05153967, 0.00772936, -0.00564655, 0.00458826, -0.04969343, 0.05718623], [-0.00402001, -0.05735885, 0.04473531, 0.00994761, 0.00803797, -0.0407153]], "number of molecular orbitals": 36, "number of electrons": 36, "number of unpaired electrons": 0, "orbital energies/eV": [-16.87990092, -16.67545956, -16.23131521, -15.57490276, -15.12048785, -14.70634093, -13.7755523, -13.73664899, -13.42980945, -13.11470302, -12.73778313, -12.60806358, -12.26041724, -12.15569868, -11.70189542, -11.56765483, -11.36365737, -10.43344395, -5.18249241, 2.42869757, 3.18253035, 3.69840262, 3.88681162, 4.35441374, 4.63407704, 4.75367768, 5.01709917, 5.14587308, 5.55972818, 5.74908109, 6.93878091, 7.09657629, 7.48454019, 7.82895102, 11.3601822, 17.71450364], "fractional occupation": [2.0, 2.0, 2.0, 2.0, 2.0, 2.0, 2.0, 2.0, 2.0, 2.0, 2.0, 2.0, 2.0, 2.0, 2.0, 2.0, 2.0, 2.0, 0.0, 0.0, 0.0, 0.0, 0.0, 0.0, 0.0, 0.0, 0.0, 0.0, 0.0, 0.0, 0.0, 0.0, 0.0, 0.0, 0.0, 0.0], "program call": "xtb /tmp/scratch/tmpjuv6fdff/16673_0_xyzopt.xyz --pop --wbo --acc 0.2 --gfn 2 --chrg 0 --uhf 0 --etemp 300 --input /tmp/scratch/tmpjuv6fdff/16673_0_xtb.inp", "method": "GFN2-xTB", "xtb version": "6.3.3 (7355c4f)", "Dipole module/D": 0.062, "Total charge": 0, "Transition dipole module/D": NaN, "HOMO": -10.4334, "LUMO": -5.1825, "HOMO occupancy": 2.0, "LUMO occupancy": 0, "mulliken charges": [-0.08217, -0.03404, -0.04553, -0.04553, -0.03404, -0.08217, 0.02868, 0.02859, 0.02853, 0.02466, 0.02848, 0.02279, 0.02279, 0.02466, 0.02848, 0.02868, 0.02853, 0.02859], "cm5 charges": [-0.2339, -0.14297, -0.10878, -0.10878, -0.14297, -0.2339, 0.08023, 0.08092, 0.08075, 0.08039, 0.08321, 0.08015, 0.08015, 0.08039, 0.08321, 0.08023, 0.08075, 0.08092], "FUKUI+": [0.018, 0.023, -0.146, -0.146, 0.023, 0.018, -0.061, -0.029, -0.036, -0.056, -0.082, -0.131, -0.131, -0.056, -0.082, -0.061, -0.036, -0.029], "FUKUI-": [0.014, 0.006, -0.064, -0.064, 0.006, 0.014, -0.064, -0.065, -0.057, -0.067, -0.124, -0.078, -0.078, -0.067, -0.124, -0.064, -0.057, -0.065], "FUKUIrad": [0.016, 0.015, -0.105, -0.105, 0.015, 0.016, -0.063, -0.047, -0.047, -0.062, -0.103, -0.104, -0.104, -0.062, -0.103, -0.063, -0.047, -0.047], "s proportion": [1.005, 1.022, 1.064, 1.064, 1.022, 1.005, 0.971, 0.971, 0.971, 0.975, 0.972, 0.977, 0.977, 0.975, 0.972, 0.971, 0.971, 0.971], "p proportion": [3.077, 3.012, 2.981, 2.981, 3.012, 3.077, 0.0, 0.0, 0.0, 0.0, 0.0, 0.0, 0.0, 0.0, 0.0, 0.0, 0.0, 0.0], "d proportion": [0.0, 0.0, 0.0, 0.0, 0.0, 0.0, 0.0, 0.0, 0.0, 0.0, 0.0, 0.0, 0.0, 0.0, 0.0, 0.0, 0.0, 0.0], "Fermi-level/eV": -7.808, "Coordination numbers": [3.753, 3.804, 2.891, 2.891, 3.804, 3.753, 0.925, 0.925, 0.925, 0.924, 0.924, 0.925, 0.925, 0.924, 0.924, 0.925, 0.925, 0.925], "Dispersion coefficient C6": [22.43, 21.504, 29.125, 29.125, 21.504, 22.43, 2.549, 2.529, 2.517, 2.564, 2.523, 2.622, 2.622, 2.564, 2.523, 2.549, 2.517, 2.529], "Total dispersion C6": 2364.865923, "Total dispersion C8": 50690.187557, "Polarizability alpha": [6.753, 6.602, 8.848, 8.848, 6.602, 6.753, 2.497, 2.487, 2.481, 2.504, 2.484, 2.532, 2.532, 2.504, 2.484, 2.497, 2.481, 2.487], "Total polarizability alpha": 74.375813, "Wiberg matrix": [[0.0, 1.8488401254290214, 0.0, 0.0, 0.0, 1.106841241494432, 0.9685070646575896, 0.0, 0.0, 0.0, 0.0, 0.0, 0.0, 0.0, 0.0, 0.0, 0.0, 0.0], [1.8488401254290214, 0.0, 1.0227846718930709, 0.0, 0.11838440339830393, 0.0, 0.0, 0.9700936353800159, 0.0, 0.0, 0.0, 0.0, 0.0, 0.0, 0.0, 0.0, 0.0, 0.0], [0.0, 1.0227846718930709, 0.0, 1.0042332335686257, 0.0, 0.0, 0.0, 0.0, 0.9564619930218523, 0.9729402355217921, 0.0, 0.0, 0.0, 0.0, 0.0, 0.0, 0.0, 0.0], [0.0, 0.0, 1.0042332335686257, 0.0, 1.0227849174277588, 0.0, 0.0, 0.0, 0.0, 0.0, 0.9564573485494758, 0.9729431289752256, 0.0, 0.0, 0.0, 0.0, 0.0, 0.0], [0.0, 0.11838440339830393, 0.0, 1.0227849174277588, 0.0, 1.8488394781150137, 0.0, 0.0, 0.0, 0.0, 0.0, 0.0, 0.9700965680385928, 0.0, 0.0, 0.0, 0.0, 0.0], [1.106841241494432, 0.0, 0.0, 0.0, 1.8488394781150137, 0.0, 0.0, 0.0, 0.0, 0.0, 0.0, 0.0, 0.0, 0.9685109182166373, 0.0, 0.0, 0.9881778758062664, 0.9890388613792862], [0.9685070646575896, 0.0, 0.0, 0.0, 0.0, 0.0, 0.0, 0.0, 0.0, 0.0, 0.0, 0.0, 0.0, 0.0, 0.0, 0.0, 0.0, 0.0], [0.0, 0.9700936353800159, 0.0, 0.0, 0.0, 0.0, 0.0, 0.0, 0.0, 0.0, 0.0, 0.0, 0.0, 0.0, 0.0, 0.0, 0.0, 0.0], [0.0, 0.0, 0.9564619930218523, 0.0, 0.0, 0.0, 0.0, 0.0, 0.0, 0.0, 0.0, 0.0, 0.0, 0.0, 0.0, 0.0, 0.0, 0.0], [0.0, 0.0, 0.9729402355217921, 0.0, 0.0, 0.0, 0.0, 0.0, 0.0, 0.0, 0.0, 0.0, 0.0, 0.0, 0.0, 0.0, 0.0, 0.0], [0.0, 0.0, 0.0, 0.9564573485494758, 0.0, 0.0, 0.0, 0.0, 0.0, 0.0, 0.0, 0.0, 0.0, 0.0, 0.0, 0.0, 0.0, 0.0], [0.0, 0.0, 0.0, 0.9729431289752256, 0.0, 0.0, 0.0, 0.0, 0.0, 0.0, 0.0, 0.0, 0.0, 0.0, 0.0, 0.0, 0.0, 0.0], [0.0, 0.0, 0.0, 0.0, 0.9700965680385928, 0.0, 0.0, 0.0, 0.0, 0.0, 0.0, 0.0, 0.0, 0.0, 0.0, 0.0, 0.0, 0.0], [0.0, 0.0, 0.0, 0.0, 0.0, 0.9685109182166373, 0.0, 0.0, 0.0, 0.0, 0.0, 0.0, 0.0, 0.0, 0.0, 0.0, 0.0, 0.0], [0.0, 0.0, 0.0, 0.0, 0.0, 0.0, 0.0, 0.0, 0.0, 0.0, 0.0, 0.0, 0.0, 0.0, 0.0, 0.0, 0.0, 0.0], [0.0, 0.0, 0.0, 0.0, 0.0, 0.0, 0.0, 0.0, 0.0, 0.0, 0.0, 0.0, 0.0, 0.0, 0.0, 0.0, 0.0, 0.0], [0.0, 0.0, 0.0, 0.0, 0.0, 0.9881778758062664, 0.0, 0.0, 0.0, 0.0, 0.0, 0.0, 0.0, 0.0, 0.0, 0.0, 0.0, 0.0], [0.0, 0.0, 0.0, 0.0, 0.0, 0.9890388613792862, 0.0, 0.0, 0.0, 0.0, 0.0, 0.0, 0.0, 0.0, 0.0, 0.0, 0.0, 0.0]], "Born radii": [], "Atomic SASAs": [], "Solvent H bonds": [], "Total SASA": NaN, "Total FOD": 0.0, "FOD": [0.0, 0.0, 0.0, 0.0, 0.0, 0.0, 0.0, 0.0, 0.0, 0.0, 0.0, 0.0, 0.0, 0.0, 0.0, 0.0, 0.0, 0.0], "FOD s proportion": [0.0, 0.0, 0.0, 0.0, 0.0, 0.0, 0.0, 0.0, 0.0, 0.0, 0.0, 0.0, 0.0, 0.0, 0.0, 0.0, 0.0, 0.0], "FOD p proportion": [0.0, 0.0, 0.0, 0.0, 0.0, 0.0, 0.0, 0.0, 0.0, 0.0, 0.0, 0.0, 0.0, 0.0, 0.0, 0.0, 0.0, 0.0], "FOD d proportion": [0.0, 0.0, 0.0, 0.0, 0.0, 0.0, 0.0, 0.0, 0.0, 0.0, 0.0, 0.0, 0.0, 0.0, 0.0, 0.0, 0.0, 0.0], "coordinates": [["-2.72645741058834", "0.61763518310600", "0.02408573654792"], ["-1.91141567204441", "-0.66397181726983", "-0.14857155376139"], ["-0.51888191770624", "-0.35923895779372", "-0.60276823685763"], ["0.57805245539715", "-0.64947388957912", "0.07522140436395"], ["1.96925603409765", "-0.32203872181472", "-0.36710152296318"], ["2.65386062770772", "0.61994281661154", "0.62315489344099"], ["-3.74185930072371", "0.38554381962703", "0.33740328816743"], ["-2.26904594260620", "1.25641773888395", "0.77647303952625"], ["-2.77194808368303", "1.16945055959602", "-0.91240784094475"], ["-1.88149464408577", "-1.21061174952242", "0.79599887680734"], ["-2.40186369624201", "-1.29893323371617", "-0.89257963018049"], ["-0.44523053863198", "0.14831546301092", "-1.55683872183496"], ["0.50400931904715", "-1.15034913716802", "1.03278499641370"], ["1.94433258466545", "0.13940788087837", "-1.35622704508156"], ["2.55114951448769", "-1.24593566752791", "-0.43836183600832"], ["3.67005857861263", "0.83846306648278", "0.30273977865312"], ["2.69340617341169", "0.16947298860033", "1.61265115351047"], ["2.10407291888453", "1.55590265759498", "0.69434222020111"]], "bond_dist": [[0.0, 1.5286006930778222, 2.4941167871426027, 3.5394866454048635, 4.804762145434207, 5.413567342624172, 1.0876926439232977, 1.0878212437210406, 1.087929148315482, 2.1569188254419918, 2.1491558738985677, 2.814885287914789, 3.818266366411644, 4.893898640908752, 5.616038544054521, 6.40638976564507, 5.66562535875107, 4.966247363102279], [1.5286006930778222, 0.0, 1.4960972560469696, 2.4995489664259836, 3.901831170112102, 4.804762865062628, 2.165220195927289, 2.161365993388743, 2.1645783693576592, 1.0917526193016502, 1.0941952671217883, 2.1892295192189137, 2.732479475411041, 4.11954431269207, 4.509672756945922, 5.797745019352787, 5.0000919888969735, 4.665028932211729], [2.4941167871426027, 1.4960972560469696, 0.0, 1.3218060705443782, 2.499550584565465, 3.539488625240722, 3.4389252817490314, 2.7524038900667294, 2.740269233718807, 2.130281321999047, 2.124296672830536, 1.0831835052394176, 2.0849930879983316, 2.6236948241177185, 3.199742726275407, 4.449905323353568, 3.937818454146512, 3.4971638536962617], [3.5394866454048635, 2.4995489664259836, 1.3218060705443782, 0.0, 1.4960985123036583, 2.4941189728317754, 4.44990321009753, 3.4971625703099156, 3.9378168177092263, 2.6236935410254136, 3.1997400758424357, 2.084993091716051, 1.08318347130438, 2.130281789532432, 2.1242990377856055, 3.438927574383613, 2.740271076948143, 2.752405267109236], [4.804762145434207, 3.901831170112102, 2.499550584565465, 1.4960985123036583, 0.0, 1.5286008107277522, 5.7977442552678236, 4.665028534106305, 5.000091573506851, 4.119544313518917, 4.509671587323463, 2.7324811200544348, 2.1892300809376235, 1.0917524646065846, 1.0941954217752359, 2.1652207890700996, 2.1645779832910277, 2.1613658266997433], [5.413567342624172, 4.804762865062628, 3.539488625240722, 2.4941189728317754, 1.5286008107277522, 0.0, 6.406389800241529, 4.966247666059422, 5.665625459156108, 4.8938995191528845, 5.616038183844218, 3.8182680079576645, 2.8148873995646166, 2.156918340334831, 2.149155614946063, 1.0876926132008302, 1.0879291175554417, 1.0878212096654718], [1.0876926439232977, 2.165220195927289, 3.4389252817490314, 4.44990321009753, 5.7977442552678236, 6.406389800241529, 0.0, 1.7664605338499872, 1.765577923616742, 2.4937881166038127, 2.4790944198835456, 3.8094870101748777, 4.568361109988028, 5.938160048660722, 6.547174718397482, 7.425824132922213, 6.5639611093212356, 5.972609875679539], [1.0878212437210406, 2.161365993388743, 2.7524038900667294, 3.4971625703099156, 4.665028534106305, 4.966247666059422, 1.7664605338499872, 0.0, 1.7643107668983544, 2.497360959888056, 3.0550279807400194, 3.162046340153032, 3.6807686831812405, 4.852698145139632, 5.565238592368229, 5.972610134991351, 5.1484535282204655, 4.384131072943001], [1.087929148315482, 2.1645783693576592, 2.740269233718807, 3.9378168177092263, 5.000091573506851, 5.665625459156108, 1.765577923616742, 1.7643107668983544, 0.0, 3.0620675101371067, 2.496051714779961, 2.621377992615941, 4.460621337002258, 4.847810510795369, 5.86465500098915, 6.563961174098566, 6.10294807642315, 5.148453340617936], [2.1569188254419918, 1.0917526193016502, 2.130281321999047, 2.6236935410254136, 4.119544313518917, 4.8938995191528845, 2.4937881166038127, 2.497360959888056, 3.0620675101371067, 0.0, 1.769147254830253, 3.073334104057591, 2.397984238273655, 4.5925573927358005, 4.6014376432873085, 5.93816093786213, 4.847811084951916, 4.85269871716981], [2.1491558738985677, 1.0941952671217883, 2.124296672830536, 3.1997400758424357, 4.509671587323463, 5.616038183844218, 2.4790944198835456, 3.0550279807400194, 2.496051714779961, 1.769147254830253, 0.0, 2.5227330902184004, 3.4890119174449556, 4.601436319178105, 4.974079051666493, 6.547174317605607, 5.864654564242593, 5.565237973804437], [2.814885287914789, 2.1892295192189137, 1.0831835052394176, 2.084993091716051, 2.7324811200544348, 3.8182680079576645, 3.8094870101748777, 3.162046340153032, 2.621377992615941, 3.073334104057591, 2.5227330902184004, 0.0, 3.0485631128911597, 2.3979858861328243, 3.4890142134807505, 4.568362992644889, 4.460622615845747, 3.6807696834560386], [3.818266366411644, 2.732479475411041, 2.0849930879983316, 1.08318347130438, 2.1892300809376235, 2.8148873995646166, 4.568361109988028, 3.6807686831812405, 4.460621337002258, 2.397984238273655, 3.4890119174449556, 3.0485631128911597, 0.0, 3.0733341519416055, 2.5227351757804297, 3.8094891934957062, 2.6213801307164903, 3.162047724648222], [4.893898640908752, 4.11954431269207, 2.6236948241177185, 2.130281789532432, 1.0917524646065846, 2.156918340334831, 5.938160048660722, 4.852698145139632, 4.847810510795369, 4.5925573927358005, 4.601436319178105, 2.3979858861328243, 3.0733341519416055, 0.0, 1.7691467082909929, 2.4937881387475023, 3.0620667710117884, 2.497360354166729], [5.616038544054521, 4.509672756945922, 3.199742726275407, 2.1242990377856055, 1.0941954217752359, 2.149155614946063, 6.547174718397482, 5.565238592368229, 5.86465500098915, 4.6014376432873085, 4.974079051666493, 3.4890142134807505, 2.5227351757804297, 1.7691467082909929, 0.0, 2.4790940239087567, 2.4960514626156596, 3.0550276531345584], [6.40638976564507, 5.797745019352787, 4.449905323353568, 3.438927574383613, 2.1652207890700996, 1.0876926132008302, 7.425824132922213, 5.972610134991351, 6.563961174098566, 5.93816093786213, 6.547174317605607, 4.568362992644889, 3.8094891934957062, 2.4937881387475023, 2.4790940239087567, 0.0, 1.765577937920221, 1.7664606210146998], [5.66562535875107, 5.0000919888969735, 3.937818454146512, 2.740271076948143, 2.1645779832910277, 1.0879291175554417, 6.5639611093212356, 5.1484535282204655, 6.10294807642315, 4.847811084951916, 5.864654564242593, 4.460622615845747, 2.6213801307164903, 3.0620667710117884, 2.4960514626156596, 1.765577937920221, 0.0, 1.7643106894637246], [4.966247363102279, 4.665028932211729, 3.4971638536962617, 2.752405267109236, 2.1613658266997433, 1.0878212096654718, 5.972609875679539, 4.384131072943001, 5.148453340617936, 4.85269871716981, 5.565237973804437, 3.6807696834560386, 3.162047724648222, 2.497360354166729, 3.0550276531345584, 1.7664606210146998, 1.7643106894637246, 0.0]]}