{"total energy": -27.22022083, "HOMO-LUMO gap/eV": 11.72100532, "electronic energy": -27.57753269, "dipole": [0.13054272, -0.40531301, -0.4736973], "partial charges": [-0.1039993, -0.0645792, 0.13739251, -0.45275226, -0.06700499, -0.10134185, -0.06700497, -0.10134186, 0.0354963, 0.03475792, 0.03475782, 0.0496154, 0.04961552, 0.2822067, 0.02196696, 0.03081104, 0.03673859, 0.03052599, 0.04704854, 0.02196697, 0.03081105, 0.04704853, 0.03052597, 0.03673862], "atomic dipole moments": [[0.01438057, -0.03983792, 0.0906937], [0.0219177, -0.06895035, -0.10620916], [0.01782758, -0.04837792, 0.14244647], [0.02473582, -0.08098247, -0.21397384], [-0.0152019, 0.06512093, 0.07522802], [-0.07205504, -0.06008901, -0.04698226], [-0.02559628, 0.06163626, 0.07534513], [0.0927415, -0.00483803, -0.04884224], [-0.03865445, 0.11567638, 0.01134424], [-0.08597451, -0.06160609, -0.06412221], [0.10441089, 0.00222406, -0.06627217], [0.08266789, 0.06510063, 0.06512095], [-0.10385927, 0.00256369, 0.06722723], [0.02378436, -0.07098827, -0.00141293], [0.0334543, -0.11512579, 0.01059493], [-0.01209932, 0.02025312, -0.12156416], [-0.01460374, 0.11927732, -0.03337643], [0.10976889, -0.03861855, -0.04048567], [-0.00283318, -0.00709734, 0.12573889], [0.04291622, -0.11195347, 0.01048852], [-0.00502165, 0.02262569, -0.12164414], [0.0090889, -0.0031, 0.12560431], [-0.06510827, -0.0972494, -0.0385117], [-0.06091769, 0.10374964, -0.03285384]], "atomic quadrupole moments": [[-0.11299316, -0.02311827, -0.05609993, 0.04151979, -0.11406278, 0.1690931], [-0.18385872, -0.11929566, 0.12775535, 0.04051935, -0.11141127, 0.05610337], [-0.14125767, -0.01981346, -0.09117006, 0.02504978, -0.06190103, 0.23242773], [-0.10669557, -0.02496024, -0.04217102, 0.01660031, -0.04062112, 0.1488666], [0.17611588, 0.09423637, -0.08862966, -0.03657759, 0.09645673, -0.08748621], [0.07684385, 0.14066879, 0.00192811, 0.09605313, 0.09073337, -0.07877196], [0.16927488, 0.1033478, -0.08175044, -0.0348786, 0.09689761, -0.08752444], [0.17949984, -0.00302924, -0.10596551, -0.13655874, 0.01475624, -0.07353433], [-0.04347789, -0.04248738, 0.06957474, -0.00478554, 0.01533737, -0.02609685], [0.01021363, 0.05846565, 0.00116042, 0.03792702, 0.02341155, -0.01137405], [0.06133347, -0.01201142, -0.05184321, -0.04576961, -0.00365981, -0.00949026], [0.01533476, 0.03574975, 0.00746035, 0.032029, 0.01061433, -0.02279511], [0.04553749, -0.00642403, -0.02421392, -0.03329778, -0.01069717, -0.02132357], [-0.07044631, -0.07100839, 0.11651928, 0.00963502, -0.02711237, -0.04607297], [0.00093626, -0.01704916, 0.05175128, 0.0095523, -0.01834491, -0.05268754], [-0.02282686, 0.01032891, -0.02865896, 0.0104011, -0.02953021, 0.05148582], [-0.03157269, -0.02095765, 0.06583982, 0.02026967, -0.0322311, -0.03426713], [0.05625807, -0.03070266, -0.0196814, -0.04026106, 0.02714853, -0.03657667], [-0.03622847, 0.01212954, -0.04321842, -0.00431233, -0.0124901, 0.07944689], [0.00311883, -0.02017735, 0.04940827, 0.0024424, -0.02068537, -0.05252709], [-0.01459734, -0.00054792, -0.03687745, 0.01084835, -0.02922615, 0.05147478], [-0.02661163, -1.162e-05, -0.05244051, 0.0131229, -0.00647093, 0.07905215], [-0.00024953, 0.04593667, 0.03805998, 0.01470724, 0.04449873, -0.03781045], [-0.01620757, -0.04186907, 0.05009071, 0.00317623, -0.03766801, -0.03388314]], "number of molecular orbitals": 48, "number of electrons": 50, "number of unpaired electrons": 0, "orbital energies/eV": [-18.43564669, -17.17943724, -16.65565665, -16.538428, -16.14873148, -15.87481855, -15.22786646, -14.95245907, -14.40289463, -14.26760706, -14.22855062, -13.68533928, -13.11996717, -13.01325431, -12.9940503, -12.89863291, -12.42050944, -12.259891, -12.22471055, -12.18710325, -11.79996558, -11.79136035, -11.56148146, -11.25604767, -10.77671331, 0.94429201, 1.76754369, 2.07777137, 2.6882458, 3.34261934, 3.61166938, 3.88002954, 4.03246768, 4.40431704, 4.67959054, 4.69358597, 5.3774886, 5.43553803, 5.57425827, 5.87148373, 5.9140283, 7.08826575, 7.56775335, 7.66994049, 7.88298113, 7.90233332, 8.24040681, 8.30499555], "fractional occupation": [2.0, 2.0, 2.0, 2.0, 2.0, 2.0, 2.0, 2.0, 2.0, 2.0, 2.0, 2.0, 2.0, 2.0, 2.0, 2.0, 2.0, 2.0, 2.0, 2.0, 2.0, 2.0, 2.0, 2.0, 2.0, 0.0, 0.0, 0.0, 0.0, 0.0, 0.0, 0.0, 0.0, 0.0, 0.0, 0.0, 0.0, 0.0, 0.0, 0.0, 0.0, 0.0, 0.0, 0.0, 0.0, 0.0, 0.0, 0.0], "program call": "xtb /tmp/scratch/tmphcbswtrc/16770_0_xyzopt.xyz --pop --wbo --acc 0.2 --gfn 2 --chrg 0 --uhf 0 --etemp 300 --input /tmp/scratch/tmphcbswtrc/16770_0_xtb.inp", "method": "GFN2-xTB", "xtb version": "6.3.3 (7355c4f)", "Dipole module/D": 1.619, "Total charge": 0, "Transition dipole module/D": NaN, "HOMO": -10.7767, "LUMO": 0.9443, "HOMO occupancy": 2.0, "LUMO occupancy": 0, "mulliken charges": [-0.09213, -0.05531, 0.23648, -0.56723, -0.07048, -0.0811, -0.07048, -0.0811, 0.03253, 0.02746, 0.02746, 0.03877, 0.03877, 0.33602, 0.02205, 0.02522, 0.02775, 0.02655, 0.03858, 0.02205, 0.02522, 0.03858, 0.02655, 0.02775], "cm5 charges": [-0.24513, -0.16221, 0.22729, -0.7818, -0.1785, -0.23336, -0.1785, -0.23336, 0.08431, 0.08059, 0.08059, 0.09898, 0.09899, 0.51038, 0.07989, 0.08229, 0.08093, 0.0783, 0.09445, 0.07989, 0.08229, 0.09445, 0.0783, 0.08093], "FUKUI+": [0.005, -0.003, -0.049, -0.102, -0.002, 0.013, -0.002, 0.013, -0.06, -0.036, -0.036, -0.049, -0.049, -0.11, -0.051, -0.071, -0.041, -0.071, -0.034, -0.051, -0.071, -0.034, -0.071, -0.041], "FUKUI-": [0.022, 0.013, -0.026, -0.095, -0.008, 0.018, -0.008, 0.018, -0.057, -0.057, -0.057, -0.083, -0.083, -0.051, -0.054, -0.059, -0.039, -0.08, -0.041, -0.054, -0.059, -0.041, -0.08, -0.039], "FUKUIrad": [0.014, 0.005, -0.038, -0.099, -0.005, 0.015, -0.005, 0.015, -0.058, -0.046, -0.046, -0.066, -0.066, -0.081, -0.053, -0.065, -0.04, -0.076, -0.037, -0.053, -0.065, -0.037, -0.076, -0.04], "s proportion": [1.006, 1.032, 1.05, 1.698, 1.039, 1.004, 1.039, 1.004, 0.967, 0.973, 0.973, 0.961, 0.961, 0.664, 0.978, 0.975, 0.972, 0.973, 0.961, 0.978, 0.975, 0.961, 0.973, 0.972], "p proportion": [3.086, 3.023, 2.714, 4.869, 3.032, 3.078, 3.032, 3.078, 0.0, 0.0, 0.0, 0.0, 0.0, 0.0, 0.0, 0.0, 0.0, 0.0, 0.0, 0.0, 0.0, 0.0, 0.0, 0.0], "d proportion": [0.0, 0.0, 0.0, 0.0, 0.0, 0.0, 0.0, 0.0, 0.0, 0.0, 0.0, 0.0, 0.0, 0.0, 0.0, 0.0, 0.0, 0.0, 0.0, 0.0, 0.0, 0.0, 0.0, 0.0], "Fermi-level/eV": -4.9162, "Coordination numbers": [3.751, 3.803, 3.773, 1.656, 3.802, 3.751, 3.802, 3.751, 0.925, 0.925, 0.925, 0.925, 0.925, 0.805, 0.924, 0.924, 0.925, 0.925, 0.925, 0.924, 0.924, 0.925, 0.925, 0.925], "Dispersion coefficient C6": [22.549, 21.737, 18.388, 21.9, 21.783, 22.498, 21.783, 22.498, 2.51, 2.52, 2.52, 2.325, 2.325, 0.777, 2.704, 2.575, 2.493, 2.579, 2.357, 2.704, 2.575, 2.357, 2.579, 2.493], "Total dispersion C6": 3807.382862, "Total dispersion C8": 78985.884272, "Polarizability alpha": [6.772, 6.638, 6.11, 6.317, 6.645, 6.764, 6.645, 6.764, 2.477, 2.482, 2.482, 2.384, 2.384, 1.385, 2.571, 2.509, 2.469, 2.511, 2.401, 2.571, 2.509, 2.401, 2.511, 2.469], "Total polarizability alpha": 91.175011, "Wiberg matrix": [[0.0, 1.0205147593850505, 0.0, 0.0, 0.0, 0.0, 0.0, 0.0, 0.9867625568290104, 0.9853758874389976, 0.9853758947197094, 0.0, 0.0, 0.0, 0.0, 0.0, 0.0, 0.0, 0.0, 0.0, 0.0, 0.0, 0.0, 0.0], [1.0205147593850505, 0.0, 0.9819492512544311, 0.0, 0.0, 0.0, 0.0, 0.0, 0.0, 0.0, 0.0, 0.9724762762658632, 0.9724762891938896, 0.0, 0.0, 0.0, 0.0, 0.0, 0.0, 0.0, 0.0, 0.0, 0.0, 0.0], [0.0, 0.9819492512544311, 0.0, 0.9746649419689577, 0.9748834183418045, 0.0, 0.9748834263106985, 0.0, 0.0, 0.0, 0.0, 0.0, 0.0, 0.0, 0.0, 0.0, 0.0, 0.0, 0.0, 0.0, 0.0, 0.0, 0.0, 0.0], [0.0, 0.0, 0.9746649419689577, 0.0, 0.0, 0.0, 0.0, 0.0, 0.0, 0.0, 0.0, 0.0, 0.0, 0.9006007233845608, 0.0, 0.0, 0.0, 0.0, 0.0, 0.0, 0.0, 0.0, 0.0, 0.0], [0.0, 0.0, 0.9748834183418045, 0.0, 0.0, 1.019599954528142, 0.0, 0.0, 0.0, 0.0, 0.0, 0.0, 0.0, 0.0, 0.975487973826875, 0.975153120956915, 0.0, 0.0, 0.0, 0.0, 0.0, 0.0, 0.0, 0.0], [0.0, 0.0, 0.0, 0.0, 1.019599954528142, 0.0, 0.0, 0.0, 0.0, 0.0, 0.0, 0.0, 0.0, 0.0, 0.0, 0.0, 0.9864024377124563, 0.9870536381396212, 0.9851101850231788, 0.0, 0.0, 0.0, 0.0, 0.0], [0.0, 0.0, 0.9748834263106985, 0.0, 0.0, 0.0, 0.0, 1.019599945649355, 0.0, 0.0, 0.0, 0.0, 0.0, 0.0, 0.0, 0.0, 0.0, 0.0, 0.0, 0.975487965615695, 0.9751531505793747, 0.0, 0.0, 0.0], [0.0, 0.0, 0.0, 0.0, 0.0, 0.0, 1.019599945649355, 0.0, 0.0, 0.0, 0.0, 0.0, 0.0, 0.0, 0.0, 0.0, 0.0, 0.0, 0.0, 0.0, 0.0, 0.9851102052375609, 0.9870536459701107, 0.9864024221818272], [0.9867625568290104, 0.0, 0.0, 0.0, 0.0, 0.0, 0.0, 0.0, 0.0, 0.0, 0.0, 0.0, 0.0, 0.0, 0.0, 0.0, 0.0, 0.0, 0.0, 0.0, 0.0, 0.0, 0.0, 0.0], [0.9853758874389976, 0.0, 0.0, 0.0, 0.0, 0.0, 0.0, 0.0, 0.0, 0.0, 0.0, 0.0, 0.0, 0.0, 0.0, 0.0, 0.0, 0.0, 0.0, 0.0, 0.0, 0.0, 0.0, 0.0], [0.9853758947197094, 0.0, 0.0, 0.0, 0.0, 0.0, 0.0, 0.0, 0.0, 0.0, 0.0, 0.0, 0.0, 0.0, 0.0, 0.0, 0.0, 0.0, 0.0, 0.0, 0.0, 0.0, 0.0, 0.0], [0.0, 0.9724762762658632, 0.0, 0.0, 0.0, 0.0, 0.0, 0.0, 0.0, 0.0, 0.0, 0.0, 0.0, 0.0, 0.0, 0.0, 0.0, 0.0, 0.0, 0.0, 0.0, 0.0, 0.0, 0.0], [0.0, 0.9724762891938896, 0.0, 0.0, 0.0, 0.0, 0.0, 0.0, 0.0, 0.0, 0.0, 0.0, 0.0, 0.0, 0.0, 0.0, 0.0, 0.0, 0.0, 0.0, 0.0, 0.0, 0.0, 0.0], [0.0, 0.0, 0.0, 0.9006007233845608, 0.0, 0.0, 0.0, 0.0, 0.0, 0.0, 0.0, 0.0, 0.0, 0.0, 0.0, 0.0, 0.0, 0.0, 0.0, 0.0, 0.0, 0.0, 0.0, 0.0], [0.0, 0.0, 0.0, 0.0, 0.975487973826875, 0.0, 0.0, 0.0, 0.0, 0.0, 0.0, 0.0, 0.0, 0.0, 0.0, 0.0, 0.0, 0.0, 0.0, 0.0, 0.0, 0.0, 0.0, 0.0], [0.0, 0.0, 0.0, 0.0, 0.975153120956915, 0.0, 0.0, 0.0, 0.0, 0.0, 0.0, 0.0, 0.0, 0.0, 0.0, 0.0, 0.0, 0.0, 0.0, 0.0, 0.0, 0.0, 0.0, 0.0], [0.0, 0.0, 0.0, 0.0, 0.0, 0.9864024377124563, 0.0, 0.0, 0.0, 0.0, 0.0, 0.0, 0.0, 0.0, 0.0, 0.0, 0.0, 0.0, 0.0, 0.0, 0.0, 0.0, 0.0, 0.0], [0.0, 0.0, 0.0, 0.0, 0.0, 0.9870536381396212, 0.0, 0.0, 0.0, 0.0, 0.0, 0.0, 0.0, 0.0, 0.0, 0.0, 0.0, 0.0, 0.0, 0.0, 0.0, 0.0, 0.0, 0.0], [0.0, 0.0, 0.0, 0.0, 0.0, 0.9851101850231788, 0.0, 0.0, 0.0, 0.0, 0.0, 0.0, 0.0, 0.0, 0.0, 0.0, 0.0, 0.0, 0.0, 0.0, 0.0, 0.0, 0.0, 0.0], [0.0, 0.0, 0.0, 0.0, 0.0, 0.0, 0.975487965615695, 0.0, 0.0, 0.0, 0.0, 0.0, 0.0, 0.0, 0.0, 0.0, 0.0, 0.0, 0.0, 0.0, 0.0, 0.0, 0.0, 0.0], [0.0, 0.0, 0.0, 0.0, 0.0, 0.0, 0.9751531505793747, 0.0, 0.0, 0.0, 0.0, 0.0, 0.0, 0.0, 0.0, 0.0, 0.0, 0.0, 0.0, 0.0, 0.0, 0.0, 0.0, 0.0], [0.0, 0.0, 0.0, 0.0, 0.0, 0.0, 0.0, 0.9851102052375609, 0.0, 0.0, 0.0, 0.0, 0.0, 0.0, 0.0, 0.0, 0.0, 0.0, 0.0, 0.0, 0.0, 0.0, 0.0, 0.0], [0.0, 0.0, 0.0, 0.0, 0.0, 0.0, 0.0, 0.9870536459701107, 0.0, 0.0, 0.0, 0.0, 0.0, 0.0, 0.0, 0.0, 0.0, 0.0, 0.0, 0.0, 0.0, 0.0, 0.0, 0.0], [0.0, 0.0, 0.0, 0.0, 0.0, 0.0, 0.0, 0.9864024221818272, 0.0, 0.0, 0.0, 0.0, 0.0, 0.0, 0.0, 0.0, 0.0, 0.0, 0.0, 0.0, 0.0, 0.0, 0.0, 0.0]], "Born radii": [], "Atomic SASAs": [], "Solvent H bonds": [], "Total SASA": NaN, "Total FOD": 0.0, "FOD": [0.0, 0.0, 0.0, 0.0, 0.0, 0.0, 0.0, 0.0, 0.0, 0.0, 0.0, 0.0, 0.0, 0.0, 0.0, 0.0, 0.0, 0.0, 0.0, 0.0, 0.0, 0.0, 0.0, 0.0], "FOD s proportion": [0.0, 0.0, 0.0, 0.0, 0.0, 0.0, 0.0, 0.0, 0.0, 0.0, 0.0, 0.0, 0.0, 0.0, 0.0, 0.0, 0.0, 0.0, 0.0, 0.0, 0.0, 0.0, 0.0, 0.0], "FOD p proportion": [0.0, 0.0, 0.0, 0.0, 0.0, 0.0, 0.0, 0.0, 0.0, 0.0, 0.0, 0.0, 0.0, 0.0, 0.0, 0.0, 0.0, 0.0, 0.0, 0.0, 0.0, 0.0, 0.0, 0.0], "FOD d proportion": [0.0, 0.0, 0.0, 0.0, 0.0, 0.0, 0.0, 0.0, 0.0, 0.0, 0.0, 0.0, 0.0, 0.0, 0.0, 0.0, 0.0, 0.0, 0.0, 0.0, 0.0, 0.0, 0.0, 0.0], "coordinates": [["-0.60353450757268", "1.76413248578540", "-1.06927058966705"], ["-0.39075802495939", "1.17623392222630", "0.31863079666938"], ["0.09784884847002", "-0.27998921792665", "0.35224501222203"], ["0.21475853301327", "-0.58208607760861", "1.73655634152554"], ["1.46922074885827", "-0.46171684410233", "-0.33353267565015"], ["2.56902407403414", "0.41533159037452", "0.25507445265252"], ["-0.90047954136324", "-1.25620535229029", "-0.30678400836816"], ["-2.29445838915035", "-1.21524216631315", "0.30996928666687"], ["-0.94718923477036", "2.79221821499113", "-0.97811882018967"], ["-1.35352270305896", "1.20675819688169", "-1.62440743453976"], ["0.31939799516424", "1.76763467032717", "-1.64329904319001"], ["0.33687313895438", "1.77579260428650", "0.86579622106709"], ["-1.32144401424912", "1.21980907093226", "0.88452175250120"], ["0.52080677628128", "-1.49199666034534", "1.82353974175923"], ["1.75906502369115", "-1.51158711602645", "-0.22067440896033"], ["1.36643200442450", "-0.26805131986348", "-1.40154516163181"], ["2.43626571132835", "1.45542580183631", "-0.02943890542594"], ["3.54214248691818", "0.08667148969747", "-0.10316817404604"], ["2.55672021969257", "0.34886493395030", "1.34063451864458"], ["-0.49662838206001", "-2.26785234251616", "-0.19520928996704"], ["-0.95687930014360", "-1.04699039707210", "-1.37532073286044"], ["-2.22255744829242", "-1.25347548836606", "1.39457897777175"], ["-2.87989669524293", "-2.06643782790758", "-0.03068086157327"], ["-2.82120731996726", "-0.30724117095086", "0.02990100458946"]], "bond_dist": [[0.0, 1.5222249540664878, 2.5867119588648535, 3.7479340729649557, 3.129221927340042, 3.693004413794369, 3.129217601232851, 3.692993301825317, 1.0878269546212975, 1.0868879003075296, 1.0868879129692999, 2.151507857762741, 2.1515079725739086, 4.498318791778446, 4.127024464760596, 2.849727262301827, 3.2275277100432924, 4.575354304697706, 4.218748015175375, 4.127022380719465, 2.8497247402355796, 4.21873770922152, 4.5753428681250465, 3.227512931387794], [1.5222249540664878, 0.0, 1.5363763946919395, 2.3385577552316588, 2.5627565133263555, 3.056684779463662, 2.562756431433932, 3.056682512207028, 2.1453625554992892, 2.1686966419210756, 2.168696639528635, 1.0900952828026538, 1.0900953069054102, 3.196115730326889, 3.4838156063434953, 2.851785754120023, 2.86202093435586, 4.10277553643891, 3.22748494236435, 3.4838154896800733, 2.8517874143302557, 3.22748221306668, 4.102773456285572, 2.8620179979370763], [2.5867119588648535, 1.5363763946919395, 0.0, 1.4217061030352776, 1.5440132306665126, 2.568972584428554, 1.5440132010183796, 2.5689724081055565, 3.50719703365624, 2.8677608253332934, 2.8677593499523213, 2.132394512300619, 2.132394350412659, 1.9525787129692447, 2.145858622227498, 2.164538221165863, 2.93692719152351, 3.4935655014035047, 2.7236776205999402, 2.1458586143329073, 2.1645382140010314, 2.7236778437486726, 3.4935654257544715, 2.936926495963424], [3.7479340729649557, 2.3385577552316588, 1.4217061030352776, 0.0, 2.423516606584129, 2.955029074155103, 2.423516565765559, 2.9550307646835483, 4.48391718341763, 4.117711424786357, 4.117712888474599, 2.5164910178461573, 2.5164871017838446, 0.9639340785032683, 2.660753075393723, 3.3574768290999204, 3.49360673437063, 3.860480145490727, 2.551119052029852, 2.6607513408535106, 3.3574767556052243, 2.5511216064557463, 3.8604816321808286, 3.4936085674087627], [3.129221927340042, 2.5627565133263555, 1.5440132306665126, 2.423516606584129, 0.0, 1.5248736544300676, 2.4994813354614194, 3.891937286313859, 4.103976349287358, 3.523924970947386, 2.829768272728385, 2.7797570835929766, 3.4783610814464407, 2.5717556215716426, 1.0949768398845952, 1.090285527498969, 2.168659702536233, 2.156571839834776, 2.154653965821086, 2.6731669613380995, 2.70440916573634, 4.152406277619774, 4.6456077320131, 4.3085635410533385], [3.693004413794369, 3.056684779463662, 2.568972584428554, 2.955029074155103, 1.5248736544300676, 0.0, 3.8919373091262965, 5.12983877802247, 4.419741135799524, 4.420993265800658, 3.2393460828535092, 2.6844614070176687, 4.022328910713509, 3.2082983835579735, 2.1436852249424185, 2.1581539412944846, 1.0864476989297398, 1.0878026874644526, 1.0876625662973605, 4.0988359869780435, 4.150731099451233, 5.200253947060968, 5.994295045707007, 5.44310655398186], [3.129217601232851, 2.562756431433932, 1.5440132010183796, 2.423516565765559, 2.4994813354614194, 3.8919373091262965, 0.0, 1.5248736464441384, 4.103974367018052, 2.829764839011411, 3.523915737473353, 3.47836134676049, 2.7797604082580047, 2.571756523863536, 2.6731651654676174, 2.704410902751703, 4.308565039954236, 4.645607399135772, 4.15240516023685, 1.0949768534037205, 1.0902855414367938, 2.1546539060262555, 2.156571789041147, 2.1686597277850255], [3.692993301825317, 3.056682512207028, 2.5689724081055565, 2.9550307646835483, 3.891937286313859, 5.12983877802247, 1.5248736464441384, 0.0, 4.419733459507765, 3.23933002706151, 4.420979143675006, 4.022329945533909, 2.6844630818417197, 3.2083027482125637, 4.098835824887802, 4.150731342799941, 5.443107185405159, 5.994294913972384, 5.2002534300164, 2.143685217500565, 2.1581540554648155, 1.0876625001580593, 1.0878026420512859, 1.0864476454581045], [1.0878269546212975, 2.1453625554992892, 3.50719703365624, 4.48391718341763, 4.103976349287358, 4.419741135799524, 4.103974367018052, 4.419733459507765, 0.0, 1.7596815989017978, 1.7596816132756374, 2.4661629875344437, 2.4661644428782146, 5.325298121632196, 5.140065609974153, 3.8597127783087544, 3.7596243042123545, 5.314096444673675, 4.860449955241045, 5.140064830472533, 3.859713204855605, 4.8604420027295285, 5.314088384322347, 3.7596138413268854], [1.0868879003075296, 2.1686966419210756, 2.8677608253332934, 4.117711424786357, 3.523924970947386, 4.420993265800658, 2.829764839011411, 3.23933002706151, 1.7596815989017978, 0.0, 1.7645404426891529, 3.06306260234822, 2.5091681954734035, 4.762848780622635, 4.364409467960981, 3.102077419106308, 4.11925435151092, 5.247504242173814, 4.981711989833887, 3.8535429949988846, 2.3019020176320377, 3.990269431024957, 3.9476061315804314, 2.680117279575799], [1.0868879129692999, 2.168696639528635, 2.8677593499523213, 4.117712888474599, 2.829768272728385, 3.2393460828535092, 3.523915737473353, 4.420979143675006, 1.7596816132756374, 1.7645404426891529, 0.0, 2.5091693800248676, 3.0630627421482908, 4.762849259617735, 3.853543502679172, 2.3018997820180087, 2.68013952054106, 3.947622368952385, 3.990285428721879, 4.364403557479793, 3.102065502106255, 4.981701209197609, 5.247488526663822, 4.1192365678655385], [2.151507857762741, 1.0900952828026538, 2.132394512300619, 2.5164910178461573, 2.7797570835929766, 2.6844614070176687, 3.47836134676049, 4.022329945533909, 2.4661629875344437, 3.06306260234822, 2.5091693800248676, 0.0, 1.7491381064677298, 3.4102127371193696, 3.742981914523253, 3.2215099548894566, 2.304675680601968, 3.75043647216477, 2.681289810348603, 4.2628068142693, 3.829426125101834, 4.000845074716785, 5.0905809118389875, 3.874431920518479], [2.1515079725739086, 1.0900953069054102, 2.132394350412659, 2.5164871017838446, 3.4783610814464407, 4.022328910713509, 2.7797604082580047, 2.6844630818417197, 2.4661644428782146, 2.5091681954734035, 3.0630627421482908, 1.7491381064677298, 0.0, 3.410210123078946, 4.262806542440504, 3.8294265850324414, 3.8744317918657476, 5.090580106760555, 4.000842457608991, 3.7429830464524017, 3.2215175488519634, 2.681287061343393, 3.7504385428693543, 2.304679812289577], [4.498318791778446, 3.196115730326889, 1.9525787129692447, 0.9639340785032683, 2.5717556215716426, 3.2082983835579735, 2.571756523863536, 3.2083027482125637, 5.325298121632196, 4.762848780622635, 4.762849259617735, 3.4102127371193696, 3.410210123078946, 0.0, 2.3900792386936565, 3.5516611405144385, 3.9736396375802343, 3.915720367589603, 2.78691808507658, 2.390078240158984, 3.5516608862469328, 2.7869242822857516, 3.9157248118387766, 3.973643631309968], [4.127024464760596, 3.4838156063434953, 2.145858622227498, 2.660753075393723, 1.0949768398845952, 2.1436852249424185, 2.6731651654676174, 4.098835824887802, 5.140065609974153, 4.364409467960981, 3.853543502679172, 3.742981914523253, 4.262806542440504, 2.3900792386936565, 0.0, 1.759260554514886, 3.049317537402892, 2.3974160101831394, 2.556407872267168, 2.3792306121585067, 2.987542772033462, 4.304530476728851, 4.675887369287198, 4.742587050901414], [2.849727262301827, 2.851785754120023, 2.164538221165863, 3.3574768290999204, 1.090285527498969, 2.1581539412944846, 2.704410902751703, 4.150731342799941, 3.8597127783087544, 3.102077419106308, 2.3018997820180087, 3.2215099548894566, 3.8294265850324414, 3.5516611405144385, 1.759260554514886, 0.0, 2.4489983927658088, 2.558383704049882, 3.0523631989896614, 2.9875482203900434, 2.4505528406057535, 4.65512795597904, 4.810901203216433, 4.425708653132299], [3.2275277100432924, 2.86202093435586, 2.93692719152351, 3.49360673437063, 2.168659702536233, 1.0864476989297398, 4.308565039954236, 5.443107185405159, 3.7596243042123545, 4.11925435151092, 2.68013952054106, 2.304675680601968, 3.8744317918657476, 3.9736396375802343, 3.049317537402892, 2.4489983927658088, 0.0, 1.7612177079619893, 1.765244297616119, 4.742588715420726, 4.425710993146144, 5.574101395233652, 6.376919922816158, 5.545406996486009], [4.575354304697706, 4.10277553643891, 3.4935655014035047, 3.860480145490727, 2.156571839834776, 1.0878026874644526, 4.645607399135772, 5.994294913972384, 5.314096444673675, 5.247504242173814, 3.947622368952385, 3.75043647216477, 5.090580106760555, 3.915720367589603, 2.3974160101831394, 2.558383704049882, 1.7612177079619893, 0.0, 1.767588374699808, 4.675887528115789, 4.8108999622595086, 6.104998427240438, 6.773752387062857, 6.376918954739094], [4.218748015175375, 3.22748494236435, 2.7236776205999402, 2.551119052029852, 2.154653965821086, 1.0876625662973605, 4.15240516023685, 5.2002534300164, 4.860449955241045, 4.981711989833887, 3.990285428721879, 2.681289810348603, 4.000842457608991, 2.78691808507658, 2.556407872267168, 3.0523631989896614, 1.765244297616119, 1.767588374699808, 0.0, 4.30452821958843, 4.655126917616136, 5.041021708082553, 6.104997689043226, 5.574101020576096], [4.127022380719465, 3.4838154896800733, 2.1458586143329073, 2.6607513408535106, 2.6731669613380995, 4.0988359869780435, 1.0949768534037205, 2.143685217500565, 5.140064830472533, 3.8535429949988846, 4.364403557479793, 4.2628068142693, 3.7429830464524017, 2.390078240158984, 2.3792306121585067, 2.9875482203900434, 4.742588715420726, 4.675887528115789, 4.30452821958843, 0.0, 1.7592605875987173, 2.556407299344382, 2.3974163724865343, 3.049317636676109], [2.8497247402355796, 2.8517874143302557, 2.1645382140010314, 3.3574767556052243, 2.70440916573634, 4.150731099451233, 1.0902855414367938, 2.1581540554648155, 3.859713204855605, 2.3019020176320377, 3.102065502106255, 3.829426125101834, 3.2215175488519634, 3.5516608862469328, 2.987542772033462, 2.4505528406057535, 4.425710993146144, 4.8108999622595086, 4.655126917616136, 1.7592605875987173, 0.0, 3.0523632933496616, 2.558383346870998, 2.4489989821247984], [4.21873770922152, 3.22748221306668, 2.7236778437486726, 2.5511216064557463, 4.152406277619774, 5.200253947060968, 2.1546539060262555, 1.0876625001580593, 4.8604420027295285, 3.990269431024957, 4.981701209197609, 4.000845074716785, 2.681287061343393, 2.7869242822857516, 4.304530476728851, 4.65512795597904, 5.574101395233652, 6.104998427240438, 5.041021708082553, 2.556407299344382, 3.0523632933496616, 0.0, 1.7675882610902567, 1.765244182202404], [4.5753428681250465, 4.102773456285572, 3.4935654257544715, 3.8604816321808286, 4.6456077320131, 5.994295045707007, 2.156571789041147, 1.0878026420512859, 5.314088384322347, 3.9476061315804314, 5.247488526663822, 5.0905809118389875, 3.7504385428693543, 3.9157248118387766, 4.675887369287198, 4.810901203216433, 6.376919922816158, 6.773752387062857, 6.104997689043226, 2.3974163724865343, 2.558383346870998, 1.7675882610902567, 0.0, 1.7612176137904443], [3.227512931387794, 2.8620179979370763, 2.936926495963424, 3.4936085674087627, 4.3085635410533385, 5.44310655398186, 2.1686597277850255, 1.0864476454581045, 3.7596138413268854, 2.680117279575799, 4.1192365678655385, 3.874431920518479, 2.304679812289577, 3.973643631309968, 4.742587050901414, 4.425708653132299, 5.545406996486009, 6.376918954739094, 5.574101020576096, 3.049317636676109, 2.4489989821247984, 1.765244182202404, 1.7612176137904443, 0.0]]}