{"total energy": -27.22156008, "HOMO-LUMO gap/eV": 11.97846934, "electronic energy": -27.57844544, "dipole": [-0.0291223, 0.1074039, 0.72960437], "partial charges": [-0.1064188, -0.02615555, -0.10381074, 0.10035867, -0.44563378, -0.02373317, -0.10746365, -0.10886192, 0.03352582, 0.03318142, 0.04868395, 0.03070036, 0.03551897, 0.03119519, 0.03386008, 0.04051058, 0.28528042, 0.02405935, 0.03616287, 0.03151142, 0.04876207, 0.0340085, 0.034878, 0.03987995], "atomic dipole moments": [[0.0735017, -0.00690042, 0.07278949], [-0.02691999, -0.08349619, -0.03008317], [0.03998736, 0.04647198, -0.07217309], [-0.06714331, -0.18047699, 0.02851405], [0.02787285, 0.12914722, 0.1921283], [0.02282361, 0.06558077, -0.06708255], [-0.07443813, 0.04247006, 0.05871023], [-0.03342672, -0.08174101, -0.04200786], [0.04340259, 0.07415009, -0.08992397], [-0.09975451, 0.05201168, 0.05042403], [-0.03146443, -0.10953512, -0.05326895], [0.0388208, 0.11079644, 0.03877871], [-0.09282651, 0.06486719, 0.05007367], [0.08364915, -0.01952627, 0.08991846], [-0.04976253, -0.10736527, -0.03557158], [0.03246755, 0.0605242, -0.10108329], [-0.01704281, -0.03867299, 0.06126006], [-0.02622486, -0.08073897, 0.08841099], [0.04266356, 0.08401216, -0.08143511], [0.09220199, -0.03312821, 0.07491389], [-0.04038099, -0.10005831, -0.06527565], [-0.08194172, 0.04021771, 0.08419457], [0.01598861, 0.08910834, -0.08577292], [0.10747786, -0.01743159, 0.05735864]], "atomic quadrupole moments": [[0.07233605, -0.04211059, -0.13129389, 0.16625721, -0.04645619, 0.05895783], [0.06944159, -0.06789817, -0.14920908, -0.03755024, -0.07349461, 0.07976749], [-0.05294771, 0.0562722, -0.0266277, -0.09092495, -0.13769915, 0.0795754], [-0.03530525, 0.04207054, 0.21727615, 0.10482033, 0.21905416, -0.1819709], [-0.08206367, 0.07031666, 0.10842882, 0.01745346, 0.07252333, -0.02636515], [0.06289579, -0.0390099, -0.02196647, 0.06234013, 0.150749, -0.04092932], [0.1001319, -0.10531451, -0.08097889, -0.13857477, 0.07625812, -0.01915301], [-0.06761236, 0.07906104, 0.13687345, 0.03648174, 0.1291197, -0.06926109], [-0.01537667, 0.0356003, -0.00374643, -0.02545168, -0.05724321, 0.01912311], [0.03628642, -0.04782273, -0.03031708, -0.04079795, 0.02620644, -0.00596934], [-0.0310531, 0.02173265, 0.0596408, 0.0214501, 0.03859921, -0.0285877], [-0.01322517, 0.01545586, 0.01998344, 0.00872372, 0.01809183, -0.00675827], [0.02133873, -0.05381385, 0.00277584, -0.04196471, 0.01598315, -0.02411457], [0.03605667, -0.00635366, -0.04665214, 0.05844701, -0.02005241, 0.01059547], [-0.04017555, 0.03995744, 0.0533884, 0.01154866, 0.03983989, -0.01321285], [-0.01003402, 0.00791942, 0.00986389, -0.01408131, -0.02387625, 0.00017013], [-0.07724385, 0.04939915, 0.02858402, -0.03931472, -0.08533955, 0.04865983], [-0.01358354, 0.00539496, 0.00405033, -0.01825035, -0.02424931, 0.00953321], [-0.03119074, 0.01922665, 0.02605634, -0.03298793, -0.05606546, 0.0051344], [0.02638115, -0.02877898, -0.04640852, 0.05374203, -0.01864497, 0.02002736], [-0.01466197, 0.03186155, 0.03612612, 0.01511804, 0.05326577, -0.02146415], [0.02863352, -0.0155287, -0.02914895, -0.06014917, 0.02562269, 0.00051543], [-0.04938852, 0.01452246, 0.01722351, -0.00589979, -0.05766188, 0.03216501], [0.04971336, -0.02513902, -0.02821387, 0.05598311, -0.00134762, -0.02149949]], "number of molecular orbitals": 48, "number of electrons": 50, "number of unpaired electrons": 0, "orbital energies/eV": [-18.45399562, -17.22302763, -16.91535954, -16.40681351, -16.00719537, -15.95707594, -15.45801465, -15.17641794, -14.52071942, -14.36598181, -14.02050319, -13.79799863, -13.24489579, -13.18308723, -12.91628885, -12.64290709, -12.59960509, -12.53279836, -12.18372528, -12.08479053, -11.98113707, -11.80501189, -11.66083047, -11.37619763, -10.74145175, 1.2370176, 1.4402727, 2.49227494, 2.73981454, 2.91732876, 3.13547849, 3.4318692, 3.74095091, 4.47757423, 4.71926625, 4.99137136, 5.39549021, 5.87786267, 5.9634734, 6.31185105, 6.34335684, 6.65040698, 7.00974437, 7.23706363, 7.556549, 7.61766715, 8.21765489, 8.28749655], "fractional occupation": [2.0, 2.0, 2.0, 2.0, 2.0, 2.0, 2.0, 2.0, 2.0, 2.0, 2.0, 2.0, 2.0, 2.0, 2.0, 2.0, 2.0, 2.0, 2.0, 2.0, 2.0, 2.0, 2.0, 2.0, 2.0, 0.0, 0.0, 0.0, 0.0, 0.0, 0.0, 0.0, 0.0, 0.0, 0.0, 0.0, 0.0, 0.0, 0.0, 0.0, 0.0, 0.0, 0.0, 0.0, 0.0, 0.0, 0.0, 0.0], "program call": "xtb /tmp/scratch/tmpnjgx3dpk/16908_0_xyzopt.xyz --pop --wbo --acc 0.2 --gfn 2 --chrg 0 --uhf 0 --etemp 300 --input /tmp/scratch/tmpnjgx3dpk/16908_0_xtb.inp", "method": "GFN2-xTB", "xtb version": "6.3.3 (7355c4f)", "Dipole module/D": 1.876, "Total charge": 0, "Transition dipole module/D": NaN, "HOMO": -10.7415, "LUMO": 1.237, "HOMO occupancy": 2.0, "LUMO occupancy": 0, "mulliken charges": [-0.08697, -0.02638, -0.09437, 0.20236, -0.56052, -0.02651, -0.0881, -0.09554, 0.03004, 0.02659, 0.03973, 0.02058, 0.0333, 0.02705, 0.02823, 0.02913, 0.33387, 0.01817, 0.02812, 0.0261, 0.04196, 0.0295, 0.02923, 0.03445], "cm5 charges": [-0.23722, -0.09817, -0.24518, 0.15828, -0.78056, -0.09796, -0.23837, -0.24689, 0.08294, 0.07918, 0.09616, 0.08072, 0.08583, 0.08056, 0.083, 0.09879, 0.50867, 0.07929, 0.08159, 0.07849, 0.09871, 0.08261, 0.08242, 0.08711], "FUKUI+": [0.017, -0.027, 0.024, -0.041, -0.077, -0.026, 0.013, 0.018, -0.049, -0.078, -0.043, -0.077, -0.075, -0.041, -0.038, -0.071, -0.082, -0.05, -0.046, -0.079, -0.039, -0.039, -0.042, -0.052], "FUKUI-": [0.017, -0.02, 0.026, -0.02, -0.118, -0.019, 0.015, 0.024, -0.044, -0.085, -0.043, -0.062, -0.073, -0.041, -0.038, -0.062, -0.052, -0.055, -0.057, -0.081, -0.039, -0.047, -0.047, -0.08], "FUKUIrad": [0.017, -0.024, 0.025, -0.031, -0.097, -0.022, 0.014, 0.021, -0.047, -0.082, -0.043, -0.069, -0.074, -0.041, -0.038, -0.066, -0.067, -0.053, -0.052, -0.08, -0.039, -0.043, -0.045, -0.066], "s proportion": [1.008, 1.059, 1.009, 1.025, 1.695, 1.06, 1.009, 1.01, 0.97, 0.973, 0.96, 0.979, 0.967, 0.973, 0.972, 0.971, 0.666, 0.982, 0.972, 0.974, 0.958, 0.971, 0.971, 0.966], "p proportion": [3.079, 2.967, 3.085, 2.773, 4.865, 2.966, 3.079, 3.085, 0.0, 0.0, 0.0, 0.0, 0.0, 0.0, 0.0, 0.0, 0.0, 0.0, 0.0, 0.0, 0.0, 0.0, 0.0, 0.0], "d proportion": [0.0, 0.0, 0.0, 0.0, 0.0, 0.0, 0.0, 0.0, 0.0, 0.0, 0.0, 0.0, 0.0, 0.0, 0.0, 0.0, 0.0, 0.0, 0.0, 0.0, 0.0, 0.0, 0.0, 0.0], "Fermi-level/eV": -4.7522, "Coordination numbers": [3.757, 3.848, 3.754, 3.73, 1.655, 3.848, 3.757, 3.755, 0.925, 0.925, 0.925, 0.924, 0.925, 0.925, 0.925, 0.924, 0.805, 0.924, 0.925, 0.925, 0.925, 0.925, 0.925, 0.925], "Dispersion coefficient C6": [22.587, 21.007, 22.54, 19.016, 21.755, 20.964, 22.607, 22.637, 2.537, 2.542, 2.336, 2.577, 2.509, 2.569, 2.532, 2.442, 0.767, 2.673, 2.501, 2.565, 2.335, 2.53, 2.518, 2.45], "Total dispersion C6": 3807.23777, "Total dispersion C8": 78991.442962, "Polarizability alpha": [6.776, 6.519, 6.77, 6.225, 6.296, 6.513, 6.779, 6.784, 2.491, 2.493, 2.39, 2.51, 2.477, 2.507, 2.488, 2.444, 1.376, 2.557, 2.473, 2.505, 2.39, 2.487, 2.482, 2.448], "Total polarizability alpha": 91.179594, "Wiberg matrix": [[0.0, 1.0085129941309254, 0.0, 0.0, 0.0, 0.0, 0.0, 0.0, 0.9868748068845774, 0.9863722664018597, 0.9849662977790763, 0.0, 0.0, 0.0, 0.0, 0.0, 0.0, 0.0, 0.0, 0.0, 0.0, 0.0, 0.0, 0.0], [1.0085129941309254, 0.0, 1.0096541265169148, 0.9716898055502973, 0.0, 0.0, 0.0, 0.0, 0.0, 0.0, 0.0, 0.9662081837578993, 0.0, 0.0, 0.0, 0.0, 0.0, 0.0, 0.0, 0.0, 0.0, 0.0, 0.0, 0.0], [0.0, 1.0096541265169148, 0.0, 0.0, 0.0, 0.0, 0.0, 0.0, 0.0, 0.0, 0.0, 0.0, 0.9857003313590738, 0.9839822431420284, 0.9833724038812727, 0.0, 0.0, 0.0, 0.0, 0.0, 0.0, 0.0, 0.0, 0.0], [0.0, 0.9716898055502973, 0.0, 0.0, 0.991998600895879, 0.9732295728499767, 0.0, 0.0, 0.0, 0.0, 0.0, 0.0, 0.0, 0.0, 0.0, 0.9613190661345365, 0.0, 0.0, 0.0, 0.0, 0.0, 0.0, 0.0, 0.0], [0.0, 0.0, 0.0, 0.991998600895879, 0.0, 0.0, 0.0, 0.0, 0.0, 0.0, 0.0, 0.0, 0.0, 0.0, 0.0, 0.0, 0.8970365885686477, 0.0, 0.0, 0.0, 0.0, 0.0, 0.0, 0.0], [0.0, 0.0, 0.0, 0.9732295728499767, 0.0, 0.0, 1.008344249566865, 1.009384845606148, 0.0, 0.0, 0.0, 0.0, 0.0, 0.0, 0.0, 0.0, 0.0, 0.9653719212727376, 0.0, 0.0, 0.0, 0.0, 0.0, 0.0], [0.0, 0.0, 0.0, 0.0, 0.0, 1.008344249566865, 0.0, 0.0, 0.0, 0.0, 0.0, 0.0, 0.0, 0.0, 0.0, 0.0, 0.0, 0.0, 0.9868290996690011, 0.9869668778280589, 0.9838801812323776, 0.0, 0.0, 0.0], [0.0, 0.0, 0.0, 0.0, 0.0, 1.009384845606148, 0.0, 0.0, 0.0, 0.0, 0.0, 0.0, 0.0, 0.0, 0.0, 0.0, 0.0, 0.0, 0.0, 0.0, 0.0, 0.9845091099179866, 0.9868198533920491, 0.9850916179216055], [0.9868748068845774, 0.0, 0.0, 0.0, 0.0, 0.0, 0.0, 0.0, 0.0, 0.0, 0.0, 0.0, 0.0, 0.0, 0.0, 0.0, 0.0, 0.0, 0.0, 0.0, 0.0, 0.0, 0.0, 0.0], [0.9863722664018597, 0.0, 0.0, 0.0, 0.0, 0.0, 0.0, 0.0, 0.0, 0.0, 0.0, 0.0, 0.0, 0.0, 0.0, 0.0, 0.0, 0.0, 0.0, 0.0, 0.0, 0.0, 0.0, 0.0], [0.9849662977790763, 0.0, 0.0, 0.0, 0.0, 0.0, 0.0, 0.0, 0.0, 0.0, 0.0, 0.0, 0.0, 0.0, 0.0, 0.0, 0.0, 0.0, 0.0, 0.0, 0.0, 0.0, 0.0, 0.0], [0.0, 0.9662081837578993, 0.0, 0.0, 0.0, 0.0, 0.0, 0.0, 0.0, 0.0, 0.0, 0.0, 0.0, 0.0, 0.0, 0.0, 0.0, 0.0, 0.0, 0.0, 0.0, 0.0, 0.0, 0.0], [0.0, 0.0, 0.9857003313590738, 0.0, 0.0, 0.0, 0.0, 0.0, 0.0, 0.0, 0.0, 0.0, 0.0, 0.0, 0.0, 0.0, 0.0, 0.0, 0.0, 0.0, 0.0, 0.0, 0.0, 0.0], [0.0, 0.0, 0.9839822431420284, 0.0, 0.0, 0.0, 0.0, 0.0, 0.0, 0.0, 0.0, 0.0, 0.0, 0.0, 0.0, 0.0, 0.0, 0.0, 0.0, 0.0, 0.0, 0.0, 0.0, 0.0], [0.0, 0.0, 0.9833724038812727, 0.0, 0.0, 0.0, 0.0, 0.0, 0.0, 0.0, 0.0, 0.0, 0.0, 0.0, 0.0, 0.0, 0.0, 0.0, 0.0, 0.0, 0.0, 0.0, 0.0, 0.0], [0.0, 0.0, 0.0, 0.9613190661345365, 0.0, 0.0, 0.0, 0.0, 0.0, 0.0, 0.0, 0.0, 0.0, 0.0, 0.0, 0.0, 0.0, 0.0, 0.0, 0.0, 0.0, 0.0, 0.0, 0.0], [0.0, 0.0, 0.0, 0.0, 0.8970365885686477, 0.0, 0.0, 0.0, 0.0, 0.0, 0.0, 0.0, 0.0, 0.0, 0.0, 0.0, 0.0, 0.0, 0.0, 0.0, 0.0, 0.0, 0.0, 0.0], [0.0, 0.0, 0.0, 0.0, 0.0, 0.9653719212727376, 0.0, 0.0, 0.0, 0.0, 0.0, 0.0, 0.0, 0.0, 0.0, 0.0, 0.0, 0.0, 0.0, 0.0, 0.0, 0.0, 0.0, 0.0], [0.0, 0.0, 0.0, 0.0, 0.0, 0.0, 0.9868290996690011, 0.0, 0.0, 0.0, 0.0, 0.0, 0.0, 0.0, 0.0, 0.0, 0.0, 0.0, 0.0, 0.0, 0.0, 0.0, 0.0, 0.0], [0.0, 0.0, 0.0, 0.0, 0.0, 0.0, 0.9869668778280589, 0.0, 0.0, 0.0, 0.0, 0.0, 0.0, 0.0, 0.0, 0.0, 0.0, 0.0, 0.0, 0.0, 0.0, 0.0, 0.0, 0.0], [0.0, 0.0, 0.0, 0.0, 0.0, 0.0, 0.9838801812323776, 0.0, 0.0, 0.0, 0.0, 0.0, 0.0, 0.0, 0.0, 0.0, 0.0, 0.0, 0.0, 0.0, 0.0, 0.0, 0.0, 0.0], [0.0, 0.0, 0.0, 0.0, 0.0, 0.0, 0.0, 0.9845091099179866, 0.0, 0.0, 0.0, 0.0, 0.0, 0.0, 0.0, 0.0, 0.0, 0.0, 0.0, 0.0, 0.0, 0.0, 0.0, 0.0], [0.0, 0.0, 0.0, 0.0, 0.0, 0.0, 0.0, 0.9868198533920491, 0.0, 0.0, 0.0, 0.0, 0.0, 0.0, 0.0, 0.0, 0.0, 0.0, 0.0, 0.0, 0.0, 0.0, 0.0, 0.0], [0.0, 0.0, 0.0, 0.0, 0.0, 0.0, 0.0, 0.9850916179216055, 0.0, 0.0, 0.0, 0.0, 0.0, 0.0, 0.0, 0.0, 0.0, 0.0, 0.0, 0.0, 0.0, 0.0, 0.0, 0.0]], "Born radii": [], "Atomic SASAs": [], "Solvent H bonds": [], "Total SASA": NaN, "Total FOD": 0.0, "FOD": [0.0, 0.0, 0.0, 0.0, 0.0, 0.0, 0.0, 0.0, 0.0, 0.0, 0.0, 0.0, 0.0, 0.0, 0.0, 0.0, 0.0, 0.0, 0.0, 0.0, 0.0, 0.0, 0.0, 0.0], "FOD s proportion": [0.0, 0.0, 0.0, 0.0, 0.0, 0.0, 0.0, 0.0, 0.0, 0.0, 0.0, 0.0, 0.0, 0.0, 0.0, 0.0, 0.0, 0.0, 0.0, 0.0, 0.0, 0.0, 0.0, 0.0], "FOD p proportion": [0.0, 0.0, 0.0, 0.0, 0.0, 0.0, 0.0, 0.0, 0.0, 0.0, 0.0, 0.0, 0.0, 0.0, 0.0, 0.0, 0.0, 0.0, 0.0, 0.0, 0.0, 0.0, 0.0, 0.0], "FOD d proportion": [0.0, 0.0, 0.0, 0.0, 0.0, 0.0, 0.0, 0.0, 0.0, 0.0, 0.0, 0.0, 0.0, 0.0, 0.0, 0.0, 0.0, 0.0, 0.0, 0.0, 0.0, 0.0, 0.0, 0.0], "coordinates": [["-2.24978353686380", "0.78174318730967", "-1.05779909781368"], ["-1.17256047038585", "0.55056120997601", "0.00179047687351"], ["-1.75718015579519", "-0.23122438171109", "1.17854235125725"], ["0.03392902137835", "-0.16396262548027", "-0.64819382003343"], ["-0.34488243173542", "-1.40714310386973", "-1.20124225139500"], ["1.25241408816606", "-0.34255713798880", "0.28284513675215"], ["2.40992439569099", "-0.93473545894393", "-0.52228517425641"], ["1.69381073703383", "0.96345243426378", "0.93847033898606"], ["-1.87646353416257", "1.43232139768765", "-1.84500738580549"], ["-3.12931024783701", "1.24281660814710", "-0.61466405320438"], ["-2.53846982495840", "-0.16528425665170", "-1.50761821076917"], ["-0.82991346193859", "1.52397861749599", "0.36185396536421"], ["-2.57324563824271", "0.33322875533426", "1.62445843334644"], ["-1.01112014853871", "-0.40900989554495", "1.94954462302304"], ["-2.15877050061680", "-1.18779701808493", "0.84783322130677"], ["0.34876517352543", "0.43206343006579", "-1.51315664520024"], ["-0.60529044367147", "-1.98551101033186", "-0.47473273288832"], ["0.98132323069572", "-1.05980818844390", "1.06743348271682"], ["2.78220587139378", "-0.20200442744183", "-1.23493478111619"], ["3.22598728004600", "-1.22480393879739", "0.13555885802299"], ["2.07655723119166", "-1.80962418885490", "-1.07484691774256"], ["0.96770866089898", "1.31412813250321", "1.66690557905050"], ["1.83416040308918", "1.73608107563283", "0.18551367824021"], ["2.64020330163659", "0.81308978372899", "1.45373092528495"]], "bond_dist": [[0.0, 1.5285891234670743, 2.503993702819702, 2.505489775792953, 2.9052448011039944, 3.9149414286685866, 4.994592287873188, 4.4238044386983875, 1.0873438834694655, 1.0874394707196204, 1.0874456248152862, 2.140644595275535, 2.738667265328862, 3.4635669690596167, 2.7420442244991388, 2.6612181099739973, 3.271394154459107, 4.2834537390121445, 5.130307381107372, 5.952680120699263, 5.043084368494451, 4.249671204770862, 4.3743783065558715, 5.497339078748911], [1.5285891234670743, 0.0, 1.5289584238308476, 1.5455228213773486, 2.44232366024645, 2.5994525798588675, 3.9134331856416704, 3.0436708471688583, 2.1641725664611964, 2.165202857818576, 2.1578826852568795, 1.0929749024588205, 2.154577367434004, 2.1772886574617316, 2.1703197640447973, 2.15024143326866, 2.642069635582594, 2.8927667747426353, 4.211415583915324, 4.7452120820995605, 4.157690348624416, 2.817160752070472, 3.2372182468251722, 4.088302814006904], [2.503993702819702, 1.5289584238308476, 0.0, 2.5592110635717917, 3.0067830745712834, 3.1420257790122084, 4.555491460902003, 3.6598122094026393, 3.453037227862199, 2.696502742121916, 2.798253064363568, 2.1465183459765393, 1.0878471252103457, 1.0875006788157504, 1.0888868363359627, 3.4814077524572378, 2.671645558099097, 2.8632668585499244, 5.141181885330986, 5.187193132807667, 4.7187552915165965, 3.170430901122757, 4.213564253434027, 4.5280572102292265], [2.505489775792953, 1.5455228213773486, 2.5592110635717917, 0.0, 1.4123945575830805, 1.5438378790971512, 2.501059328892872, 2.5580803702038146, 2.7622608693067643, 3.4621141996957503, 2.7121666347654774, 2.1483868377250164, 3.494210531682235, 2.8107687472725216, 2.8450421729139665, 1.0965990837626685, 1.9382282609660755, 2.154871713692443, 2.8104693164024295, 3.4538222998772468, 2.6575486543953537, 2.9011001243766525, 2.747010609101054, 3.48789114928476], [2.9052448011039944, 2.44232366024645, 3.0067830745712834, 1.4123945575830805, 0.0, 2.4263583467611376, 2.876301853424998, 3.788715219073629, 3.289792224016438, 3.8883671021374955, 2.5392725880855966, 3.3570819812105936, 3.997384288278129, 3.371587241175435, 2.7453620753203607, 1.990255828736123, 0.9644365445101515, 2.650726803932479, 3.3514438189456293, 3.817249700475248, 2.457913107767718, 4.16587139691843, 4.068313892386917, 4.570454406253943], [3.9149414286685866, 2.5994525798588675, 3.1420257790122084, 1.5438378790971512, 2.4263583467611376, 0.0, 1.5292939853214735, 1.526543943111799, 4.179452757200248, 4.745359924991459, 4.196187021101493, 2.7975500259024253, 4.110022524692421, 2.8117415221277207, 3.5594693831164372, 2.154585989502523, 2.59312317154927, 1.0970497687008212, 2.1595540844252024, 2.1668049771832374, 2.1621344469692763, 2.1774495571001453, 2.1607033602211136, 2.152313229641316], [4.994592287873188, 3.9134331856416704, 4.555491460902003, 2.501059328892872, 2.876301853424998, 1.5292939853214735, 0.0, 2.499948543371231, 5.072048274281915, 5.952595005392931, 5.103875165842979, 4.162154042274591, 5.572093408456879, 4.253219449820752, 4.776425193188347, 2.6642715353444606, 3.193416825531277, 2.140969379654736, 1.0878224688959948, 1.0875923524151574, 1.0871469249627703, 3.453973050413489, 2.8223650281529715, 2.6481240679195537], [4.4238044386983875, 3.0436708471688583, 3.6598122094026393, 2.5580803702038146, 3.788715219073629, 1.526543943111799, 2.499948543371231, 0.0, 4.551312417406644, 5.074718397759204, 5.016930781471849, 2.6487468502853693, 4.367554425634076, 3.197276208010366, 4.413442135797125, 2.846400658952737, 3.9974234900792123, 2.1489191437856117, 2.6956601197261083, 2.78939021283539, 3.4481727353365965, 1.086653380462597, 1.0879323412727342, 1.088007943355338], [1.0873438834694655, 2.1641725664611964, 3.453037227862199, 2.7622608693067643, 3.289792224016438, 4.179452757200248, 5.072048274281915, 4.551312417406644, 0.0, 1.76614882422169, 1.7619385946343318, 2.444157344137559, 3.7054963240172394, 4.30557139694434, 3.7677723221144785, 2.4621705297054617, 3.8955246141854127, 4.781209771607015, 4.974576375526292, 6.0842388193923895, 5.170080415621345, 4.520709877421885, 4.240756505292932, 5.627201928346774], [1.0874394707196204, 2.165202857818576, 2.696502742121916, 3.4621141996957503, 3.8883671021374955, 4.745359924991459, 5.952595005392931, 5.074718397759204, 1.76614882422169, 0.0, 1.7689566354964008, 2.5139341867062104, 2.4799652057650854, 3.7135463145495873, 2.9981207912476826, 3.682610255012862, 4.100287301941082, 5.002883235601447, 6.1170471985027195, 6.85870193609177, 6.052290417455617, 4.690011648053116, 5.051696263572213, 6.144119914863626], [1.0874456248152862, 2.1578826852568795, 2.798253064363568, 2.7121666347654774, 2.5392725880855966, 4.196187021101493, 5.103875165842979, 5.016930781471849, 1.7619385946343318, 1.7689566354964008, 0.0, 3.0442897564006732, 3.1716917701635827, 3.7873703384363453, 2.595737924573256, 2.948386146615231, 2.8490806175787804, 4.451966693867443, 5.327785139202118, 6.087000784597798, 4.918294372412355, 4.955759264129487, 5.059820237086428, 6.045284097593467], [2.140644595275535, 1.0929749024588205, 2.1465183459765393, 2.1483868377250164, 3.3570819812105936, 2.7975500259024253, 4.162154042274591, 2.6487468502853693, 2.444157344137559, 2.5139341867062104, 3.0442897564006732, 0.0, 2.459931371754937, 2.5079956298275214, 3.058719333999347, 2.4692563439159825, 3.614809850028043, 3.2333226054016744, 4.310006711193471, 4.904828829451696, 4.650224616946512, 2.2312871256187417, 2.678315311522276, 3.70665193704856], [2.738667265328862, 2.154577367434004, 1.0878471252103457, 3.494210531682235, 3.997384288278129, 4.110022524692421, 5.572093408456879, 4.367554425634076, 3.7054963240172394, 2.4799652057650854, 3.1716917701635827, 2.459931371754937, 0.0, 1.759782739760906, 1.757400285390646, 4.2886529188245905, 3.69540326637288, 3.8582105394056656, 6.094543870293109, 6.186710778915147, 5.787809157482471, 3.6745506795959244, 4.843943089465817, 5.238269211992595], [3.4635669690596167, 2.1772886574617316, 1.0875006788157504, 2.8107687472725216, 3.371587241175435, 2.8117415221277207, 4.253219449820752, 3.197276208010366, 4.30557139694434, 3.7135463145495873, 3.7873703384363453, 2.5079956298275214, 1.759782739760906, 0.0, 1.7712647248592441, 3.8140519793488017, 2.920132567651951, 2.2740908296168914, 4.957124431836304, 4.680720418695899, 4.543392586138387, 2.639100784347577, 3.976033433744206, 3.882205788819836], [2.7420442244991388, 2.1703197640447973, 1.0888868363359627, 2.8450421729139665, 2.7453620753203607, 3.5594693831164372, 4.776425193188347, 4.413442135797125, 3.7677723221144785, 2.9981207912476826, 2.595737924573256, 3.058719333999347, 1.757400285390646, 1.7712647248592441, 0.0, 3.806042062080734, 2.190622880358317, 3.150364114948053, 5.451876474430669, 5.431787977929597, 4.692693143944991, 4.087221664377622, 4.993118012406752, 5.2345782615291485], [2.6612181099739973, 2.15024143326866, 3.4814077524572378, 1.0965990837626685, 1.990255828736123, 2.154585989502523, 2.6642715353444606, 2.846400658952737, 2.4621705297054617, 3.682610255012862, 2.948386146615231, 2.4692563439159825, 4.2886529188245905, 3.8140519793488017, 3.806042062080734, 0.0, 2.798787687058481, 3.0471718084329873, 2.53003618227501, 3.7070040920968634, 2.8640084134898838, 3.357666590052489, 2.6062121701231913, 3.7680620527065325], [3.271394154459107, 2.642069635582594, 2.671645558099097, 1.9382282609660755, 0.9644365445101515, 2.59312317154927, 3.193416825531277, 3.9974234900792123, 3.8955246141854127, 4.100287301941082, 2.8490806175787804, 3.614809850028043, 3.69540326637288, 2.920132567651951, 2.190622880358317, 2.798787687058481, 0.0, 2.3984464352355603, 3.903067277145318, 3.9534567242949965, 2.753793775866543, 4.236574006797586, 4.498565706031687, 4.699400827365845], [4.2834537390121445, 2.8927667747426353, 2.8632668585499244, 2.154871713692443, 2.650726803932479, 1.0970497687008212, 2.140969379654736, 2.1489191437856117, 4.781209771607015, 5.002883235601447, 4.451966693867443, 3.2333226054016744, 3.8582105394056656, 2.2740908296168914, 3.150364114948053, 3.0471718084329873, 2.3984464352355603, 0.0, 3.0462936825365907, 2.4360071034848345, 2.5201442150216504, 2.4484946000972405, 3.0532131535684917, 2.5315717683030017], [5.130307381107372, 4.211415583915324, 5.141181885330986, 2.8104693164024295, 3.3514438189456293, 2.1595540844252024, 1.0878224688959948, 2.6956601197261083, 4.974576375526292, 6.1170471985027195, 5.327785139202118, 4.310006711193471, 6.094543870293109, 4.957124431836304, 5.451876474430669, 2.53003618227501, 3.903067277145318, 3.0462936825365907, 0.0, 1.7667239722196204, 1.762954742670512, 3.743225286048284, 2.5831452636057883, 2.877412773334353], [5.952680120699263, 4.7452120820995605, 5.187193132807667, 3.4538222998772468, 3.817249700475248, 2.1668049771832374, 1.0875923524151574, 2.78939021283539, 6.0842388193923895, 6.85870193609177, 6.087000784597798, 4.904828829451696, 6.186710778915147, 4.680720418695899, 5.431787977929597, 3.7070040920968634, 3.9534567242949965, 2.4360071034848345, 1.7667239722196204, 0.0, 1.768696215887065, 3.727066026296963, 3.27208154057318, 2.496744138389685], [5.043084368494451, 4.157690348624416, 4.7187552915165965, 2.6575486543953537, 2.457913107767718, 2.1621344469692763, 1.0871469249627703, 3.4481727353365965, 5.170080415621345, 6.052290417455617, 4.918294372412355, 4.650224616946512, 5.787809157482471, 4.543392586138387, 4.692693143944991, 2.8640084134898838, 2.753793775866543, 2.5201442150216504, 1.762954742670512, 1.768696215887065, 0.0, 4.301695069469857, 3.770847501132364, 3.686465974746605], [4.249671204770862, 2.817160752070472, 3.170430901122757, 2.9011001243766525, 4.16587139691843, 2.1774495571001453, 3.453973050413489, 1.086653380462597, 4.520709877421885, 4.690011648053116, 4.955759264129487, 2.2312871256187417, 3.6745506795959244, 2.639100784347577, 4.087221664377622, 3.357666590052489, 4.236574006797586, 2.4484946000972405, 3.743225286048284, 3.727066026296963, 4.301695069469857, 0.0, 1.7672874331999606, 1.758897718244721], [4.3743783065558715, 3.2372182468251722, 4.213564253434027, 2.747010609101054, 4.068313892386917, 2.1607033602211136, 2.8223650281529715, 1.0879323412727342, 4.240756505292932, 5.051696263572213, 5.059820237086428, 2.678315311522276, 4.843943089465817, 3.976033433744206, 4.993118012406752, 2.6062121701231913, 4.498565706031687, 3.0532131535684917, 2.5831452636057883, 3.27208154057318, 3.770847501132364, 1.7672874331999606, 0.0, 1.763517242595254], [5.497339078748911, 4.088302814006904, 4.5280572102292265, 3.48789114928476, 4.570454406253943, 2.152313229641316, 2.6481240679195537, 1.088007943355338, 5.627201928346774, 6.144119914863626, 6.045284097593467, 3.70665193704856, 5.238269211992595, 3.882205788819836, 5.2345782615291485, 3.7680620527065325, 4.699400827365845, 2.5315717683030017, 2.877412773334353, 2.496744138389685, 3.686465974746605, 1.758897718244721, 1.763517242595254, 0.0]]}