{"total energy": -24.3277102, "HOMO-LUMO gap/eV": 3.76681068, "electronic energy": -24.79762237, "dipole": [-0.12943717, 0.16713873, -0.06664596], "partial charges": [-0.0881253, -0.02982053, 0.00498416, -0.0354283, -0.035114, -0.03294788, -0.04030899, 0.01215046, -0.10624122, 0.03344594, 0.03762716, 0.03689529, 0.03239757, 0.02708823, 0.02741739, 0.02738708, 0.0395608, 0.04448084, 0.04455129], "atomic dipole moments": [[-0.03740704, -0.05383362, 0.01926719], [0.09223148, 0.06082675, 0.00042427], [-0.04204105, -0.00377186, -0.0129306], [-0.00505377, 0.01174094, -0.00010181], [0.00136558, 0.00260766, 0.00049089], [-0.00060073, -0.0014241, -0.00030843], [-0.0034071, -0.00808548, -0.00079401], [-0.05929754, 0.05927568, -0.01716103], [0.03758367, -0.05718298, 0.0096379], [-0.13481899, -0.02044221, -0.05272788], [0.05223025, -0.09418556, 0.10121859], [-0.06232967, 0.09142144, -0.09418966], [-0.04392525, -0.13912647, -0.01518037], [0.09115493, -0.11115135, 0.03164555], [0.13758951, 0.02997341, 0.04335459], [0.04723357, 0.13730334, 0.01182853], [0.05538325, 0.10872963, 0.02940498], [-0.02957502, 0.00491381, -0.12363155], [-0.11024841, -0.01018776, 0.06536022]], "atomic quadrupole moments": [[-0.16431372, -0.22820645, -0.0328574, -0.23920148, 0.40090422, 0.19717112], [-0.08185942, -0.20315854, -0.07993664, -0.16351484, 0.40017219, 0.16179606], [-0.07128422, 0.03043545, -0.28741645, -0.15247454, 0.00991615, 0.35870067], [-0.17193683, 0.00848859, -0.25831092, -0.22140891, -0.00441814, 0.43024774], [-0.18660584, 0.00156196, -0.24708996, -0.22245818, 0.01910368, 0.4336958], [-0.1921688, -0.00701714, -0.24612464, -0.2268532, 0.02166866, 0.43829344], [-0.18580429, -0.01717956, -0.22855559, -0.21858331, 0.01373032, 0.41435987], [-0.17182411, -0.12696887, -0.1833616, -0.18376061, -0.0369006, 0.35518571], [0.02707407, -0.11403473, 0.07489784, 0.05488461, -0.03786249, -0.10197191], [0.03558499, 0.02526726, -0.00813255, 0.03462595, -0.0349026, -0.02745244], [0.01070109, 0.00630421, 0.00378265, 0.03246992, -0.04916138, -0.01448374], [0.01431552, 0.03064881, 0.01619809, 0.0297989, -0.03799042, -0.03051361], [0.02985757, -0.00027491, 0.03316591, 0.03277274, -0.00332113, -0.06302348], [0.02639874, 0.00359312, 0.03548234, 0.03256733, -0.00109521, -0.06188108], [0.02347473, -0.00057019, 0.03894233, 0.03106741, -0.00333703, -0.06241706], [0.02804034, -0.00079061, 0.03536725, 0.03236329, -0.0029001, -0.06340759], [-0.00255352, 0.04256031, 0.050806, 0.02566629, 0.02533566, -0.04825247], [-0.04779953, -0.00489516, -0.03294577, 0.02563277, 0.00930988, 0.0807453], [0.03822538, 0.01359691, -0.02408078, -0.05969948, -0.01172788, -0.0141446]], "number of molecular orbitals": 46, "number of electrons": 46, "number of unpaired electrons": 0, "orbital energies/eV": [-17.45949923, -16.93553005, -16.80648132, -16.38484854, -16.08569647, -15.6203883, -15.22593568, -14.74444051, -14.20048907, -13.78965449, -13.50310496, -13.35179741, -13.18984118, -12.78973003, -12.74024974, -12.50370775, -12.45423266, -12.0233456, -11.63337119, -11.29533562, -11.20826428, -10.70123458, -10.33001022, -6.56319954, -5.84472268, -4.73276005, -2.13995365, 2.84912216, 3.04529903, 3.64087516, 4.09797084, 4.34662147, 4.74391312, 5.14331941, 5.7141658, 5.94895249, 6.18037261, 6.52459462, 9.99609206, 11.03185233, 11.6013579, 12.50373905, 13.17343014, 16.01261792, 18.02765941, 18.3747413], "fractional occupation": [2.0, 2.0, 2.0, 2.0, 2.0, 2.0, 2.0, 2.0, 2.0, 2.0, 2.0, 2.0, 2.0, 2.0, 2.0, 2.0, 2.0, 2.0, 2.0, 2.0, 2.0, 2.0, 2.0, 0.0, 0.0, 0.0, 0.0, 0.0, 0.0, 0.0, 0.0, 0.0, 0.0, 0.0, 0.0, 0.0, 0.0, 0.0, 0.0, 0.0, 0.0, 0.0, 0.0, 0.0, 0.0, 0.0], "program call": "xtb /tmp/scratch/tmpqur10259/17240_0_xyzopt.xyz --pop --wbo --acc 0.2 --gfn 2 --chrg 0 --uhf 0 --etemp 300 --input /tmp/scratch/tmpqur10259/17240_0_xtb.inp", "method": "GFN2-xTB", "xtb version": "6.3.3 (7355c4f)", "Dipole module/D": 0.563, "Total charge": 0, "Transition dipole module/D": NaN, "HOMO": -10.33, "LUMO": -6.5632, "HOMO occupancy": 2.0, "LUMO occupancy": 0, "mulliken charges": [-0.07547, -0.02385, -0.00506, -0.03376, -0.03269, -0.02812, -0.04244, 0.00893, -0.08924, 0.0324, 0.03187, 0.02894, 0.03017, 0.02869, 0.02857, 0.02836, 0.03455, 0.03964, 0.0385], "cm5 charges": [-0.17915, -0.08246, -0.01467, -0.08749, -0.08901, -0.08446, -0.09677, -0.00654, -0.23494, 0.08585, 0.08659, 0.08719, 0.08849, 0.08515, 0.08501, 0.08572, 0.08764, 0.09223, 0.09164], "FUKUI+": [-0.067, -0.043, -0.06, -0.027, -0.028, -0.067, -0.023, -0.047, 0.027, -0.095, -0.08, -0.081, -0.059, -0.074, -0.083, -0.072, -0.045, -0.042, -0.035], "FUKUI-": [-0.057, -0.029, -0.055, -0.019, -0.046, -0.054, -0.019, -0.057, 0.027, -0.083, -0.068, -0.067, -0.057, -0.073, -0.076, -0.066, -0.056, -0.076, -0.067], "FUKUIrad": [-0.062, -0.036, -0.058, -0.023, -0.037, -0.06, -0.021, -0.052, 0.027, -0.089, -0.074, -0.074, -0.058, -0.073, -0.079, -0.069, -0.05, -0.059, -0.051], "s proportion": [1.045, 1.062, 1.078, 1.059, 1.054, 1.055, 1.057, 1.085, 1.006, 0.968, 0.968, 0.971, 0.97, 0.971, 0.971, 0.972, 0.965, 0.96, 0.962], "p proportion": [3.031, 2.961, 2.927, 2.975, 2.979, 2.973, 2.985, 2.906, 3.084, 0.0, 0.0, 0.0, 0.0, 0.0, 0.0, 0.0, 0.0, 0.0, 0.0], "d proportion": [0.0, 0.0, 0.0, 0.0, 0.0, 0.0, 0.0, 0.0, 0.0, 0.0, 0.0, 0.0, 0.0, 0.0, 0.0, 0.0, 0.0, 0.0, 0.0], "Fermi-level/eV": -8.4466, "Coordination numbers": [2.838, 2.895, 2.976, 2.925, 2.918, 2.918, 2.924, 2.97, 3.757, 0.926, 0.926, 0.925, 0.926, 0.926, 0.926, 0.925, 0.925, 0.924, 0.925], "Dispersion coefficient C6": [30.2, 28.743, 27.906, 28.882, 28.874, 28.821, 29.002, 27.74, 22.582, 2.538, 2.48, 2.49, 2.552, 2.628, 2.623, 2.624, 2.455, 2.39, 2.389], "Total dispersion C6": 4030.210311, "Total dispersion C8": 96894.618815, "Polarizability alpha": [9.006, 8.79, 8.665, 8.813, 8.812, 8.804, 8.831, 8.639, 6.775, 2.491, 2.463, 2.468, 2.498, 2.535, 2.533, 2.533, 2.45, 2.418, 2.417], "Total polarizability alpha": 101.941744, "Wiberg matrix": [[0.0, 1.920170256273452, 0.0, 0.0, 0.0, 0.0, 0.0, 0.0, 0.0, 0.9783115102897266, 0.9747320044344581, 0.0, 0.0, 0.0, 0.0, 0.0, 0.0, 0.0, 0.0], [1.920170256273452, 0.0, 1.074323781950247, 0.0, 0.0, 0.0, 0.0, 0.0, 0.0, 0.0, 0.0, 0.9596492462690345, 0.0, 0.0, 0.0, 0.0, 0.0, 0.0, 0.0], [0.0, 1.074323781950247, 0.0, 1.388160253461292, 0.0, 0.10224778691725868, 0.0, 1.352078611578764, 0.0, 0.0, 0.0, 0.0, 0.0, 0.0, 0.0, 0.0, 0.0, 0.0, 0.0], [0.0, 0.0, 1.388160253461292, 0.0, 1.4507966991609818, 0.0, 0.10430710767050773, 0.0, 0.0, 0.0, 0.0, 0.0, 0.9677295330556688, 0.0, 0.0, 0.0, 0.0, 0.0, 0.0], [0.0, 0.0, 0.0, 1.4507966991609818, 0.0, 1.4312851111980147, 0.0, 0.10353512587220487, 0.0, 0.0, 0.0, 0.0, 0.0, 0.9709877121438177, 0.0, 0.0, 0.0, 0.0, 0.0], [0.0, 0.0, 0.10224778691725868, 0.0, 1.4312851111980147, 0.0, 1.4363160960328083, 0.0, 0.0, 0.0, 0.0, 0.0, 0.0, 0.0, 0.9714806579664194, 0.0, 0.0, 0.0, 0.0], [0.0, 0.0, 0.0, 0.10430710767050773, 0.0, 1.4363160960328083, 0.0, 1.4269029944759897, 0.0, 0.0, 0.0, 0.0, 0.0, 0.0, 0.0, 0.968404005376756, 0.0, 0.0, 0.0], [0.0, 0.0, 1.352078611578764, 0.0, 0.10353512587220487, 0.0, 1.4269029944759897, 0.0, 1.0261261006871765, 0.0, 0.0, 0.0, 0.0, 0.0, 0.0, 0.0, 0.0, 0.0, 0.0], [0.0, 0.0, 0.0, 0.0, 0.0, 0.0, 0.0, 1.0261261006871765, 0.0, 0.0, 0.0, 0.0, 0.0, 0.0, 0.0, 0.0, 0.9847452468752753, 0.9684072282645118, 0.9750528126238097], [0.9783115102897266, 0.0, 0.0, 0.0, 0.0, 0.0, 0.0, 0.0, 0.0, 0.0, 0.0, 0.0, 0.0, 0.0, 0.0, 0.0, 0.0, 0.0, 0.0], [0.9747320044344581, 0.0, 0.0, 0.0, 0.0, 0.0, 0.0, 0.0, 0.0, 0.0, 0.0, 0.0, 0.0, 0.0, 0.0, 0.0, 0.0, 0.0, 0.0], [0.0, 0.9596492462690345, 0.0, 0.0, 0.0, 0.0, 0.0, 0.0, 0.0, 0.0, 0.0, 0.0, 0.0, 0.0, 0.0, 0.0, 0.0, 0.0, 0.0], [0.0, 0.0, 0.0, 0.9677295330556688, 0.0, 0.0, 0.0, 0.0, 0.0, 0.0, 0.0, 0.0, 0.0, 0.0, 0.0, 0.0, 0.0, 0.0, 0.0], [0.0, 0.0, 0.0, 0.0, 0.9709877121438177, 0.0, 0.0, 0.0, 0.0, 0.0, 0.0, 0.0, 0.0, 0.0, 0.0, 0.0, 0.0, 0.0, 0.0], [0.0, 0.0, 0.0, 0.0, 0.0, 0.9714806579664194, 0.0, 0.0, 0.0, 0.0, 0.0, 0.0, 0.0, 0.0, 0.0, 0.0, 0.0, 0.0, 0.0], [0.0, 0.0, 0.0, 0.0, 0.0, 0.0, 0.968404005376756, 0.0, 0.0, 0.0, 0.0, 0.0, 0.0, 0.0, 0.0, 0.0, 0.0, 0.0, 0.0], [0.0, 0.0, 0.0, 0.0, 0.0, 0.0, 0.0, 0.0, 0.9847452468752753, 0.0, 0.0, 0.0, 0.0, 0.0, 0.0, 0.0, 0.0, 0.0, 0.0], [0.0, 0.0, 0.0, 0.0, 0.0, 0.0, 0.0, 0.0, 0.9684072282645118, 0.0, 0.0, 0.0, 0.0, 0.0, 0.0, 0.0, 0.0, 0.0, 0.0], [0.0, 0.0, 0.0, 0.0, 0.0, 0.0, 0.0, 0.0, 0.9750528126238097, 0.0, 0.0, 0.0, 0.0, 0.0, 0.0, 0.0, 0.0, 0.0, 0.0]], "Born radii": [], "Atomic SASAs": [], "Solvent H bonds": [], "Total SASA": NaN, "Total FOD": 0.0, "FOD": [0.0, 0.0, 0.0, 0.0, 0.0, 0.0, 0.0, 0.0, 0.0, 0.0, 0.0, 0.0, 0.0, 0.0, 0.0, 0.0, 0.0, 0.0, 0.0], "FOD s proportion": [0.0, 0.0, 0.0, 0.0, 0.0, 0.0, 0.0, 0.0, 0.0, 0.0, 0.0, 0.0, 0.0, 0.0, 0.0, 0.0, 0.0, 0.0, 0.0], "FOD p proportion": [0.0, 0.0, 0.0, 0.0, 0.0, 0.0, 0.0, 0.0, 0.0, 0.0, 0.0, 0.0, 0.0, 0.0, 0.0, 0.0, 0.0, 0.0, 0.0], "FOD d proportion": [0.0, 0.0, 0.0, 0.0, 0.0, 0.0, 0.0, 0.0, 0.0, 0.0, 0.0, 0.0, 0.0, 0.0, 0.0, 0.0, 0.0, 0.0, 0.0], "coordinates": [["-2.30444335646101", "-1.72623414536826", "-0.19527184481023"], ["-1.58766116939823", "-0.68828658104188", "-0.60321475718333"], ["-0.22720665539675", "-0.38544112359618", "-0.15800224850708"], ["0.65540182819970", "-1.41764522501520", "0.15465848457306"], ["1.94733361910027", "-1.15418594553726", "0.56642690596606"], ["2.37960421594698", "0.15627922105450", "0.67101314170860"], ["1.51284430055169", "1.18994896803472", "0.36252770546609"], ["0.21288190513785", "0.94204778576594", "-0.05321481525115"], ["-0.70377101356960", "2.08858474727597", "-0.36189973918269"], ["-3.30039437445454", "-1.90601824128098", "-0.56300472933027"], ["-1.93369954027414", "-2.42726085885021", "0.53376697949732"], ["-2.01923393263321", "0.00676689250496", "-1.31143696915593"], ["0.32460542838791", "-2.44054524280588", "0.05203947132793"], ["2.61720763882942", "-1.96863049209772", "0.80042427282937"], ["3.38851120241880", "0.37393814861646", "0.98958624220765"], ["1.85330867625444", "2.21267336456405", "0.44727983979632"], ["-0.22970487076416", "3.03412363065709", "-0.10963474542028"], ["-0.95361241764937", "2.10600394398201", "-1.42320456601835"], ["-1.63197048422601", "2.00388115313781", "0.20116337148690"]], "bond_dist": [[0.0, 1.3257183976007172, 2.472655912635164, 2.9963914754828282, 4.357181609684989, 5.121973048856218, 4.836005515460737, 3.6710809220648044, 4.140381623492673, 1.0767860631262516, 1.0772126241387272, 2.0809761165173173, 2.735562235469723, 5.027207501887468, 6.182583922621927, 5.763225399439217, 5.193542110408713, 4.244833538141552, 3.8109238754876182], [1.3257183976007172, 0.0, 1.463135685315719, 2.4774316324173213, 3.7525074274041916, 4.251604728822228, 3.7514745702414958, 2.4904709287562254, 2.9241253597472783, 2.1018901670617995, 2.1063004445099476, 1.0820966142573252, 2.675169539060549, 4.614152658024936, 5.331756546767094, 4.6216210341160995, 3.9929944053520443, 2.9803457256543022, 2.810116474137991], [2.472655912635164, 1.463135685315719, 0.0, 1.3936282776669258, 2.4175176538179546, 2.7885821429498474, 2.404284239246518, 1.4024568270578646, 2.52774440636889, 3.452631537952924, 2.749489127496924, 2.1669334426908002, 2.1382392384096534, 3.3934882717545314, 3.8687248351896755, 3.38306212553726, 3.419907712931169, 2.8871613672306906, 2.794856400509693], [2.9963914754828282, 2.4774316324173213, 1.3936282776669258, 0.0, 1.3813224739860972, 2.3909692946156365, 2.7528103243804196, 2.4098104274435848, 3.7957649862611187, 4.049922504016626, 2.8047268806856964, 3.366312851341853, 1.0799450756422841, 2.137587485097352, 3.37294562609397, 3.834034576786419, 4.546593309754544, 4.1826644756592195, 4.115954027507531], [4.357181609684989, 3.7525074274041916, 2.4175176538179546, 1.3813224739860972, 0.0, 1.3838768378925108, 2.3927649999371963, 2.790425499273102, 4.290187396795759, 5.420287512122416, 4.084630312509008, 4.539586145025931, 2.1336732307257416, 1.0801878954279787, 2.1427132093776313, 3.370278672049225, 4.768489598276137, 4.79614005406097, 4.787298101585332], [5.121973048856218, 4.251604728822228, 2.7885821429498474, 2.3909692946156365, 1.3838768378925108, 0.0, 1.3838024285034094, 2.415910582593823, 3.7825806630095276, 6.167516105869682, 5.029722173932372, 4.827239318270794, 3.36892352504439, 2.142065338982931, 1.0801655134564565, 2.1344321162654034, 3.9623091095411755, 4.392892831498996, 4.441522630932255], [4.836005515460737, 3.7514745702414958, 2.404284239246518, 2.7528103243804196, 2.3927649999371963, 1.3838024285034094, 0.0, 1.3871550270941864, 2.4991448211518104, 5.79731746513798, 4.999219365802836, 4.083828375565736, 3.832597392866409, 3.374610494947678, 2.1394397380314056, 1.0812326792381348, 2.5807741436900113, 3.179843582181034, 3.2524427867041177], [3.6710809220648044, 2.4904709287562254, 1.4024568270578646, 2.4098104274435848, 2.790425499273102, 2.415910582593823, 1.3871550270941864, 0.0, 1.5000286529750555, 4.551315861117768, 4.037895525126706, 2.727675649908589, 3.386073863257173, 3.8705981402901815, 3.390398802354733, 2.1344751702990408, 2.1391230921806823, 2.1429827018786463, 2.1437534141066616], [4.140381623492673, 2.9241253597472783, 2.52774440636889, 3.7957649862611187, 4.290187396795759, 3.7825806630095276, 2.4991448211518104, 1.5000286529750555, 0.0, 4.76862130301241, 4.765270673332392, 2.6393236298301836, 4.662823419713658, 5.370371664717065, 4.638243315252464, 2.6849257189143474, 1.0873914266803797, 1.0904549926847533, 1.0889302194280757], [1.0767860631262516, 2.1018901670617995, 3.452631537952924, 4.049922504016626, 5.420287512122416, 6.167516105869682, 5.79731746513798, 4.551315861117768, 4.76862130301241, 0.0, 1.8282387200336847, 2.420799426497531, 3.715457179773478, 6.0729624175936365, 7.235343646369708, 6.6742003707980375, 5.834353441921444, 4.726907162920267, 4.319132371005575], [1.0772126241387272, 2.1063004445099476, 2.749489127496924, 2.8047268806856964, 4.084630312509008, 5.029722173932372, 4.999219365802836, 4.037895525126706, 4.765270673332392, 1.8282387200336847, 0.0, 3.055582569456909, 2.309151185710428, 4.581725011195131, 6.0316178815742445, 5.989816429157035, 5.757107273238555, 5.033964458604206, 4.4538393677512085], [2.0809761165173173, 1.0820966142573252, 2.1669334426908002, 3.366312851341853, 4.539586145025931, 4.827239318270794, 4.083828375565736, 2.727675649908589, 2.6393236298301836, 2.420799426497531, 3.055582569456909, 0.0, 3.652668564442459, 5.464315435448585, 5.888397914223116, 4.791210122214818, 3.7164003643693957, 2.356870256759781, 2.5350341494757296], [2.735562235469723, 2.675169539060549, 2.1382392384096534, 1.0799450756422841, 2.1336732307257416, 3.36892352504439, 3.832597392866409, 3.386073863257173, 4.662823419713658, 3.715457179773478, 2.309151185710428, 3.652668564442459, 0.0, 2.457398673063773, 4.264719134986384, 4.913816437035317, 5.505033854044088, 4.947857651502877, 4.85832823390728], [5.027207501887468, 4.614152658024936, 3.3934882717545314, 2.137587485097352, 1.0801878954279787, 2.142065338982931, 3.374610494947678, 3.8705981402901815, 5.370371664717065, 6.0729624175936365, 4.581725011195131, 5.464315435448585, 2.457398673063773, 0.0, 2.4735236555008377, 4.265155865538792, 5.827578147628582, 5.8564431933037, 5.847689896092521], [6.182583922621927, 5.331756546767094, 3.8687248351896755, 3.37294562609397, 2.1427132093776313, 1.0801655134564565, 2.1394397380314056, 3.390398802354733, 4.638243315252464, 7.235343646369708, 6.0316178815742445, 5.888397914223116, 4.264719134986384, 2.4735236555008377, 0.0, 2.455990680927675, 4.623457702925482, 5.260765052317874, 5.3369992680343845], [5.763225399439217, 4.6216210341160995, 3.38306212553726, 3.834034576786419, 3.370278672049225, 2.1344321162654034, 1.0812326792381348, 2.1344751702990408, 2.6849257189143474, 6.6742003707980375, 5.989816429157035, 4.791210122214818, 4.913816437035317, 4.265155865538792, 2.455990680927675, 0.0, 2.3073534258873982, 3.374743887332093, 3.5001911847790077], [5.193542110408713, 3.9929944053520443, 3.419907712931169, 4.546593309754544, 4.768489598276137, 3.9623091095411755, 2.5807741436900113, 2.1391230921806823, 1.0873914266803797, 5.834353441921444, 5.757107273238555, 3.7164003643693957, 5.505033854044088, 5.827578147628582, 4.623457702925482, 2.3073534258873982, 0.0, 1.7637783202027564, 1.767581365215093], [4.244833538141552, 2.9803457256543022, 2.8871613672306906, 4.1826644756592195, 4.79614005406097, 4.392892831498996, 3.179843582181034, 2.1429827018786463, 1.0904549926847533, 4.726907162920267, 5.033964458604206, 2.356870256759781, 4.947857651502877, 5.8564431933037, 5.260765052317874, 3.374743887332093, 1.7637783202027564, 0.0, 1.763283847624785], [3.8109238754876182, 2.810116474137991, 2.794856400509693, 4.115954027507531, 4.787298101585332, 4.441522630932255, 3.2524427867041177, 2.1437534141066616, 1.0889302194280757, 4.319132371005575, 4.4538393677512085, 2.5350341494757296, 4.85832823390728, 5.847689896092521, 5.3369992680343845, 3.5001911847790077, 1.767581365215093, 1.763283847624785, 0.0]]}