{"total energy": -19.99477962, "HOMO-LUMO gap/eV": 13.21632321, "electronic energy": -20.30045641, "dipole": [0.00020069, 0.01493947, -0.02025669], "partial charges": [-0.10397749, -0.01447422, -0.10440958, -0.01447426, -0.10440958, -0.10397747, 0.03035469, 0.03688056, 0.03339791, 0.02591459, 0.03429214, 0.02966749, 0.03235393, 0.02591455, 0.03429212, 0.03235393, 0.02966749, 0.03035473, 0.03688055, 0.03339792], "atomic dipole moments": [[-0.03556899, -0.0170289, 0.08856148], [-0.02064613, 0.0892455, -0.02461012], [-0.04086536, -0.06219422, -0.05819764], [0.0218038, -0.00305345, -0.092261], [0.04101835, 0.07358594, 0.04275122], [0.03426693, -0.07990849, 0.04287965], [0.12077707, -0.02198369, 0.0018], [-0.01657736, 0.11728335, -0.03844156], [-0.04959282, -0.07706711, -0.08258368], [0.02980397, -0.11094775, 0.03549862], [-0.01886721, 0.1172543, -0.03230206], [-0.0431547, -0.01623323, 0.11455753], [0.12171839, -0.01733177, 0.00228559], [-0.0313051, -0.00084933, 0.11609065], [0.02038858, -0.00396419, -0.12131174], [-0.12189623, 0.00408906, 0.01567072], [0.04152598, -0.10504977, 0.04989417], [-0.12099294, 0.00591867, 0.01998328], [0.01817813, 0.00191376, -0.12318204], [0.04991683, 0.10119405, 0.04986912]], "atomic quadrupole moments": [[-0.05555078, 0.02255154, -0.11662707, -0.10243344, -0.04232525, 0.17217785], [0.07401917, 0.0805969, -0.14965808, -0.03563036, 0.09036572, 0.0756389], [-0.04534688, 0.09257872, 0.01844254, 0.08002793, 0.14217565, 0.02690434], [0.07153823, -0.01003994, 0.10717651, 0.09086563, 0.01003291, -0.17871474], [-0.0450623, 0.10375116, 0.10445477, 0.06608939, 0.11568422, -0.05939247], [-0.05856351, -0.08798195, 0.12477765, 0.05082183, -0.11808313, -0.06621414], [0.07952323, -0.02514035, -0.04923086, 0.00658605, -0.00957839, -0.03029237], [-0.04037755, -0.030729, 0.06977924, -0.00233861, -0.02760683, -0.02940169], [-0.01566258, 0.04749661, 0.00599019, 0.03070595, 0.04757999, 0.00967239], [-0.00660991, -0.00917048, 0.02487558, 0.00369613, -0.01371446, -0.01826567], [-0.04091839, -0.02544804, 0.06517824, 0.02001214, -0.03612597, -0.02425985], [-0.02546849, 0.02093188, -0.03657645, -0.04519226, -0.01609144, 0.06204493], [0.08055782, -0.02315078, -0.03436316, -0.001074, 0.01340486, -0.04619466], [-0.00633736, 0.00066112, -0.02225618, -0.01029624, 0.00096005, 0.02859354], [-0.03990261, 0.01168978, -0.03706673, -0.03177641, -0.00413518, 0.07696934], [0.08093383, -0.00916961, -0.03743434, -0.02007289, 0.01449322, -0.04349949], [-0.02700647, -0.03578787, 0.04504355, 0.03285572, -0.04189704, -0.01803708], [0.08014042, -0.00207462, -0.03732144, -0.0245189, -0.01303334, -0.04281898], [-0.0398379, -0.01134293, -0.03611484, -0.03011057, 0.00533637, 0.07595274], [-0.01577892, 0.04336235, 0.03538763, 0.03672438, 0.03844691, -0.01960871]], "number of molecular orbitals": 38, "number of electrons": 38, "number of unpaired electrons": 0, "orbital energies/eV": [-16.99251512, -16.43887952, -15.8998597, -15.80908371, -15.33474004, -14.54928174, -13.96107194, -13.5911553, -13.55324764, -12.95422436, -12.80250529, -12.59726503, -12.37807408, -12.30529376, -11.94687044, -11.88727758, -11.38118067, -11.32725686, -11.22796085, 1.98836236, 2.4452283, 2.668399, 3.44004149, 3.61592898, 3.96504006, 4.26152012, 4.39535162, 5.44360435, 6.01796508, 6.12071743, 6.40468414, 6.46957161, 6.69965117, 6.99749393, 7.67627544, 7.88888763, 8.2767772, 8.4309046], "fractional occupation": [2.0, 2.0, 2.0, 2.0, 2.0, 2.0, 2.0, 2.0, 2.0, 2.0, 2.0, 2.0, 2.0, 2.0, 2.0, 2.0, 2.0, 2.0, 2.0, 0.0, 0.0, 0.0, 0.0, 0.0, 0.0, 0.0, 0.0, 0.0, 0.0, 0.0, 0.0, 0.0, 0.0, 0.0, 0.0, 0.0, 0.0, 0.0], "program call": "xtb /tmp/scratch/tmptcvmm14j/1732_0_xyzopt.xyz --pop --wbo --acc 0.2 --gfn 2 --chrg 0 --uhf 0 --etemp 300 --input /tmp/scratch/tmptcvmm14j/1732_0_xtb.inp", "method": "GFN2-xTB", "xtb version": "6.3.3 (7355c4f)", "Dipole module/D": 0.064, "Total charge": 0, "Transition dipole module/D": NaN, "HOMO": -11.228, "LUMO": 1.9884, "HOMO occupancy": 2.0, "LUMO occupancy": 0, "mulliken charges": [-0.09355, -0.00721, -0.09285, -0.00721, -0.09285, -0.09355, 0.02894, 0.02867, 0.0298, 0.01983, 0.02838, 0.02856, 0.02942, 0.01983, 0.02838, 0.02942, 0.02856, 0.02894, 0.02867, 0.0298], "cm5 charges": [-0.24499, -0.08076, -0.24422, -0.08076, -0.24422, -0.24499, 0.08136, 0.08235, 0.08296, 0.07879, 0.08173, 0.08098, 0.08181, 0.07879, 0.08173, 0.08181, 0.08098, 0.08136, 0.08235, 0.08296], "FUKUI+": [0.031, -0.059, 0.014, -0.059, 0.014, 0.031, -0.074, -0.053, -0.049, -0.081, -0.065, -0.061, -0.104, -0.081, -0.065, -0.104, -0.061, -0.074, -0.053, -0.049], "FUKUI-": [0.021, -0.019, 0.027, -0.019, 0.027, 0.021, -0.083, -0.069, -0.051, -0.108, -0.075, -0.057, -0.086, -0.108, -0.075, -0.086, -0.057, -0.083, -0.069, -0.051], "FUKUIrad": [0.026, -0.039, 0.021, -0.039, 0.021, 0.026, -0.079, -0.061, -0.05, -0.094, -0.07, -0.059, -0.095, -0.094, -0.07, -0.095, -0.059, -0.079, -0.061, -0.05], "s proportion": [1.008, 1.055, 1.01, 1.055, 1.01, 1.008, 0.971, 0.971, 0.97, 0.98, 0.972, 0.971, 0.971, 0.98, 0.972, 0.971, 0.971, 0.971, 0.971, 0.97], "p proportion": [3.085, 2.953, 3.083, 2.953, 3.083, 3.085, 0.0, 0.0, 0.0, 0.0, 0.0, 0.0, 0.0, 0.0, 0.0, 0.0, 0.0, 0.0, 0.0, 0.0], "d proportion": [0.0, 0.0, 0.0, 0.0, 0.0, 0.0, 0.0, 0.0, 0.0, 0.0, 0.0, 0.0, 0.0, 0.0, 0.0, 0.0, 0.0, 0.0, 0.0, 0.0], "Fermi-level/eV": -4.6198, "Coordination numbers": [3.755, 3.85, 3.755, 3.85, 3.755, 3.755, 0.925, 0.925, 0.925, 0.924, 0.925, 0.925, 0.925, 0.924, 0.925, 0.925, 0.925, 0.925, 0.925, 0.925], "Dispersion coefficient C6": [22.543, 20.799, 22.55, 20.799, 22.55, 22.543, 2.581, 2.491, 2.539, 2.645, 2.526, 2.591, 2.553, 2.645, 2.526, 2.553, 2.591, 2.581, 2.491, 2.539], "Total dispersion C6": 2544.066891, "Total dispersion C8": 52332.576267, "Polarizability alpha": [6.77, 6.487, 6.771, 6.487, 6.771, 6.77, 2.513, 2.468, 2.492, 2.544, 2.486, 2.517, 2.499, 2.544, 2.486, 2.499, 2.517, 2.513, 2.468, 2.492], "Total polarizability alpha": 75.089867, "Wiberg matrix": [[0.0, 1.0100948820571543, 0.0, 0.0, 0.0, 0.0, 0.9866336085040084, 0.9853703125642456, 0.9840018547132076, 0.0, 0.0, 0.0, 0.0, 0.0, 0.0, 0.0, 0.0, 0.0, 0.0, 0.0], [1.0100948820571543, 0.0, 1.008842415363223, 0.9830659924438092, 0.0, 0.0, 0.0, 0.0, 0.0, 0.9681606331126212, 0.0, 0.0, 0.0, 0.0, 0.0, 0.0, 0.0, 0.0, 0.0, 0.0], [0.0, 1.008842415363223, 0.0, 0.0, 0.0, 0.0, 0.0, 0.0, 0.0, 0.0, 0.9843704374041036, 0.9866357778915986, 0.9866808740084658, 0.0, 0.0, 0.0, 0.0, 0.0, 0.0, 0.0], [0.0, 0.9830659924438092, 0.0, 0.0, 1.008842415139234, 1.0100948690039184, 0.0, 0.0, 0.0, 0.0, 0.0, 0.0, 0.0, 0.9681606430536316, 0.0, 0.0, 0.0, 0.0, 0.0, 0.0], [0.0, 0.0, 0.0, 1.008842415139234, 0.0, 0.0, 0.0, 0.0, 0.0, 0.0, 0.0, 0.0, 0.0, 0.0, 0.9843704379441086, 0.9866808762599597, 0.9866357776146251, 0.0, 0.0, 0.0], [0.0, 0.0, 0.0, 1.0100948690039184, 0.0, 0.0, 0.0, 0.0, 0.0, 0.0, 0.0, 0.0, 0.0, 0.0, 0.0, 0.0, 0.0, 0.9866335948770535, 0.9853703210957782, 0.9840018589462682], [0.9866336085040084, 0.0, 0.0, 0.0, 0.0, 0.0, 0.0, 0.0, 0.0, 0.0, 0.0, 0.0, 0.0, 0.0, 0.0, 0.0, 0.0, 0.0, 0.0, 0.0], [0.9853703125642456, 0.0, 0.0, 0.0, 0.0, 0.0, 0.0, 0.0, 0.0, 0.0, 0.0, 0.0, 0.0, 0.0, 0.0, 0.0, 0.0, 0.0, 0.0, 0.0], [0.9840018547132076, 0.0, 0.0, 0.0, 0.0, 0.0, 0.0, 0.0, 0.0, 0.0, 0.0, 0.0, 0.0, 0.0, 0.0, 0.0, 0.0, 0.0, 0.0, 0.0], [0.0, 0.9681606331126212, 0.0, 0.0, 0.0, 0.0, 0.0, 0.0, 0.0, 0.0, 0.0, 0.0, 0.0, 0.0, 0.0, 0.0, 0.0, 0.0, 0.0, 0.0], [0.0, 0.0, 0.9843704374041036, 0.0, 0.0, 0.0, 0.0, 0.0, 0.0, 0.0, 0.0, 0.0, 0.0, 0.0, 0.0, 0.0, 0.0, 0.0, 0.0, 0.0], [0.0, 0.0, 0.9866357778915986, 0.0, 0.0, 0.0, 0.0, 0.0, 0.0, 0.0, 0.0, 0.0, 0.0, 0.0, 0.0, 0.0, 0.0, 0.0, 0.0, 0.0], [0.0, 0.0, 0.9866808740084658, 0.0, 0.0, 0.0, 0.0, 0.0, 0.0, 0.0, 0.0, 0.0, 0.0, 0.0, 0.0, 0.0, 0.0, 0.0, 0.0, 0.0], [0.0, 0.0, 0.0, 0.9681606430536316, 0.0, 0.0, 0.0, 0.0, 0.0, 0.0, 0.0, 0.0, 0.0, 0.0, 0.0, 0.0, 0.0, 0.0, 0.0, 0.0], [0.0, 0.0, 0.0, 0.0, 0.9843704379441086, 0.0, 0.0, 0.0, 0.0, 0.0, 0.0, 0.0, 0.0, 0.0, 0.0, 0.0, 0.0, 0.0, 0.0, 0.0], [0.0, 0.0, 0.0, 0.0, 0.9866808762599597, 0.0, 0.0, 0.0, 0.0, 0.0, 0.0, 0.0, 0.0, 0.0, 0.0, 0.0, 0.0, 0.0, 0.0, 0.0], [0.0, 0.0, 0.0, 0.0, 0.9866357776146251, 0.0, 0.0, 0.0, 0.0, 0.0, 0.0, 0.0, 0.0, 0.0, 0.0, 0.0, 0.0, 0.0, 0.0, 0.0], [0.0, 0.0, 0.0, 0.0, 0.0, 0.9866335948770535, 0.0, 0.0, 0.0, 0.0, 0.0, 0.0, 0.0, 0.0, 0.0, 0.0, 0.0, 0.0, 0.0, 0.0], [0.0, 0.0, 0.0, 0.0, 0.0, 0.9853703210957782, 0.0, 0.0, 0.0, 0.0, 0.0, 0.0, 0.0, 0.0, 0.0, 0.0, 0.0, 0.0, 0.0, 0.0], [0.0, 0.0, 0.0, 0.0, 0.0, 0.9840018589462682, 0.0, 0.0, 0.0, 0.0, 0.0, 0.0, 0.0, 0.0, 0.0, 0.0, 0.0, 0.0, 0.0, 0.0]], "Born radii": [], "Atomic SASAs": [], "Solvent H bonds": [], "Total SASA": NaN, "Total FOD": 0.0, "FOD": [0.0, 0.0, 0.0, 0.0, 0.0, 0.0, 0.0, 0.0, 0.0, 0.0, 0.0, 0.0, 0.0, 0.0, 0.0, 0.0, 0.0, 0.0, 0.0, 0.0], "FOD s proportion": [0.0, 0.0, 0.0, 0.0, 0.0, 0.0, 0.0, 0.0, 0.0, 0.0, 0.0, 0.0, 0.0, 0.0, 0.0, 0.0, 0.0, 0.0, 0.0, 0.0], "FOD p proportion": [0.0, 0.0, 0.0, 0.0, 0.0, 0.0, 0.0, 0.0, 0.0, 0.0, 0.0, 0.0, 0.0, 0.0, 0.0, 0.0, 0.0, 0.0, 0.0, 0.0], "FOD d proportion": [0.0, 0.0, 0.0, 0.0, 0.0, 0.0, 0.0, 0.0, 0.0, 0.0, 0.0, 0.0, 0.0, 0.0, 0.0, 0.0, 0.0, 0.0, 0.0, 0.0], "coordinates": [["1.34104960859875", "-0.08225378088954", "-1.09202234264116"], ["0.76616258575934", "-0.29306850021195", "0.30711837449250"], ["1.41764871769655", "0.68617752588756", "1.28357597521839"], ["-0.77277731487481", "-0.19955302502217", "0.36084345772191"], ["-1.42744282893705", "-1.41553709594398", "-0.29461216937451"], ["-1.32764870291644", "1.08020822696762", "-0.26113865460459"], ["2.41227235504794", "-0.27311478188200", "-1.08266127940486"], ["1.18469906015956", "0.94051463551434", "-1.42497451548611"], ["0.88555676689529", "-0.75796429758033", "-1.81089521572930"], ["1.03132243618557", "-1.30725000806897", "0.63066148414882"], ["1.22864356317767", "1.71513369754511", "0.98744738016730"], ["1.03289450628057", "0.54133871442173", "2.29086606630914"], ["2.49482187736669", "0.53499233899508", "1.30457626514508"], ["-1.05164911498042", "-0.20647550242558", "1.42185070465369"], ["-1.22492786339048", "-1.43844887311495", "-1.36261428813219"], ["-2.50617889720533", "-1.38073789208011", "-0.15780015188353"], ["-1.05703006342692", "-2.33865489794762", "0.14617736896321"], ["-2.40066126286795", "1.13779286409145", "-0.08978551804680"], ["-1.15736997607736", "1.09461136959737", "-1.33452368696879"], ["-0.86938445249127", "1.96229028214700", "0.17790774545180"]], "bond_dist": [[0.0, 1.5272631342546836, 2.4979634634171215, 2.567653093574054, 3.1745956843863787, 3.0271498642519465, 1.0881331369436846, 1.0869028829627372, 1.0866630751394954, 2.1363956199680505, 2.7508964347568536, 3.453659096480652, 2.7305435553262067, 3.4727504828067137, 2.9149143239376953, 4.166533242947888, 3.5178502867889136, 4.06120582021577, 2.772348986964742, 3.267858869775235], [1.5272631342546836, 0.0, 1.5286681803954552, 1.5427143437564275, 2.536517319320419, 2.5676547145434907, 2.1544286968497297, 2.1672669223393153, 2.171719282334654, 1.0970660968981225, 2.1701641130367446, 2.168556252912413, 2.1607567987892042, 2.1341428945875682, 2.8397789597014036, 3.4795678931881655, 2.7448783495646554, 3.4976663980436435, 2.884548768088164, 2.7889698345717333], [2.4979634634171215, 1.5286681803954552, 0.0, 2.5365173194414727, 3.8732967973136323, 3.1745962591496775, 2.74018186565982, 2.730420969186893, 3.4560699359245994, 2.132908498171159, 1.0872745267106185, 1.0879556112814428, 1.087933816381526, 2.629330925581679, 4.301112789976497, 4.663274347095437, 4.070297513885021, 4.082838389229125, 3.694859309786678, 2.8427955822645075], [2.567653093574054, 1.5427143437564275, 2.5365173194414727, 0.0, 1.528668137670932, 1.527263195201094, 3.4976647435188455, 2.8845474277348413, 2.788968257589879, 2.1341439233125823, 2.8397787329832127, 2.7448786065960458, 3.4795679307556786, 1.0970659869074872, 2.170163505980378, 2.1607567955642746, 2.168556657658627, 2.1544295414483132, 2.1672661928449206, 2.1717193415849927], [3.1745956843863787, 2.536517319320419, 3.8732967973136323, 1.528668137670932, 0.0, 2.4979639830498748, 4.0828375962816885, 3.694859137178016, 2.842794996501037, 2.6293314846702707, 4.301112789517842, 4.070297341405666, 4.663274509610266, 2.132907792261006, 1.0872744761440665, 1.0879338296525292, 1.0879556564202764, 2.7401828336904033, 2.73042132817201, 3.4560703143324134], [3.0271498642519465, 2.5676547145434907, 3.1745962591496775, 1.527263195201094, 2.4979639830498748, 0.0, 4.061205745729453, 2.7723490929534695, 3.267858944378817, 3.4727523877525255, 2.914914679558906, 3.5178505780666023, 4.166533920605285, 2.1363950887892065, 2.7508968955459396, 2.7305435476936313, 3.4536597773954867, 1.0881331911372654, 1.0869028121387145, 1.0866630649330533], [1.0881331369436846, 2.1544286968497297, 2.74018186565982, 3.4976647435188455, 4.0828375962816885, 4.061205745729453, 0.0, 1.7598326365564743, 1.7596204721461348, 2.431446737347537, 3.1047478150929, 3.7345286850674495, 2.521657121132079, 4.275017312524336, 3.829569513704341, 5.125754557159045, 4.220492822601995, 5.112806731475739, 3.8309862790078135, 4.165974252102743], [1.0869028829627372, 2.1672669223393153, 2.730420969186893, 2.8845474277348413, 3.694859137178016, 2.7723490929534695, 1.7598326365564743, 0.0, 1.7672723572392597, 3.049854036625353, 2.5341162588237607, 3.7403017616062737, 3.054720542567739, 3.79753253718877, 3.386688365356731, 4.540542287083918, 4.271629728420944, 3.8309864270568026, 2.3488751619305486, 2.7986632686739914], [1.0866630751394954, 2.171719282334654, 3.4560699359245994, 2.788968257589879, 2.842794996501037, 3.267858944378817, 1.7596204721461348, 1.7672723572392597, 0.0, 2.5068229975030922, 3.750285792747814, 4.305152998590691, 3.7373297430099104, 3.8088781426698266, 2.262335170185956, 3.8241915557735204, 3.178420908121801, 4.165974405421567, 2.7986632725616287, 3.799334268056999], [2.1363956199680505, 1.0970660968981225, 2.132908498171159, 2.1341439233125823, 2.6293314846702707, 3.4727523877525255, 2.431446737347537, 3.049854036625353, 2.5068229975030922, 0.0, 3.049759837547317, 2.4846653680023603, 2.4474167221171688, 2.4852475486124925, 3.0134742177242573, 3.6250500554245644, 2.379020190618505, 4.275019373084081, 3.797534109103317, 3.808879931674567], [2.7508964347568536, 2.1701641130367446, 1.0872745267106185, 2.8397787329832127, 4.301112789517842, 2.914914679558906, 3.1047478150929, 2.5341162588237607, 3.750285792747814, 3.049759837547317, 0.0, 1.7649398366702023, 1.7596908476121904, 3.01347355452113, 4.635502736495057, 4.984467034668644, 4.729190325632287, 3.829570037918845, 3.3866883833041252, 2.2623355966830223], [3.453659096480652, 2.168556252912413, 1.0879556112814428, 2.7448786065960458, 4.070297341405666, 3.5178505780666023, 3.7345286850674495, 3.7403017616062737, 4.305152998590691, 2.4846653680023603, 1.7649398366702023, 0.0, 1.7635304042437348, 2.3790199475103164, 4.729190146847561, 4.713319985386192, 4.1547367573504195, 4.220493423594895, 4.271629665223375, 3.1784212213750473], [2.7305435553262067, 2.1607567987892042, 1.087933816381526, 3.4795679307556786, 4.663274509610266, 4.166533920605285, 2.521657121132079, 3.054720542567739, 3.7373297430099104, 2.4474167221171688, 1.7596908476121904, 1.7635304042437348, 0.0, 3.625049565672525, 4.984467253278814, 5.551448085914772, 4.71332034285631, 5.125755401090079, 4.540542627376464, 3.8241921501998184], [3.4727504828067137, 2.1341428945875682, 2.629330925581679, 1.0970659869074872, 2.132907792261006, 2.1363950887892065, 4.275017312524336, 3.79753253718877, 3.8088781426698266, 2.4852475486124925, 3.01347355452113, 2.3790199475103164, 3.625049565672525, 0.0, 3.049758876827536, 2.4474161631596667, 2.4846650455718553, 2.4314471588226416, 3.0498530679056883, 2.506822594694917], [2.9149143239376953, 2.8397789597014036, 4.301112789976497, 2.170163505980378, 1.0872744761440665, 2.7508968955459396, 3.829569513704341, 3.386688365356731, 2.262335170185956, 3.0134742177242573, 4.635502736495057, 4.729190146847561, 4.984467253278814, 3.049758876827536, 0.0, 1.7596908455431113, 1.7649398921488302, 3.104748555540076, 2.5341166790859755, 3.750286129767082], [4.166533242947888, 3.4795678931881655, 4.663274347095437, 2.1607567955642746, 1.0879338296525292, 2.7305435476936313, 5.125754557159045, 4.540542287083918, 3.8241915557735204, 3.6250500554245644, 4.984467034668644, 4.713319985386192, 5.551448085914772, 2.4474161631596667, 1.7596908455431113, 0.0, 1.7635304550110924, 2.5216576158063555, 3.054720568403139, 3.7373296911372917], [3.5178502867889136, 2.7448783495646554, 4.070297513885021, 2.168556657658627, 1.0879556564202764, 3.4536597773954867, 4.220492822601995, 4.271629728420944, 3.178420908121801, 2.379020190618505, 4.729190325632287, 4.1547367573504195, 4.71332034285631, 2.4846650455718553, 1.7649398921488302, 1.7635304550110924, 0.0, 3.7345297329575375, 3.740302257702062, 4.305153555249181], [4.06120582021577, 3.4976663980436435, 4.082838389229125, 2.1544295414483132, 2.7401828336904033, 1.0881331911372654, 5.112806731475739, 3.8309864270568026, 4.165974405421567, 4.275019373084081, 3.829570037918845, 4.220493423594895, 5.125755401090079, 2.4314471588226416, 3.104748555540076, 2.5216576158063555, 3.7345297329575375, 0.0, 1.7598326552395294, 1.7596205118434423], [2.772348986964742, 2.884548768088164, 3.694859309786678, 2.1672661928449206, 2.73042132817201, 1.0869028121387145, 3.8309862790078135, 2.3488751619305486, 2.7986632725616287, 3.797534109103317, 3.3866883833041252, 4.271629665223375, 4.540542627376464, 3.0498530679056883, 2.5341166790859755, 3.054720568403139, 3.740302257702062, 1.7598326552395294, 0.0, 1.7672722469535531], [3.267858869775235, 2.7889698345717333, 2.8427955822645075, 2.1717193415849927, 3.4560703143324134, 1.0866630649330533, 4.165974252102743, 2.7986632686739914, 3.799334268056999, 3.808879931674567, 2.2623355966830223, 3.1784212213750473, 3.8241921501998184, 2.506822594694917, 3.750286129767082, 3.7373296911372917, 4.305153555249181, 1.7596205118434423, 1.7672722469535531, 0.0]]}