{"total energy": -28.11348551, "HOMO-LUMO gap/eV": 10.54994259, "electronic energy": -28.42047256, "dipole": [-1.1754723, -0.54618422, 0.71886383], "partial charges": [0.04205404, -0.33226511, 0.14584302, -0.11854504, -0.11816414, -0.08282027, 0.08417279, -0.45508964, 0.05263079, 0.02983515, 0.03064678, 0.03952383, 0.04072179, 0.0462666, 0.03917271, 0.04778604, 0.04131178, 0.03786138, 0.05838717, 0.0400957, 0.01837534, 0.31219929], "atomic dipole moments": [[0.16484626, -0.13284172, -0.04655432], [-0.19757476, -0.08433554, 0.17250271], [-0.0272607, 0.14193058, -0.05356509], [0.07521611, 0.05617359, 0.03144625], [-0.00916937, -0.00472168, -0.0984751], [-0.01680272, 0.08907948, 0.07803562], [-0.09983132, 0.1341319, -0.11810288], [-0.11485234, -0.1663498, 0.13743897], [0.01830319, 0.10566934, -0.05972476], [-0.00203429, 0.0182335, 0.12073624], [-0.10386885, -0.0523356, -0.03752932], [-0.10735855, 0.03130342, 0.05800233], [0.02706711, -0.11862926, 0.03081025], [-0.01691848, 0.00760566, -0.12602178], [-0.11277189, 0.01634235, 0.05336488], [0.07652902, 0.09447006, 0.03936612], [0.04675639, -0.11035363, 0.03957881], [0.01910131, -0.11483354, 0.0410621], [-0.01754513, -0.0024585, -0.125228], [0.09726179, -0.05704634, -0.04074046], [0.01669071, 0.02085589, 0.11487261], [-0.07130805, 0.0202283, 0.00942423]], "atomic quadrupole moments": [[0.18559896, -0.32428794, 0.01882257, -0.13985861, 0.08611414, -0.20442153], [0.01584458, -0.0967327, 0.07386021, -0.0678504, -0.0451703, -0.08970479], [-0.11744083, -0.05260899, 0.1934245, 0.00958542, -0.10639694, -0.07598368], [0.08545631, 0.14900287, 0.01072481, 0.0725681, 0.06203858, -0.09618111], [-0.10444318, -0.00483602, -0.11433198, 0.03093574, 0.00161892, 0.21877517], [0.20872932, 0.03939035, -0.03783702, -0.05997158, 0.09122562, -0.1708923], [-0.11365808, 0.09708405, 0.27747602, 0.0779451, -0.2499517, -0.16381794], [-0.06081508, -0.0046894, 0.10477753, -0.01159961, -0.1322161, -0.04396245], [-0.03012835, -0.00488923, 0.05827116, -0.01733814, -0.050686, -0.02814281], [-0.02219697, -0.01880052, -0.04582609, 0.00667714, 0.00857842, 0.06802306], [0.03850691, 0.03350515, -0.00197991, 0.01925994, 0.03380443, -0.036527], [0.04091659, -0.03187366, -0.02675554, -0.04607747, 0.03096353, -0.01416106], [-0.02583432, -0.0255528, 0.07192472, 0.01282729, -0.03383279, -0.0460904], [-0.03494624, 0.00711549, -0.04637508, 0.01172542, -0.01290003, 0.08132132], [0.06757697, -0.02000806, -0.04907696, -0.03279548, 0.01130205, -0.01850001], [0.00419795, 0.06361153, 0.02415683, 0.01405015, 0.01939837, -0.02835478], [-0.03648558, -0.0476828, 0.05772588, 0.00761345, -0.03098386, -0.0212403], [-0.01221432, -0.01201598, 0.04904614, -0.00242527, -0.04343473, -0.03683182], [-0.00791909, 0.00495474, -0.04959844, 0.00993635, -0.00149424, 0.05751754], [0.01579594, -0.03306045, 0.01113289, -0.03141666, 0.0057411, -0.02692883], [-0.04189251, 0.0095033, -0.0031906, -0.00854517, 0.00671568, 0.04508311], [0.08112443, -0.07028507, -0.00763363, -0.01434996, -0.01482718, -0.0734908]], "number of molecular orbitals": 46, "number of electrons": 50, "number of unpaired electrons": 0, "orbital energies/eV": [-19.09703786, -18.15735535, -17.78713544, -17.00369305, -16.77807083, -16.51485848, -16.04829352, -15.74086239, -14.94962414, -14.74234141, -14.68783711, -14.44661667, -13.96854603, -13.79819243, -13.58196104, -13.26032432, -13.10066898, -12.89049359, -12.52628723, -12.38536511, -12.34854897, -12.298096, -11.4769315, -10.96143762, -10.66449769, -0.1145551, 1.35320697, 1.97901852, 2.17797018, 2.63610196, 3.09796583, 3.43056363, 3.67874344, 4.1268373, 4.60084249, 5.17152879, 5.49368709, 5.69863605, 5.76027071, 6.13130805, 6.26820909, 6.59427675, 6.83747218, 7.2888587, 7.77503711, 7.96528778], "fractional occupation": [2.0, 2.0, 2.0, 2.0, 2.0, 2.0, 2.0, 2.0, 2.0, 2.0, 2.0, 2.0, 2.0, 2.0, 2.0, 2.0, 2.0, 2.0, 2.0, 2.0, 2.0, 2.0, 2.0, 2.0, 2.0, 0.0, 0.0, 0.0, 0.0, 0.0, 0.0, 0.0, 0.0, 0.0, 0.0, 0.0, 0.0, 0.0, 0.0, 0.0, 0.0, 0.0, 0.0, 0.0, 0.0, 0.0], "program call": "xtb /tmp/scratch/tmpf7aykj98/176748_0_xyzopt.xyz --pop --wbo --acc 0.2 --gfn 2 --chrg 0 --uhf 0 --etemp 300 --input /tmp/scratch/tmpf7aykj98/176748_0_xtb.inp", "method": "GFN2-xTB", "xtb version": "6.3.3 (7355c4f)", "Dipole module/D": 3.767, "Total charge": 0, "Transition dipole module/D": NaN, "HOMO": -10.6645, "LUMO": -0.1146, "HOMO occupancy": 2.0, "LUMO occupancy": 0, "mulliken charges": [0.17249, -0.47369, 0.2476, -0.11577, -0.11987, -0.08839, 0.2068, -0.57391, 0.03501, 0.01512, 0.01622, 0.03428, 0.03286, 0.04498, 0.03485, 0.04616, 0.0335, 0.02408, 0.04853, 0.02378, 0.00447, 0.3509], "cm5 charges": [0.0503, -0.58512, 0.23867, -0.26315, -0.26725, -0.19169, 0.12213, -0.78962, 0.09616, 0.0747, 0.07575, 0.08899, 0.08664, 0.10021, 0.0894, 0.10225, 0.08742, 0.08133, 0.11009, 0.08735, 0.0675, 0.53794], "FUKUI+": [0.011, -0.163, -0.058, 0.032, 0.033, 0.021, 0.013, -0.053, -0.08, -0.065, -0.066, -0.047, -0.078, -0.047, -0.045, -0.043, -0.077, -0.106, -0.051, -0.059, -0.037, -0.034], "FUKUI-": [0.031, -0.1, -0.008, 0.007, 0.012, 0.012, 0.017, -0.143, -0.054, -0.074, -0.083, -0.044, -0.049, -0.043, -0.046, -0.037, -0.047, -0.059, -0.06, -0.081, -0.113, -0.039], "FUKUIrad": [0.021, -0.131, -0.033, 0.02, 0.022, 0.016, 0.015, -0.098, -0.067, -0.069, -0.074, -0.046, -0.064, -0.045, -0.045, -0.04, -0.062, -0.082, -0.056, -0.07, -0.075, -0.036], "s proportion": [0.966, 1.689, 1.047, 1.019, 1.019, 1.047, 0.984, 1.695, 0.965, 0.985, 0.984, 0.966, 0.967, 0.955, 0.965, 0.954, 0.966, 0.976, 0.951, 0.976, 0.996, 0.649], "p proportion": [2.861, 4.785, 2.705, 3.097, 3.101, 3.042, 2.809, 4.879, 0.0, 0.0, 0.0, 0.0, 0.0, 0.0, 0.0, 0.0, 0.0, 0.0, 0.0, 0.0, 0.0, 0.0], "d proportion": [0.0, 0.0, 0.0, 0.0, 0.0, 0.0, 0.0, 0.0, 0.0, 0.0, 0.0, 0.0, 0.0, 0.0, 0.0, 0.0, 0.0, 0.0, 0.0, 0.0, 0.0, 0.0], "Fermi-level/eV": -5.3895, "Coordination numbers": [3.634, 1.699, 3.781, 3.757, 3.754, 3.804, 3.673, 1.655, 0.925, 0.924, 0.924, 0.925, 0.925, 0.925, 0.925, 0.925, 0.925, 0.924, 0.924, 0.924, 0.923, 0.805], "Dispersion coefficient C6": [20.249, 19.567, 18.253, 22.824, 22.82, 22.077, 19.405, 21.948, 2.287, 2.589, 2.577, 2.455, 2.439, 2.367, 2.46, 2.348, 2.431, 2.478, 2.218, 2.448, 2.758, 0.685], "Total dispersion C6": 3314.63776, "Total dispersion C8": 68384.045666, "Polarizability alpha": [6.476, 5.972, 6.086, 6.812, 6.812, 6.689, 6.313, 6.324, 2.365, 2.516, 2.511, 2.45, 2.442, 2.406, 2.453, 2.396, 2.438, 2.461, 2.329, 2.447, 2.597, 1.3], "Total polarizability alpha": 84.597197, "Wiberg matrix": [[0.0, 0.9928662673497318, 0.0, 0.0, 0.0, 0.0, 0.0, 0.0, 0.9793540203488027, 0.9769413797664479, 0.9766653178429526, 0.0, 0.0, 0.0, 0.0, 0.0, 0.0, 0.0, 0.0, 0.0, 0.0, 0.0], [0.9928662673497318, 0.0, 0.9490343102700465, 0.0, 0.0, 0.0, 0.0, 0.0, 0.0, 0.0, 0.0, 0.0, 0.0, 0.0, 0.0, 0.0, 0.0, 0.0, 0.0, 0.0, 0.0, 0.0], [0.0, 0.9490343102700465, 0.0, 0.9899099221300359, 0.9910257533627838, 0.9778517325577315, 0.0, 0.0, 0.0, 0.0, 0.0, 0.0, 0.0, 0.0, 0.0, 0.0, 0.0, 0.0, 0.0, 0.0, 0.0, 0.0], [0.0, 0.0, 0.9899099221300359, 0.0, 0.0, 0.0, 0.0, 0.0, 0.0, 0.0, 0.0, 0.9828465350550486, 0.9848517493765441, 0.9853105408104115, 0.0, 0.0, 0.0, 0.0, 0.0, 0.0, 0.0, 0.0], [0.0, 0.0, 0.9910257533627838, 0.0, 0.0, 0.0, 0.0, 0.0, 0.0, 0.0, 0.0, 0.0, 0.0, 0.0, 0.9834802379508991, 0.9822263449939054, 0.9847398431082954, 0.0, 0.0, 0.0, 0.0, 0.0], [0.0, 0.0, 0.9778517325577315, 0.0, 0.0, 0.0, 0.9988056999912425, 0.0, 0.0, 0.0, 0.0, 0.0, 0.0, 0.0, 0.0, 0.0, 0.0, 0.9749482001074685, 0.973139817995713, 0.0, 0.0, 0.0], [0.0, 0.0, 0.0, 0.0, 0.0, 0.9988056999912425, 0.0, 1.0113176010601026, 0.0, 0.0, 0.0, 0.0, 0.0, 0.0, 0.0, 0.0, 0.0, 0.0, 0.0, 0.9726730873722058, 0.9647917118339118, 0.0], [0.0, 0.0, 0.0, 0.0, 0.0, 0.0, 1.0113176010601026, 0.0, 0.0, 0.0, 0.0, 0.0, 0.0, 0.0, 0.0, 0.0, 0.0, 0.0, 0.0, 0.0, 0.0, 0.8672722725469679], [0.9793540203488027, 0.0, 0.0, 0.0, 0.0, 0.0, 0.0, 0.0, 0.0, 0.0, 0.0, 0.0, 0.0, 0.0, 0.0, 0.0, 0.0, 0.0, 0.0, 0.0, 0.0, 0.0], [0.9769413797664479, 0.0, 0.0, 0.0, 0.0, 0.0, 0.0, 0.0, 0.0, 0.0, 0.0, 0.0, 0.0, 0.0, 0.0, 0.0, 0.0, 0.0, 0.0, 0.0, 0.0, 0.0], [0.9766653178429526, 0.0, 0.0, 0.0, 0.0, 0.0, 0.0, 0.0, 0.0, 0.0, 0.0, 0.0, 0.0, 0.0, 0.0, 0.0, 0.0, 0.0, 0.0, 0.0, 0.0, 0.0], [0.0, 0.0, 0.0, 0.9828465350550486, 0.0, 0.0, 0.0, 0.0, 0.0, 0.0, 0.0, 0.0, 0.0, 0.0, 0.0, 0.0, 0.0, 0.0, 0.0, 0.0, 0.0, 0.0], [0.0, 0.0, 0.0, 0.9848517493765441, 0.0, 0.0, 0.0, 0.0, 0.0, 0.0, 0.0, 0.0, 0.0, 0.0, 0.0, 0.0, 0.0, 0.0, 0.0, 0.0, 0.0, 0.0], [0.0, 0.0, 0.0, 0.9853105408104115, 0.0, 0.0, 0.0, 0.0, 0.0, 0.0, 0.0, 0.0, 0.0, 0.0, 0.0, 0.0, 0.0, 0.0, 0.0, 0.0, 0.0, 0.0], [0.0, 0.0, 0.0, 0.0, 0.9834802379508991, 0.0, 0.0, 0.0, 0.0, 0.0, 0.0, 0.0, 0.0, 0.0, 0.0, 0.0, 0.0, 0.0, 0.0, 0.0, 0.0, 0.0], [0.0, 0.0, 0.0, 0.0, 0.9822263449939054, 0.0, 0.0, 0.0, 0.0, 0.0, 0.0, 0.0, 0.0, 0.0, 0.0, 0.0, 0.0, 0.0, 0.0, 0.0, 0.0, 0.0], [0.0, 0.0, 0.0, 0.0, 0.9847398431082954, 0.0, 0.0, 0.0, 0.0, 0.0, 0.0, 0.0, 0.0, 0.0, 0.0, 0.0, 0.0, 0.0, 0.0, 0.0, 0.0, 0.0], [0.0, 0.0, 0.0, 0.0, 0.0, 0.9749482001074685, 0.0, 0.0, 0.0, 0.0, 0.0, 0.0, 0.0, 0.0, 0.0, 0.0, 0.0, 0.0, 0.0, 0.0, 0.0, 0.0], [0.0, 0.0, 0.0, 0.0, 0.0, 0.973139817995713, 0.0, 0.0, 0.0, 0.0, 0.0, 0.0, 0.0, 0.0, 0.0, 0.0, 0.0, 0.0, 0.0, 0.0, 0.0, 0.0], [0.0, 0.0, 0.0, 0.0, 0.0, 0.0, 0.9726730873722058, 0.0, 0.0, 0.0, 0.0, 0.0, 0.0, 0.0, 0.0, 0.0, 0.0, 0.0, 0.0, 0.0, 0.0, 0.0], [0.0, 0.0, 0.0, 0.0, 0.0, 0.0, 0.9647917118339118, 0.0, 0.0, 0.0, 0.0, 0.0, 0.0, 0.0, 0.0, 0.0, 0.0, 0.0, 0.0, 0.0, 0.0, 0.0], [0.0, 0.0, 0.0, 0.0, 0.0, 0.0, 0.0, 0.8672722725469679, 0.0, 0.0, 0.0, 0.0, 0.0, 0.0, 0.0, 0.0, 0.0, 0.0, 0.0, 0.0, 0.0, 0.0]], "Born radii": [], "Atomic SASAs": [], "Solvent H bonds": [], "Total SASA": NaN, "Total FOD": 0.0, "FOD": [0.0, 0.0, 0.0, 0.0, 0.0, 0.0, 0.0, 0.0, 0.0, 0.0, 0.0, 0.0, 0.0, 0.0, 0.0, 0.0, 0.0, 0.0, 0.0, 0.0, 0.0, 0.0], "FOD s proportion": [0.0, 0.0, 0.0, 0.0, 0.0, 0.0, 0.0, 0.0, 0.0, 0.0, 0.0, 0.0, 0.0, 0.0, 0.0, 0.0, 0.0, 0.0, 0.0, 0.0, 0.0, 0.0], "FOD p proportion": [0.0, 0.0, 0.0, 0.0, 0.0, 0.0, 0.0, 0.0, 0.0, 0.0, 0.0, 0.0, 0.0, 0.0, 0.0, 0.0, 0.0, 0.0, 0.0, 0.0, 0.0, 0.0], "FOD d proportion": [0.0, 0.0, 0.0, 0.0, 0.0, 0.0, 0.0, 0.0, 0.0, 0.0, 0.0, 0.0, 0.0, 0.0, 0.0, 0.0, 0.0, 0.0, 0.0, 0.0, 0.0, 0.0], "coordinates": [["-1.52811315057079", "1.74219108925065", "-0.11323594918599"], ["-0.40406709253521", "0.99368551098484", "-0.50465228955025"], ["-0.25774752120270", "-0.32702309556901", "0.03061227988491"], ["-1.42492223619058", "-1.23152962952702", "-0.39066660090199"], ["-0.15005468513308", "-0.30588333857178", "1.56166669781902"], ["1.03430395680704", "-0.87495385612822", "-0.61258950701395"], ["2.29180472889604", "-0.04390543435974", "-0.34239686225390"], ["2.30476217891978", "1.17730837625060", "-1.03320028264959"], ["-1.42516676473924", "2.70428982247239", "-0.61346807133716"], ["-1.55888105520674", "1.90601780153590", "0.96838518513779"], ["-2.46434195930706", "1.27608711874020", "-0.43463385482009"], ["-2.34728893913669", "-0.94348499330650", "0.10792713855610"], ["-1.20283051157727", "-2.26102915921657", "-0.12504762461666"], ["-1.57286699168114", "-1.17072084882483", "-1.46640415128422"], ["-1.12578142327032", "-0.15265222654463", "2.01724712789428"], ["0.51280109136452", "0.49195943821957", "1.88717241552851"], ["0.24446278815338", "-1.25491879284890", "1.91324780469918"], ["1.19706288406745", "-1.89039619028721", "-0.25034194020777"], ["0.88492002895371", "-0.91267917146895", "-1.69334516690003"], ["3.16941566727011", "-0.59791668925287", "-0.68993172296322"], ["2.40865316719242", "0.12660152730799", "0.73838788566525"], ["1.41387683892634", "1.54895574114408", "-0.95473151150020"]], "bond_dist": [[0.0, 1.4060394350033398, 2.4323175138014994, 2.9884161431450225, 2.983111273990479, 3.696590736478705, 4.223082774656637, 3.982004538634891, 1.089249331812748, 1.0943903023280779, 1.0941087274029615, 2.8165258927216876, 4.016431334984456, 3.2121835328085684, 2.8794548358903023, 3.1193018048585843, 4.028812419148251, 4.543244745333553, 3.920179889577052, 5.2797215291103115, 4.339760572821928, 3.06606584721426], [1.4060394350033398, 0.0, 1.4325462644092681, 2.450861151331805, 2.4541955210241313, 2.360587808751123, 2.8932069872608883, 2.7660145262722535, 1.9951572683427414, 2.0822547631350456, 2.0807176108056176, 2.81140432231736, 3.372727425343379, 2.641157840451199, 2.862680292205134, 2.6102110524946345, 3.3649744705030047, 3.3085069465501515, 2.590116765424588, 3.9162871532707095, 3.1950553628115683, 1.9534114959398712], [2.4323175138014994, 1.4325462644092681, 0.0, 1.5355470623451546, 1.5349828230120934, 1.543804935496721, 2.5922014015487465, 3.1561315417033833, 3.311580468008356, 2.7493341272532463, 2.766852966703067, 2.1799509618326383, 2.1581916779540937, 2.1638907818258226, 2.174995649289503, 2.170551333703263, 2.1581293147415344, 2.153960079100573, 2.1495840173727143, 3.512550998855743, 2.795785084317462, 2.698986288292959], [2.9884161431450225, 2.450861151331805, 1.5355470623451546, 0.0, 2.508727493769182, 2.494832564874384, 3.9021584449657962, 4.486189463963369, 3.9421206619989726, 3.4218665380899425, 2.71486062927932, 1.0873480418825845, 1.0861618002561062, 1.087564543275483, 2.655467981721146, 3.4516281441612864, 2.8452442778786806, 2.707139103581754, 2.670956448683029, 4.647468745730384, 4.22085117556006, 4.013483313627808], [2.983111273990479, 2.4541955210241313, 1.5349828230120934, 2.508727493769182, 0.0, 2.5404599368903398, 3.107534048240748, 3.867727775488129, 3.9266098022365687, 2.6887322938354994, 3.4414781724832606, 2.710670201860271, 2.7885367715416076, 3.4556550530968972, 1.0876929573535787, 1.0871452751016941, 1.086241964259525, 2.758402078520064, 3.4690742397766856, 4.021674072679542, 2.7224652496053166, 3.4955070835935915], [3.696590736478705, 2.360587808751123, 1.543804935496721, 2.494832564874384, 2.5404599368903398, 0.0, 1.531324177439494, 2.450052609468453, 4.342808113746344, 4.117996217153231, 4.110859853613657, 3.4581803404686067, 2.6765037759278623, 2.759314754677313, 3.479041422522662, 2.8964162101332507, 2.67358870248951, 1.0903379760708214, 1.0916828997901553, 2.154398622900321, 2.171886013055764, 2.4771908404123786], [4.223082774656637, 2.8932069872608883, 2.5922014015487465, 3.9021584449657962, 3.107534048240748, 1.531324177439494, 0.0, 1.4031181106260904, 4.63054358089477, 4.510890290124702, 4.936782284316604, 4.746917436543608, 4.14431583815501, 4.179568503075216, 4.154472377153589, 2.9022378035657237, 3.278123737798344, 2.1485953381726453, 2.135217480035412, 1.094490707640007, 1.10037350606243, 1.919092969890112], [3.982004538634891, 2.7660145262722535, 3.1561315417033833, 4.486189463963369, 3.867727775488129, 2.450052609468453, 1.4031181106260904, 0.0, 4.052186741879514, 4.411927113175023, 4.807535053407803, 5.238465034033858, 4.99500878282742, 4.553780277780595, 4.779398917856583, 3.4941958162696785, 4.340750961888897, 3.3542027696166548, 2.6114729461828774, 2.00421630374003, 2.0623537179573015, 0.9684811825188913], [1.089249331812748, 1.9951572683427414, 3.311580468008356, 3.9421206619989726, 3.9266098022365687, 4.342808113746344, 4.63054358089477, 4.052186741879514, 0.0, 1.776901082194971, 1.7752829985527034, 3.8310548756188725, 4.994234729382014, 3.9705192376037517, 3.895178033619945, 3.8604828694000712, 4.984705489970378, 5.302743485596731, 4.425505647838324, 5.658674956262257, 4.813539939170229, 3.0840600121568786], [1.0943903023280779, 2.0822547631350456, 2.7493341272532463, 3.4218665380899425, 2.6887322938354994, 4.117996217153231, 4.510890290124702, 4.411927113175023, 1.776901082194971, 0.0, 1.784694523011139, 3.0792273737391866, 4.322805532542812, 3.9236100012357196, 2.350703926627824, 2.671254002526905, 3.7598317171052007, 4.846986899073018, 4.582796616862881, 5.601472377655774, 4.354371233675455, 3.5585334958363974], [1.0941087274029615, 2.0807176108056176, 2.766852966703067, 2.71486062927932, 3.4414781724832606, 4.110859853613657, 4.936782284316604, 4.807535053407803, 1.7752829985527034, 1.784694523011139, 0.0, 2.2879191859940797, 3.768082580102463, 2.8010974264935924, 3.137636176932608, 3.856036996781906, 4.388184404907131, 4.844219801291739, 4.194354289556668, 5.942751237336742, 5.142312576210164, 3.922440554622549], [2.8165258927216876, 2.81140432231736, 2.1799509618326383, 1.0873480418825845, 2.710670201860271, 3.4581803404686067, 4.746917436543608, 5.238465034033858, 3.8310548756188725, 3.0792273737391866, 2.2879191859940797, 0.0, 1.7606774156019738, 1.769147957889413, 2.400624897394137, 3.6614654790398125, 3.173854239723647, 3.6861127755965724, 3.700365621187498, 5.584803123658113, 4.915440085485778, 4.6355012923480565], [4.016431334984456, 3.372727425343379, 2.1581916779540937, 1.0861618002561062, 2.7885367715416076, 2.6765037759278623, 4.14431583815501, 4.99500878282742, 4.994234729382014, 4.322805532542812, 3.768082580102463, 1.7606774156019738, 0.0, 1.7677490036627408, 3.006761822770134, 3.8172460628819636, 2.6947289700315995, 2.431574751809202, 2.9387594644813078, 4.711854600978163, 4.414647838465643, 4.695904348611666], [3.2121835328085684, 2.641157840451199, 2.1638907818258226, 1.087564543275483, 3.4556550530968972, 2.759314754677313, 4.179568503075216, 4.553780277780595, 3.9705192376037517, 3.9236100012357196, 2.8010974264935924, 1.769147957889413, 1.7677490036627408, 0.0, 3.6567985260436116, 4.284972914621149, 3.838205852482861, 3.109541994391093, 2.4816939316971593, 4.839448197321198, 4.732510544027054, 4.071742667949476], [2.8794548358903023, 2.862680292205134, 2.174995649289503, 2.655467981721146, 1.0876929573535787, 3.479041422522662, 4.154472377153589, 4.779398917856583, 3.895178033619945, 2.350703926627824, 3.137636176932608, 2.400624897394137, 3.006761822770134, 3.6567985260436116, 0.0, 1.7656149881596914, 1.7616403268991665, 3.6820266079200437, 4.288246315823488, 5.096645545735741, 3.769043843567611, 4.263565502893385], [3.1193018048585843, 2.6102110524946345, 2.170551333703263, 3.4516281441612864, 1.0871452751016941, 2.8964162101332507, 2.9022378035657237, 3.4941958162696785, 3.8604828694000712, 2.671254002526905, 3.856036996781906, 3.6614654790398125, 3.8172460628819636, 4.284972914621149, 1.7656149881596914, 0.0, 1.767560161655479, 3.2730414239067684, 3.864141338721983, 3.858354146365982, 2.2466524859309644, 3.163162439347903], [4.028812419148251, 3.3649744705030047, 2.1581293147415344, 2.8452442778786806, 1.086241964259525, 2.67358870248951, 3.278123737798344, 4.340750961888897, 4.984705489970378, 3.7598317171052007, 4.388184404907131, 3.173854239723647, 2.6947289700315995, 3.838205852482861, 1.7616403268991665, 1.767560161655479, 0.0, 2.447937713598323, 3.6789708205590164, 3.9703330795316774, 2.8235818070464953, 4.177863925819873], [4.543244745333553, 3.3085069465501515, 2.153960079100573, 2.707139103581754, 2.758402078520064, 1.0903379760708214, 2.1485953381726453, 3.3542027696166548, 5.302743485596731, 4.846986899073018, 4.844219801291739, 3.6861127755965724, 2.431574751809202, 3.109541994391093, 3.6820266079200437, 3.2730414239067684, 2.447937713598323, 0.0, 1.7707687717852088, 2.3987325693174384, 2.552218148105288, 3.5174301226047446], [3.920179889577052, 2.590116765424588, 2.1495840173727143, 2.670956448683029, 3.4690742397766856, 1.0916828997901553, 2.135217480035412, 2.6114729461828774, 4.425505647838324, 4.582796616862881, 4.194354289556668, 3.700365621187498, 2.9387594644813078, 2.4816939316971593, 4.288246315823488, 3.864141338721983, 3.6789708205590164, 1.7707687717852088, 0.0, 2.5149223211007166, 3.0520800589688877, 2.6239268057159824], [5.2797215291103115, 3.9162871532707095, 3.512550998855743, 4.647468745730384, 4.021674072679542, 2.154398622900321, 1.094490707640007, 2.00421630374003, 5.658674956262257, 5.601472377655774, 5.942751237336742, 5.584803123658113, 4.711854600978163, 4.839448197321198, 5.096645545735741, 3.858354146365982, 3.9703330795316774, 2.3987325693174384, 2.5149223211007166, 0.0, 1.7730716657951453, 2.7858745015219823], [4.339760572821928, 3.1950553628115683, 2.795785084317462, 4.22085117556006, 2.7224652496053166, 2.171886013055764, 1.10037350606243, 2.0623537179573015, 4.813539939170229, 4.354371233675455, 5.142312576210164, 4.915440085485778, 4.414647838465643, 4.732510544027054, 3.769043843567611, 2.2466524859309644, 2.8235818070464953, 2.552218148105288, 3.0520800589688877, 1.7730716657951453, 0.0, 2.424731891561152], [3.06606584721426, 1.9534114959398712, 2.698986288292959, 4.013483313627808, 3.4955070835935915, 2.4771908404123786, 1.919092969890112, 0.9684811825188913, 3.0840600121568786, 3.5585334958363974, 3.922440554622549, 4.6355012923480565, 4.695904348611666, 4.071742667949476, 4.263565502893385, 3.163162439347903, 4.177863925819873, 3.5174301226047446, 2.6239268057159824, 2.7858745015219823, 2.424731891561152, 0.0]]}