{"total energy": -22.8979818, "HOMO-LUMO gap/eV": 3.89690202, "electronic energy": -23.17918786, "dipole": [-0.41122004, -0.00307627, -0.73557779], "partial charges": [-0.11051774, -0.00152677, -0.08031469, 0.35221806, -0.42096642, -0.26703997, 0.03570048, 0.06335671, 0.06335667, 0.0525861, 0.06795964, 0.05956893, 0.06489114, 0.06036388, 0.06036399], "atomic dipole moments": [[0.07431179, 0.00383206, 0.03568745], [-0.11523779, -0.00713471, -0.01998651], [0.12212748, 0.0074453, 0.02448193], [0.1597407, 0.01315361, -0.06918029], [-0.03407054, 0.00429352, -0.19606503], [0.06865742, -0.00326388, 0.23504813], [-0.24017605, -0.01362046, -0.07857676], [-0.07278311, 0.09717537, 0.04337715], [-0.05883418, -0.10877652, 0.03644304], [0.00320541, 0.00451042, -0.12751538], [0.0171681, -0.00382662, 0.14823118], [0.0036288, 0.00532184, -0.15073911], [0.07063309, 0.00827714, -0.10375691], [0.00703416, 0.10202766, 0.07693548], [0.02106041, -0.10507086, 0.06996286]], "atomic quadrupole moments": [[0.1693032, 0.0150959, -0.10265508, 0.10041536, 0.00556091, -0.06664812], [-0.23071409, -0.06243848, 0.61787242, 0.13609661, 0.0432456, -0.38715833], [-0.15875693, -0.04575871, 0.44212168, 0.14167176, 0.03416373, -0.28336475], [-0.18888545, -0.03627576, 0.43861149, -0.19054764, 0.01036516, -0.24972604], [-0.11729258, -0.02077534, 0.18911285, -0.00271692, 0.00866082, -0.07182027], [0.08599465, 0.0108831, -0.08745207, 0.02724069, -0.00117511, 0.00145742], [0.47711497, 0.0439308, -0.28480768, 0.23295568, 0.01257697, -0.19230729], [-0.01134266, -0.05706934, 0.03122963, -0.01862035, 0.03913533, -0.01988697], [-0.02592136, 0.04990132, 0.0509424, -0.00983369, -0.0367644, -0.02502103], [-0.02578254, 0.00231565, -0.05511629, -0.00910589, -0.00520749, 0.08089883], [0.03611367, 0.0072243, -0.06382467, -0.01229542, -0.00393627, 0.02771099], [0.02471283, 0.00577565, -0.06172724, 0.00334753, -0.00311383, 0.03701441], [0.02495165, 0.00744573, -0.05866738, -0.05148785, -0.00662201, 0.03371573], [-0.01067081, 0.0003679, 0.02987897, 0.01534255, 0.05191952, -0.01920816], [-0.0096363, -0.00745949, 0.03542249, 0.02170076, -0.04567376, -0.02578618]], "number of molecular orbitals": 36, "number of electrons": 40, "number of unpaired electrons": 0, "orbital energies/eV": [-20.04095849, -19.21239554, -18.22649343, -17.49167561, -16.76943764, -16.39564649, -15.75796663, -15.63582922, -15.20790605, -14.91326576, -13.92814535, -13.89579062, -13.59466657, -13.44949488, -13.04250684, -12.77811082, -12.27092175, -12.02855215, -11.41596558, -11.15648048, -7.25957846, -4.29214007, 0.66850312, 3.16447746, 3.35413687, 3.70753056, 4.46023378, 4.82146747, 5.0766158, 5.34468484, 5.62147204, 6.09200078, 7.31083993, 11.19816042, 14.63465923, 19.39598569], "fractional occupation": [2.0, 2.0, 2.0, 2.0, 2.0, 2.0, 2.0, 2.0, 2.0, 2.0, 2.0, 2.0, 2.0, 2.0, 2.0, 2.0, 2.0, 2.0, 2.0, 2.0, 0.0, 0.0, 0.0, 0.0, 0.0, 0.0, 0.0, 0.0, 0.0, 0.0, 0.0, 0.0, 0.0, 0.0, 0.0, 0.0], "program call": "xtb /tmp/scratch/tmphrjzfvsw/17710_0_xyzopt.xyz --pop --wbo --acc 0.2 --gfn 2 --chrg 0 --uhf 0 --etemp 300 --input /tmp/scratch/tmphrjzfvsw/17710_0_xtb.inp", "method": "GFN2-xTB", "xtb version": "6.3.3 (7355c4f)", "Dipole module/D": 2.142, "Total charge": 0, "Transition dipole module/D": NaN, "HOMO": -11.1565, "LUMO": -7.2596, "HOMO occupancy": 2.0, "LUMO occupancy": 0, "mulliken charges": [-0.08516, 0.02609, -0.09034, 0.57573, -0.54247, -0.41808, 0.17646, 0.04939, 0.04939, 0.0391, 0.05222, 0.04833, 0.03499, 0.04218, 0.04218], "cm5 charges": [-0.23275, -0.03668, -0.14086, 0.63188, -0.59218, -0.50666, 0.05613, 0.10124, 0.10124, 0.09191, 0.11248, 0.11002, 0.09586, 0.10418, 0.10418], "FUKUI+": [0.041, -0.122, -0.054, -0.08, -0.177, -0.088, 0.034, -0.081, -0.081, -0.058, -0.094, -0.104, -0.057, -0.039, -0.039], "FUKUI-": [0.015, -0.047, -0.065, -0.013, -0.155, -0.106, 0.026, -0.107, -0.107, -0.06, -0.064, -0.082, -0.074, -0.081, -0.081], "FUKUIrad": [0.028, -0.085, -0.059, -0.046, -0.166, -0.097, 0.03, -0.094, -0.094, -0.059, -0.079, -0.093, -0.066, -0.06, -0.06], "s proportion": [1.004, 1.079, 1.065, 0.97, 1.723, 1.687, 0.971, 0.951, 0.951, 0.961, 0.948, 0.952, 0.965, 0.958, 0.958], "p proportion": [3.081, 2.895, 3.025, 2.454, 4.82, 4.731, 2.852, 0.0, 0.0, 0.0, 0.0, 0.0, 0.0, 0.0, 0.0], "d proportion": [0.0, 0.0, 0.0, 0.0, 0.0, 0.0, 0.0, 0.0, 0.0, 0.0, 0.0, 0.0, 0.0, 0.0, 0.0], "Fermi-level/eV": -9.208, "Coordination numbers": [3.756, 2.893, 2.892, 2.73, 0.856, 1.706, 3.656, 0.925, 0.925, 0.925, 0.925, 0.926, 0.925, 0.924, 0.924], "Dispersion coefficient C6": [22.668, 28.064, 30.006, 21.02, 22.105, 18.427, 20.263, 2.16, 2.16, 2.288, 2.108, 2.204, 2.143, 2.195, 2.195], "Total dispersion C6": 2052.254221, "Total dispersion C8": 45504.951769, "Polarizability alpha": [6.788, 8.686, 8.981, 7.506, 6.304, 5.796, 6.462, 2.298, 2.298, 2.365, 2.27, 2.322, 2.289, 2.317, 2.317], "Total polarizability alpha": 68.998749, "Wiberg matrix": [[0.0, 1.0555948801425747, 0.0, 0.0, 0.0, 0.0, 0.0, 0.960804972031481, 0.9608051558241675, 0.9839974581727495, 0.0, 0.0, 0.0, 0.0, 0.0], [1.0555948801425747, 0.0, 1.8505585694585622, 0.0, 0.0, 0.0, 0.0, 0.0, 0.0, 0.0, 0.9605143554248955, 0.0, 0.0, 0.0, 0.0], [0.0, 1.8505585694585622, 0.0, 1.030444933677414, 0.0, 0.0, 0.0, 0.0, 0.0, 0.0, 0.0, 0.9635372598126919, 0.0, 0.0, 0.0], [0.0, 0.0, 1.030444933677414, 0.0, 1.7180840415058618, 1.1059534726682767, 0.0, 0.0, 0.0, 0.0, 0.0, 0.0, 0.0, 0.0, 0.0], [0.0, 0.0, 0.0, 1.7180840415058618, 0.0, 0.16686307054829955, 0.0, 0.0, 0.0, 0.0, 0.0, 0.0, 0.0, 0.0, 0.0], [0.0, 0.0, 0.0, 1.1059534726682767, 0.16686307054829955, 0.0, 0.9633265997394695, 0.0, 0.0, 0.0, 0.0, 0.0, 0.0, 0.0, 0.0], [0.0, 0.0, 0.0, 0.0, 0.0, 0.9633265997394695, 0.0, 0.0, 0.0, 0.0, 0.0, 0.0, 0.9822068202470254, 0.976731950686218, 0.9767318429853623], [0.960804972031481, 0.0, 0.0, 0.0, 0.0, 0.0, 0.0, 0.0, 0.0, 0.0, 0.0, 0.0, 0.0, 0.0, 0.0], [0.9608051558241675, 0.0, 0.0, 0.0, 0.0, 0.0, 0.0, 0.0, 0.0, 0.0, 0.0, 0.0, 0.0, 0.0, 0.0], [0.9839974581727495, 0.0, 0.0, 0.0, 0.0, 0.0, 0.0, 0.0, 0.0, 0.0, 0.0, 0.0, 0.0, 0.0, 0.0], [0.0, 0.9605143554248955, 0.0, 0.0, 0.0, 0.0, 0.0, 0.0, 0.0, 0.0, 0.0, 0.0, 0.0, 0.0, 0.0], [0.0, 0.0, 0.9635372598126919, 0.0, 0.0, 0.0, 0.0, 0.0, 0.0, 0.0, 0.0, 0.0, 0.0, 0.0, 0.0], [0.0, 0.0, 0.0, 0.0, 0.0, 0.0, 0.9822068202470254, 0.0, 0.0, 0.0, 0.0, 0.0, 0.0, 0.0, 0.0], [0.0, 0.0, 0.0, 0.0, 0.0, 0.0, 0.976731950686218, 0.0, 0.0, 0.0, 0.0, 0.0, 0.0, 0.0, 0.0], [0.0, 0.0, 0.0, 0.0, 0.0, 0.0, 0.9767318429853623, 0.0, 0.0, 0.0, 0.0, 0.0, 0.0, 0.0, 0.0]], "Born radii": [], "Atomic SASAs": [], "Solvent H bonds": [], "Total SASA": NaN, "Total FOD": 0.0, "FOD": [0.0, 0.0, 0.0, 0.0, 0.0, 0.0, 0.0, 0.0, 0.0, 0.0, 0.0, 0.0, 0.0, 0.0, 0.0], "FOD s proportion": [0.0, 0.0, 0.0, 0.0, 0.0, 0.0, 0.0, 0.0, 0.0, 0.0, 0.0, 0.0, 0.0, 0.0, 0.0], "FOD p proportion": [0.0, 0.0, 0.0, 0.0, 0.0, 0.0, 0.0, 0.0, 0.0, 0.0, 0.0, 0.0, 0.0, 0.0, 0.0], "FOD d proportion": [0.0, 0.0, 0.0, 0.0, 0.0, 0.0, 0.0, 0.0, 0.0, 0.0, 0.0, 0.0, 0.0, 0.0, 0.0], "coordinates": [["-2.98354919530413", "-0.19476706327238", "-0.03356212722194"], ["-1.61690156944595", "-0.12151279328216", "0.53962143975103"], ["-0.49435751058431", "-0.02168019442588", "-0.16738555431759"], ["0.81876059766779", "0.04512686781779", "0.49013620166880"], ["1.01615429393296", "0.01840090550997", "1.68076054720989"], ["1.80696746460385", "0.14264262174754", "-0.41854616407458"], ["3.12414337924132", "0.21432027300928", "0.10202244554706"], ["-3.58698257502801", "0.63165445357627", "0.34083871004919"], ["-3.46847838595577", "-1.11812594797792", "0.28192449412600"], ["-2.96030061864171", "-0.15662770533242", "-1.11955911633095"], ["-1.54037615943126", "-0.15267991701761", "1.61941150073065"], ["-0.48412974405099", "0.01533452053030", "-1.24610724359729"], ["3.78814964648652", "0.28816118596734", "-0.75546065991345"], ["3.23054085133080", "1.08945361094255", "0.74682008356920"], ["3.35035752517890", "-0.67970081779268", "0.68725444280397"]], "bond_dist": [[0.0, 1.48378951431241, 2.4987883097783627, 3.845694839633927, 4.3568303635557415, 4.817790766838313, 6.122878751881062, 1.0896239508310794, 1.0896236773126085, 1.0869151610382182, 2.194730405780431, 2.785947940659454, 6.827170892055122, 6.393210010838658, 6.393208241382191], [1.48378951431241, 0.0, 1.3303873877716632, 2.4418574400952977, 2.8731093758079864, 3.5652128130920233, 4.773026705730454, 2.1184887641720556, 2.1184858279756664, 2.1351426603646133, 1.082946953350084, 2.1191333431946275, 5.573118432349931, 5.000706843327949, 5.000703179296955], [2.4987883097783627, 1.3303873877716632, 0.0, 1.470060274063832, 2.387236146414784, 2.3208145727811718, 3.6361828310316793, 3.201479010456987, 3.2014790006237717, 2.646832207578121, 2.0745986737159003, 1.0794050116865295, 4.333786053924264, 3.9931513981283495, 3.993148428455881], [3.845694839633927, 2.4418574400952977, 1.470060274063832, 0.0, 1.2071722663239304, 1.3460184901913708, 2.343938665073581, 4.447120107846788, 4.447125738194965, 4.112557306736525, 2.622959485751538, 2.170933469208681, 3.229217946287703, 2.6406796385763722, 2.6406843389923274], [4.3568303635557415, 2.8731093758079864, 2.387236146414784, 1.2071722663239304, 0.0, 2.2467554702290635, 2.6409120348815978, 4.833253508590649, 4.833256238358605, 4.866684590598216, 2.562982698404203, 3.2889841383337157, 3.7002571010037233, 2.6311416748294065, 2.631141410173339], [4.817790766838313, 3.5652128130920233, 2.3208145727811718, 1.3460184901913708, 2.2467554702290635, 0.0, 1.4181261414679802, 5.46904881937993, 5.469051604400369, 4.827818023230944, 3.9300376821106418, 2.439301357455108, 2.014887060817139, 2.0690796813571524, 2.0690810988962385], [6.122878751881062, 4.773026705730454, 3.6361828310316793, 2.343938665073581, 2.6409120348815978, 1.4181261414679802, 0.0, 6.728329109112283, 6.728331101978883, 6.216938368548536, 4.91883128506447, 3.8570304536930617, 1.087029934968483, 1.09221919742705, 1.0922193192002727], [1.0896239508310794, 2.1184887641720556, 3.201479010456987, 4.447120107846788, 4.833253508590649, 5.46904881937993, 6.728329109112283, 0.0, 1.7547779293485133, 1.773944995711463, 2.537425192262355, 3.539200956482527, 7.46407631380434, 6.844927071421699, 7.068687584947151], [1.0896236773126085, 2.1184858279756664, 3.2014790006237717, 4.447125738194965, 4.833256238358605, 5.469051604400369, 6.728331101978883, 1.7547779293485133, 0.0, 1.7739447071941492, 2.5374269895825687, 3.539201949818551, 7.4640780986099475, 7.068691120680177, 6.8449274755144796], [1.0869151610382182, 2.1351426603646133, 2.646832207578121, 4.112557306736525, 4.866684590598216, 4.827818023230944, 6.216938368548536, 1.773944995711463, 1.7739447071941492, 0.0, 3.085151713615308, 2.485358653355618, 6.772886077935946, 6.585029086566047, 6.585027481083284], [2.194730405780431, 1.082946953350084, 2.0745986737159003, 2.622959485751538, 2.562982698404203, 3.9300376821106418, 4.91883128506447, 2.537425192262355, 2.5374269895825687, 3.085151713615308, 0.0, 3.058608019234074, 5.85043125947268, 5.006591715545155, 5.0065900355707935], [2.785947940659454, 2.1191333431946275, 1.0794050116865295, 2.170933469208681, 3.2889841383337157, 2.439301357455108, 3.8570304536930617, 3.539200956482527, 3.539201949818551, 2.485358653355618, 3.058608019234074, 0.0, 4.309006805548777, 4.350203303749045, 4.350201621746763], [6.827170892055122, 5.573118432349931, 4.333786053924264, 3.229217946287703, 3.7002571010037233, 2.014887060817139, 1.087029934968483, 7.46407631380434, 7.4640780986099475, 6.772886077935946, 5.85043125947268, 4.309006805548777, 0.0, 1.7916039046051584, 1.7916042161734054], [6.393210010838658, 5.000706843327949, 3.9931513981283495, 2.6406796385763722, 2.6311416748294065, 2.0690796813571524, 1.09221919742705, 6.844927071421699, 7.068691120680177, 6.585029086566047, 5.006591715545155, 4.350203303749045, 1.7916039046051584, 0.0, 1.7742072859745766], [6.393208241382191, 5.000703179296955, 3.993148428455881, 2.6406843389923274, 2.631141410173339, 2.0690810988962385, 1.0922193192002727, 7.068687584947151, 6.8449274755144796, 6.585027481083284, 5.0065900355707935, 4.350201621746763, 1.7916042161734054, 1.7742072859745766, 0.0]]}