{"total energy": -30.37712688, "HOMO-LUMO gap/eV": 11.91167975, "electronic energy": -30.77893262, "dipole": [-0.02128815, 0.35624512, -0.48585162], "partial charges": [-0.1023116, -0.052143, -0.06560258, -0.01960535, 0.08709439, -0.43806331, -0.06560255, -0.05214298, -0.10231159, 0.03282043, 0.03540754, 0.03169433, 0.02898347, 0.02570116, 0.03241396, 0.05254903, 0.02462848, 0.0125603, 0.01256032, 0.28179963, 0.03241398, 0.05254903, 0.02570115, 0.02898347, 0.03282043, 0.03169432, 0.03540754], "atomic dipole moments": [[-0.07636529, 0.04499494, -0.04255852], [0.00073881, -0.0425433, 0.10326073], [-0.01678393, 0.03593312, -0.11814178], [0.01531502, 0.06108245, 0.07267022], [0.02789175, 0.03149554, 0.20191298], [-0.02588528, 0.03315411, -0.24180968], [-0.00463945, 0.03464464, -0.11961838], [0.01497651, -0.04405331, 0.10152948], [0.07170609, 0.0292888, -0.06056266], [-0.0272566, -0.11640631, 0.02932677], [0.03552338, 0.05825052, 0.10303012], [0.09482711, -0.0015097, -0.07855106], [0.03468351, 0.11267012, -0.03064812], [-0.03164992, -0.05867121, -0.10157789], [-0.02250348, -0.11214887, 0.0371577], [0.02784488, 0.07051444, 0.10055672], [-0.01847692, -0.04861248, -0.10955185], [-0.09706401, 0.04115651, -0.04995074], [0.08880859, 0.02144087, -0.0725513], [0.00521724, 0.07444115, -0.02203132], [0.00698049, -0.11527635, 0.03357286], [0.01198092, 0.0721973, 0.10248556], [-0.00616225, -0.06137481, -0.10467695], [-0.0168918, 0.11814082, -0.02437712], [0.00875605, -0.12022624, 0.024948], [-0.10894429, 0.02010455, -0.05377429], [0.00274258, 0.06172769, 0.10701598]], "atomic quadrupole moments": [[0.10714039, -0.12908553, -0.05057608, 0.10687624, -0.07255644, -0.05656431], [0.16377808, -0.13200945, -0.15278038, -0.04496875, -0.0759233, -0.0109977], [0.20534639, -0.10421443, -0.18783477, -0.04791707, -0.087633, -0.01751163], [0.05116209, -0.01463839, 0.06860607, -0.03533733, -0.13050239, -0.11976816], [-0.30055587, 0.07153069, 0.09203803, 0.0885053, 0.22980006, 0.20851784], [-0.1163431, 0.0215745, -0.01213782, 0.0391517, 0.08038085, 0.12848092], [0.22989935, -0.00923274, -0.20826101, -0.03244, -0.10113995, -0.02163834], [0.20503912, 0.03346197, -0.18834829, -0.02406687, -0.09879217, -0.01669082], [0.08667064, 0.07475551, -0.09358925, -0.15293021, -0.0695197, 0.00691861], [-0.02274121, 0.03482079, 0.06706298, 0.00173359, -0.02894281, -0.04432177], [-0.03519959, 0.00514607, -0.00439166, 0.03069879, 0.05588021, 0.03959124], [0.02866464, -0.0052206, -0.04935945, -0.06132383, -0.01060932, 0.02069481], [-0.0146852, 0.01518512, 0.05146729, -0.00745633, -0.01376925, -0.03678209], [-0.01238527, 0.00979234, -0.00848834, 0.01930773, 0.04433719, 0.02087361], [-0.00824647, 0.00996528, 0.05218958, -0.01305413, -0.02393859, -0.04394311], [-0.01361978, 0.01132143, -0.00189885, 0.01743319, 0.04114169, 0.01551863], [-0.01668502, 0.00493758, -0.0061093, 0.00817319, 0.0300582, 0.02279431], [0.02377205, -0.02420569, -0.00820158, 0.02696131, 0.01076999, -0.01557047], [0.01862053, 0.01961233, -0.01743932, -0.03189602, 0.01175166, -0.00118122], [-0.09001983, 0.02082667, 0.13185485, 0.00357347, -0.02457626, -0.04183502], [-0.00805202, -0.00276778, 0.05488851, -0.00116773, -0.02365359, -0.04683649], [-0.01973803, 0.00276312, -1.449e-05, 0.00039504, 0.0440684, 0.01975251], [-0.01853657, 0.00337142, -0.00705697, 0.00027259, 0.04721629, 0.02559353], [-0.01705356, -0.00360346, 0.05547973, -0.00055141, -0.01218656, -0.03842616], [-0.03739937, -0.01898357, 0.07864199, -0.01003696, -0.02096314, -0.04124261], [0.0534847, -0.01797989, -0.04693196, 0.0492127, -0.0211027, -0.00655274], [-0.04003789, 0.01612702, -0.00666668, 0.00174159, 0.05767892, 0.04670457]], "number of molecular orbitals": 54, "number of electrons": 56, "number of unpaired electrons": 0, "orbital energies/eV": [-18.56380263, -17.17415603, -16.68311221, -16.595849, -16.22886764, -15.83816831, -15.46286665, -15.23668538, -14.93755325, -14.87634998, -14.29835339, -14.01485568, -13.63448657, -13.63403012, -13.19997012, -13.16171747, -12.86258597, -12.80910064, -12.51256739, -12.20245187, -12.10222058, -11.8129996, -11.79056648, -11.42180915, -11.38138119, -11.35718071, -11.26674228, -10.86402141, 1.04765834, 1.82796257, 2.42422056, 2.53746919, 3.12406058, 3.44521207, 3.75779028, 3.96496245, 3.99934182, 4.31688519, 4.62290673, 4.6499806, 4.97812776, 5.06257807, 5.22731769, 5.98773045, 6.31509691, 6.34426199, 6.77221211, 6.87338449, 7.37858708, 7.37999899, 7.52391135, 8.15720496, 8.47745331, 8.85287829], "fractional occupation": [2.0, 2.0, 2.0, 2.0, 2.0, 2.0, 2.0, 2.0, 2.0, 2.0, 2.0, 2.0, 2.0, 2.0, 2.0, 2.0, 2.0, 2.0, 2.0, 2.0, 2.0, 2.0, 2.0, 2.0, 2.0, 2.0, 2.0, 2.0, 0.0, 0.0, 0.0, 0.0, 0.0, 0.0, 0.0, 0.0, 0.0, 0.0, 0.0, 0.0, 0.0, 0.0, 0.0, 0.0, 0.0, 0.0, 0.0, 0.0, 0.0, 0.0, 0.0, 0.0, 0.0, 0.0], "program call": "xtb /tmp/scratch/tmpzx_v050n/181010_0_xyzopt.xyz --pop --wbo --acc 0.2 --gfn 2 --chrg 0 --uhf 0 --etemp 300 --input /tmp/scratch/tmpzx_v050n/181010_0_xtb.inp", "method": "GFN2-xTB", "xtb version": "6.3.3 (7355c4f)", "Dipole module/D": 1.532, "Total charge": 0, "Transition dipole module/D": NaN, "HOMO": -10.864, "LUMO": 1.0477, "HOMO occupancy": 2.0, "LUMO occupancy": 0, "mulliken charges": [-0.08485, -0.0409, -0.05085, -0.01612, 0.19487, -0.56715, -0.05085, -0.0409, -0.08485, 0.0269, 0.02922, 0.02749, 0.02219, 0.01828, 0.02265, 0.04061, 0.01547, 0.00665, 0.00665, 0.33819, 0.02265, 0.04061, 0.01828, 0.02219, 0.0269, 0.02749, 0.02922], "cm5 charges": [-0.23771, -0.15468, -0.16015, -0.08503, 0.1106, -0.7895, -0.16015, -0.15468, -0.23771, 0.07908, 0.08149, 0.07905, 0.07837, 0.07356, 0.07952, 0.10134, 0.07519, 0.06911, 0.06911, 0.51075, 0.07952, 0.10134, 0.07356, 0.07837, 0.07908, 0.07905, 0.08149], "FUKUI+": [0.01, -0.011, -0.017, -0.027, 0.001, -0.065, -0.017, -0.011, 0.01, -0.034, -0.033, -0.059, -0.036, -0.04, -0.053, -0.044, -0.075, -0.059, -0.059, -0.084, -0.053, -0.044, -0.04, -0.036, -0.034, -0.059, -0.033], "FUKUI-": [0.016, 0.004, 0.004, -0.0, 0.02, -0.077, 0.004, 0.004, 0.016, -0.061, -0.043, -0.054, -0.065, -0.061, -0.05, -0.048, -0.035, -0.075, -0.075, -0.045, -0.05, -0.048, -0.061, -0.065, -0.061, -0.054, -0.043], "FUKUIrad": [0.013, -0.003, -0.006, -0.013, 0.011, -0.071, -0.006, -0.003, 0.013, -0.047, -0.038, -0.056, -0.051, -0.051, -0.051, -0.046, -0.055, -0.067, -0.067, -0.065, -0.051, -0.046, -0.051, -0.051, -0.047, -0.056, -0.038], "s proportion": [1.005, 1.026, 1.033, 1.058, 0.99, 1.689, 1.033, 1.026, 1.005, 0.973, 0.971, 0.973, 0.978, 0.982, 0.977, 0.959, 0.985, 0.993, 0.993, 0.662, 0.977, 0.959, 0.982, 0.978, 0.973, 0.973, 0.971], "p proportion": [3.08, 3.015, 3.018, 2.958, 2.815, 4.879, 3.018, 3.015, 3.08, 0.0, 0.0, 0.0, 0.0, 0.0, 0.0, 0.0, 0.0, 0.0, 0.0, 0.0, 0.0, 0.0, 0.0, 0.0, 0.0, 0.0, 0.0], "d proportion": [0.0, 0.0, 0.0, 0.0, 0.0, 0.0, 0.0, 0.0, 0.0, 0.0, 0.0, 0.0, 0.0, 0.0, 0.0, 0.0, 0.0, 0.0, 0.0, 0.0, 0.0, 0.0, 0.0, 0.0, 0.0, 0.0, 0.0], "Fermi-level/eV": -4.9082, "Coordination numbers": [3.752, 3.8, 3.806, 3.85, 3.676, 1.655, 3.806, 3.8, 3.752, 0.925, 0.925, 0.925, 0.924, 0.924, 0.924, 0.924, 0.924, 0.923, 0.923, 0.805, 0.924, 0.924, 0.924, 0.924, 0.925, 0.925, 0.925], "Dispersion coefficient C6": [22.514, 21.511, 21.753, 20.89, 19.349, 21.602, 21.753, 21.511, 22.514, 2.547, 2.511, 2.562, 2.601, 2.648, 2.552, 2.288, 2.664, 2.849, 2.849, 0.778, 2.552, 2.288, 2.648, 2.601, 2.547, 2.562, 2.511], "Total dispersion C6": 4862.092998, "Total dispersion C8": 100832.485307, "Polarizability alpha": [6.766, 6.604, 6.639, 6.501, 6.302, 6.274, 6.639, 6.604, 6.766, 2.496, 2.478, 2.503, 2.522, 2.545, 2.498, 2.366, 2.553, 2.64, 2.64, 1.386, 2.498, 2.366, 2.545, 2.522, 2.496, 2.503, 2.478], "Total polarizability alpha": 103.129785, "Wiberg matrix": [[0.0, 1.0185476624241714, 0.0, 0.0, 0.0, 0.0, 0.0, 0.0, 0.0, 0.9878680771542705, 0.9879965377165502, 0.9876446704433508, 0.0, 0.0, 0.0, 0.0, 0.0, 0.0, 0.0, 0.0, 0.0, 0.0, 0.0, 0.0, 0.0, 0.0, 0.0], [1.0185476624241714, 0.0, 1.008429494660479, 0.0, 0.0, 0.0, 0.0, 0.0, 0.0, 0.0, 0.0, 0.0, 0.9761359920791093, 0.9782055440035258, 0.0, 0.0, 0.0, 0.0, 0.0, 0.0, 0.0, 0.0, 0.0, 0.0, 0.0, 0.0, 0.0], [0.0, 1.008429494660479, 0.0, 0.9952378863120072, 0.0, 0.0, 0.0, 0.0, 0.0, 0.0, 0.0, 0.0, 0.0, 0.0, 0.9746780466865808, 0.9748807185342738, 0.0, 0.0, 0.0, 0.0, 0.0, 0.0, 0.0, 0.0, 0.0, 0.0, 0.0], [0.0, 0.0, 0.9952378863120072, 0.0, 0.9926889999846279, 0.0, 0.9952378892521119, 0.0, 0.0, 0.0, 0.0, 0.0, 0.0, 0.0, 0.0, 0.0, 0.96607036656677, 0.0, 0.0, 0.0, 0.0, 0.0, 0.0, 0.0, 0.0, 0.0, 0.0], [0.0, 0.0, 0.0, 0.9926889999846279, 0.0, 0.9946013578914961, 0.0, 0.0, 0.0, 0.0, 0.0, 0.0, 0.0, 0.0, 0.0, 0.0, 0.0, 0.9680842661127801, 0.9680842633745862, 0.0, 0.0, 0.0, 0.0, 0.0, 0.0, 0.0, 0.0], [0.0, 0.0, 0.0, 0.0, 0.9946013578914961, 0.0, 0.0, 0.0, 0.0, 0.0, 0.0, 0.0, 0.0, 0.0, 0.0, 0.0, 0.0, 0.0, 0.0, 0.906845313553022, 0.0, 0.0, 0.0, 0.0, 0.0, 0.0, 0.0], [0.0, 0.0, 0.0, 0.9952378892521119, 0.0, 0.0, 0.0, 1.0084295058800514, 0.0, 0.0, 0.0, 0.0, 0.0, 0.0, 0.0, 0.0, 0.0, 0.0, 0.0, 0.0, 0.9746780325872324, 0.974880713000388, 0.0, 0.0, 0.0, 0.0, 0.0], [0.0, 0.0, 0.0, 0.0, 0.0, 0.0, 1.0084295058800514, 0.0, 1.0185476664148314, 0.0, 0.0, 0.0, 0.0, 0.0, 0.0, 0.0, 0.0, 0.0, 0.0, 0.0, 0.0, 0.0, 0.97820553563149, 0.9761359829721907, 0.0, 0.0, 0.0], [0.0, 0.0, 0.0, 0.0, 0.0, 0.0, 0.0, 1.0185476664148314, 0.0, 0.0, 0.0, 0.0, 0.0, 0.0, 0.0, 0.0, 0.0, 0.0, 0.0, 0.0, 0.0, 0.0, 0.0, 0.0, 0.9878680743596726, 0.9876446728159354, 0.9879965346299506], [0.9878680771542705, 0.0, 0.0, 0.0, 0.0, 0.0, 0.0, 0.0, 0.0, 0.0, 0.0, 0.0, 0.0, 0.0, 0.0, 0.0, 0.0, 0.0, 0.0, 0.0, 0.0, 0.0, 0.0, 0.0, 0.0, 0.0, 0.0], [0.9879965377165502, 0.0, 0.0, 0.0, 0.0, 0.0, 0.0, 0.0, 0.0, 0.0, 0.0, 0.0, 0.0, 0.0, 0.0, 0.0, 0.0, 0.0, 0.0, 0.0, 0.0, 0.0, 0.0, 0.0, 0.0, 0.0, 0.0], [0.9876446704433508, 0.0, 0.0, 0.0, 0.0, 0.0, 0.0, 0.0, 0.0, 0.0, 0.0, 0.0, 0.0, 0.0, 0.0, 0.0, 0.0, 0.0, 0.0, 0.0, 0.0, 0.0, 0.0, 0.0, 0.0, 0.0, 0.0], [0.0, 0.9761359920791093, 0.0, 0.0, 0.0, 0.0, 0.0, 0.0, 0.0, 0.0, 0.0, 0.0, 0.0, 0.0, 0.0, 0.0, 0.0, 0.0, 0.0, 0.0, 0.0, 0.0, 0.0, 0.0, 0.0, 0.0, 0.0], [0.0, 0.9782055440035258, 0.0, 0.0, 0.0, 0.0, 0.0, 0.0, 0.0, 0.0, 0.0, 0.0, 0.0, 0.0, 0.0, 0.0, 0.0, 0.0, 0.0, 0.0, 0.0, 0.0, 0.0, 0.0, 0.0, 0.0, 0.0], [0.0, 0.0, 0.9746780466865808, 0.0, 0.0, 0.0, 0.0, 0.0, 0.0, 0.0, 0.0, 0.0, 0.0, 0.0, 0.0, 0.0, 0.0, 0.0, 0.0, 0.0, 0.0, 0.0, 0.0, 0.0, 0.0, 0.0, 0.0], [0.0, 0.0, 0.9748807185342738, 0.0, 0.0, 0.0, 0.0, 0.0, 0.0, 0.0, 0.0, 0.0, 0.0, 0.0, 0.0, 0.0, 0.0, 0.0, 0.0, 0.0, 0.0, 0.0, 0.0, 0.0, 0.0, 0.0, 0.0], [0.0, 0.0, 0.0, 0.96607036656677, 0.0, 0.0, 0.0, 0.0, 0.0, 0.0, 0.0, 0.0, 0.0, 0.0, 0.0, 0.0, 0.0, 0.0, 0.0, 0.0, 0.0, 0.0, 0.0, 0.0, 0.0, 0.0, 0.0], [0.0, 0.0, 0.0, 0.0, 0.9680842661127801, 0.0, 0.0, 0.0, 0.0, 0.0, 0.0, 0.0, 0.0, 0.0, 0.0, 0.0, 0.0, 0.0, 0.0, 0.0, 0.0, 0.0, 0.0, 0.0, 0.0, 0.0, 0.0], [0.0, 0.0, 0.0, 0.0, 0.9680842633745862, 0.0, 0.0, 0.0, 0.0, 0.0, 0.0, 0.0, 0.0, 0.0, 0.0, 0.0, 0.0, 0.0, 0.0, 0.0, 0.0, 0.0, 0.0, 0.0, 0.0, 0.0, 0.0], [0.0, 0.0, 0.0, 0.0, 0.0, 0.906845313553022, 0.0, 0.0, 0.0, 0.0, 0.0, 0.0, 0.0, 0.0, 0.0, 0.0, 0.0, 0.0, 0.0, 0.0, 0.0, 0.0, 0.0, 0.0, 0.0, 0.0, 0.0], [0.0, 0.0, 0.0, 0.0, 0.0, 0.0, 0.9746780325872324, 0.0, 0.0, 0.0, 0.0, 0.0, 0.0, 0.0, 0.0, 0.0, 0.0, 0.0, 0.0, 0.0, 0.0, 0.0, 0.0, 0.0, 0.0, 0.0, 0.0], [0.0, 0.0, 0.0, 0.0, 0.0, 0.0, 0.974880713000388, 0.0, 0.0, 0.0, 0.0, 0.0, 0.0, 0.0, 0.0, 0.0, 0.0, 0.0, 0.0, 0.0, 0.0, 0.0, 0.0, 0.0, 0.0, 0.0, 0.0], [0.0, 0.0, 0.0, 0.0, 0.0, 0.0, 0.0, 0.97820553563149, 0.0, 0.0, 0.0, 0.0, 0.0, 0.0, 0.0, 0.0, 0.0, 0.0, 0.0, 0.0, 0.0, 0.0, 0.0, 0.0, 0.0, 0.0, 0.0], [0.0, 0.0, 0.0, 0.0, 0.0, 0.0, 0.0, 0.9761359829721907, 0.0, 0.0, 0.0, 0.0, 0.0, 0.0, 0.0, 0.0, 0.0, 0.0, 0.0, 0.0, 0.0, 0.0, 0.0, 0.0, 0.0, 0.0, 0.0], [0.0, 0.0, 0.0, 0.0, 0.0, 0.0, 0.0, 0.0, 0.9878680743596726, 0.0, 0.0, 0.0, 0.0, 0.0, 0.0, 0.0, 0.0, 0.0, 0.0, 0.0, 0.0, 0.0, 0.0, 0.0, 0.0, 0.0, 0.0], [0.0, 0.0, 0.0, 0.0, 0.0, 0.0, 0.0, 0.0, 0.9876446728159354, 0.0, 0.0, 0.0, 0.0, 0.0, 0.0, 0.0, 0.0, 0.0, 0.0, 0.0, 0.0, 0.0, 0.0, 0.0, 0.0, 0.0, 0.0], [0.0, 0.0, 0.0, 0.0, 0.0, 0.0, 0.0, 0.0, 0.9879965346299506, 0.0, 0.0, 0.0, 0.0, 0.0, 0.0, 0.0, 0.0, 0.0, 0.0, 0.0, 0.0, 0.0, 0.0, 0.0, 0.0, 0.0, 0.0]], "Born radii": [], "Atomic SASAs": [], "Solvent H bonds": [], "Total SASA": NaN, "Total FOD": 0.0, "FOD": [0.0, 0.0, 0.0, 0.0, 0.0, 0.0, 0.0, 0.0, 0.0, 0.0, 0.0, 0.0, 0.0, 0.0, 0.0, 0.0, 0.0, 0.0, 0.0, 0.0, 0.0, 0.0, 0.0, 0.0, 0.0, 0.0, 0.0], "FOD s proportion": [0.0, 0.0, 0.0, 0.0, 0.0, 0.0, 0.0, 0.0, 0.0, 0.0, 0.0, 0.0, 0.0, 0.0, 0.0, 0.0, 0.0, 0.0, 0.0, 0.0, 0.0, 0.0, 0.0, 0.0, 0.0, 0.0, 0.0], "FOD p proportion": [0.0, 0.0, 0.0, 0.0, 0.0, 0.0, 0.0, 0.0, 0.0, 0.0, 0.0, 0.0, 0.0, 0.0, 0.0, 0.0, 0.0, 0.0, 0.0, 0.0, 0.0, 0.0, 0.0, 0.0, 0.0, 0.0, 0.0], "FOD d proportion": [0.0, 0.0, 0.0, 0.0, 0.0, 0.0, 0.0, 0.0, 0.0, 0.0, 0.0, 0.0, 0.0, 0.0, 0.0, 0.0, 0.0, 0.0, 0.0, 0.0, 0.0, 0.0, 0.0, 0.0, 0.0, 0.0, 0.0], "coordinates": [["3.63801664529003", "-1.20004144813370", "-0.11269206091111"], ["2.43391096886626", "-0.50191987986818", "-0.73393113135830"], ["1.25219207750335", "-0.46742222658174", "0.23298245983277"], ["-0.03464241066102", "0.10421354753902", "-0.37581828388647"], ["0.09728678209093", "1.61377712127175", "-0.60767953663019"], ["0.31643093721247", "2.26479206937478", "0.62670220711567"], ["-1.23006801720365", "-0.20412629783238", "0.53480403789925"], ["-2.58811749699330", "0.03077238384526", "-0.12329606494575"], ["-3.72821685059481", "-0.41869652610095", "0.78297836750980"], ["3.39225752775658", "-2.22750196539629", "0.14652454936914"], ["3.94944132213278", "-0.68501437253061", "0.79308253832902"], ["4.47549525620331", "-1.21254243099404", "-0.80652121022419"], ["2.72012554753274", "0.51310147992708", "-1.01321456302442"], ["2.14062394418614", "-1.02837454882807", "-1.64588422325561"], ["1.05447525031207", "-1.48837181670982", "0.56748826517686"], ["1.51161972092460", "0.12760324054522", "1.10934938302314"], ["-0.20304197525154", "-0.36229315588680", "-1.35382120162237"], ["-0.81817991249666", "1.99356568874878", "-1.08231215681390"], ["0.93232474715317", "1.80788766654192", "-1.29515862342294"], ["0.39752167041617", "3.20985108742527", "0.46918414663516"], ["-1.17419393968025", "-1.25197451002720", "0.83847598613626"], ["-1.14559330547245", "0.40945731821365", "1.43244340506334"], ["-2.63470770381048", "-0.52185022366407", "-1.06524513960582"], ["-2.71613542003125", "1.08973182967349", "-0.35221293640761"], ["-3.64592931145135", "-1.48095325988789", "1.00230783481908"], ["-4.69022403138317", "-0.24032431260074", "0.30795082255986"], ["-3.70267102255079", "0.12665454193622", "1.72351312863935"]], "bond_dist": [[0.0, 1.5241988671835256, 2.519599306702042, 3.906243853654529, 4.549654438174355, 4.856408838199905, 5.0109227160055605, 6.34663387092705, 7.461509319127723, 1.0877802670712098, 1.0875044103724363, 1.087623825937177, 2.1420372396667533, 2.149961076929305, 2.687092446680062, 2.788833015800877, 4.122615076807678, 5.567492922021113, 4.2150484431398, 5.503320795507918, 4.905587468463033, 5.278338190010142, 6.380781414879905, 6.7583785320729985, 7.374144351325818, 8.393901964178784, 7.682282680622338], [1.5241988671835256, 0.0, 1.5272758490581422, 2.566982339425096, 3.1546673130501977, 3.740286055411155, 3.8888445530227336, 5.086983992903509, 6.346633739057625, 2.1613106825622452, 2.1591958207460924, 2.1629424708068195, 1.0909566357491272, 1.0930829058842921, 2.137667600680629, 2.1551342324465814, 2.7124306720639515, 4.113989871489339, 2.8115740041017605, 4.4013192863760615, 4.006677816152424, 4.282130063326972, 5.079474523971173, 5.403891352778997, 6.398241159962481, 7.2046686078190465, 6.640163900998694], [2.519599306702042, 1.5272758490581422, 0.0, 1.5340628421733562, 2.52426416192413, 2.914731395876502, 2.5143659616009226, 3.8888442865519197, 5.010922348573033, 2.7722257824056813, 2.7633696690027145, 3.4677738364695267, 2.1608476186988392, 2.1527003280509223, 1.0923937674420243, 1.0905856191803174, 2.1556215182192915, 3.474608125380353, 2.7594501968880842, 3.782669925794076, 2.6209719190100103, 2.820815314412907, 4.09833468823472, 4.3028833977209135, 5.060701515502369, 5.947226490482643, 5.208193278078672], [3.906243853654529, 2.566982339425096, 1.5340628421733562, 0.0, 1.5329537291010449, 2.407571261558891, 1.534062858541295, 2.5669819033454604, 3.906243306264163, 4.17772455490345, 4.22636167783895, 4.718123895345146, 2.8569581483463327, 2.7618122674990233, 2.147634202411778, 2.144107426447743, 1.0965749517454046, 2.163958438316397, 2.1639587907237496, 3.247426585730842, 2.1476345846035674, 2.14410727015735, 2.7618118624628454, 2.8569578674093683, 4.177724079716882, 4.718123223825971, 4.226361304418871], [4.549654438174355, 3.1546673130501977, 2.52426416192413, 1.5329537291010449, 0.0, 1.4126368651109862, 2.524264709270881, 3.154667571786237, 4.549654555821058, 5.116745160725105, 4.69953947988387, 5.215010035030327, 2.8731913814757255, 3.497722284164591, 3.45261598784454, 2.675301623471552, 2.1334897438219955, 1.098906160246559, 1.0989061841930652, 1.9486478609375564, 3.452616606887631, 2.6753016124025564, 3.497722731787038, 2.8731918033555655, 5.116745273242802, 5.215010150602773, 4.699539565280155], [4.856408838199905, 3.740286055411155, 2.914731395876502, 2.407571261558891, 1.4126368651109862, 0.0, 2.914731924800007, 3.74028648235342, 4.856409065119017, 5.4655270096246795, 4.682713413850993, 5.607477204676748, 3.3963943695968304, 4.39741692194917, 3.825500601859612, 2.49579658930703, 3.330750945377164, 2.0692113536182686, 2.0692114126908057, 0.9615218114986326, 3.825500990862609, 2.495796626957952, 4.397417466191889, 3.396395167855546, 5.465527092554458, 5.607477552961026, 4.682713619984419], [5.0109227160055605, 3.8888445530227336, 2.5143659616009226, 1.534062858541295, 2.524264709270881, 2.914731924800007, 0.0, 1.5272758511727444, 2.5195988717473434, 5.060701877891523, 5.208193364348575, 5.947226982865582, 4.302883506775455, 4.09833512175198, 2.6209717191570236, 2.8208152179181365, 2.1556216136401862, 2.7594504282348873, 3.4746087552432874, 3.7826704519990315, 1.0923939035371044, 1.0905857436648156, 2.152700283985554, 2.1608480493936315, 2.7722252224901442, 3.4677733951407044, 2.763369480981124], [6.34663387092705, 5.086983992903509, 3.8888442865519197, 2.5669819033454604, 3.154667571786237, 3.74028648235342, 1.5272758511727444, 0.0, 1.5241988662945019, 6.398241292496223, 6.640163833722485, 7.204668865052815, 5.403891237794186, 5.079474632513144, 4.006677428436779, 4.282129875562963, 2.7124302525465236, 2.811574020944486, 4.113990055691161, 4.401319738742055, 2.1376680981636813, 2.155134246673426, 1.0930830036894001, 1.090956750090336, 2.1613108050193133, 2.162942250438462, 2.159195949209626], [7.461509319127723, 6.346633739057625, 5.010922348573033, 3.906243306264163, 4.549654555821058, 4.856409065119017, 2.5195988717473434, 1.5241988662945019, 0.0, 7.374144421735233, 7.682282363129178, 8.393902105669216, 6.758378226411147, 6.380781539176938, 4.905587115078041, 5.278337690129076, 4.122614660693669, 4.215048364422307, 5.567493017898575, 5.503321082804003, 2.687092334410168, 2.7888327308531533, 2.149961179109218, 2.1420374000202873, 1.0877803191840516, 1.087623846234763, 1.0875044890172896], [1.0877802670712098, 2.1613106825622452, 2.7722257824056813, 4.17772455490345, 5.116745160725105, 5.4655270096246795, 5.060701877891523, 6.398241292496223, 7.374144421735233, 0.0, 1.7628837136770716, 1.7640416811071358, 3.0508463501417684, 2.4934358617917405, 2.487719800029249, 3.1639138344524262, 4.31928463890961, 6.087301144975399, 4.941061539523007, 6.21589577550784, 4.720479807337275, 5.403631348591791, 6.379807485003823, 6.968876777175507, 7.129219731846639, 8.324748742111103, 7.639827025144701], [1.0875044103724363, 2.1591958207460924, 2.7633696690027145, 4.22636167783895, 4.69953947988387, 4.682713413850993, 5.208193364348575, 6.640163833722485, 7.682282363129178, 1.7628837136770716, 0.0, 1.7645823149977329, 2.4918683929832155, 3.055859188762368, 3.012823346329857, 2.58908212721247, 4.685772314927934, 5.7811857472445265, 4.436023461735053, 5.281194971931054, 5.155108404166478, 5.25033603269812, 6.843319566839153, 6.99223420033741, 7.639826503174734, 8.664693846396966, 7.751085784956562], [1.087623825937177, 2.1629424708068195, 3.4677738364695267, 4.718123895345146, 5.215010035030327, 5.607477204676748, 5.947226982865582, 7.204668865052815, 8.393902105669216, 1.7640416811071358, 1.7645823149977329, 0.0, 2.470200773926917, 2.487985554650079, 3.6969395138714822, 3.7750640709316374, 4.786561577637339, 6.195013051916222, 4.681433728237673, 6.1493785991475916, 5.884433589987573, 6.264222406104488, 7.148355050603591, 7.564814245065662, 8.324748878816965, 9.28426981729984, 8.664694222595793], [2.1420372396667533, 1.0909566357491272, 2.1608476186988392, 2.8569581483463327, 2.8731913814757255, 3.3963943695968304, 4.302883506775455, 5.403891237794186, 6.758378226411147, 3.0508463501417684, 2.4918683929832155, 2.470200773926917, 0.0, 1.7641545721634138, 3.0461299546909375, 2.472725809824722, 3.0703805980577545, 3.8361640058192794, 2.2253528763053363, 3.855444611188047, 4.659396463990901, 4.575561961071907, 5.454179256254474, 5.506574163497529, 6.96887647395061, 7.56481389610157, 6.992233940228157], [2.149961076929305, 1.0930829058842921, 2.1527003280509223, 2.7618122674990233, 3.497722284164591, 4.39741692194917, 4.09833512175198, 5.079474632513144, 6.380781539176938, 2.4934358617917405, 3.055859188762368, 2.487985554650079, 1.7641545721634138, 0.0, 2.5080538758592823, 3.053398628999007, 2.4539224055706788, 4.266644646074995, 3.10280175813151, 5.047224612589524, 4.148500957678366, 4.7268049755734705, 4.8370963382800864, 5.4541792738208805, 6.3798077750417574, 7.148354959458437, 6.84331986566182], [2.687092446680062, 2.137667600680629, 1.0923937674420243, 2.147634202411778, 3.45261598784454, 3.825500601859612, 2.6209717191570236, 4.006677428436779, 4.905587115078041, 2.487719800029249, 3.012823346329857, 3.6969395138714822, 3.0461299546909375, 2.5080538758592823, 0.0, 1.7646444184921959, 2.557505188687309, 4.283989680556472, 3.7880998875372227, 4.744949964204033, 2.257495158342226, 3.0315350021947944, 4.148500118103568, 4.659396263358348, 4.720479439355237, 5.884433030780695, 5.155108561948813], [2.788833015800877, 2.1551342324465814, 1.0905856191803174, 2.144107426447743, 2.675301623471552, 2.49579658930703, 2.8208152179181365, 4.282129875562963, 5.278337690129076, 3.1639138344524262, 2.58908212721247, 3.7750640709316374, 2.472725809824722, 3.053398628999007, 1.7646444184921959, 0.0, 3.04093284053325, 3.703128744075275, 2.990083137965766, 3.339352899234082, 3.0315346256487197, 2.6915817906633652, 4.726804655698347, 4.575562191411715, 5.403630624819727, 6.264221920168179, 5.250335795351714], [4.122615076807678, 2.7124306720639515, 2.1556215182192915, 1.0965749517454046, 2.1334897438219955, 3.330750945377164, 2.1556216136401862, 2.7124302525465236, 4.122614660693669, 4.31928463890961, 4.685772314927934, 4.786561577637339, 3.0703805980577545, 2.4539224055706788, 2.557505188687309, 3.04093284053325, 0.0, 2.44993525202171, 2.4499354469990458, 4.055149773719932, 2.557505818052666, 3.040932794858339, 2.453921925590694, 3.070380161776817, 4.319284393786924, 4.78656092241151, 4.685772070866704], [5.567492922021113, 4.113989871489339, 3.474608125380353, 2.163958438316397, 1.098906160246559, 2.0692113536182686, 2.7594504282348873, 2.811574020944486, 4.215048364422307, 6.087301144975399, 5.7811857472445265, 6.195013051916222, 3.8361640058192794, 4.266644646074995, 4.283989680556472, 3.703128744075275, 2.44993525202171, 0.0, 1.7731459358254673, 2.316122036799116, 3.7881003497162307, 2.9900826736884545, 3.1028022354174647, 2.2253529214553107, 4.941061535463788, 4.681433685159939, 4.436023188235506], [4.2150484431398, 2.8115740041017605, 2.7594501968880842, 2.1639587907237496, 1.0989061841930652, 2.0692114126908057, 3.4746087552432874, 4.113990055691161, 5.567493017898575, 4.941061539523007, 4.436023461735053, 4.681433728237673, 2.2253528763053363, 3.10280175813151, 3.7880998875372227, 2.990083137965766, 2.4499354469990458, 1.7731459358254673, 0.0, 2.316122012036196, 4.283990448715491, 3.7031289065269446, 4.266644976246574, 3.8361642256582775, 6.087301289671441, 6.195013072974363, 5.781185842986183], [5.503320795507918, 4.4013192863760615, 3.782669925794076, 3.247426585730842, 1.9486478609375564, 0.9615218114986326, 3.7826704519990315, 4.401319738742055, 5.503321082804003, 6.21589577550784, 5.281194971931054, 6.1493785991475916, 3.855444611188047, 5.047224612589524, 4.744949964204033, 3.339352899234082, 4.055149773719932, 2.316122036799116, 2.316122012036196, 0.0, 4.744950377382777, 3.339352855030239, 5.047225266181691, 3.8554454103274014, 6.215895923713675, 6.149379058239512, 5.281195153814232], [4.905587468463033, 4.006677816152424, 2.6209719190100103, 2.1476345846035674, 3.452616606887631, 3.825500990862609, 1.0923939035371044, 2.1376680981636813, 2.687092334410168, 4.720479807337275, 5.155108404166478, 5.884433589987573, 4.659396463990901, 4.148500957678366, 2.257495158342226, 3.0315346256487197, 2.557505818052666, 3.7881003497162307, 4.283990448715491, 4.744950377382777, 0.0, 1.764644726542915, 2.5080542365243645, 3.0461306965542563, 2.487719415568205, 3.696939366138049, 3.0128234540259924], [5.278338190010142, 4.282130063326972, 2.820815314412907, 2.14410727015735, 2.6753016124025564, 2.495796626957952, 1.0905857436648156, 2.155134246673426, 2.7888327308531533, 5.403631348591791, 5.25033603269812, 6.264222406104488, 4.575561961071907, 4.7268049755734705, 3.0315350021947944, 2.6915817906633652, 3.040932794858339, 2.9900826736884545, 3.7031289065269446, 3.339352855030239, 1.764644726542915, 0.0, 3.0533986793518295, 2.47272606685359, 3.163913542652844, 3.775063803291212, 2.589081969623869], [6.380781414879905, 5.079474523971173, 4.09833468823472, 2.7618118624628454, 3.497722731787038, 4.397417466191889, 2.152700283985554, 1.0930830036894001, 2.149961179109218, 6.379807485003823, 6.843319566839153, 7.148355050603591, 5.454179256254474, 4.8370963382800864, 4.148500118103568, 4.726804655698347, 2.453921925590694, 3.1028022354174647, 4.266644976246574, 5.047225266181691, 2.5080542365243645, 3.0533986793518295, 0.0, 1.764154786408021, 2.4934359979567926, 2.4879854022936074, 3.055859414287068], [6.7583785320729985, 5.403891352778997, 4.3028833977209135, 2.8569578674093683, 2.8731918033555655, 3.396395167855546, 2.1608480493936315, 1.090956750090336, 2.1420374000202873, 6.968876777175507, 6.99223420033741, 7.564814245065662, 5.506574163497529, 5.4541792738208805, 4.659396263358348, 4.575562191411715, 3.070380161776817, 2.2253529214553107, 3.8361642256582775, 3.8554454103274014, 3.0461306965542563, 2.47272606685359, 1.764154786408021, 0.0, 3.050846608713699, 2.4702006751931744, 2.4918685868860146], [7.374144351325818, 6.398241159962481, 5.060701515502369, 4.177724079716882, 5.116745273242802, 5.465527092554458, 2.7722252224901442, 2.1613108050193133, 1.0877803191840516, 7.129219731846639, 7.639826503174734, 8.324748878816965, 6.96887647395061, 6.3798077750417574, 4.720479439355237, 5.403630624819727, 4.319284393786924, 4.941061535463788, 6.087301289671441, 6.215895923713675, 2.487719415568205, 3.163913542652844, 2.4934359979567926, 3.050846608713699, 0.0, 1.7640417533034332, 1.7628838708487355], [8.393901964178784, 7.2046686078190465, 5.947226490482643, 4.718123223825971, 5.215010150602773, 5.607477552961026, 3.4677733951407044, 2.162942250438462, 1.087623846234763, 8.324748742111103, 8.664693846396966, 9.28426981729984, 7.56481389610157, 7.148354959458437, 5.884433030780695, 6.264221920168179, 4.78656092241151, 4.681433685159939, 6.195013072974363, 6.149379058239512, 3.696939366138049, 3.775063803291212, 2.4879854022936074, 2.4702006751931744, 1.7640417533034332, 0.0, 1.7645824059318478], [7.682282680622338, 6.640163900998694, 5.208193278078672, 4.226361304418871, 4.699539565280155, 4.682713619984419, 2.763369480981124, 2.159195949209626, 1.0875044890172896, 7.639827025144701, 7.751085784956562, 8.664694222595793, 6.992233940228157, 6.84331986566182, 5.155108561948813, 5.250335795351714, 4.685772070866704, 4.436023188235506, 5.781185842986183, 5.281195153814232, 3.0128234540259924, 2.589081969623869, 3.055859414287068, 2.4918685868860146, 1.7628838708487355, 1.7645824059318478, 0.0]]}