{"total energy": -26.06515264, "HOMO-LUMO gap/eV": 3.87894654, "electronic energy": -26.39428234, "dipole": [0.22820907, 0.85602729, -0.1511614], "partial charges": [-0.11022083, -0.00219486, -0.07992026, 0.35223479, -0.42707555, -0.27131831, 0.08646419, -0.11503719, 0.05207678, 0.06269691, 0.06269689, 0.06752088, 0.05899966, 0.04885626, 0.04885632, 0.05723303, 0.05089822, 0.05723305], "atomic dipole moments": [[-0.07034655, -0.04196505, 0.00548143], [0.11398125, 0.03044987, -0.00192572], [-0.11996596, -0.03577158, 0.00271452], [-0.16426885, 0.04913996, -0.01445995], [0.01427358, 0.19562412, -0.03578052], [-0.03963065, -0.23623353, 0.04247765], [0.17443188, 0.16606986, -0.02508094], [0.08515363, -0.09287317, 0.01998511], [-0.01536285, 0.12438075, -0.02354668], [0.06607865, -0.01380433, 0.10973337], [0.07269459, -0.05139109, -0.09312764], [-0.00322056, -0.14680976, 0.02709696], [-0.01792698, 0.14695664, -0.02781287], [-0.0068307, -0.0542068, 0.11333804], [-0.00030921, -0.09125572, -0.08661914], [0.00942735, 0.09079524, 0.08827965], [-0.11268816, -0.0546251, 0.00644585], [0.01602942, 0.05328925, -0.11414579]], "atomic quadrupole moments": [[0.1489547, 0.11979187, -0.0460915, -0.01395713, -0.00675994, -0.1028632], [-0.26031086, 0.1433728, -0.3261792, -0.05533109, 0.18030293, 0.58649006], [-0.1888234, 0.14632212, -0.23139886, -0.04781031, 0.13026797, 0.42022226], [-0.1574151, -0.17952207, -0.26193277, 0.01371466, 0.1245686, 0.41934787], [-0.11712285, -0.00816923, -0.06200842, -0.00843572, 0.04604342, 0.17913127], [0.07542324, 0.03431682, 0.00900376, -0.00104506, -0.01676088, -0.084427], [0.43425775, 0.14272438, -0.05580306, 0.0004077, -0.05708945, -0.37845469], [0.0892724, -0.2015497, 0.05556101, 0.04530258, -0.04554037, -0.14483341], [-0.02302562, -0.01865835, 0.07385713, 0.00451734, -0.02458237, -0.05083151], [-0.01983334, -0.00214243, -0.0349196, 0.05683198, -0.01872434, 0.05475294], [-0.01247028, -0.02512248, -0.01143915, -0.05553781, 0.04178299, 0.02390943], [0.03873206, -0.01093095, 0.02243752, 0.00538873, -0.01644425, -0.06116958], [0.02447675, 0.00243983, 0.03464499, 0.00238513, -0.01792388, -0.05912174], [0.00063485, 0.00728844, -0.03195109, -0.00990192, -0.02130071, 0.03131623], [-0.00035451, 0.00811043, -0.00936525, 0.00561612, 0.03764841, 0.00971976], [-0.04466926, 0.00083705, 0.01935333, 0.01798864, 0.0588309, 0.02531593], [0.06827271, 0.0496707, -0.0139201, -0.00517266, -0.00604784, -0.05435261], [-0.04201486, -0.00329707, -0.01934222, -0.02329261, -0.042253, 0.06135707]], "number of molecular orbitals": 42, "number of electrons": 46, "number of unpaired electrons": 0, "orbital energies/eV": [-19.94713746, -19.14418915, -18.21388883, -17.47234843, -16.84935957, -16.44190183, -16.22845366, -15.71717237, -15.40330212, -15.15025941, -14.77745278, -14.11130529, -13.72956661, -13.59831357, -13.45827949, -13.05557033, -12.90602963, -12.79556309, -12.58415308, -12.2302945, -11.77609665, -11.36328793, -11.07719321, -7.19824667, -4.23501707, 0.40269221, 2.86089216, 3.25373541, 3.56873561, 4.00306089, 4.06491859, 4.52757963, 4.73965991, 4.98322403, 5.65220138, 6.07952171, 6.4223862, 7.266354, 7.36835354, 11.23747544, 14.66691328, 19.42738587], "fractional occupation": [2.0, 2.0, 2.0, 2.0, 2.0, 2.0, 2.0, 2.0, 2.0, 2.0, 2.0, 2.0, 2.0, 2.0, 2.0, 2.0, 2.0, 2.0, 2.0, 2.0, 2.0, 2.0, 2.0, 0.0, 0.0, 0.0, 0.0, 0.0, 0.0, 0.0, 0.0, 0.0, 0.0, 0.0, 0.0, 0.0, 0.0, 0.0, 0.0, 0.0, 0.0, 0.0], "program call": "xtb /tmp/scratch/tmpof_j1w3s/18248_0_xyzopt.xyz --pop --wbo --acc 0.2 --gfn 2 --chrg 0 --uhf 0 --etemp 300 --input /tmp/scratch/tmpof_j1w3s/18248_0_xtb.inp", "method": "GFN2-xTB", "xtb version": "6.3.3 (7355c4f)", "Dipole module/D": 2.284, "Total charge": 0, "Transition dipole module/D": NaN, "HOMO": -11.0772, "LUMO": -7.1982, "HOMO occupancy": 2.0, "LUMO occupancy": 0, "mulliken charges": [-0.08514, 0.02523, -0.09016, 0.57677, -0.54458, -0.42335, 0.20665, -0.09706, 0.03875, 0.04898, 0.04898, 0.05202, 0.0476, 0.03791, 0.03791, 0.04284, 0.0338, 0.04284], "cm5 charges": [-0.23273, -0.03753, -0.14066, 0.63316, -0.59436, -0.50766, 0.12443, -0.24621, 0.09155, 0.10083, 0.10083, 0.11231, 0.1093, 0.10315, 0.10315, 0.09718, 0.08607, 0.09718], "FUKUI+": [0.04, -0.122, -0.054, -0.08, -0.175, -0.086, 0.019, 0.013, -0.058, -0.081, -0.081, -0.094, -0.104, -0.031, -0.031, -0.021, -0.035, -0.021], "FUKUI-": [0.015, -0.043, -0.052, -0.01, -0.125, -0.078, 0.014, 0.015, -0.05, -0.09, -0.09, -0.055, -0.068, -0.087, -0.087, -0.074, -0.06, -0.074], "FUKUIrad": [0.028, -0.083, -0.053, -0.045, -0.15, -0.082, 0.016, 0.014, -0.054, -0.086, -0.086, -0.075, -0.086, -0.059, -0.059, -0.047, -0.048, -0.047], "s proportion": [1.004, 1.078, 1.065, 0.969, 1.723, 1.688, 0.994, 1.008, 0.961, 0.951, 0.951, 0.948, 0.952, 0.962, 0.962, 0.957, 0.966, 0.957], "p proportion": [3.081, 2.896, 3.025, 2.454, 4.822, 4.735, 2.8, 3.089, 0.0, 0.0, 0.0, 0.0, 0.0, 0.0, 0.0, 0.0, 0.0, 0.0], "d proportion": [0.0, 0.0, 0.0, 0.0, 0.0, 0.0, 0.0, 0.0, 0.0, 0.0, 0.0, 0.0, 0.0, 0.0, 0.0, 0.0, 0.0, 0.0], "Fermi-level/eV": -9.1377, "Coordination numbers": [3.756, 2.893, 2.892, 2.727, 0.856, 1.706, 3.702, 3.751, 0.925, 0.925, 0.925, 0.925, 0.926, 0.924, 0.924, 0.925, 0.925, 0.925], "Dispersion coefficient C6": [22.662, 28.08, 29.996, 21.019, 22.23, 18.499, 19.292, 22.764, 2.294, 2.168, 2.168, 2.113, 2.211, 2.334, 2.334, 2.232, 2.309, 2.232], "Total dispersion C6": 2821.623939, "Total dispersion C8": 62185.770951, "Polarizability alpha": [6.788, 8.688, 8.98, 7.506, 6.321, 5.807, 6.281, 6.804, 2.369, 2.302, 2.302, 2.273, 2.325, 2.389, 2.389, 2.336, 2.376, 2.336], "Total polarizability alpha": 80.572502, "Wiberg matrix": [[0.0, 1.055029306024626, 0.0, 0.0, 0.0, 0.0, 0.0, 0.0, 0.9840584891267948, 0.9611688168082637, 0.961168886864479, 0.0, 0.0, 0.0, 0.0, 0.0, 0.0, 0.0], [1.055029306024626, 0.0, 1.8524015315884454, 0.0, 0.0, 0.0, 0.0, 0.0, 0.0, 0.0, 0.0, 0.9605557729051072, 0.0, 0.0, 0.0, 0.0, 0.0, 0.0], [0.0, 1.8524015315884454, 0.0, 1.0282126231648065, 0.0, 0.0, 0.0, 0.0, 0.0, 0.0, 0.0, 0.0, 0.9636463921125412, 0.0, 0.0, 0.0, 0.0, 0.0], [0.0, 0.0, 1.0282126231648065, 0.0, 1.711589633244727, 1.1152257641818815, 0.0, 0.0, 0.0, 0.0, 0.0, 0.0, 0.0, 0.0, 0.0, 0.0, 0.0, 0.0], [0.0, 0.0, 0.0, 1.711589633244727, 0.0, 0.16848953937271888, 0.0, 0.0, 0.0, 0.0, 0.0, 0.0, 0.0, 0.0, 0.0, 0.0, 0.0, 0.0], [0.0, 0.0, 0.0, 1.1152257641818815, 0.16848953937271888, 0.0, 0.942411447535296, 0.0, 0.0, 0.0, 0.0, 0.0, 0.0, 0.0, 0.0, 0.0, 0.0, 0.0], [0.0, 0.0, 0.0, 0.0, 0.0, 0.942411447535296, 0.0, 1.0194265383522512, 0.0, 0.0, 0.0, 0.0, 0.0, 0.9684924899488987, 0.9684924353174863, 0.0, 0.0, 0.0], [0.0, 0.0, 0.0, 0.0, 0.0, 0.0, 1.0194265383522512, 0.0, 0.0, 0.0, 0.0, 0.0, 0.0, 0.0, 0.0, 0.9854710558557704, 0.9840948463952175, 0.9854710577405794], [0.9840584891267948, 0.0, 0.0, 0.0, 0.0, 0.0, 0.0, 0.0, 0.0, 0.0, 0.0, 0.0, 0.0, 0.0, 0.0, 0.0, 0.0, 0.0], [0.9611688168082637, 0.0, 0.0, 0.0, 0.0, 0.0, 0.0, 0.0, 0.0, 0.0, 0.0, 0.0, 0.0, 0.0, 0.0, 0.0, 0.0, 0.0], [0.961168886864479, 0.0, 0.0, 0.0, 0.0, 0.0, 0.0, 0.0, 0.0, 0.0, 0.0, 0.0, 0.0, 0.0, 0.0, 0.0, 0.0, 0.0], [0.0, 0.9605557729051072, 0.0, 0.0, 0.0, 0.0, 0.0, 0.0, 0.0, 0.0, 0.0, 0.0, 0.0, 0.0, 0.0, 0.0, 0.0, 0.0], [0.0, 0.0, 0.9636463921125412, 0.0, 0.0, 0.0, 0.0, 0.0, 0.0, 0.0, 0.0, 0.0, 0.0, 0.0, 0.0, 0.0, 0.0, 0.0], [0.0, 0.0, 0.0, 0.0, 0.0, 0.0, 0.9684924899488987, 0.0, 0.0, 0.0, 0.0, 0.0, 0.0, 0.0, 0.0, 0.0, 0.0, 0.0], [0.0, 0.0, 0.0, 0.0, 0.0, 0.0, 0.9684924353174863, 0.0, 0.0, 0.0, 0.0, 0.0, 0.0, 0.0, 0.0, 0.0, 0.0, 0.0], [0.0, 0.0, 0.0, 0.0, 0.0, 0.0, 0.0, 0.9854710558557704, 0.0, 0.0, 0.0, 0.0, 0.0, 0.0, 0.0, 0.0, 0.0, 0.0], [0.0, 0.0, 0.0, 0.0, 0.0, 0.0, 0.0, 0.9840948463952175, 0.0, 0.0, 0.0, 0.0, 0.0, 0.0, 0.0, 0.0, 0.0, 0.0], [0.0, 0.0, 0.0, 0.0, 0.0, 0.0, 0.0, 0.9854710577405794, 0.0, 0.0, 0.0, 0.0, 0.0, 0.0, 0.0, 0.0, 0.0, 0.0]], "Born radii": [], "Atomic SASAs": [], "Solvent H bonds": [], "Total SASA": NaN, "Total FOD": 0.0, "FOD": [0.0, 0.0, 0.0, 0.0, 0.0, 0.0, 0.0, 0.0, 0.0, 0.0, 0.0, 0.0, 0.0, 0.0, 0.0, 0.0, 0.0, 0.0], "FOD s proportion": [0.0, 0.0, 0.0, 0.0, 0.0, 0.0, 0.0, 0.0, 0.0, 0.0, 0.0, 0.0, 0.0, 0.0, 0.0, 0.0, 0.0, 0.0], "FOD p proportion": [0.0, 0.0, 0.0, 0.0, 0.0, 0.0, 0.0, 0.0, 0.0, 0.0, 0.0, 0.0, 0.0, 0.0, 0.0, 0.0, 0.0, 0.0], "FOD d proportion": [0.0, 0.0, 0.0, 0.0, 0.0, 0.0, 0.0, 0.0, 0.0, 0.0, 0.0, 0.0, 0.0, 0.0, 0.0, 0.0, 0.0, 0.0], "coordinates": [["3.71606438823823", "0.30587288649658", "0.06452421249990"], ["2.40719925745512", "-0.38823883063828", "0.15044124480628"], ["1.22064960473951", "0.19466991898998", "0.00374065328184"], ["-0.02811466479010", "-0.57621296923771", "0.10584974610482"], ["-0.10892347404940", "-1.76188396157210", "0.32289610995306"], ["-1.09613585339876", "0.21542203206736", "-0.07566306835450"], ["-2.37281907233048", "-0.41609179524824", "-0.00029389489474"], ["-3.44236306327276", "0.63503502715647", "-0.22993268242981"], ["3.58928931881280", "1.36660163097687", "-0.13614532305678"], ["4.26355818583062", "0.18129121604782", "0.99832210713352"], ["4.31980815489575", "-0.13826130379359", "-0.72635288615145"], ["2.43310128727293", "-1.45255272729602", "0.34848777918332"], ["1.10817783719879", "1.24960502378505", "-0.19538796496150"], ["-2.47783537354748", "-0.88513735694826", "0.98495675740176"], ["-2.42102370250839", "-1.20787995953791", "-0.75693050499077"], ["-3.37121064100814", "1.41205658186329", "0.52643866451507"], ["-4.42478441599263", "0.17505005600923", "-0.17674655185901"], ["-3.31463577354561", "1.09065653087946", "-1.20820539818101"]], "bond_dist": [[0.0, 1.484015075019161, 2.498630761588725, 3.8469026550915406, 4.355790004898785, 4.815091379858894, 6.131878683170461, 7.1720384937869355, 1.0869616599011616, 1.0896093607509627, 1.08960924185402, 2.1951515357450724, 2.7855442825480576, 6.374174121308119, 6.3741733397632965, 7.187939528756121, 8.145473924091714, 7.187939259294152], [1.484015075019161, 0.0, 1.330114187694552, 2.4429647108421437, 2.871848747104338, 3.5621463328355834, 4.7824755203832, 5.95055905412647, 2.1351659934913267, 2.118805064591476, 2.1188037914300533, 1.0828930766914253, 2.1188645506699224, 4.980651326112504, 4.980649759181267, 6.0640298965753825, 6.86296926543926, 6.064029049469209], [2.498630761588725, 1.330114187694552, 0.0, 1.471087657161604, 2.386991383500529, 2.3182386547221214, 3.645005251332478, 4.689585461248787, 2.646402486210654, 3.2013534467340605, 3.2013533848097615, 2.0741822749538925, 1.0794397530322017, 3.975872222640958, 3.975871130898014, 4.779165619055973, 5.648352490123363, 4.779165063358702], [3.8469026550915406, 2.4429647108421437, 1.471087657161604, 0.0, 1.2080790080855082, 1.3417533813712847, 2.3525611621430156, 3.6382638269678766, 4.113234951335943, 4.448457638629394, 4.448459927699079, 2.623819458221054, 2.1715239239507143, 2.620953064354365, 2.620955285980544, 3.9123396519640425, 4.469335711474957, 3.9123414793369538], [4.355790004898785, 2.871848747104338, 2.386991383500529, 1.2080790080855082, 0.0, 2.245701826386654, 2.6534565408328508, 4.142784064758469, 4.8656879268296525, 4.832258883231791, 4.832260116332442, 2.5609042608439316, 3.289227856667814, 2.6112741137619433, 2.611274290274973, 4.556077886130158, 4.756890985523793, 4.556078405430211], [4.815091379858894, 3.5621463328355834, 2.3182386547221214, 1.3417533813712847, 2.245701826386654, 0.0, 1.4263275457974802, 2.388442232884801, 4.82515094235124, 5.4663451467979165, 5.466346004602302, 3.9265199011894567, 2.437799695992577, 2.0603977643932923, 2.060398430461163, 2.6401564407636364, 3.3304277533593916, 2.6401570885936514], [6.131878683170461, 4.7824755203832, 3.645005251332478, 2.3525611621430156, 2.6534565408328508, 1.4263275457974802, 0.0, 1.517078085689705, 6.224402616330422, 6.737625953874992, 6.737626484406545, 4.928769666223471, 3.863928968454928, 1.0962440468811976, 1.0962441074949532, 2.1485714794450215, 2.1426959653782864, 2.14857148281077], [7.1720384937869355, 5.95055905412647, 4.689585461248787, 3.6382638269678766, 4.142784064758469, 2.388442232884801, 1.517078085689705, 0.0, 7.070227788911262, 7.816374835663119, 7.816375263143874, 6.262082257323519, 4.591983460894154, 2.171910240469369, 2.1719107815500416, 1.0867027091860675, 1.0860785664243453, 1.0867026831562854], [1.0869616599011616, 2.1351659934913267, 2.646402486210654, 4.113234951335943, 4.8656879268296525, 4.82515094235124, 6.224402616330422, 7.070227788911262, 0.0, 1.7738702418529249, 1.7738701163986326, 3.085331635956163, 2.484574829002161, 6.567891623435817, 6.567891009774095, 6.992112941294213, 8.102272609736504, 6.992112712466756], [1.0896093607509627, 2.118805064591476, 3.2013534467340605, 4.448457638629394, 4.832258883231791, 5.4663451467979165, 6.737625953874992, 7.816374835663119, 1.7738702418529249, 0.0, 1.754930683650877, 2.538169250160689, 3.538737525241883, 6.8252352088628, 7.049421487566005, 7.747719174594367, 8.76744674760457, 7.945107462675051], [1.08960924185402, 2.1188037914300533, 3.2013533848097615, 4.448459927699079, 4.832260116332442, 5.466346004602302, 6.737626484406545, 7.816375263143874, 1.7738701163986326, 1.754930683650877, 0.0, 2.5381700506633607, 3.538737908960078, 7.049422818549065, 6.825235028135274, 7.9451080757253365, 8.767447197543428, 7.747719340828102], [2.1951515357450724, 1.0828930766914253, 2.0741822749538925, 2.623819458221054, 2.5609042608439316, 3.9265199011894567, 4.928769666223471, 6.262082257323519, 3.085331635956163, 2.538169250160689, 2.5381700506633607, 0.0, 3.058247780241645, 4.984410882875851, 4.984410071682336, 6.475159455372388, 7.067924606401985, 6.475159326196468], [2.7855442825480576, 2.1188645506699224, 1.0794397530322017, 2.1715239239507143, 3.289227856667814, 2.437799695992577, 3.863928968454928, 4.591983460894154, 2.484574829002161, 3.538737525241883, 3.538737908960078, 3.058247780241645, 0.0, 4.337030025646179, 4.33702962583747, 4.540082084107792, 5.636371809621436, 4.540081938887913], [6.374174121308119, 4.980651326112504, 3.975872222640958, 2.620953064354365, 2.6112741137619433, 2.0603977643932923, 1.0962440468811976, 2.171910240469369, 6.567891623435817, 6.8252352088628, 7.049422818549065, 4.984410882875851, 4.337030025646179, 0.0, 1.7724450875493822, 2.507081610663557, 2.5028308978472773, 3.0682171757056036], [6.3741733397632965, 4.980649759181267, 3.975871130898014, 2.620955285980544, 2.611274290274973, 2.060398430461163, 1.0962441074949532, 2.1719107815500416, 6.567891009774095, 7.049421487566005, 6.825235028135274, 4.984410071682336, 4.33702962583747, 1.7724450875493822, 0.0, 3.0682175809911065, 2.5028315653027233, 2.5070822803624724], [7.187939528756121, 6.0640298965753825, 4.779165619055973, 3.9123396519640425, 4.556077886130158, 2.6401564407636364, 2.1485714794450215, 1.0867027091860675, 6.992112941294213, 7.747719174594367, 7.9451080757253365, 6.475159455372388, 4.540082084107792, 2.507081610663557, 3.0682175809911065, 0.0, 1.7705005769181952, 1.765074710216985], [8.145473924091714, 6.86296926543926, 5.648352490123363, 4.469335711474957, 4.756890985523793, 3.3304277533593916, 2.1426959653782864, 1.0860785664243453, 8.102272609736504, 8.76744674760457, 8.767447197543428, 7.067924606401985, 5.636371809621436, 2.5028308978472773, 2.5028315653027233, 1.7705005769181952, 0.0, 1.7705006571044144], [7.187939259294152, 6.064029049469209, 4.779165063358702, 3.9123414793369538, 4.556078405430211, 2.6401570885936514, 2.14857148281077, 1.0867026831562854, 6.992112712466756, 7.945107462675051, 7.747719340828102, 6.475159326196468, 4.540081938887913, 3.0682171757056036, 2.5070822803624724, 1.765074710216985, 1.7705006571044144, 0.0]]}