{"total energy": -34.36421501, "HOMO-LUMO gap/eV": 6.15423444, "electronic energy": -34.73512529, "dipole": [0.00486046, -0.34460649, -0.21611858], "partial charges": [-0.11084552, -0.06232011, 0.08089262, -0.27082896, 0.48337505, -0.45681733, -0.27082897, 0.08089262, -0.06232011, -0.11084552, 0.04280445, 0.04280432, 0.04900325, 0.05471133, 0.05471167, 0.05289418, 0.05289394, 0.05289394, 0.05289417, 0.05471165, 0.05471134, 0.04280432, 0.04280445, 0.04900325], "atomic dipole moments": [[0.10886816, -0.03643075, -0.03315037], [0.01210132, 0.12102668, 0.07456623], [0.19555397, -0.14445625, -0.1089861], [-0.00415045, 0.20859709, 0.13089869], [0.00175538, -0.12433745, -0.07795066], [0.00258466, -0.18312776, -0.11481962], [-0.00174021, 0.20872486, 0.13074916], [-0.19118561, -0.16495809, -0.0849931], [-0.01549721, 0.11956354, 0.07627856], [-0.10767687, -0.04791021, -0.01971615], [-0.00704644, 0.00692224, 0.12410955], [-0.02323112, 0.11334016, -0.04599019], [-0.08862027, -0.0770099, -0.03974743], [0.02205238, -0.11443824, 0.04602577], [0.00578322, -0.00747339, -0.12494593], [0.00630816, 0.00922868, 0.1247123], [-0.00993715, 0.11603095, -0.04600002], [-0.00808493, 0.11612917, -0.04611485], [0.00817512, 0.00932756, 0.12459648], [-0.02032013, -0.00885702, -0.12332652], [-0.00403466, -0.11582122, 0.04764405], [0.00531785, 0.11485365, -0.04776122], [0.02152159, 0.00843656, 0.12233722], [0.09065953, -0.06750587, -0.05086987]], "atomic quadrupole moments": [[0.18890784, -0.10946399, -0.08867158, -0.09919819, 0.03870459, -0.10023626], [0.23994692, 0.08260408, -0.05068244, 0.00317335, 0.12923449, -0.18926448], [0.44295359, -0.11351222, -0.15472861, -0.15209114, 0.16986563, -0.28822498], [0.09182463, -0.01237498, -0.02252167, -0.02645237, 0.05261284, -0.06930295], [-0.00220231, -0.01108991, -0.14318717, 0.02505499, -0.29739614, 0.14538948], [-0.09494058, -0.01052249, 0.00856743, 0.01557673, -0.07986093, 0.08637315], [0.09060464, 0.03077855, -0.01794293, 0.00065511, 0.05136864, -0.07266171], [0.43420707, 0.19579369, -0.1219103, 0.04218593, 0.16094686, -0.31229677], [0.24324485, -0.03435683, -0.06309271, -0.07036641, 0.13260318, -0.18015214], [0.18180831, 0.14168237, -0.06202417, 0.05856741, 0.03146385, -0.11978414], [-0.03378256, -0.00995575, -0.04939126, 0.00399509, 0.00274339, 0.08317382], [-0.03454166, -0.01566909, 0.05856544, -0.00509474, -0.05000315, -0.02402378], [0.02203823, 0.05226636, 0.01257984, 0.02528242, 0.03787389, -0.03461807], [-0.0209329, -0.00900292, 0.03719551, 0.00626308, -0.03668901, -0.01626261], [-0.02276947, 0.00249032, -0.0345362, 0.00010852, -0.00237461, 0.05730567], [-0.00480731, -0.00280398, -0.03615477, -0.00478534, -0.00620932, 0.04096208], [-0.00323119, -0.01223831, 0.01980245, 0.00075354, -0.03293138, -0.01657126], [-0.00505048, 0.00542167, 0.02167999, 0.00127918, -0.03400508, -0.01662951], [-0.00371724, 0.00537654, -0.03529051, 0.01093156, -0.00588011, 0.03900776], [-0.02113058, -0.0014107, -0.03495439, 0.00989578, -0.00160847, 0.05608497], [-0.0226594, -0.00194335, 0.03794894, -0.00152655, -0.03754555, -0.01528954], [-0.03406843, -0.00053689, 0.0601686, 0.01162427, -0.05005398, -0.02610017], [-0.03529128, 0.01164444, -0.04709689, 0.01037381, 0.00173637, 0.08238817], [0.02480317, -0.0456372, 0.00219186, -0.03624, 0.04069545, -0.02699503]], "number of molecular orbitals": 54, "number of electrons": 60, "number of unpaired electrons": 0, "orbital energies/eV": [-20.55090305, -20.1559515, -19.68103845, -18.71790469, -17.6397141, -17.11574001, -16.77934427, -16.65449711, -16.60259847, -16.55219856, -15.79404524, -15.52314452, -15.36155796, -15.14251767, -14.64458239, -14.40025609, -14.14517667, -13.7363693, -13.4136615, -13.35565155, -13.15666374, -12.95517258, -12.85533268, -12.37794535, -12.33899336, -12.32639722, -12.32524315, -11.92336434, -11.87196518, -11.77324382, -5.61900937, -0.80775818, 1.23256695, 2.62754564, 2.7982391, 3.34476535, 3.36984958, 3.50543193, 3.50888943, 3.82356634, 3.89585153, 4.5141463, 4.71061157, 5.18746202, 5.67052321, 5.68196258, 5.70842164, 6.64750811, 6.77556654, 7.2906905, 7.76733275, 7.84972876, 7.86335256, 18.72392855], "fractional occupation": [2.0, 2.0, 2.0, 2.0, 2.0, 2.0, 2.0, 2.0, 2.0, 2.0, 2.0, 2.0, 2.0, 2.0, 2.0, 2.0, 2.0, 2.0, 2.0, 2.0, 2.0, 2.0, 2.0, 2.0, 2.0, 2.0, 2.0, 2.0, 2.0, 2.0, 0.0, 0.0, 0.0, 0.0, 0.0, 0.0, 0.0, 0.0, 0.0, 0.0, 0.0, 0.0, 0.0, 0.0, 0.0, 0.0, 0.0, 0.0, 0.0, 0.0, 0.0, 0.0, 0.0, 0.0], "program call": "xtb /tmp/scratch/tmp33t9akk0/18327_0_xyzopt.xyz --pop --wbo --acc 0.2 --gfn 2 --chrg 0 --uhf 0 --etemp 300 --input /tmp/scratch/tmp33t9akk0/18327_0_xtb.inp", "method": "GFN2-xTB", "xtb version": "6.3.3 (7355c4f)", "Dipole module/D": 1.034, "Total charge": 0, "Transition dipole module/D": NaN, "HOMO": -11.7732, "LUMO": -5.619, "HOMO occupancy": 2.0, "LUMO occupancy": 0, "mulliken charges": [-0.09061, -0.05095, 0.19722, -0.4087, 0.75887, -0.56288, -0.4087, 0.19722, -0.05095, -0.09061, 0.03196, 0.03196, 0.03743, 0.03965, 0.03965, 0.03719, 0.03719, 0.03719, 0.03719, 0.03965, 0.03965, 0.03196, 0.03196, 0.03743], "cm5 charges": [-0.24318, -0.16107, 0.11654, -0.48683, 0.84585, -0.61345, -0.48683, 0.11654, -0.16107, -0.24318, 0.08428, 0.08428, 0.0892, 0.09718, 0.09718, 0.10311, 0.10311, 0.10311, 0.10311, 0.09718, 0.09718, 0.08428, 0.08428, 0.0892], "FUKUI+": [0.013, 0.004, 0.027, -0.121, -0.194, -0.275, -0.121, 0.027, 0.004, 0.013, -0.016, -0.016, -0.031, -0.023, -0.023, -0.04, -0.04, -0.04, -0.04, -0.023, -0.023, -0.016, -0.016, -0.031], "FUKUI-": [0.018, 0.005, 0.015, -0.043, 0.005, -0.041, -0.043, 0.015, 0.005, 0.018, -0.064, -0.064, -0.045, -0.083, -0.083, -0.069, -0.069, -0.069, -0.069, -0.083, -0.083, -0.064, -0.064, -0.045], "FUKUIrad": [0.016, 0.004, 0.021, -0.082, -0.094, -0.158, -0.082, 0.021, 0.004, 0.016, -0.04, -0.04, -0.038, -0.053, -0.053, -0.054, -0.054, -0.054, -0.054, -0.053, -0.053, -0.04, -0.04, -0.038], "s proportion": [1.006, 1.029, 1.0, 1.678, 0.884, 1.712, 1.678, 1.0, 1.029, 1.006, 0.968, 0.968, 0.963, 0.96, 0.96, 0.963, 0.963, 0.963, 0.963, 0.96, 0.96, 0.968, 0.968, 0.963], "p proportion": [3.085, 3.022, 2.803, 4.731, 2.357, 4.851, 4.731, 2.803, 3.022, 3.085, 0.0, 0.0, 0.0, 0.0, 0.0, 0.0, 0.0, 0.0, 0.0, 0.0, 0.0, 0.0, 0.0, 0.0], "d proportion": [0.0, 0.0, 0.0, 0.0, 0.0, 0.0, 0.0, 0.0, 0.0, 0.0, 0.0, 0.0, 0.0, 0.0, 0.0, 0.0, 0.0, 0.0, 0.0, 0.0, 0.0, 0.0, 0.0, 0.0], "Fermi-level/eV": -8.6961, "Coordination numbers": [3.753, 3.8, 3.711, 1.704, 2.638, 0.856, 1.704, 3.711, 3.8, 3.753, 0.925, 0.925, 0.925, 0.924, 0.924, 0.924, 0.924, 0.924, 0.924, 0.924, 0.924, 0.925, 0.925, 0.925], "Dispersion coefficient C6": [22.679, 21.698, 19.361, 18.491, 18.988, 22.85, 18.491, 19.361, 21.698, 22.679, 2.412, 2.412, 2.332, 2.262, 2.262, 2.284, 2.284, 2.284, 2.284, 2.262, 2.262, 2.412, 2.412, 2.332], "Total dispersion C6": 4426.367752, "Total dispersion C8": 93406.708757, "Polarizability alpha": [6.791, 6.632, 6.288, 5.806, 7.128, 6.409, 5.806, 6.288, 6.632, 6.791, 2.429, 2.429, 2.388, 2.352, 2.352, 2.364, 2.364, 2.364, 2.364, 2.352, 2.352, 2.429, 2.429, 2.388], "Total polarizability alpha": 97.923495, "Wiberg matrix": [[0.0, 1.0183554223596103, 0.0, 0.0, 0.0, 0.0, 0.0, 0.0, 0.0, 0.0, 0.9871775870992123, 0.9871775137790564, 0.9862554319307244, 0.0, 0.0, 0.0, 0.0, 0.0, 0.0, 0.0, 0.0, 0.0, 0.0, 0.0], [1.0183554223596103, 0.0, 1.0054076110949735, 0.0, 0.0, 0.0, 0.0, 0.0, 0.0, 0.0, 0.0, 0.0, 0.0, 0.9759250669201572, 0.9759249366931836, 0.0, 0.0, 0.0, 0.0, 0.0, 0.0, 0.0, 0.0, 0.0], [0.0, 1.0054076110949735, 0.0, 0.9310102654441168, 0.0, 0.0, 0.0, 0.0, 0.0, 0.0, 0.0, 0.0, 0.0, 0.0, 0.0, 0.9694200587290127, 0.9694200744584259, 0.0, 0.0, 0.0, 0.0, 0.0, 0.0, 0.0], [0.0, 0.0, 0.9310102654441168, 0.0, 1.1066267332086577, 0.14847028399570605, 0.0, 0.0, 0.0, 0.0, 0.0, 0.0, 0.0, 0.0, 0.0, 0.0, 0.0, 0.0, 0.0, 0.0, 0.0, 0.0, 0.0, 0.0], [0.0, 0.0, 0.0, 1.1066267332086577, 0.0, 1.669236926005764, 1.1066267233724252, 0.0, 0.0, 0.0, 0.0, 0.0, 0.0, 0.0, 0.0, 0.0, 0.0, 0.0, 0.0, 0.0, 0.0, 0.0, 0.0, 0.0], [0.0, 0.0, 0.0, 0.14847028399570605, 1.669236926005764, 0.0, 0.14847028241966015, 0.0, 0.0, 0.0, 0.0, 0.0, 0.0, 0.0, 0.0, 0.0, 0.0, 0.0, 0.0, 0.0, 0.0, 0.0, 0.0, 0.0], [0.0, 0.0, 0.0, 0.0, 1.1066267233724252, 0.14847028241966015, 0.0, 0.9310102687568477, 0.0, 0.0, 0.0, 0.0, 0.0, 0.0, 0.0, 0.0, 0.0, 0.0, 0.0, 0.0, 0.0, 0.0, 0.0, 0.0], [0.0, 0.0, 0.0, 0.0, 0.0, 0.0, 0.9310102687568477, 0.0, 1.0054076112308354, 0.0, 0.0, 0.0, 0.0, 0.0, 0.0, 0.0, 0.0, 0.9694200788813673, 0.9694200543136366, 0.0, 0.0, 0.0, 0.0, 0.0], [0.0, 0.0, 0.0, 0.0, 0.0, 0.0, 0.0, 1.0054076112308354, 0.0, 1.018355420707624, 0.0, 0.0, 0.0, 0.0, 0.0, 0.0, 0.0, 0.0, 0.0, 0.9759249422178513, 0.9759250630884224, 0.0, 0.0, 0.0], [0.0, 0.0, 0.0, 0.0, 0.0, 0.0, 0.0, 0.0, 1.018355420707624, 0.0, 0.0, 0.0, 0.0, 0.0, 0.0, 0.0, 0.0, 0.0, 0.0, 0.0, 0.0, 0.9871775161834087, 0.9871775854788397, 0.9862554317844626], [0.9871775870992123, 0.0, 0.0, 0.0, 0.0, 0.0, 0.0, 0.0, 0.0, 0.0, 0.0, 0.0, 0.0, 0.0, 0.0, 0.0, 0.0, 0.0, 0.0, 0.0, 0.0, 0.0, 0.0, 0.0], [0.9871775137790564, 0.0, 0.0, 0.0, 0.0, 0.0, 0.0, 0.0, 0.0, 0.0, 0.0, 0.0, 0.0, 0.0, 0.0, 0.0, 0.0, 0.0, 0.0, 0.0, 0.0, 0.0, 0.0, 0.0], [0.9862554319307244, 0.0, 0.0, 0.0, 0.0, 0.0, 0.0, 0.0, 0.0, 0.0, 0.0, 0.0, 0.0, 0.0, 0.0, 0.0, 0.0, 0.0, 0.0, 0.0, 0.0, 0.0, 0.0, 0.0], [0.0, 0.9759250669201572, 0.0, 0.0, 0.0, 0.0, 0.0, 0.0, 0.0, 0.0, 0.0, 0.0, 0.0, 0.0, 0.0, 0.0, 0.0, 0.0, 0.0, 0.0, 0.0, 0.0, 0.0, 0.0], [0.0, 0.9759249366931836, 0.0, 0.0, 0.0, 0.0, 0.0, 0.0, 0.0, 0.0, 0.0, 0.0, 0.0, 0.0, 0.0, 0.0, 0.0, 0.0, 0.0, 0.0, 0.0, 0.0, 0.0, 0.0], [0.0, 0.0, 0.9694200587290127, 0.0, 0.0, 0.0, 0.0, 0.0, 0.0, 0.0, 0.0, 0.0, 0.0, 0.0, 0.0, 0.0, 0.0, 0.0, 0.0, 0.0, 0.0, 0.0, 0.0, 0.0], [0.0, 0.0, 0.9694200744584259, 0.0, 0.0, 0.0, 0.0, 0.0, 0.0, 0.0, 0.0, 0.0, 0.0, 0.0, 0.0, 0.0, 0.0, 0.0, 0.0, 0.0, 0.0, 0.0, 0.0, 0.0], [0.0, 0.0, 0.0, 0.0, 0.0, 0.0, 0.0, 0.9694200788813673, 0.0, 0.0, 0.0, 0.0, 0.0, 0.0, 0.0, 0.0, 0.0, 0.0, 0.0, 0.0, 0.0, 0.0, 0.0, 0.0], [0.0, 0.0, 0.0, 0.0, 0.0, 0.0, 0.0, 0.9694200543136366, 0.0, 0.0, 0.0, 0.0, 0.0, 0.0, 0.0, 0.0, 0.0, 0.0, 0.0, 0.0, 0.0, 0.0, 0.0, 0.0], [0.0, 0.0, 0.0, 0.0, 0.0, 0.0, 0.0, 0.0, 0.9759249422178513, 0.0, 0.0, 0.0, 0.0, 0.0, 0.0, 0.0, 0.0, 0.0, 0.0, 0.0, 0.0, 0.0, 0.0, 0.0], [0.0, 0.0, 0.0, 0.0, 0.0, 0.0, 0.0, 0.0, 0.9759250630884224, 0.0, 0.0, 0.0, 0.0, 0.0, 0.0, 0.0, 0.0, 0.0, 0.0, 0.0, 0.0, 0.0, 0.0, 0.0], [0.0, 0.0, 0.0, 0.0, 0.0, 0.0, 0.0, 0.0, 0.0, 0.9871775161834087, 0.0, 0.0, 0.0, 0.0, 0.0, 0.0, 0.0, 0.0, 0.0, 0.0, 0.0, 0.0, 0.0, 0.0], [0.0, 0.0, 0.0, 0.0, 0.0, 0.0, 0.0, 0.0, 0.0, 0.9871775854788397, 0.0, 0.0, 0.0, 0.0, 0.0, 0.0, 0.0, 0.0, 0.0, 0.0, 0.0, 0.0, 0.0, 0.0], [0.0, 0.0, 0.0, 0.0, 0.0, 0.0, 0.0, 0.0, 0.0, 0.9862554317844626, 0.0, 0.0, 0.0, 0.0, 0.0, 0.0, 0.0, 0.0, 0.0, 0.0, 0.0, 0.0, 0.0, 0.0]], "Born radii": [], "Atomic SASAs": [], "Solvent H bonds": [], "Total SASA": NaN, "Total FOD": 0.0, "FOD": [0.0, 0.0, 0.0, 0.0, 0.0, 0.0, 0.0, 0.0, 0.0, 0.0, 0.0, 0.0, 0.0, 0.0, 0.0, 0.0, 0.0, 0.0, 0.0, 0.0, 0.0, 0.0, 0.0, 0.0], "FOD s proportion": [0.0, 0.0, 0.0, 0.0, 0.0, 0.0, 0.0, 0.0, 0.0, 0.0, 0.0, 0.0, 0.0, 0.0, 0.0, 0.0, 0.0, 0.0, 0.0, 0.0, 0.0, 0.0, 0.0, 0.0], "FOD p proportion": [0.0, 0.0, 0.0, 0.0, 0.0, 0.0, 0.0, 0.0, 0.0, 0.0, 0.0, 0.0, 0.0, 0.0, 0.0, 0.0, 0.0, 0.0, 0.0, 0.0, 0.0, 0.0, 0.0, 0.0], "FOD d proportion": [0.0, 0.0, 0.0, 0.0, 0.0, 0.0, 0.0, 0.0, 0.0, 0.0, 0.0, 0.0, 0.0, 0.0, 0.0, 0.0, 0.0, 0.0, 0.0, 0.0, 0.0, 0.0, 0.0, 0.0], "coordinates": [["-4.80309355694739", "-0.27202093898560", "0.31578253930402"], ["-3.43484174379513", "-0.77263792502368", "-0.12760249442511"], ["-2.33052764851734", "0.15864414393553", "0.34995845352826"], ["-1.07577022511563", "-0.36294417626680", "-0.09577699010765"], ["-0.00491682170575", "0.34890758671601", "0.24765644711213"], ["-0.01925925334715", "1.36503493936623", "0.88474629767334"], ["1.08441234342356", "-0.24842836591790", "-0.22979325567466"], ["2.32257429145235", "0.40531481032068", "0.06128319078874"], ["3.45150012083373", "-0.40757796893331", "-0.55482732160148"], ["4.80357404226572", "0.23724856569709", "-0.28020840341374"], ["-4.85642957717727", "-0.21409827659315", "1.40031836539749"], ["-4.99818442425551", "0.71797534075419", "-0.08951590779638"], ["-5.58125377043418", "-0.94603221608484", "-0.03185473290091"], ["-3.25051696834444", "-1.76994481534668", "0.27399002206167"], ["-3.39225541260950", "-0.83800068421389", "-1.21562277374969"], ["-2.31935081803699", "0.23160906419793", "1.44332453990376"], ["-2.46188017905597", "1.16865403118102", "-0.05442367593606"], ["2.29596836150971", "1.42087783403475", "-0.34959662345760"], ["2.43862676042849", "0.48383863312318", "1.14814291061640"], ["3.28225455002424", "-0.48416904518511", "-1.62970580701955"], ["3.42415233198952", "-1.41610654209222", "-0.14010402779166"], ["4.84185873375617", "1.23961699580024", "-0.69998419777337"], ["4.98378110731868", "0.30755065289810", "0.78983867329079"], ["5.59957875634010", "-0.35331264338176", "-0.72550622802874"]], "bond_dist": [[0.0, 1.5229316068160383, 2.5100244178674926, 3.7510781785167664, 4.838666487895341, 5.088098107494234, 5.9127772902818965, 7.162310794806435, 8.301485049287155, 9.63860067613408, 1.0873903273217198, 1.0873913332502034, 1.0865892473869045, 2.1577804840502264, 2.1577765348563305, 2.7738010268065807, 2.7737838943011996, 7.328391079085433, 7.328482833136363, 8.318821174634936, 8.318914553373139, 9.815392809255487, 9.815474932082612, 10.454974026549042], [1.5229316068160383, 0.0, 1.5214665201719926, 2.3945939657362225, 3.6280943454211516, 4.154599752210432, 4.550702815872014, 5.879718518067747, 6.909232526195415, 8.301485044955221, 2.1604214081447304, 2.160420985072826, 2.155531907003524, 1.0908130938106968, 1.090813464399091, 2.172704252307414, 2.172699658296148, 6.140275013517444, 6.14034949736283, 6.889042841845623, 6.889122431858614, 8.537011273027924, 8.537078913152214, 9.063888588224424], [2.5100244178674926, 1.5214665201719926, 0.0, 1.430087638246862, 2.335622314493235, 2.6614541859776293, 3.487640351463922, 4.66856910506017, 5.879718522644232, 7.1623107903205625, 2.7608646127131027, 2.7608661277102997, 3.4544625471166346, 2.1381316435244724, 2.138132675426447, 1.0958550086414545, 1.095855084508279, 4.846346719432525, 4.846409357421488, 5.9862846064034585, 5.986346351221981, 7.328984124291259, 7.329036794275849, 8.01905927311413], [3.7510781785167664, 2.3945939657362225, 1.430087638246862, 0.0, 1.3309419483421696, 2.25023402680964, 2.1673631351660854, 3.4876403518974386, 4.550702821279898, 5.912777290589437, 4.0686412413660715, 4.068631139958836, 4.5435074220563845, 2.6164674350819146, 2.6164550232637764, 2.0661122347348932, 2.0661084119820146, 3.822965663885619, 3.8230045798687344, 4.621689412425928, 4.621733319329945, 6.160487087470457, 6.160522767557957, 6.7049933410660785], [4.838666487895341, 3.6280943454211516, 2.335622314493235, 1.3309419483421696, 0.0, 1.1994181838864364, 1.3309419555343405, 2.335622325500701, 3.6280943586997325, 4.838666492567214, 5.018244824287535, 5.018228527544194, 5.731538131983776, 3.8760997498461696, 3.8760805011291475, 2.607678249876448, 2.6076628565279485, 2.607662567853059, 2.607678564552846, 3.87608066672758, 3.87609962741087, 5.018228704263427, 5.0182446123531586, 5.73153814679632], [5.088098107494234, 4.154599752210432, 2.6614541859776293, 2.25023402680964, 1.1994181838864364, 0.0, 2.2502340427151037, 2.6614542201667564, 4.154599783546739, 5.088098127737984, 5.11445921017133, 5.114447069495151, 6.092369970246444, 4.543363039796442, 4.543348906407261, 2.624325641598544, 2.624309944945479, 2.6243093919023353, 2.6243262683134843, 4.543348782244973, 4.543363233940846, 5.114447036416208, 5.114459240598582, 6.092369997855676], [5.9127772902818965, 4.550702815872014, 3.487640351463922, 2.1673631351660854, 1.3309419555343405, 2.2502340427151037, 0.0, 1.4300876363743293, 2.3945939710350688, 3.7510781798249697, 6.160523125332432, 6.160486774336683, 6.704993328258944, 4.621733661174614, 4.621689037042088, 3.8230044142675697, 3.822965820493239, 2.066108424331419, 2.0661122243192733, 2.6164554619541436, 2.6164670253620006, 4.068631452563147, 4.068640890613272, 4.543507433574732], [7.162310794806435, 5.879718518067747, 4.66856910506017, 3.4876403518974386, 2.335622325500701, 2.6614542201667564, 1.4300876363743293, 0.0, 1.5214665169780937, 2.5100244092496053, 7.32903706614168, 7.328983909727027, 8.019059264681191, 5.986346534001523, 5.986284390809646, 4.84640905196903, 4.846347018680977, 1.095855078191676, 1.0958550163624914, 2.1381327177251506, 2.1381315989028598, 2.760866218203666, 2.7608644730181435, 3.4544625437205774], [8.301485049287155, 6.909232526195415, 5.879718522644232, 4.550702821279898, 3.6280943586997325, 4.154599783546739, 2.3945939710350688, 1.5214665169780937, 0.0, 1.5229316133715705, 8.537079413700676, 8.53701082793537, 9.063888578586084, 6.889122925089912, 6.8890423242236, 6.140349459405796, 6.140275050671855, 2.1726996823478992, 2.172704216974957, 1.0908134646284322, 1.0908130888750285, 2.1604209874631275, 2.1604213952665345, 2.1555319155547963], [9.63860067613408, 8.301485044955221, 7.1623107903205625, 5.912777290589437, 4.838666492567214, 5.088098127737984, 3.7510781798249697, 2.5100244092496053, 1.5229316133715705, 0.0, 9.81547523660409, 9.815392549264761, 10.454974014966131, 8.318914783245273, 8.318820916876705, 7.328482528886606, 7.328391360074643, 2.7737842778605213, 2.773800602695539, 2.1577765429032914, 2.1577804807956644, 1.0873913301108444, 1.0873903237217677, 1.086589250408893], [1.0873903273217198, 2.1604214081447304, 2.7608646127131027, 4.0686412413660715, 5.018244824287535, 5.11445921017133, 6.160523125332432, 7.32903706614168, 8.537079413700676, 9.81547523660409, 0.0, 1.7630830458059081, 1.76414772238608, 2.5036432046841695, 3.0620594771991825, 2.5762905881832316, 3.1244431778352406, 7.542688222635044, 7.332704505077263, 8.68862267726256, 8.507982238708951, 10.029025631238563, 9.87292000248064, 10.67083038533182], [1.0873913332502034, 2.160420985072826, 2.7608661277102997, 4.068631139958836, 5.018228527544194, 5.114447069495151, 6.160486774336683, 7.328983909727027, 8.53701082793537, 9.815392549264761, 1.7630830458059081, 0.0, 1.7641473358993984, 3.0620621810514588, 2.5036345688356723, 3.1244681920100397, 2.576272883636163, 7.332556086100222, 7.542730271280835, 8.507820264737939, 8.688648978763846, 9.872751941625957, 10.029025315414055, 10.670741589241645], [1.0865892473869045, 2.155531907003524, 3.4544625471166346, 4.5435074220563845, 5.731538131983776, 6.092369970246444, 6.704993328258944, 8.019059264681191, 9.063888578586084, 10.454974014966131, 1.76414772238608, 1.7641473358993984, 0.0, 2.490924933830008, 2.490921796639246, 3.768687270495664, 3.7686733586439782, 8.231272781918863, 8.231367372036761, 9.018216308701588, 9.018316187148557, 10.670741948630088, 10.67082995981666, 11.217998256388354], [2.1577804840502264, 1.0908130938106968, 2.1381316435244724, 2.6164674350819146, 3.8760997498461696, 4.543363039796442, 4.621733661174614, 5.986346534001523, 6.889122925089912, 8.318914783245273, 2.5036432046841695, 3.0620621810514588, 2.490924933830008, 0.0, 1.7628261206314328, 2.4981256066930397, 3.060255989825966, 6.42912972326448, 6.181426976985301, 6.9249101692372035, 6.696856402414813, 8.688649640764986, 8.50798166725939, 9.018316572435811], [2.1577765348563305, 1.090813464399091, 2.138132675426447, 2.6164550232637764, 3.8760805011291475, 4.543348906407261, 4.621689037042088, 5.986284390809646, 6.8890423242236, 8.318820916876705, 3.0620594771991825, 2.5036345688356723, 2.490921796639246, 1.7628261206314328, 0.0, 3.0602598091889677, 2.4981282126403364, 6.181296236037382, 6.429139468645633, 6.696696560881105, 6.92490877170594, 8.507820763316621, 8.688621942787897, 9.018215923740385], [2.7738010268065807, 2.172704252307414, 1.0958550086414545, 2.0661122347348932, 2.607678249876448, 2.624325641598544, 3.8230044142675697, 4.84640905196903, 6.140349459405796, 7.328482528886606, 2.5762905881832316, 3.1244681920100397, 3.768687270495664, 2.4981256066930397, 3.0602598091889677, 0.0, 1.7724608901051055, 5.092160409298774, 4.7737933121249805, 6.429139640299933, 6.181427115365071, 7.542729915612112, 7.332703922967736, 8.231367195543687], [2.7737838943011996, 2.172699658296148, 1.095855084508279, 2.0661084119820146, 2.6076628565279485, 2.624309944945479, 3.822965820493239, 4.846347018680977, 6.140275050671855, 7.328391360074643, 3.1244431778352406, 2.576272883636163, 3.7686733586439782, 3.060255989825966, 2.4981282126403364, 1.7724608901051055, 0.0, 4.773663860247967, 5.092161308172091, 6.181296118137742, 6.429129572883594, 7.332556596183126, 7.5426885083390856, 8.231272958496763], [7.328391079085433, 6.140275013517444, 4.846346719432525, 3.822965663885619, 2.607662567853059, 2.6243093919023353, 2.066108424331419, 1.095855078191676, 2.1726996823478992, 2.7737842778605213, 7.542688222635044, 7.332556086100222, 8.231272781918863, 6.42912972326448, 6.181296236037382, 5.092160409298774, 4.773663860247967, 0.0, 1.7724608866644325, 2.4981280150383585, 3.0602559646661875, 2.576273419342284, 3.124443560742764, 3.768673708587102], [7.328482833136363, 6.14034949736283, 4.846409357421488, 3.8230045798687344, 2.607678564552846, 2.6243262683134843, 2.0661122243192733, 1.0958550163624914, 2.172704216974957, 2.773800602695539, 7.332704505077263, 7.542730271280835, 8.231367372036761, 6.181426976985301, 6.429139468645633, 4.7737933121249805, 5.092161308172091, 1.7724608866644325, 0.0, 3.060259827320829, 2.4981257965408212, 3.1244677402527943, 2.5762899735766065, 3.768686890013167], [8.318821174634936, 6.889042841845623, 5.9862846064034585, 4.621689412425928, 3.87608066672758, 4.543348782244973, 2.6164554619541436, 2.1381327177251506, 1.0908134646284322, 2.1577765429032914, 8.68862267726256, 8.507820264737939, 9.018216308701588, 6.9249101692372035, 6.696696560881105, 6.429139640299933, 6.181296118137742, 2.4981280150383585, 3.060259827320829, 0.0, 1.7628261228343116, 2.5036345171988246, 3.0620594699828203, 2.4909218682482814], [8.318914553373139, 6.889122431858614, 5.986346351221981, 4.621733319329945, 3.87609962741087, 4.543363233940846, 2.6164670253620006, 2.1381315989028598, 1.0908130888750285, 2.1577804807956644, 8.507982238708951, 8.688648978763846, 9.018316187148557, 6.696856402414813, 6.92490877170594, 6.181427115365071, 6.429129572883594, 3.0602559646661875, 2.4981257965408212, 1.7628261228343116, 0.0, 3.0620621737752054, 2.5036432393560304, 2.490924875411008], [9.815392809255487, 8.537011273027924, 7.328984124291259, 6.160487087470457, 5.018228704263427, 5.114447036416208, 4.068631452563147, 2.760866218203666, 2.1604209874631275, 1.0873913301108444, 10.029025631238563, 9.872751941625957, 10.670741948630088, 8.688649640764986, 8.507820763316621, 7.542729915612112, 7.332556596183126, 2.576273419342284, 3.1244677402527943, 2.5036345171988246, 3.0620621737752054, 0.0, 1.763083042523648, 1.7641473413628026], [9.815474932082612, 8.537078913152214, 7.329036794275849, 6.160522767557957, 5.0182446123531586, 5.114459240598582, 4.068640890613272, 2.7608644730181435, 2.1604213952665345, 1.0873903237217677, 9.87292000248064, 10.029025315414055, 10.67082995981666, 8.50798166725939, 8.688621942787897, 7.332703922967736, 7.5426885083390856, 3.124443560742764, 2.5762899735766065, 3.0620594699828203, 2.5036432393560304, 1.763083042523648, 0.0, 1.764147729320106], [10.454974026549042, 9.063888588224424, 8.01905927311413, 6.7049933410660785, 5.73153814679632, 6.092369997855676, 4.543507433574732, 3.4544625437205774, 2.1555319155547963, 1.086589250408893, 10.67083038533182, 10.670741589241645, 11.217998256388354, 9.018316572435811, 9.018215923740385, 8.231367195543687, 8.231272958496763, 3.768673708587102, 3.768686890013167, 2.4909218682482814, 2.490924875411008, 1.7641473413628026, 1.764147729320106, 0.0]]}