{"total energy": -27.11263574, "HOMO-LUMO gap/eV": 5.10351529, "electronic energy": -27.4294194, "dipole": [0.03797836, 0.69893233, -0.38346036], "partial charges": [-0.1045116, -0.05449906, -0.05866779, -0.09123684, 0.35595839, -0.40407989, -0.26927698, 0.03337461, 0.03713628, 0.03570118, 0.03713688, 0.03121414, 0.03121349, 0.04853472, 0.04853535, 0.06574431, 0.06574357, 0.06197147, 0.06803638, 0.06197139], "atomic dipole moments": [[0.07423389, 0.06125672, -0.0374968], [0.02572462, -0.10098731, 0.05369319], [0.00795226, 0.11819445, -0.0649298], [0.02885429, -0.0880348, 0.04645392], [0.13258945, 0.07273576, -0.04696188], [-0.03417013, 0.16788788, -0.08973526], [0.07026411, -0.20633633, 0.10873431], [-0.24616759, 0.0694675, -0.02440103], [0.01182519, -0.01584996, 0.1223594], [-0.11024874, 0.05141306, -0.02200589], [0.00217941, -0.11179599, -0.05347725], [-0.01660204, 0.01563032, -0.11987149], [-0.00713386, 0.10980923, 0.05272688], [0.00840276, -0.11346039, -0.05230726], [0.01799778, -0.01802031, 0.12260216], [-0.01281174, 0.01848174, -0.12791885], [-0.00281341, 0.11793242, 0.05434097], [0.01126325, -0.114318, -0.05690346], [0.06791875, 0.09169324, -0.0537586], [0.02127229, -0.01476107, 0.12555106]], "atomic quadrupole moments": [[0.08091181, 0.14943275, 0.0009762, -0.09314506, -0.08002839, -0.08188802], [0.22150929, 0.01332352, -0.04200614, -0.03263716, -0.1092656, -0.17950315], [0.24084724, 0.03744472, -0.04458618, -0.04823216, -0.12283093, -0.19626106], [0.2185092, 0.00378091, -0.03075898, -0.02813022, -0.12347508, -0.18775022], [-0.18065295, 0.15964006, -0.11746078, -0.05177397, 0.30822172, 0.29811373], [-0.11535657, 0.01373493, -0.01870132, 0.00975045, 0.11803613, 0.13405789], [0.08530271, -0.02633404, -0.01809708, 0.00494368, -0.0358896, -0.06720563], [0.49521024, -0.20834745, -0.21666407, 0.0705897, -0.02879819, -0.27854617], [-0.03677268, 0.011016, -0.04296165, 0.02082877, -0.01133422, 0.07973433], [0.05535978, -0.047365, -0.010522, 0.01974562, -0.02212167, -0.04483778], [-0.04055156, -0.00286489, 0.05478731, -0.01619254, 0.05259858, -0.01423575], [-0.0177141, 0.00208714, -0.03961587, 0.00832159, -0.00384813, 0.05732997], [-0.01884512, 9.823e-05, 0.03270994, -0.00393897, 0.04300247, -0.01386482], [-0.0185598, 0.00024668, 0.02968424, -0.00334642, 0.04266988, -0.01112444], [-0.01753402, 0.00193372, -0.03823486, 0.00783708, -0.00131625, 0.05576889], [-0.0182053, 0.01800831, -0.04423332, 0.01248935, -0.0102912, 0.06243861], [-0.02151386, 0.0058054, 0.04033658, -0.01989428, 0.04503264, -0.01882272], [-0.01010338, -0.01503924, 0.0314751, 0.00511386, 0.05095768, -0.02137172], [0.02225545, 0.04313616, 0.01267274, -0.02800234, -0.04154879, -0.03492819], [-0.00918053, -0.01459705, -0.05102752, 0.0157624, -0.00238497, 0.06020805]], "number of molecular orbitals": 44, "number of electrons": 48, "number of unpaired electrons": 0, "orbital energies/eV": [-20.23748691, -19.450816, -18.39626989, -17.31261203, -16.7975086, -16.55209226, -15.99981475, -15.98704794, -15.40571535, -15.13609864, -15.10368479, -14.37202817, -13.91009511, -13.81207506, -13.53206408, -13.20248299, -13.05229595, -12.76355743, -12.26923786, -12.18941386, -12.13034442, -11.9469588, -11.59571443, -11.27869509, -6.1751798, 0.17149018, 2.42669366, 2.8938519, 3.28299852, 3.58480266, 3.72302338, 4.19830615, 4.27195985, 4.78819456, 4.98196064, 5.06255276, 5.27761213, 5.82488626, 6.50453426, 7.00038925, 7.25565337, 7.75314941, 8.34626836, 17.95305597], "fractional occupation": [2.0, 2.0, 2.0, 2.0, 2.0, 2.0, 2.0, 2.0, 2.0, 2.0, 2.0, 2.0, 2.0, 2.0, 2.0, 2.0, 2.0, 2.0, 2.0, 2.0, 2.0, 2.0, 2.0, 2.0, 0.0, 0.0, 0.0, 0.0, 0.0, 0.0, 0.0, 0.0, 0.0, 0.0, 0.0, 0.0, 0.0, 0.0, 0.0, 0.0, 0.0, 0.0, 0.0, 0.0], "program call": "xtb /tmp/scratch/tmp1mxxnosf/18431_0_xyzopt.xyz --pop --wbo --acc 0.2 --gfn 2 --chrg 0 --uhf 0 --etemp 300 --input /tmp/scratch/tmp1mxxnosf/18431_0_xtb.inp", "method": "GFN2-xTB", "xtb version": "6.3.3 (7355c4f)", "Dipole module/D": 2.029, "Total charge": 0, "Transition dipole module/D": NaN, "HOMO": -11.2787, "LUMO": -6.1752, "HOMO occupancy": 2.0, "LUMO occupancy": 0, "mulliken charges": [-0.08507, -0.04171, -0.04189, -0.08252, 0.58027, -0.52959, -0.41815, 0.1758, 0.03041, 0.03041, 0.03041, 0.02248, 0.02248, 0.03753, 0.03753, 0.05366, 0.05366, 0.04351, 0.03729, 0.04351], "cm5 charges": [-0.23781, -0.15509, -0.15153, -0.18217, 0.63246, -0.58156, -0.5084, 0.05516, 0.08263, 0.08199, 0.08263, 0.07771, 0.07771, 0.09571, 0.09571, 0.1129, 0.1129, 0.10544, 0.09816, 0.10544], "FUKUI+": [0.012, 0.006, 0.014, 0.03, -0.189, -0.283, -0.124, 0.047, -0.014, -0.028, -0.014, -0.019, -0.019, -0.023, -0.023, -0.098, -0.098, -0.049, -0.075, -0.049], "FUKUI-": [0.02, 0.006, 0.01, -0.0, -0.012, -0.127, -0.075, 0.022, -0.08, -0.071, -0.08, -0.097, -0.097, -0.073, -0.073, -0.059, -0.059, -0.048, -0.058, -0.048], "FUKUIrad": [0.016, 0.006, 0.012, 0.015, -0.1, -0.205, -0.1, 0.034, -0.047, -0.05, -0.047, -0.058, -0.058, -0.048, -0.048, -0.078, -0.078, -0.049, -0.067, -0.049], "s proportion": [1.005, 1.027, 1.028, 1.038, 0.98, 1.72, 1.686, 0.973, 0.97, 0.97, 0.97, 0.978, 0.978, 0.962, 0.962, 0.946, 0.946, 0.956, 0.963, 0.956], "p proportion": [3.08, 3.015, 3.014, 3.044, 2.44, 4.809, 4.732, 2.852, 0.0, 0.0, 0.0, 0.0, 0.0, 0.0, 0.0, 0.0, 0.0, 0.0, 0.0, 0.0], "d proportion": [0.0, 0.0, 0.0, 0.0, 0.0, 0.0, 0.0, 0.0, 0.0, 0.0, 0.0, 0.0, 0.0, 0.0, 0.0, 0.0, 0.0, 0.0, 0.0, 0.0], "Fermi-level/eV": -8.7269, "Coordination numbers": [3.752, 3.801, 3.804, 3.804, 2.721, 0.856, 1.704, 3.655, 0.925, 0.925, 0.925, 0.924, 0.924, 0.924, 0.924, 0.924, 0.924, 0.924, 0.925, 0.924], "Dispersion coefficient C6": [22.557, 21.553, 21.626, 22.237, 20.958, 21.763, 18.465, 20.307, 2.487, 2.507, 2.487, 2.569, 2.569, 2.338, 2.338, 2.133, 2.133, 2.176, 2.107, 2.176], "Total dispersion C6": 3023.887746, "Total dispersion C8": 64072.572112, "Polarizability alpha": [6.773, 6.61, 6.62, 6.713, 7.494, 6.255, 5.802, 6.47, 2.466, 2.476, 2.466, 2.507, 2.507, 2.391, 2.391, 2.284, 2.284, 2.307, 2.27, 2.307], "Total polarizability alpha": 81.392722, "Wiberg matrix": [[0.0, 1.019348764002528, 0.0, 0.0, 0.0, 0.0, 0.0, 0.0, 0.9877461681998227, 0.9873102717953182, 0.9877461589103481, 0.0, 0.0, 0.0, 0.0, 0.0, 0.0, 0.0, 0.0, 0.0], [1.019348764002528, 0.0, 1.008183170054236, 0.0, 0.0, 0.0, 0.0, 0.0, 0.0, 0.0, 0.0, 0.9783374585735191, 0.9783374735656895, 0.0, 0.0, 0.0, 0.0, 0.0, 0.0, 0.0], [0.0, 1.008183170054236, 0.0, 1.0070628785126077, 0.0, 0.0, 0.0, 0.0, 0.0, 0.0, 0.0, 0.0, 0.0, 0.975946562993417, 0.9759465905978595, 0.0, 0.0, 0.0, 0.0, 0.0], [0.0, 0.0, 1.0070628785126077, 0.0, 0.9728830882936892, 0.0, 0.0, 0.0, 0.0, 0.0, 0.0, 0.0, 0.0, 0.0, 0.0, 0.9539903203670711, 0.9539903186627715, 0.0, 0.0, 0.0], [0.0, 0.0, 0.0, 0.9728830882936892, 0.0, 1.7647884377648535, 1.1186352077374955, 0.0, 0.0, 0.0, 0.0, 0.0, 0.0, 0.0, 0.0, 0.0, 0.0, 0.0, 0.0, 0.0], [0.0, 0.0, 0.0, 0.0, 1.7647884377648535, 0.0, 0.16943834420189635, 0.0, 0.0, 0.0, 0.0, 0.0, 0.0, 0.0, 0.0, 0.0, 0.0, 0.0, 0.0, 0.0], [0.0, 0.0, 0.0, 0.0, 1.1186352077374955, 0.16943834420189635, 0.0, 0.9582800828665309, 0.0, 0.0, 0.0, 0.0, 0.0, 0.0, 0.0, 0.0, 0.0, 0.0, 0.0, 0.0], [0.0, 0.0, 0.0, 0.0, 0.0, 0.0, 0.9582800828665309, 0.0, 0.0, 0.0, 0.0, 0.0, 0.0, 0.0, 0.0, 0.0, 0.0, 0.9775254756755833, 0.9819448541636892, 0.9775254837376504], [0.9877461681998227, 0.0, 0.0, 0.0, 0.0, 0.0, 0.0, 0.0, 0.0, 0.0, 0.0, 0.0, 0.0, 0.0, 0.0, 0.0, 0.0, 0.0, 0.0, 0.0], [0.9873102717953182, 0.0, 0.0, 0.0, 0.0, 0.0, 0.0, 0.0, 0.0, 0.0, 0.0, 0.0, 0.0, 0.0, 0.0, 0.0, 0.0, 0.0, 0.0, 0.0], [0.9877461589103481, 0.0, 0.0, 0.0, 0.0, 0.0, 0.0, 0.0, 0.0, 0.0, 0.0, 0.0, 0.0, 0.0, 0.0, 0.0, 0.0, 0.0, 0.0, 0.0], [0.0, 0.9783374585735191, 0.0, 0.0, 0.0, 0.0, 0.0, 0.0, 0.0, 0.0, 0.0, 0.0, 0.0, 0.0, 0.0, 0.0, 0.0, 0.0, 0.0, 0.0], [0.0, 0.9783374735656895, 0.0, 0.0, 0.0, 0.0, 0.0, 0.0, 0.0, 0.0, 0.0, 0.0, 0.0, 0.0, 0.0, 0.0, 0.0, 0.0, 0.0, 0.0], [0.0, 0.0, 0.975946562993417, 0.0, 0.0, 0.0, 0.0, 0.0, 0.0, 0.0, 0.0, 0.0, 0.0, 0.0, 0.0, 0.0, 0.0, 0.0, 0.0, 0.0], [0.0, 0.0, 0.9759465905978595, 0.0, 0.0, 0.0, 0.0, 0.0, 0.0, 0.0, 0.0, 0.0, 0.0, 0.0, 0.0, 0.0, 0.0, 0.0, 0.0, 0.0], [0.0, 0.0, 0.0, 0.9539903203670711, 0.0, 0.0, 0.0, 0.0, 0.0, 0.0, 0.0, 0.0, 0.0, 0.0, 0.0, 0.0, 0.0, 0.0, 0.0, 0.0], [0.0, 0.0, 0.0, 0.9539903186627715, 0.0, 0.0, 0.0, 0.0, 0.0, 0.0, 0.0, 0.0, 0.0, 0.0, 0.0, 0.0, 0.0, 0.0, 0.0, 0.0], [0.0, 0.0, 0.0, 0.0, 0.0, 0.0, 0.0, 0.9775254756755833, 0.0, 0.0, 0.0, 0.0, 0.0, 0.0, 0.0, 0.0, 0.0, 0.0, 0.0, 0.0], [0.0, 0.0, 0.0, 0.0, 0.0, 0.0, 0.0, 0.9819448541636892, 0.0, 0.0, 0.0, 0.0, 0.0, 0.0, 0.0, 0.0, 0.0, 0.0, 0.0, 0.0], [0.0, 0.0, 0.0, 0.0, 0.0, 0.0, 0.0, 0.9775254837376504, 0.0, 0.0, 0.0, 0.0, 0.0, 0.0, 0.0, 0.0, 0.0, 0.0, 0.0, 0.0]], "Born radii": [], "Atomic SASAs": [], "Solvent H bonds": [], "Total SASA": NaN, "Total FOD": 0.0, "FOD": [0.0, 0.0, 0.0, 0.0, 0.0, 0.0, 0.0, 0.0, 0.0, 0.0, 0.0, 0.0, 0.0, 0.0, 0.0, 0.0, 0.0, 0.0, 0.0, 0.0], "FOD s proportion": [0.0, 0.0, 0.0, 0.0, 0.0, 0.0, 0.0, 0.0, 0.0, 0.0, 0.0, 0.0, 0.0, 0.0, 0.0, 0.0, 0.0, 0.0, 0.0, 0.0], "FOD p proportion": [0.0, 0.0, 0.0, 0.0, 0.0, 0.0, 0.0, 0.0, 0.0, 0.0, 0.0, 0.0, 0.0, 0.0, 0.0, 0.0, 0.0, 0.0, 0.0, 0.0], "FOD d proportion": [0.0, 0.0, 0.0, 0.0, 0.0, 0.0, 0.0, 0.0, 0.0, 0.0, 0.0, 0.0, 0.0, 0.0, 0.0, 0.0, 0.0, 0.0, 0.0, 0.0], "coordinates": [["-3.34924912142972", "-0.59650113509635", "0.53691067154161"], ["-2.22929336162806", "0.28319347791733", "-0.00453509681365"], ["-0.85608123818078", "-0.33007954425954", "0.25476961555749"], ["0.26791448418564", "0.54778193547312", "-0.28589844363081"], ["1.62965526084621", "-0.05373028795101", "-0.03238241580398"], ["1.84965959729195", "-1.09550975610385", "0.52400030605504"], ["2.59568571444704", "0.74121161636935", "-0.51914126860274"], ["3.93035463041855", "0.28599957519269", "-0.34397022618972"], ["-3.24116594885193", "-0.73270412632812", "1.61049997989470"], ["-4.31924727287796", "-0.14439452195851", "0.34342766915794"], ["-3.32595063742795", "-1.57605094667762", "0.06492912720963"], ["-2.36614949937859", "0.42361973517201", "-1.07935212066528"], ["-2.28132218259782", "1.26738730585579", "0.46699038918335"], ["-0.79681868206250", "-1.31394554134112", "-0.21383866008217"], ["-0.71228549502154", "-0.47310748655365", "1.32713329330721"], ["0.16170979869668", "0.69510802578912", "-1.36314039989840"], ["0.24628337020338", "1.53634069355748", "0.17855637060233"], ["4.07031842091148", "-0.67772042698046", "-0.83781367301267"], ["4.57030159930984", "1.04175143491476", "-0.79145490686279"], ["4.15568056314609", "0.17135097300859", "0.71824978905290"]], "bond_dist": [[0.0, 1.523590179854156, 2.5231865039270978, 3.882044710637814, 5.040653098523722, 5.222818027365782, 6.184413578387009, 7.385620450820095, 1.0875786086646921, 1.087535045719158, 1.0875786090741593, 2.149287526206432, 2.149287536111195, 2.755585633362499, 2.755586135734203, 4.195864730586383, 4.195865342148914, 7.5462869089537925, 8.195590900685815, 7.546287186814993], [1.523590179854156, 0.0, 1.5261239365039851, 2.5268991689415325, 3.87372915522987, 4.337975278936976, 4.873912515808732, 6.168994040130069, 2.15969265732074, 2.1614386263063716, 2.1596926377082917, 1.092556987496682, 1.092556988494591, 2.1556077416893817, 2.1556077373800835, 2.7807153894279297, 2.78071584033544, 6.426726797436561, 6.8868820662462324, 6.42672690855829], [2.5231865039270978, 1.5261239365039851, 0.0, 1.5252308388315745, 2.5174811107875774, 2.8247835390794958, 3.696119303095723, 4.862922084892451, 2.772857813150376, 3.4692734342878397, 2.7728575506140607, 2.1513366924669586, 2.1513367341303242, 1.0913743934915183, 1.0913743928572408, 2.168995381886013, 2.1689953187265067, 5.058063466081273, 5.694043965912856, 5.058063145919618], [3.882044710637814, 2.5268991689415325, 1.5252308388315745, 0.0, 1.5101077028191954, 2.420384508953959, 2.3474105216781274, 3.672243205565517, 4.189226303357749, 4.6815822741811575, 4.189225776693969, 2.7537752375772055, 2.7537757837073618, 2.1458980697225543, 2.1458980860267323, 1.0924443438687534, 1.0924443224905085, 4.032956999377888, 4.360060560620802, 4.032956611150101], [5.040653098523722, 3.87372915522987, 2.5174811107875774, 1.5101077028191954, 0.0, 1.2013609372303546, 1.342416347228635, 2.346427269838803, 5.185071580618963, 5.961450710945877, 5.185070833016571, 4.158180406056005, 4.158181027583429, 2.740227116331708, 2.7402274909252164, 2.118145300068341, 2.1181451049601527, 2.6447910814645748, 3.2285712226517065, 2.644789993338349], [5.222818027365782, 4.337975278936976, 2.8247835390794958, 2.420384508953959, 1.2013609372303546, 0.0, 2.240143904385798, 2.644093927639933, 5.218104464987433, 6.244408589982628, 5.21810382081671, 4.759363377081442, 4.759363730775414, 2.7560783398367943, 2.756078706492797, 3.1010944209223235, 3.1010939404533326, 2.638259056277999, 3.701378218849148, 2.6382573156481723], [6.184413578387009, 4.873912515808732, 3.696119303095723, 2.3474105216781274, 1.342416347228635, 2.240143904385798, 0.0, 1.4210010597437466, 6.385658682017786, 7.024572700444422, 6.385657452229236, 5.003449759009391, 5.003451062070299, 3.9781863588819717, 3.9781872962886653, 2.5765672576404874, 2.576568186615674, 2.071101606380506, 2.015834019175743, 2.0711015693068395], [7.385620450820095, 6.168994040130069, 4.862922084892451, 3.672243205565517, 2.346427269838803, 2.644093927639933, 1.4210010597437466, 0.0, 7.502560791947231, 8.289371900709027, 7.502559361137022, 6.340795698940918, 6.340797097128053, 4.992286663108506, 4.9922878360942455, 3.925399525524855, 3.9254003626346434, 1.0918916865732318, 1.0867085791064668, 1.0918916790251383], [1.0875786086646921, 2.15969265732074, 2.772857813150376, 4.189226303357749, 5.185071580618963, 5.218104464987433, 6.385658682017786, 7.502560791947231, 0.0, 1.764607540628521, 1.7627284429202925, 3.055821163355349, 2.495852555092388, 3.104977715942568, 2.5579138852227157, 4.739277160424807, 4.4001510937492, 7.710711163018702, 8.362840729849424, 7.505115878369314], [1.087535045719158, 2.1614386263063716, 3.4692734342878397, 4.6815822741811575, 5.961450710945877, 6.244408589982628, 7.024572700444422, 8.289371900709027, 1.764607540628521, 0.0, 1.7646075377553925, 2.482243630162265, 2.4822438133108684, 3.753118506793762, 3.7531190009101736, 4.867865587636148, 4.867866417916345, 8.489085943717921, 9.039855078671208, 8.489086444663517], [1.0875786090741593, 2.1596926377082917, 2.7728575506140607, 4.189225776693969, 5.185070833016571, 5.21810382081671, 6.385657452229236, 7.502559361137022, 1.7627284429202925, 1.7646075377553925, 0.0, 2.4958526868963986, 3.0558211601778886, 2.5579130498101073, 3.104978117438937, 4.400150107687211, 4.739277231595991, 7.505114140992249, 8.362839368843064, 7.710709875070994], [2.149287526206432, 1.092556987496682, 2.1513366924669586, 2.7537752375772055, 4.158180406056005, 4.759363377081442, 5.003449759009391, 6.340795698940918, 3.055821163355349, 2.482243630162265, 2.4958526868963986, 0.0, 1.7636083875891477, 2.4962062925112356, 3.054596193075953, 2.558185745843701, 3.105686269040342, 6.53447857624368, 6.969887047035843, 6.769732603185785], [2.149287536111195, 1.092556988494591, 2.1513367341303242, 2.7537757837073618, 4.158181027583429, 4.759363730775414, 5.003451062070299, 6.340797097128053, 2.495852555092388, 2.4822438133108684, 3.0558211601778886, 1.7636083875891477, 0.0, 3.0545962262536626, 2.4962059339884903, 3.105686323691809, 2.5581868458700336, 6.769733827057797, 6.969888417915928, 6.534480184196642], [2.755585633362499, 2.1556077416893817, 1.0913743934915183, 2.1458980697225543, 2.740227116331708, 2.7560783398367943, 3.9781863588819717, 4.992286663108506, 3.104977715942568, 3.753118506793762, 2.5579130498101073, 2.4962062925112356, 3.0545962262536626, 0.0, 1.7574837282953033, 2.5051881312927096, 3.060419476542328, 4.948045148546121, 5.88973079921352, 5.253774203973946], [2.755586135734203, 2.1556077373800835, 1.0913743928572408, 2.1458980860267323, 2.7402274909252164, 2.756078706492797, 3.9781872962886653, 4.9922878360942455, 2.5579138852227157, 3.7531190009101736, 3.104978117438937, 3.054596193075953, 2.4962059339884903, 1.7574837282953033, 0.0, 3.060419546577565, 2.5051876586995903, 5.253775979147342, 5.889731736085137, 4.948046015481913], [4.195864730586383, 2.7807153894279297, 2.168995381886013, 1.0924443438687534, 2.118145300068341, 3.1010944209223235, 2.5765672576404874, 3.925399525524855, 4.739277160424807, 4.867865587636148, 4.400150107687211, 2.558185745843701, 3.105686323691809, 2.5051881312927096, 3.060419546577565, 0.0, 1.7583099904426556, 4.175864879562804, 4.458998499716185, 4.534127152636621], [4.195865342148914, 2.78071584033544, 2.1689953187265067, 1.0924443224905085, 2.1181451049601527, 3.1010939404533326, 2.576568186615674, 3.9254003626346434, 4.4001510937492, 4.867866417916345, 4.739277231595991, 3.105686269040342, 2.5581868458700336, 3.060419476542328, 2.5051876586995903, 1.7583099904426556, 0.0, 4.534128227132508, 4.458999221666139, 4.175865459436084], [7.5462869089537925, 6.426726797436561, 5.058063466081273, 4.032956999377888, 2.6447910814645748, 2.638259056277999, 2.071101606380506, 1.0918916865732318, 7.710711163018702, 8.489085943717921, 7.505114140992249, 6.53447857624368, 6.769733827057797, 4.948045148546121, 5.253775979147342, 4.175864879562804, 4.534128227132508, 0.0, 1.7912888649599985, 1.7746950260768004], [8.195590900685815, 6.8868820662462324, 5.694043965912856, 4.360060560620802, 3.2285712226517065, 3.701378218849148, 2.015834019175743, 1.0867085791064668, 8.362840729849424, 9.039855078671208, 8.362839368843064, 6.969887047035843, 6.969888417915928, 5.88973079921352, 5.889731736085137, 4.458998499716185, 4.458999221666139, 1.7912888649599985, 0.0, 1.7912888758058714], [7.546287186814993, 6.42672690855829, 5.058063145919618, 4.032956611150101, 2.644789993338349, 2.6382573156481723, 2.0711015693068395, 1.0918916790251383, 7.505115878369314, 8.489086444663517, 7.710709875070994, 6.769732603185785, 6.534480184196642, 5.253774203973946, 4.948046015481913, 4.534127152636621, 4.175865459436084, 1.7746950260768004, 1.7912888758058714, 0.0]]}