{"total energy": -27.22372103, "HOMO-LUMO gap/eV": 11.91006764, "electronic energy": -27.581331, "dipole": [0.02794683, 0.08516586, 0.66261489], "partial charges": [-0.1025568, -0.0526311, -0.05957455, -0.07326167, 0.14803669, -0.11417976, -0.12114112, -0.45099453, 0.03440913, 0.0334865, 0.03213449, 0.02737234, 0.02608254, 0.03448164, 0.04390026, 0.03002644, 0.02511459, 0.05499926, 0.03710715, 0.049311, 0.03062051, 0.04695424, 0.03768668, 0.28261609], "atomic dipole moments": [[-0.07972402, 0.01383866, 0.05341004], [0.00461442, -0.02772737, -0.1072133], [-0.00830514, 0.02571147, 0.11938259], [-0.00052447, -0.01048341, -0.10143699], [0.00875315, 0.11571643, -0.08960353], [0.01294729, 0.08433419, 0.06580515], [0.07684749, -0.01441939, -0.04588027], [-0.0022655, -0.04961433, 0.22556415], [0.00469419, 0.07776079, -0.09604805], [0.00546526, -0.11537366, -0.04391832], [0.09965394, 0.01927792, 0.07054914], [-0.00121395, -0.07660632, 0.09495314], [8.03e-05, 0.113262, 0.0448253], [0.00309383, -0.11497317, -0.04519025], [-0.00108041, 0.07892357, -0.09627195], [-0.01237538, -0.09066706, 0.08336107], [0.00900109, 0.10286988, 0.0628966], [0.09105981, -0.00708424, -0.08871889], [0.00327246, -0.09806018, 0.07708344], [-0.11048786, 0.00597848, -0.05954888], [0.01357974, 0.10246486, 0.06914389], [-0.10321066, 0.01373799, -0.07180435], [-0.01649725, -0.09751881, 0.07808136], [0.0073359, 0.06141753, 0.0432869]], "atomic quadrupole moments": [[0.13518554, -0.03986021, -0.11927323, -0.15120983, 0.03050371, -0.0159123], [0.22156374, -0.00369319, -0.21857691, -0.00171696, 0.06450001, -0.00298683], [0.23052841, 0.00542325, -0.23744312, 0.00216873, 0.07362749, 0.00691471], [0.20535133, -0.04150107, -0.21365793, 0.0110636, 0.02003483, 0.0083066], [-0.12813254, 0.02711456, 0.08979495, -0.02181987, -0.1707723, 0.03833759], [-0.11927079, 0.03574851, 0.1514872, 0.02392694, 0.16239513, -0.03221641], [0.10040403, -0.03810374, -0.10169459, -0.16437367, 0.03259369, 0.00129057], [-0.11199557, 0.01857684, 0.06073369, -0.00962674, -0.10315687, 0.05126189], [-0.03702787, -0.01144682, 0.01036367, -0.0049674, -0.0651624, 0.0266642], [-0.03719596, 0.00706654, 0.07113057, -0.01033695, 0.03942031, -0.03393461], [0.03692723, 0.01502875, -0.05049082, 0.0551302, 0.01902086, 0.01356359], [-0.01830815, 0.00051018, 0.00832482, -0.00016667, -0.0491051, 0.00998333], [-0.01787927, -0.0013693, 0.05105807, 0.00036119, 0.02614721, -0.03317879], [-0.01793369, 0.0023018, 0.04738513, 1.002e-05, 0.0272653, -0.02945144], [-0.01602839, 0.00326485, 0.0080843, 0.0003458, -0.04844065, 0.00794409], [-0.02121967, -0.00117237, 0.02545821, -0.00994603, -0.04913712, -0.00423854], [-0.00944037, 0.00602055, 0.04029737, -0.00067553, 0.0453741, -0.03085699], [0.03202572, 0.00060514, -0.03993832, -0.06178875, 0.01381247, 0.00791261], [-0.05423372, -0.00023042, 0.03969748, 0.0067317, -0.06198227, 0.01453624], [0.05812144, -0.0108529, -0.03883779, 0.05147641, 0.00916144, -0.01928365], [-0.02866121, 0.02128242, 0.04565306, 0.00860174, 0.06211852, -0.01699185], [0.03956813, -0.01368211, -0.04927355, 0.0564282, -0.0021311, 0.00970542], [-0.04168087, 0.00345556, 0.03936168, -0.01474587, -0.06349645, 0.00231919], [-0.09079252, 0.0237882, 0.10418686, 0.00962993, 0.07624901, -0.01339435]], "number of molecular orbitals": 48, "number of electrons": 50, "number of unpaired electrons": 0, "orbital energies/eV": [-18.47620632, -17.18120469, -16.83404806, -16.3989979, -16.29202059, -15.67545877, -15.46944559, -15.06465325, -14.50245434, -14.18732662, -14.0002115, -13.81856094, -13.42121138, -13.05737558, -12.83861126, -12.70318648, -12.5553406, -12.46109141, -12.24319302, -11.96797448, -11.90262306, -11.85011423, -11.52840446, -11.38292711, -10.84939398, 1.06067365, 1.62941054, 2.35979756, 2.66070343, 3.25985507, 3.54921396, 3.91608425, 4.20380897, 4.33396077, 4.71945191, 5.09570258, 5.29884518, 5.62022983, 5.76085804, 6.04104742, 6.50194566, 6.59839694, 6.82456002, 7.19941074, 7.42373625, 7.48071934, 7.90036294, 8.67622907], "fractional occupation": [2.0, 2.0, 2.0, 2.0, 2.0, 2.0, 2.0, 2.0, 2.0, 2.0, 2.0, 2.0, 2.0, 2.0, 2.0, 2.0, 2.0, 2.0, 2.0, 2.0, 2.0, 2.0, 2.0, 2.0, 2.0, 0.0, 0.0, 0.0, 0.0, 0.0, 0.0, 0.0, 0.0, 0.0, 0.0, 0.0, 0.0, 0.0, 0.0, 0.0, 0.0, 0.0, 0.0, 0.0, 0.0, 0.0, 0.0, 0.0], "program call": "xtb /tmp/scratch/tmpwtf23gp3/18686_0_xyzopt.xyz --pop --wbo --acc 0.2 --gfn 2 --chrg 0 --uhf 0 --etemp 300 --input /tmp/scratch/tmpwtf23gp3/18686_0_xtb.inp", "method": "GFN2-xTB", "xtb version": "6.3.3 (7355c4f)", "Dipole module/D": 1.7, "Total charge": 0, "Transition dipole module/D": NaN, "HOMO": -10.8494, "LUMO": 1.0607, "HOMO occupancy": 2.0, "LUMO occupancy": 0, "mulliken charges": [-0.08546, -0.04032, -0.04334, -0.07756, 0.25166, -0.09953, -0.11925, -0.56794, 0.02865, 0.02773, 0.02857, 0.02068, 0.02049, 0.02301, 0.03379, 0.02514, 0.02302, 0.04546, 0.02469, 0.04089, 0.02897, 0.04253, 0.03188, 0.33624], "cm5 charges": [-0.23809, -0.15384, -0.15467, -0.18353, 0.23922, -0.24584, -0.26626, -0.7798, 0.08082, 0.07988, 0.08011, 0.07586, 0.07563, 0.08003, 0.09355, 0.08218, 0.08149, 0.10207, 0.07846, 0.0962, 0.08321, 0.09755, 0.08539, 0.5104], "FUKUI+": [0.008, -0.015, -0.016, -0.009, -0.048, 0.028, 0.022, -0.089, -0.036, -0.037, -0.065, -0.044, -0.042, -0.048, -0.043, -0.076, -0.055, -0.041, -0.069, -0.052, -0.046, -0.069, -0.069, -0.089], "FUKUI-": [0.015, 0.001, 0.003, -0.007, -0.022, 0.023, 0.003, -0.105, -0.062, -0.063, -0.074, -0.074, -0.071, -0.056, -0.049, -0.056, -0.047, -0.045, -0.042, -0.066, -0.045, -0.06, -0.053, -0.048], "FUKUIrad": [0.011, -0.007, -0.006, -0.008, -0.035, 0.025, 0.013, -0.097, -0.049, -0.05, -0.069, -0.059, -0.057, -0.052, -0.046, -0.066, -0.051, -0.043, -0.055, -0.059, -0.046, -0.065, -0.061, -0.068], "s proportion": [1.005, 1.027, 1.029, 1.043, 1.042, 1.012, 1.021, 1.696, 0.971, 0.972, 0.971, 0.979, 0.98, 0.977, 0.966, 0.975, 0.977, 0.955, 0.975, 0.959, 0.971, 0.957, 0.968, 0.664], "p proportion": [3.08, 3.014, 3.015, 3.035, 2.706, 3.087, 3.098, 4.871, 0.0, 0.0, 0.0, 0.0, 0.0, 0.0, 0.0, 0.0, 0.0, 0.0, 0.0, 0.0, 0.0, 0.0, 0.0, 0.0], "d proportion": [0.0, 0.0, 0.0, 0.0, 0.0, 0.0, 0.0, 0.0, 0.0, 0.0, 0.0, 0.0, 0.0, 0.0, 0.0, 0.0, 0.0, 0.0, 0.0, 0.0, 0.0, 0.0, 0.0, 0.0], "Fermi-level/eV": -4.8944, "Coordination numbers": [3.752, 3.801, 3.802, 3.805, 3.773, 3.757, 3.756, 1.656, 0.925, 0.925, 0.925, 0.924, 0.924, 0.924, 0.924, 0.924, 0.924, 0.925, 0.925, 0.925, 0.925, 0.925, 0.925, 0.805], "Dispersion coefficient C6": [22.519, 21.519, 21.645, 21.897, 18.229, 22.738, 22.876, 21.864, 2.525, 2.537, 2.556, 2.624, 2.643, 2.524, 2.398, 2.586, 2.657, 2.258, 2.488, 2.328, 2.578, 2.358, 2.48, 0.776], "Total dispersion C6": 3806.114563, "Total dispersion C8": 78982.05043, "Polarizability alpha": [6.767, 6.605, 6.624, 6.662, 6.084, 6.799, 6.82, 6.312, 2.485, 2.491, 2.5, 2.533, 2.542, 2.484, 2.421, 2.515, 2.549, 2.35, 2.466, 2.386, 2.511, 2.401, 2.463, 1.383], "Total polarizability alpha": 91.154044, "Wiberg matrix": [[0.0, 1.0190551875040141, 0.0, 0.0, 0.0, 0.0, 0.0, 0.0, 0.9879398884824518, 0.9879804820116819, 0.9875600977943311, 0.0, 0.0, 0.0, 0.0, 0.0, 0.0, 0.0, 0.0, 0.0, 0.0, 0.0, 0.0, 0.0], [1.0190551875040141, 0.0, 1.007267752041901, 0.0, 0.0, 0.0, 0.0, 0.0, 0.0, 0.0, 0.0, 0.9788085258865433, 0.9785069308267725, 0.0, 0.0, 0.0, 0.0, 0.0, 0.0, 0.0, 0.0, 0.0, 0.0, 0.0], [0.0, 1.007267752041901, 0.0, 1.0078956513780575, 0.0, 0.0, 0.0, 0.0, 0.0, 0.0, 0.0, 0.0, 0.0, 0.9763196132660347, 0.974860568873262, 0.0, 0.0, 0.0, 0.0, 0.0, 0.0, 0.0, 0.0, 0.0], [0.0, 0.0, 1.0078956513780575, 0.0, 0.9740653021089877, 0.0, 0.0, 0.0, 0.0, 0.0, 0.0, 0.0, 0.0, 0.0, 0.0, 0.9769189360640025, 0.9741251680193692, 0.0, 0.0, 0.0, 0.0, 0.0, 0.0, 0.0], [0.0, 0.0, 0.0, 0.9740653021089877, 0.0, 0.9956970011132439, 0.9884576823550648, 0.9759548937961247, 0.0, 0.0, 0.0, 0.0, 0.0, 0.0, 0.0, 0.0, 0.0, 0.0, 0.0, 0.0, 0.0, 0.0, 0.0, 0.0], [0.0, 0.0, 0.0, 0.0, 0.9956970011132439, 0.0, 0.0, 0.0, 0.0, 0.0, 0.0, 0.0, 0.0, 0.0, 0.0, 0.0, 0.0, 0.9825458957636483, 0.9865351886156022, 0.9845310985759033, 0.0, 0.0, 0.0, 0.0], [0.0, 0.0, 0.0, 0.0, 0.9884576823550648, 0.0, 0.0, 0.0, 0.0, 0.0, 0.0, 0.0, 0.0, 0.0, 0.0, 0.0, 0.0, 0.0, 0.0, 0.0, 0.9851691932570424, 0.985036322229014, 0.9860944178984883, 0.0], [0.0, 0.0, 0.0, 0.0, 0.9759548937961247, 0.0, 0.0, 0.0, 0.0, 0.0, 0.0, 0.0, 0.0, 0.0, 0.0, 0.0, 0.0, 0.0, 0.0, 0.0, 0.0, 0.0, 0.0, 0.9015636689731812], [0.9879398884824518, 0.0, 0.0, 0.0, 0.0, 0.0, 0.0, 0.0, 0.0, 0.0, 0.0, 0.0, 0.0, 0.0, 0.0, 0.0, 0.0, 0.0, 0.0, 0.0, 0.0, 0.0, 0.0, 0.0], [0.9879804820116819, 0.0, 0.0, 0.0, 0.0, 0.0, 0.0, 0.0, 0.0, 0.0, 0.0, 0.0, 0.0, 0.0, 0.0, 0.0, 0.0, 0.0, 0.0, 0.0, 0.0, 0.0, 0.0, 0.0], [0.9875600977943311, 0.0, 0.0, 0.0, 0.0, 0.0, 0.0, 0.0, 0.0, 0.0, 0.0, 0.0, 0.0, 0.0, 0.0, 0.0, 0.0, 0.0, 0.0, 0.0, 0.0, 0.0, 0.0, 0.0], [0.0, 0.9788085258865433, 0.0, 0.0, 0.0, 0.0, 0.0, 0.0, 0.0, 0.0, 0.0, 0.0, 0.0, 0.0, 0.0, 0.0, 0.0, 0.0, 0.0, 0.0, 0.0, 0.0, 0.0, 0.0], [0.0, 0.9785069308267725, 0.0, 0.0, 0.0, 0.0, 0.0, 0.0, 0.0, 0.0, 0.0, 0.0, 0.0, 0.0, 0.0, 0.0, 0.0, 0.0, 0.0, 0.0, 0.0, 0.0, 0.0, 0.0], [0.0, 0.0, 0.9763196132660347, 0.0, 0.0, 0.0, 0.0, 0.0, 0.0, 0.0, 0.0, 0.0, 0.0, 0.0, 0.0, 0.0, 0.0, 0.0, 0.0, 0.0, 0.0, 0.0, 0.0, 0.0], [0.0, 0.0, 0.974860568873262, 0.0, 0.0, 0.0, 0.0, 0.0, 0.0, 0.0, 0.0, 0.0, 0.0, 0.0, 0.0, 0.0, 0.0, 0.0, 0.0, 0.0, 0.0, 0.0, 0.0, 0.0], [0.0, 0.0, 0.0, 0.9769189360640025, 0.0, 0.0, 0.0, 0.0, 0.0, 0.0, 0.0, 0.0, 0.0, 0.0, 0.0, 0.0, 0.0, 0.0, 0.0, 0.0, 0.0, 0.0, 0.0, 0.0], [0.0, 0.0, 0.0, 0.9741251680193692, 0.0, 0.0, 0.0, 0.0, 0.0, 0.0, 0.0, 0.0, 0.0, 0.0, 0.0, 0.0, 0.0, 0.0, 0.0, 0.0, 0.0, 0.0, 0.0, 0.0], [0.0, 0.0, 0.0, 0.0, 0.0, 0.9825458957636483, 0.0, 0.0, 0.0, 0.0, 0.0, 0.0, 0.0, 0.0, 0.0, 0.0, 0.0, 0.0, 0.0, 0.0, 0.0, 0.0, 0.0, 0.0], [0.0, 0.0, 0.0, 0.0, 0.0, 0.9865351886156022, 0.0, 0.0, 0.0, 0.0, 0.0, 0.0, 0.0, 0.0, 0.0, 0.0, 0.0, 0.0, 0.0, 0.0, 0.0, 0.0, 0.0, 0.0], [0.0, 0.0, 0.0, 0.0, 0.0, 0.9845310985759033, 0.0, 0.0, 0.0, 0.0, 0.0, 0.0, 0.0, 0.0, 0.0, 0.0, 0.0, 0.0, 0.0, 0.0, 0.0, 0.0, 0.0, 0.0], [0.0, 0.0, 0.0, 0.0, 0.0, 0.0, 0.9851691932570424, 0.0, 0.0, 0.0, 0.0, 0.0, 0.0, 0.0, 0.0, 0.0, 0.0, 0.0, 0.0, 0.0, 0.0, 0.0, 0.0, 0.0], [0.0, 0.0, 0.0, 0.0, 0.0, 0.0, 0.985036322229014, 0.0, 0.0, 0.0, 0.0, 0.0, 0.0, 0.0, 0.0, 0.0, 0.0, 0.0, 0.0, 0.0, 0.0, 0.0, 0.0, 0.0], [0.0, 0.0, 0.0, 0.0, 0.0, 0.0, 0.9860944178984883, 0.0, 0.0, 0.0, 0.0, 0.0, 0.0, 0.0, 0.0, 0.0, 0.0, 0.0, 0.0, 0.0, 0.0, 0.0, 0.0, 0.0], [0.0, 0.0, 0.0, 0.0, 0.0, 0.0, 0.0, 0.9015636689731812, 0.0, 0.0, 0.0, 0.0, 0.0, 0.0, 0.0, 0.0, 0.0, 0.0, 0.0, 0.0, 0.0, 0.0, 0.0, 0.0]], "Born radii": [], "Atomic SASAs": [], "Solvent H bonds": [], "Total SASA": NaN, "Total FOD": 0.0, "FOD": [0.0, 0.0, 0.0, 0.0, 0.0, 0.0, 0.0, 0.0, 0.0, 0.0, 0.0, 0.0, 0.0, 0.0, 0.0, 0.0, 0.0, 0.0, 0.0, 0.0, 0.0, 0.0, 0.0, 0.0], "FOD s proportion": [0.0, 0.0, 0.0, 0.0, 0.0, 0.0, 0.0, 0.0, 0.0, 0.0, 0.0, 0.0, 0.0, 0.0, 0.0, 0.0, 0.0, 0.0, 0.0, 0.0, 0.0, 0.0, 0.0, 0.0], "FOD p proportion": [0.0, 0.0, 0.0, 0.0, 0.0, 0.0, 0.0, 0.0, 0.0, 0.0, 0.0, 0.0, 0.0, 0.0, 0.0, 0.0, 0.0, 0.0, 0.0, 0.0, 0.0, 0.0, 0.0, 0.0], "FOD d proportion": [0.0, 0.0, 0.0, 0.0, 0.0, 0.0, 0.0, 0.0, 0.0, 0.0, 0.0, 0.0, 0.0, 0.0, 0.0, 0.0, 0.0, 0.0, 0.0, 0.0, 0.0, 0.0, 0.0, 0.0], "coordinates": [["3.50645849323990", "-0.06736783138099", "-0.17780599060009"], ["2.22840802464174", "0.14496824933590", "0.62419047489062"], ["0.98289232848843", "-0.08105220058439", "-0.22960468329608"], ["-0.30175140054866", "0.11228873201385", "0.57374889018930"], ["-1.57280315466178", "0.16129705599159", "-0.29876007602441"], ["-1.76376183589321", "-1.13030419842618", "-1.09307470323251"], ["-2.79088215111733", "0.40123917501598", "0.60418850806806"], ["-1.47116111801197", "1.20289048941175", "-1.25778312353332"], ["3.54451706688921", "0.61878179297458", "-1.02139958590170"], ["3.55034245906662", "-1.08399834958686", "-0.56309136225047"], ["4.38318570964190", "0.10240855451877", "0.44329834690452"], ["2.21368817756017", "-0.54320665572484", "1.47320861665402"], ["2.21775673771899", "1.16215728003114", "1.02429089968073"], ["1.01261363914655", "-1.09259443389669", "-0.63712367183791"], ["0.98434201706410", "0.61769545237158", "-1.06907456385141"], ["-0.40571536754306", "-0.68927166458438", "1.30711849816687"], ["-0.23101397790744", "1.05561768007942", "1.12550642917749"], ["-0.98224439160791", "-1.22191582966609", "-1.84071876969453"], ["-1.73746037206829", "-1.99148778409013", "-0.43172750798549"], ["-2.72097851678241", "-1.10266229457905", "-1.60692060488737"], ["-2.65859049535448", "1.30585676113044", "1.19674202412191"], ["-3.68368173237608", "0.51611534711936", "-0.00641783308474"], ["-2.93425925786734", "-0.43706182779053", "1.28036095920724"], ["-1.36990188171772", "2.03960450031580", "-0.79068617088080"]], "bond_dist": [[0.0, 1.5237118960347382, 2.5241348130406887, 3.8858170073690133, 5.085844709519042, 5.453693505718757, 6.362987279058879, 5.249438427443557, 1.088071650244324, 1.088075471009244, 1.0877707622731108, 2.1502388028361055, 2.1488418154667652, 2.735200993545347, 2.7612936989405403, 4.230469173990792, 4.114416142672091, 4.924095204162971, 5.591547084245993, 6.472648215382453, 6.463973782281529, 7.2158120114198105, 6.614058485825445, 5.347321294664605], [1.5237118960347382, 0.0, 1.526879420677837, 2.5308731736693955, 3.91168899313624, 4.529099215448807, 5.025867958322942, 4.283437396821315, 2.1597705742507625, 2.1604415546344047, 2.1627760312535633, 1.0929927625089015, 1.0930998691780451, 2.1449081004716715, 2.153675400594564, 2.8462173079736695, 2.670085515177196, 4.272287280537227, 4.62682605133876, 5.570535500366921, 5.055515003220636, 5.957199199398629, 5.236645126897353, 4.305735317977776], [2.5241348130406887, 1.526879420677837, 0.0, 1.5274381135758028, 2.568091710414705, 3.0644117427361177, 3.8947644190460893, 2.954325312900341, 2.7710337577734063, 2.7764932047179367, 3.4710879295448955, 2.151282942103465, 2.1546958149319893, 1.0909503985534028, 1.092227112128253, 2.15862928413193, 2.145206998279024, 2.7855018844409316, 3.3303057773140865, 4.081586158648126, 4.14950341055288, 4.7099187801565385, 4.213171684929709, 3.216774451894746], [3.8858170073690133, 2.5308731736693955, 1.5274381135758028, 0.0, 1.5424805585732557, 2.541616138488166, 2.50603089012771, 2.431345470686517, 4.194617384837819, 4.190720182075846, 4.686763348899889, 2.7506614248204033, 2.7664297079863474, 2.1553448129099753, 2.146704714895804, 1.0913929437801488, 1.0951299781536077, 2.8412720045629603, 2.738269283306355, 3.476217093867664, 2.7142983630878814, 3.4550140565844933, 2.780500723338116, 2.591751252926175], [5.085844709519042, 3.91168899313624, 2.568091710414705, 1.5424805585732557, 0.0, 1.5282783599030467, 1.535123710846351, 1.419497513140335, 5.18830091607096, 5.278944274710358, 6.002326374861243, 4.239541854569511, 4.137696142795473, 2.8932877128091214, 2.709368069431575, 2.159723835658284, 2.151451289563389, 2.153990286109486, 2.16316317112049, 2.1510889966133, 2.173816367446457, 2.1603630196286394, 2.1691517509542133, 1.9522292551764313], [5.453693505718757, 4.529099215448807, 3.0644117427361177, 2.541616138488166, 1.5282783599030467, 0.0, 2.506252911243199, 2.357231744054398, 5.589477975400181, 5.340667657799512, 6.45484213656853, 4.769759135647635, 5.058765351212665, 2.813818428359037, 3.2570160534633863, 2.7927991890125288, 3.471263847098785, 1.0854187472199517, 1.086144119294236, 1.0867683560300818, 3.4610488577211957, 2.752746425354963, 2.735661902178965, 3.208564421413573], [6.362987279058879, 5.025867958322942, 3.8947644190460893, 2.50603089012771, 1.535123710846351, 2.506252911243199, 0.0, 2.4189350532789113, 6.5442451584122665, 6.616615627111931, 7.182091273054422, 5.16651701352175, 5.083497408354023, 4.270711299731582, 4.135091310706113, 2.7152062624655655, 2.6931224753010885, 3.447227046657093, 2.8121098374217666, 2.6749971322859154, 1.089474060581439, 1.0877167513047385, 1.0865149560525942, 2.5785851227253405], [5.249438427443557, 4.283437396821315, 2.954325312900341, 2.431345470686517, 1.419497513140335, 2.357231744054398, 2.4189350532789113, 0.0, 5.05510512260728, 5.561290801580489, 6.195007299152576, 4.907676176797336, 4.33792991968583, 3.4385471106868764, 2.531315823488265, 3.360680376532079, 2.6906733918368047, 2.5413656206777633, 3.3101866604332013, 2.645659492626231, 2.7286048229378315, 2.6330253806593533, 3.357420908122229, 0.9635991553313588], [1.088071650244324, 2.1597705742507625, 2.7710337577734063, 4.194617384837819, 5.18830091607096, 5.589477975400181, 6.5442451584122665, 5.05510512260728, 0.0, 1.7633889465917394, 1.7650344042246866, 3.056859952932409, 2.498079152828489, 3.0800992736346564, 2.560619137905014, 4.768368337461674, 4.365165025525285, 4.954898683632284, 5.921191272884167, 6.52400486812019, 6.62350116197992, 7.299834672056355, 6.9561088278402154, 5.120886588081588], [1.088075471009244, 2.1604415546344047, 2.7764932047179367, 4.190720182075846, 5.278944274710358, 5.340667657799512, 6.616615627111931, 5.561290801580489, 1.7633889465917394, 0.0, 1.764655623296333, 2.4951188205185946, 3.056269337394535, 2.5388230026886913, 3.120278683752981, 4.393618964513764, 4.661327682009219, 4.71123089887041, 5.366717089329452, 6.3576249191620775, 6.881807134067969, 7.429761453965994, 6.772510815937071, 5.832452188732954], [1.0877707622731108, 2.1627760312535633, 3.4710879295448955, 4.686763348899889, 6.002326374861243, 6.45484213656853, 7.182091273054422, 6.195007299152576, 1.7650344042246866, 1.764655623296333, 0.0, 2.486815977337709, 2.479859338762911, 3.7357863915524745, 3.7556531861798725, 4.930163927306007, 4.760761941239143, 5.979833562471583, 6.527815912012229, 7.49164486996273, 7.183493375927127, 8.089978262015151, 7.384896950048138, 6.1946317692339345], [2.1502388028361055, 1.0929927625089015, 2.151282942103465, 2.7506614248204033, 4.239541854569511, 4.769759135647635, 5.16651701352175, 4.907676176797336, 3.056859952932409, 2.4951188205185946, 2.486815977337709, 0.0, 1.76346528833754, 2.489560070671459, 3.0532260736457015, 2.6287251370905214, 2.9417179839141405, 4.653680892739878, 4.619293747637913, 5.843896133359393, 5.218675000694887, 6.171744436631986, 5.152651719396974, 4.963693261045713], [2.1488418154667652, 1.0930998691780451, 2.1546958149319893, 2.7664297079863474, 4.137696142795473, 5.058765351212665, 5.083497408354023, 4.33792991968583, 2.498079152828489, 3.056269337394535, 2.479859338762911, 1.76346528833754, 0.0, 3.0490282973353553, 2.4899657665951356, 3.2234122408580737, 2.453176163156401, 4.912442592609972, 5.263953759245361, 6.036869023041995, 4.881511166502902, 6.025504683194382, 5.400587231865185, 4.1152581645223565], [2.735200993545347, 2.1449081004716715, 1.0909503985534028, 2.1553448129099753, 2.8932877128091214, 2.813818428359037, 4.270711299731582, 3.4385471106868764, 3.0800992736346564, 2.5388230026886913, 3.7357863915524745, 2.489560070671459, 3.0490282973353553, 0.0, 1.7642200409240234, 2.4401647573653262, 3.0443866064510683, 2.3334146107911886, 2.900535106890892, 3.857501502266087, 4.753248502121756, 5.004091049447335, 4.436696515781252, 3.9383539469876627], [2.7612936989405403, 2.153675400594564, 1.092227112128253, 2.146704714895804, 2.709368069431575, 3.2570160534633863, 4.135091310706113, 2.531315823488265, 2.560619137905014, 3.120278683752981, 3.7556531861798725, 3.0532260736457015, 2.4899657665951356, 1.7642200409240234, 0.0, 3.047411367913574, 2.546576487560814, 2.801261600098251, 3.823905945043699, 4.12047441442071, 4.344933611373609, 4.788528330349974, 4.689114644467455, 2.764378731816214], [4.230469173990792, 2.8462173079736695, 2.15862928413193, 1.0913929437801488, 2.159723835658284, 2.7927991890125288, 2.7152062624655655, 3.360680376532079, 4.768368337461674, 4.393618964513764, 4.930163927306007, 2.6287251370905214, 3.2234122408580737, 2.4401647573653262, 3.047411367913574, 0.0, 1.7629924402176218, 3.2442217845150294, 2.5481163654924655, 3.7447241764010153, 3.011339692334496, 3.731407111329266, 2.5412319793680784, 3.574521672469591], [4.114416142672091, 2.670085515177196, 2.145206998279024, 1.0951299781536077, 2.151451289563389, 3.471263847098785, 2.6931224753010885, 2.6906733918368047, 4.365165025525285, 4.661327682009219, 4.760761941239143, 2.9417179839141405, 2.453176163156401, 3.0443866064510683, 2.546576487560814, 1.7629924402176218, 0.0, 3.8144459562177087, 3.738878171765466, 4.280683747995768, 2.441479439956979, 3.673313208197031, 3.0918614267639954, 2.436614413558786], [4.924095204162971, 4.272287280537227, 2.7855018844409316, 2.8412720045629603, 2.153990286109486, 1.0854187472199517, 3.447227046657093, 2.5413656206777633, 4.954898683632284, 4.71123089887041, 5.979833562471583, 4.653680892739878, 4.912442592609972, 2.3334146107911886, 2.801261600098251, 3.2442217845150294, 3.8144459562177087, 0.0, 1.7742177278313962, 1.7584309328330998, 4.292544537252992, 3.699077723382191, 3.763973501038423, 3.4482403702605953], [5.591547084245993, 4.62682605133876, 3.3303057773140865, 2.738269283306355, 2.16316317112049, 1.086144119294236, 2.8121098374217666, 3.3101866604332013, 5.921191272884167, 5.366717089329452, 6.527815912012229, 4.619293747637913, 5.263953759245361, 2.900535106890892, 3.823905945043699, 2.5481163654924655, 3.738878171765466, 1.7742177278313962, 0.0, 1.7715522873436016, 3.791157444755252, 3.202614457991178, 2.603807701456105, 4.063699739263889], [6.472648215382453, 5.570535500366921, 4.081586158648126, 3.476217093867664, 2.1510889966133, 1.0867683560300818, 2.6749971322859154, 2.645659492626231, 6.52400486812019, 6.3576249191620775, 7.49164486996273, 5.843896133359393, 6.036869023041995, 3.857501502266087, 4.12047441442071, 3.7447241764010153, 4.280683747995768, 1.7584309328330998, 1.7715522873436016, 0.0, 3.6966715358869324, 2.471608313856579, 2.970674584377671, 3.5164594886582305], [6.463973782281529, 5.055515003220636, 4.14950341055288, 2.7142983630878814, 2.173816367446457, 3.4610488577211957, 1.089474060581439, 2.7286048229378315, 6.62350116197992, 6.881807134067969, 7.183493375927127, 5.218675000694887, 4.881511166502902, 4.753248502121756, 4.344933611373609, 3.011339692334496, 2.441479439956979, 4.292544537252992, 3.791157444755252, 3.6966715358869324, 0.0, 1.7669457227702896, 1.7665646324254431, 2.479712668429226], [7.2158120114198105, 5.957199199398629, 4.7099187801565385, 3.4550140565844933, 2.1603630196286394, 2.752746425354963, 1.0877167513047385, 2.6330253806593533, 7.299834672056355, 7.429761453965994, 8.089978262015151, 6.171744436631986, 6.025504683194382, 5.004091049447335, 4.788528330349974, 3.731407111329266, 3.673313208197031, 3.699077723382191, 3.202614457991178, 2.471608313856579, 1.7669457227702896, 0.0, 1.7680442393674456, 2.8791792620275007], [6.614058485825445, 5.236645126897353, 4.213171684929709, 2.780500723338116, 2.1691517509542133, 2.735661902178965, 1.0865149560525942, 3.357420908122229, 6.9561088278402154, 6.772510815937071, 7.384896950048138, 5.152651719396974, 5.400587231865185, 4.436696515781252, 4.689114644467455, 2.5412319793680784, 3.0918614267639954, 3.763973501038423, 2.603807701456105, 2.970674584377671, 1.7665646324254431, 1.7680442393674456, 0.0, 3.5875237025189564], [5.347321294664605, 4.305735317977776, 3.216774451894746, 2.591751252926175, 1.9522292551764313, 3.208564421413573, 2.5785851227253405, 0.9635991553313588, 5.120886588081588, 5.832452188732954, 6.1946317692339345, 4.963693261045713, 4.1152581645223565, 3.9383539469876627, 2.764378731816214, 3.574521672469591, 2.436614413558786, 3.4482403702605953, 4.063699739263889, 3.5164594886582305, 2.479712668429226, 2.8791792620275007, 3.5875237025189564, 0.0]]}