{"total energy": -24.05070592, "HOMO-LUMO gap/eV": 11.94193463, "electronic energy": -24.35925203, "dipole": [0.08009776, 0.66051481, 0.03216827], "partial charges": [-0.10727165, -0.00972465, -0.10805485, -0.0657085, -0.06446247, 0.08902479, -0.44335184, 0.03566753, 0.03528713, 0.03194288, 0.02911688, 0.03547455, 0.03476433, 0.03674211, 0.03278484, 0.02999779, 0.05115833, 0.04664872, 0.01257113, 0.01327419, 0.28411876], "atomic dipole moments": [[0.06792952, -0.06848134, -0.01897618], [-0.00127762, 0.06692757, -0.07613005], [0.03041857, 0.04874248, 0.08116966], [-0.00277297, -0.11269177, 0.00468265], [0.0276859, 0.12926074, 0.00702902], [0.09159776, -0.18417754, -0.02398507], [-0.04239741, 0.23889762, 0.02461478], [-0.1102631, -0.05149034, 0.02069572], [-0.01233859, 0.08050043, -0.09283174], [0.0324483, 0.06304218, 0.10106682], [0.00790139, -0.07743738, 0.09501367], [-0.00432608, 0.0726175, -0.10004293], [-0.11297964, -0.04576181, 0.01782723], [0.07623432, -0.09558863, -0.0228913], [-0.0043086, 0.0718881, -0.09899802], [0.02282751, 0.07200663, 0.09425287], [-0.00895489, -0.06703739, -0.10493646], [0.00380073, -0.07943126, 0.09610718], [0.02052828, 0.058226, 0.10015118], [0.00288193, 0.07474188, -0.09064303], [0.06441509, 0.04194242, -0.00217613]], "atomic quadrupole moments": [[0.05229438, -0.15986515, 0.05516034, -0.04389853, 0.0639974, -0.10745472], [0.10331868, 0.01745454, -0.00955102, -0.01546167, 0.15070901, -0.09376766], [-0.07137857, 0.04860761, -0.03700257, 0.07686825, 0.14794564, 0.10838114], [0.20729694, -0.03890504, 0.01513825, -0.07146004, 0.00947215, -0.22243519], [0.24709395, 0.00694704, 0.01939111, -0.03540402, 0.01688731, -0.26648506], [0.26094183, -0.21960467, 0.08558563, -0.07587264, 0.05984347, -0.34652745], [0.0521198, -0.1097009, 0.06810031, -0.02520193, 0.02683989, -0.12022011], [0.05418079, 0.04885469, -0.00313504, -0.02075865, -0.00691868, -0.05104575], [-0.04292173, -0.01197095, 0.00423481, -0.00276634, -0.06170397, 0.03868692], [-0.02413747, 0.00949869, -0.0159451, 0.03853317, 0.05324683, 0.04008257], [-0.01859582, -0.00296073, 0.00488245, 0.00288295, -0.02305233, 0.01371336], [-0.05246069, 0.00579673, 0.01687931, 0.00428455, -0.0591045, 0.03558138], [0.06239078, 0.04553096, -0.03209595, -0.02659628, 0.00067488, -0.03029482], [0.01536964, -0.06466665, 0.01981148, -0.0014469, 0.01844857, -0.03518112], [-0.0218863, -0.00756982, -0.01432213, 0.00012698, -0.04226871, 0.03620844], [-0.00910034, 0.00550982, -0.01732439, 0.0136302, 0.04682636, 0.02642474], [-0.02068151, 0.00786984, -0.01495526, 0.01600872, 0.03698271, 0.03563677], [-0.02427052, 0.00232509, -0.00557507, -0.00279395, -0.04421647, 0.02984559], [-0.00794554, -0.00607658, -0.01726874, 0.01230988, 0.03032909, 0.02521427], [-0.01166686, -0.01124876, -0.00605005, -0.00877148, -0.03510437, 0.01771692], [0.10474595, 0.06990775, -0.01296463, -0.01172937, 0.00061345, -0.09178133]], "number of molecular orbitals": 42, "number of electrons": 44, "number of unpaired electrons": 0, "orbital energies/eV": [-18.62034913, -17.15130074, -16.93595964, -16.23683855, -15.93243317, -15.55276632, -15.2338216, -14.84669817, -14.46269319, -13.94964035, -13.81696335, -13.31860372, -13.2334873, -12.89552999, -12.53782001, -12.28218182, -12.17753911, -11.94065077, -11.58980144, -11.52706813, -11.45365964, -11.05705567, 0.88487896, 2.41911904, 2.65484374, 2.86755208, 3.4077431, 3.63530551, 3.75247877, 4.03997343, 4.57832748, 4.81246803, 5.46334854, 5.74944792, 5.98160947, 6.29501013, 6.50519005, 7.00106573, 7.07222431, 7.46891742, 8.14520229, 8.49150212], "fractional occupation": [2.0, 2.0, 2.0, 2.0, 2.0, 2.0, 2.0, 2.0, 2.0, 2.0, 2.0, 2.0, 2.0, 2.0, 2.0, 2.0, 2.0, 2.0, 2.0, 2.0, 2.0, 2.0, 0.0, 0.0, 0.0, 0.0, 0.0, 0.0, 0.0, 0.0, 0.0, 0.0, 0.0, 0.0, 0.0, 0.0, 0.0, 0.0, 0.0, 0.0, 0.0, 0.0], "program call": "xtb /tmp/scratch/tmp4z6x2kcb/18730_0_xyzopt.xyz --pop --wbo --acc 0.2 --gfn 2 --chrg 0 --uhf 0 --etemp 300 --input /tmp/scratch/tmp4z6x2kcb/18730_0_xtb.inp", "method": "GFN2-xTB", "xtb version": "6.3.3 (7355c4f)", "Dipole module/D": 1.693, "Total charge": 0, "Transition dipole module/D": NaN, "HOMO": -11.0571, "LUMO": 0.8849, "HOMO occupancy": 2.0, "LUMO occupancy": 0, "mulliken charges": [-0.09314, 0.00217, -0.0945, -0.0592, -0.05486, 0.20325, -0.56883, 0.03058, 0.02824, 0.02889, 0.02019, 0.02827, 0.03019, 0.03221, 0.02287, 0.02276, 0.03789, 0.03606, 0.00468, 0.00487, 0.33741], "cm5 charges": [-0.24432, -0.07335, -0.24571, -0.16896, -0.16393, 0.11769, -0.78663, 0.08295, 0.08118, 0.08122, 0.07869, 0.08127, 0.08266, 0.08521, 0.07952, 0.07931, 0.09695, 0.09435, 0.06607, 0.06633, 0.50949], "FUKUI+": [0.01, -0.028, 0.024, -0.029, -0.014, -0.018, -0.118, -0.072, -0.043, -0.04, -0.052, -0.034, -0.046, -0.025, -0.058, -0.055, -0.06, -0.062, -0.074, -0.075, -0.128], "FUKUI-": [0.019, -0.007, 0.019, 0.015, 0.014, 0.022, -0.115, -0.058, -0.073, -0.049, -0.097, -0.067, -0.057, -0.049, -0.059, -0.052, -0.071, -0.068, -0.107, -0.103, -0.056], "FUKUIrad": [0.014, -0.017, 0.021, -0.007, 0.0, 0.002, -0.116, -0.065, -0.058, -0.045, -0.075, -0.05, -0.051, -0.037, -0.059, -0.054, -0.066, -0.065, -0.091, -0.089, -0.092], "s proportion": [1.01, 1.05, 1.009, 1.035, 1.031, 0.988, 1.688, 0.969, 0.972, 0.971, 0.98, 0.972, 0.97, 0.968, 0.977, 0.977, 0.962, 0.964, 0.995, 0.995, 0.663], "p proportion": [3.083, 2.948, 3.085, 3.025, 3.023, 2.809, 4.881, 0.0, 0.0, 0.0, 0.0, 0.0, 0.0, 0.0, 0.0, 0.0, 0.0, 0.0, 0.0, 0.0, 0.0], "d proportion": [0.0, 0.0, 0.0, 0.0, 0.0, 0.0, 0.0, 0.0, 0.0, 0.0, 0.0, 0.0, 0.0, 0.0, 0.0, 0.0, 0.0, 0.0, 0.0, 0.0, 0.0], "Fermi-level/eV": -5.0861, "Coordination numbers": [3.757, 3.849, 3.756, 3.806, 3.801, 3.674, 1.656, 0.925, 0.925, 0.925, 0.924, 0.925, 0.925, 0.925, 0.924, 0.924, 0.925, 0.924, 0.923, 0.923, 0.805], "Dispersion coefficient C6": [22.603, 20.716, 22.62, 21.755, 21.737, 19.325, 21.709, 2.507, 2.513, 2.559, 2.599, 2.51, 2.52, 2.493, 2.547, 2.587, 2.306, 2.362, 2.849, 2.838, 0.771], "Total dispersion C6": 2913.122907, "Total dispersion C8": 60098.286147, "Polarizability alpha": [6.779, 6.474, 6.781, 6.64, 6.638, 6.3, 6.29, 2.476, 2.479, 2.502, 2.521, 2.478, 2.482, 2.469, 2.496, 2.515, 2.374, 2.404, 2.64, 2.635, 1.379], "Total polarizability alpha": 79.749672, "Wiberg matrix": [[0.0, 1.0081555515958935, 0.0, 0.0, 0.0, 0.0, 0.0, 0.9864668427068618, 0.9870323796674885, 0.9867685919321536, 0.0, 0.0, 0.0, 0.0, 0.0, 0.0, 0.0, 0.0, 0.0, 0.0, 0.0], [1.0081555515958935, 0.0, 1.0099385713724238, 0.996068468755024, 0.0, 0.0, 0.0, 0.0, 0.0, 0.0, 0.9689473713122233, 0.0, 0.0, 0.0, 0.0, 0.0, 0.0, 0.0, 0.0, 0.0, 0.0], [0.0, 1.0099385713724238, 0.0, 0.0, 0.0, 0.0, 0.0, 0.0, 0.0, 0.0, 0.0, 0.9866865897303422, 0.9862690735820605, 0.9846634001936403, 0.0, 0.0, 0.0, 0.0, 0.0, 0.0, 0.0], [0.0, 0.996068468755024, 0.0, 0.0, 1.0076356041542274, 0.0, 0.0, 0.0, 0.0, 0.0, 0.0, 0.0, 0.0, 0.0, 0.9764145683910714, 0.975624744751885, 0.0, 0.0, 0.0, 0.0, 0.0], [0.0, 0.0, 0.0, 1.0076356041542274, 0.0, 1.0036574603218504, 0.0, 0.0, 0.0, 0.0, 0.0, 0.0, 0.0, 0.0, 0.0, 0.0, 0.973736400148599, 0.9758165232892742, 0.0, 0.0, 0.0], [0.0, 0.0, 0.0, 0.0, 1.0036574603218504, 0.0, 0.9933746049683069, 0.0, 0.0, 0.0, 0.0, 0.0, 0.0, 0.0, 0.0, 0.0, 0.0, 0.0, 0.9716758429345055, 0.971781349337038, 0.0], [0.0, 0.0, 0.0, 0.0, 0.0, 0.9933746049683069, 0.0, 0.0, 0.0, 0.0, 0.0, 0.0, 0.0, 0.0, 0.0, 0.0, 0.0, 0.0, 0.0, 0.0, 0.9056259901745846], [0.9864668427068618, 0.0, 0.0, 0.0, 0.0, 0.0, 0.0, 0.0, 0.0, 0.0, 0.0, 0.0, 0.0, 0.0, 0.0, 0.0, 0.0, 0.0, 0.0, 0.0, 0.0], [0.9870323796674885, 0.0, 0.0, 0.0, 0.0, 0.0, 0.0, 0.0, 0.0, 0.0, 0.0, 0.0, 0.0, 0.0, 0.0, 0.0, 0.0, 0.0, 0.0, 0.0, 0.0], [0.9867685919321536, 0.0, 0.0, 0.0, 0.0, 0.0, 0.0, 0.0, 0.0, 0.0, 0.0, 0.0, 0.0, 0.0, 0.0, 0.0, 0.0, 0.0, 0.0, 0.0, 0.0], [0.0, 0.9689473713122233, 0.0, 0.0, 0.0, 0.0, 0.0, 0.0, 0.0, 0.0, 0.0, 0.0, 0.0, 0.0, 0.0, 0.0, 0.0, 0.0, 0.0, 0.0, 0.0], [0.0, 0.0, 0.9866865897303422, 0.0, 0.0, 0.0, 0.0, 0.0, 0.0, 0.0, 0.0, 0.0, 0.0, 0.0, 0.0, 0.0, 0.0, 0.0, 0.0, 0.0, 0.0], [0.0, 0.0, 0.9862690735820605, 0.0, 0.0, 0.0, 0.0, 0.0, 0.0, 0.0, 0.0, 0.0, 0.0, 0.0, 0.0, 0.0, 0.0, 0.0, 0.0, 0.0, 0.0], [0.0, 0.0, 0.9846634001936403, 0.0, 0.0, 0.0, 0.0, 0.0, 0.0, 0.0, 0.0, 0.0, 0.0, 0.0, 0.0, 0.0, 0.0, 0.0, 0.0, 0.0, 0.0], [0.0, 0.0, 0.0, 0.9764145683910714, 0.0, 0.0, 0.0, 0.0, 0.0, 0.0, 0.0, 0.0, 0.0, 0.0, 0.0, 0.0, 0.0, 0.0, 0.0, 0.0, 0.0], [0.0, 0.0, 0.0, 0.975624744751885, 0.0, 0.0, 0.0, 0.0, 0.0, 0.0, 0.0, 0.0, 0.0, 0.0, 0.0, 0.0, 0.0, 0.0, 0.0, 0.0, 0.0], [0.0, 0.0, 0.0, 0.0, 0.973736400148599, 0.0, 0.0, 0.0, 0.0, 0.0, 0.0, 0.0, 0.0, 0.0, 0.0, 0.0, 0.0, 0.0, 0.0, 0.0, 0.0], [0.0, 0.0, 0.0, 0.0, 0.9758165232892742, 0.0, 0.0, 0.0, 0.0, 0.0, 0.0, 0.0, 0.0, 0.0, 0.0, 0.0, 0.0, 0.0, 0.0, 0.0, 0.0], [0.0, 0.0, 0.0, 0.0, 0.0, 0.9716758429345055, 0.0, 0.0, 0.0, 0.0, 0.0, 0.0, 0.0, 0.0, 0.0, 0.0, 0.0, 0.0, 0.0, 0.0, 0.0], [0.0, 0.0, 0.0, 0.0, 0.0, 0.971781349337038, 0.0, 0.0, 0.0, 0.0, 0.0, 0.0, 0.0, 0.0, 0.0, 0.0, 0.0, 0.0, 0.0, 0.0, 0.0], [0.0, 0.0, 0.0, 0.0, 0.0, 0.0, 0.9056259901745846, 0.0, 0.0, 0.0, 0.0, 0.0, 0.0, 0.0, 0.0, 0.0, 0.0, 0.0, 0.0, 0.0, 0.0]], "Born radii": [], "Atomic SASAs": [], "Solvent H bonds": [], "Total SASA": NaN, "Total FOD": 0.0, "FOD": [0.0, 0.0, 0.0, 0.0, 0.0, 0.0, 0.0, 0.0, 0.0, 0.0, 0.0, 0.0, 0.0, 0.0, 0.0, 0.0, 0.0, 0.0, 0.0, 0.0, 0.0], "FOD s proportion": [0.0, 0.0, 0.0, 0.0, 0.0, 0.0, 0.0, 0.0, 0.0, 0.0, 0.0, 0.0, 0.0, 0.0, 0.0, 0.0, 0.0, 0.0, 0.0, 0.0, 0.0], "FOD p proportion": [0.0, 0.0, 0.0, 0.0, 0.0, 0.0, 0.0, 0.0, 0.0, 0.0, 0.0, 0.0, 0.0, 0.0, 0.0, 0.0, 0.0, 0.0, 0.0, 0.0, 0.0], "FOD d proportion": [0.0, 0.0, 0.0, 0.0, 0.0, 0.0, 0.0, 0.0, 0.0, 0.0, 0.0, 0.0, 0.0, 0.0, 0.0, 0.0, 0.0, 0.0, 0.0, 0.0, 0.0], "coordinates": [["-2.32815207695360", "0.92257614756928", "0.70383330610316"], ["-1.28847206915057", "-0.14414698589503", "0.36331453766146"], ["-1.73601660642562", "-0.93327757693524", "-0.86433963134660"], ["0.07995045409149", "0.51209235684973", "0.14871025004897"], ["1.22010771190826", "-0.49082671590043", "0.00024195999024"], ["2.57691284823596", "0.20239613206117", "-0.06219251640779"], ["3.57329943988402", "-0.78333586218886", "-0.23797481813130"], ["-3.29852658861293", "0.46634182339920", "0.88587536481119"], ["-2.43032370731299", "1.62708755420804", "-0.11903829993571"], ["-2.03796751953554", "1.47558730539930", "1.59448611259451"], ["-1.21008739418264", "-0.83402038614442", "1.21110263480011"], ["-1.76686848229140", "-0.28698025142686", "-1.73928914388001"], ["-2.73173899665688", "-1.34197077432493", "-0.70612528351217"], ["-1.06048139316989", "-1.75960613682244", "-1.06730631416051"], ["0.03705040909010", "1.14788305887016", "-0.73914170728107"], ["0.29364344680175", "1.15776399994826", "1.00488193754060"], ["1.10305982120472", "-1.07790150723099", "-0.91052230233320"], ["1.22489580276771", "-1.18182731492447", "0.84497826887616"], ["2.75325756511338", "0.76424460646728", "0.86732584201224"], ["2.59122947423823", "0.91541623892776", "-0.90015004705108"], ["4.43522586095643", "-0.35749371190649", "-0.27867115039918"]], "bond_dist": [[0.0, 1.5280005869613653, 2.500796637866522, 2.5051180311179357, 3.883670424488074, 5.016484499708507, 6.214842583162998, 1.0876193095783422, 1.0880684924026656, 1.0877917262782122, 2.1431337310003236, 2.7833277316193286, 2.697969308136431, 3.455144906324072, 2.7797702950996617, 2.6494820951990943, 4.287338331401936, 4.131898482424752, 5.086503969987342, 5.174275669858942, 6.953213284747808], [1.5280005869613653, 0.0, 1.5264854932959828, 1.5327378371215035, 2.558316057446892, 3.9041450978703094, 4.940337388785093, 2.1647368374830123, 2.1618883457677405, 2.1681941913642424, 1.0958166467486503, 2.1610661053008635, 2.159051361888815, 2.169876503010495, 2.1544747037062213, 2.1470143104935753, 2.8660046377543207, 2.761484831537797, 4.173102097537911, 4.215578376687253, 5.763538881996517], [2.500796637866522, 1.5264854932959828, 0.0, 2.5324100522167217, 3.1115808004861347, 4.531506951136427, 5.348238240454173, 2.731963477611503, 2.7555409686157484, 3.455376739856316, 2.1433418127593176, 1.088204356123506, 1.0878993463832656, 1.0864447466697056, 2.736908977976081, 3.4620751120557003, 2.8431327584620276, 3.4279070803030103, 5.102335686919661, 4.705742221297685, 6.2256540395385285], [2.5051180311179357, 1.5327378371215035, 2.5324100522167217, 0.0, 1.5257287020277428, 2.524918399932775, 3.745817233818646, 3.458267289527258, 2.7597789660706455, 2.7393734509212617, 2.1459018491087134, 2.759311314179061, 3.4747505595754085, 2.8177819519672274, 1.0928638198657397, 1.093428792513389, 2.1672117720507194, 2.159873343490415, 2.7796690514951807, 2.751236157387524, 4.4617551100510315], [3.883670424488074, 2.558316057446892, 3.1115808004861347, 1.5257287020277428, 0.0, 1.524918410520483, 2.3832373240310196, 4.703038813597688, 4.222018259360654, 4.125948707270203, 2.7367524043589904, 3.4625927607973064, 4.10371701008752, 2.8196714707211177, 2.1521344091639882, 2.1413754615653535, 1.0898846548417536, 1.0913680338070513, 2.1627729781636944, 2.1606017452280875, 3.2299465824437528], [5.016484499708507, 3.9041450978703094, 4.531506951136427, 2.524918399932775, 1.524918410520483, 0.0, 1.4125697229175609, 5.957288696332767, 5.206284184970071, 5.065838593214541, 4.127567149953769, 4.6819417542332324, 5.5661030317786455, 4.25327444646472, 2.793404185859013, 2.6953097804864865, 2.128630596452677, 2.1370501809958045, 1.1003524644416978, 1.1003524261517001, 1.9528612059230266], [6.214842583162998, 4.940337388785093, 5.348238240454173, 3.745817233818646, 2.3832373240310196, 1.4125697229175609, 0.0, 7.074371104026474, 6.470531495575515, 6.320361052153323, 4.998318116115164, 5.569354274425766, 6.347026666837923, 4.807579348093691, 4.060274865034061, 4.008578928107625, 2.577047304850698, 2.6165974985433733, 2.0710295827575833, 2.0709167419929315, 0.9622447109544762], [1.0876193095783422, 2.1647368374830123, 2.731963477611503, 3.458267289527258, 4.703038813597688, 5.957288696332767, 7.074371104026474, 0.0, 1.7637909083231804, 1.7634383463690773, 2.481590804702953, 3.1312871795433592, 2.4750169069614714, 3.7119549148031505, 3.772433279442347, 3.6600427256942973, 4.9985692918883355, 4.814507681146875, 6.05914033475448, 6.170962735456445, 7.864210101881886], [1.0880684924026656, 2.1618883457677405, 2.7555409686157484, 2.7597789660706455, 4.222018259360654, 5.206284184970071, 6.470531495575515, 1.7637909083231804, 0.0, 1.764387036852572, 3.0520982717153387, 2.5940395520266586, 3.0415176575463376, 3.7743044855025176, 2.5888414811357774, 2.983866343435609, 4.519757947960954, 4.709560526615208, 5.346674385151583, 5.131530763585225, 7.148413552888798], [1.0877917262782122, 2.1681941913642424, 3.455376739856316, 2.7393734509212617, 4.125948707270203, 5.065838593214541, 6.320361052153323, 1.7634383463690773, 1.764387036852572, 0.0, 2.483275273069414, 3.7807666604873393, 3.7030750992900945, 4.301987291817847, 3.1398898514133142, 2.4259131136693948, 4.760401771947881, 4.274329366361191, 4.898020856040348, 5.288333007658204, 6.98363348760213], [2.1431337310003236, 1.0958166467486503, 2.1433418127593176, 2.1459018491087134, 2.7367524043589904, 4.127567149953769, 4.998318116115164, 2.481590804702953, 3.0520982717153387, 2.483275273069414, 0.0, 3.051896088789824, 2.4998400122650235, 2.463785355119447, 3.0474164401230546, 2.5041841902680426, 3.1482408445261396, 2.4867971128463964, 4.28727614415549, 4.686995447609143, 5.857991579968015], [2.7833277316193286, 2.1610661053008635, 1.088204356123506, 2.759311314179061, 3.4625927607973064, 4.6819417542332324, 5.569354274425766, 3.1312871795433592, 2.5940395520266586, 3.7807666604873393, 3.051896088789824, 0.0, 1.7639182734091812, 1.7661173917530233, 2.512618351611524, 3.7233681373081806, 3.0901293464414032, 4.053374256719827, 5.322692445648139, 4.598144141123863, 6.372154369876448], [2.697969308136431, 2.159051361888815, 1.0878993463832656, 3.4747505595754085, 4.10371701008752, 5.5661030317786455, 6.347026666837923, 2.4750169069614714, 3.0415176575463376, 3.7030750992900945, 2.4998400122650235, 1.7639182734091812, 0.0, 1.7601059655946005, 3.723796042789063, 4.281256659135618, 3.849310677588804, 4.252825777508186, 6.082522417330765, 5.785104586661477, 7.246881908283562], [3.455144906324072, 2.169876503010495, 1.0864447466697056, 2.8177819519672274, 2.8196714707211177, 4.25327444646472, 4.807579348093691, 3.7119549148031505, 3.7743044855025176, 4.301987291817847, 2.463785355119447, 1.7661173917530233, 1.7601059655946005, 0.0, 3.1250218382036308, 3.826051064431552, 2.273810241570005, 3.035392828163291, 4.9656045952159, 4.5297547601989185, 5.726313202810443], [2.7797702950996617, 2.1544747037062213, 2.736908977976081, 1.0928638198657397, 2.1521344091639882, 2.793404185859013, 4.060274865034061, 3.772433279442347, 2.5888414811357774, 3.1398898514133142, 3.0474164401230546, 2.512618351611524, 3.723796042789063, 3.1250218382036308, 0.0, 1.7628261666130733, 2.4738359504565905, 3.0574439003696883, 3.178946014566244, 2.5697850502893433, 4.671417307536188], [2.6494820951990943, 2.1470143104935753, 3.4620751120557003, 1.093428792513389, 2.1413754615653535, 2.6953097804864865, 4.008578928107625, 3.6600427256942973, 2.983866343435609, 2.4259131136693948, 2.5041841902680426, 3.7233681373081806, 4.281256659135618, 3.826051064431552, 1.7628261666130733, 0.0, 3.053216096064809, 2.523189975878235, 2.4946905225820184, 2.994458357209248, 4.59306208929624], [4.287338331401936, 2.8660046377543207, 2.8431327584620276, 2.1672117720507194, 1.0898846548417536, 2.128630596452677, 2.577047304850698, 4.9985692918883355, 4.519757947960954, 4.760401771947881, 3.1482408445261396, 3.0901293464414032, 3.849310677588804, 2.273810241570005, 2.4738359504565905, 3.053216096064809, 0.0, 1.7627895040033987, 3.0458822896769004, 2.4875835939804944, 3.4672112404985143], [4.131898482424752, 2.761484831537797, 3.4279070803030103, 2.159873343490415, 1.0913680338070513, 2.1370501809958045, 2.6165974985433733, 4.814507681146875, 4.709560526615208, 4.274329366361191, 2.4867971128463964, 4.053374256719827, 4.252825777508186, 3.035392828163291, 3.0574439003696883, 2.523189975878235, 1.7627895040033987, 0.0, 2.4745878472696847, 3.0513556110391145, 3.499761847470825], [5.086503969987342, 4.173102097537911, 5.102335686919661, 2.7796690514951807, 2.1627729781636944, 1.1003524644416978, 2.0710295827575833, 6.05914033475448, 5.346674385151583, 4.898020856040348, 4.28727614415549, 5.322692445648139, 6.082522417330765, 4.9656045952159, 3.178946014566244, 2.4946905225820184, 3.0458822896769004, 2.4745878472696847, 0.0, 1.7813132748378613, 2.3239241187580126], [5.174275669858942, 4.215578376687253, 4.705742221297685, 2.751236157387524, 2.1606017452280875, 1.1003524261517001, 2.0709167419929315, 6.170962735456445, 5.131530763585225, 5.288333007658204, 4.686995447609143, 4.598144141123863, 5.785104586661477, 4.5297547601989185, 2.5697850502893433, 2.994458357209248, 2.4875835939804944, 3.0513556110391145, 1.7813132748378613, 0.0, 2.3252652399557117], [6.953213284747808, 5.763538881996517, 6.2256540395385285, 4.4617551100510315, 3.2299465824437528, 1.9528612059230266, 0.9622447109544762, 7.864210101881886, 7.148413552888798, 6.98363348760213, 5.857991579968015, 6.372154369876448, 7.246881908283562, 5.726313202810443, 4.671417307536188, 4.59306208929624, 3.4672112404985143, 3.499761847470825, 2.3239241187580126, 2.3252652399557117, 0.0]]}