{"total energy": -25.27366569, "HOMO-LUMO gap/eV": 5.10809536, "electronic energy": -25.68506782, "dipole": [-0.10057232, -0.09431066, -0.06799546], "partial charges": [-0.10173593, -0.05218952, -0.05517373, -0.05585978, -0.05957714, 0.00526457, -0.10680442, -0.10889145, 0.0329851, 0.03309476, 0.03224111, 0.02726579, 0.02822851, 0.03038344, 0.03018875, 0.03095686, 0.03059176, 0.02235533, 0.04033464, 0.03960717, 0.04023546, 0.04046119, 0.04098873, 0.03504879], "atomic dipole moments": [[-0.05961762, 0.06442419, -0.03899794], [-0.02097597, -0.06735486, 0.08613243], [0.02485841, 0.06736375, -0.08751994], [0.00754606, -0.06726121, 0.07177543], [0.13636036, 0.0199866, -0.04153764], [-0.14803731, -0.0650402, -0.03851167], [0.00889337, 0.03550665, 0.05477847], [0.0513123, -0.00491917, -0.03943649], [-0.04667021, -0.11416378, -0.00616203], [0.02298967, 0.02551375, 0.11857092], [0.10721504, 0.0014035, -0.06129858], [-0.0182717, -0.02611781, -0.11780114], [0.0499269, 0.11126254, 0.00535208], [0.018455, 0.02518124, 0.11877564], [-0.05182288, -0.11161436, -0.00568667], [0.05128167, 0.11121609, 0.00715252], [-0.01690768, -0.02316532, -0.1201199], [0.00575292, 0.0645405, 0.12608601], [-0.05380452, -0.11084676, 0.02485135], [-0.08101945, 0.06368728, -0.07306579], [0.10372613, -0.02289392, -0.0666593], [-0.03989969, -0.11397231, 0.03477764], [-0.09634486, 0.05520244, -0.0590265], [0.02649499, 0.0658856, 0.10341423]], "atomic quadrupole moments": [[0.02992936, -0.15024034, 0.03412694, 0.08059265, -0.0957349, -0.06405631], [0.15457747, -0.14051984, -0.07090342, -0.06070865, -0.10711051, -0.08367405], [0.15752612, -0.14690462, -0.07037025, -0.06541535, -0.11209618, -0.08715588], [0.11884742, -0.13049065, -0.05154228, -0.02843175, -0.08278917, -0.06730513], [-0.1594459, -0.24537104, 0.24084622, -0.07275515, -0.30030728, -0.08140032], [-0.29037151, -0.23804547, 0.23079163, -0.03482701, -0.19541171, 0.05957988], [-0.05487548, 0.03859018, -0.04396791, 0.03151526, 0.11564366, 0.09884339], [0.09623834, 0.00408057, -0.10388044, -0.12471223, 0.02973125, 0.00764209], [-0.01341488, 0.04719176, 0.06048273, 0.01565355, 0.00585727, -0.04706785], [-0.04504025, -0.00628297, -0.02693678, 0.02052177, 0.03331506, 0.07197703], [0.04855829, -0.00012907, -0.04221146, -0.05804018, -0.0151773, -0.00634683], [-0.01816988, -0.00256604, -0.02836489, 0.0161338, 0.0280894, 0.04653477], [-0.00512766, 0.02839891, 0.04367719, 0.0044638, 0.012965, -0.03854953], [-0.01996142, -0.00124831, -0.02731177, 0.01658358, 0.02724811, 0.04727319], [-0.00781673, 0.02833062, 0.04370739, 0.00454588, 0.013605, -0.03589066], [-0.01271431, 0.03274793, 0.04344338, 0.00084262, 0.01256187, -0.03072907], [-0.01551052, 0.0008138, -0.02923465, 0.02251618, 0.02902679, 0.04474517], [0.03324833, 0.03636086, -0.04446546, -0.01105552, 0.04136588, 0.01121713], [-0.03057169, 0.04950622, 0.0548992, -0.02258258, -0.02476499, -0.02432751], [0.00543228, -0.05303411, -0.00194141, 0.04336641, -0.0329959, -0.00349087], [0.06207889, -0.00604715, -0.04983003, -0.04592892, 0.01818745, -0.01224886], [-0.03884477, 0.02917809, 0.0740912, -0.01587538, -0.02429632, -0.03524643], [0.02290987, -0.04659043, -0.02506215, 0.04598783, -0.03123041, 0.00215229], [-0.02078807, 0.0236816, -0.0175586, 0.01953867, 0.0602466, 0.03834668]], "number of molecular orbitals": 48, "number of electrons": 48, "number of unpaired electrons": 0, "orbital energies/eV": [-16.91769771, -16.79176063, -16.41054204, -15.94241647, -15.87184211, -15.31323602, -15.0197476, -14.29196246, -14.00802864, -13.54521495, -13.492562, -13.40046967, -13.27611186, -12.77729729, -12.67672442, -12.48739625, -12.24517781, -12.08415626, -12.01199181, -11.83307542, -11.59068294, -11.35612605, -11.23432152, -10.12279051, -5.01469515, 2.01528393, 2.87523148, 2.98023248, 3.38290032, 3.64984755, 4.0826206, 4.36918011, 4.55556277, 4.5853924, 5.10903012, 5.43317435, 5.58015697, 6.08655307, 6.25826104, 6.3067262, 6.48563195, 6.57440536, 7.17241977, 7.39677597, 7.87293835, 8.45929289, 10.93736177, 18.13660328], "fractional occupation": [2.0, 2.0, 2.0, 2.0, 2.0, 2.0, 2.0, 2.0, 2.0, 2.0, 2.0, 2.0, 2.0, 2.0, 2.0, 2.0, 2.0, 2.0, 2.0, 2.0, 2.0, 2.0, 2.0, 2.0, 0.0, 0.0, 0.0, 0.0, 0.0, 0.0, 0.0, 0.0, 0.0, 0.0, 0.0, 0.0, 0.0, 0.0, 0.0, 0.0, 0.0, 0.0, 0.0, 0.0, 0.0, 0.0, 0.0, 0.0], "program call": "xtb /tmp/scratch/tmphywgyeuh/18921_0_xyzopt.xyz --pop --wbo --acc 0.2 --gfn 2 --chrg 0 --uhf 0 --etemp 300 --input /tmp/scratch/tmphywgyeuh/18921_0_xtb.inp", "method": "GFN2-xTB", "xtb version": "6.3.3 (7355c4f)", "Dipole module/D": 0.391, "Total charge": 0, "Transition dipole module/D": NaN, "HOMO": -10.1228, "LUMO": -5.0147, "HOMO occupancy": 2.0, "LUMO occupancy": 0, "mulliken charges": [-0.08545, -0.04005, -0.04395, -0.0388, -0.07186, 0.00594, -0.09156, -0.08926, 0.0275, 0.02761, 0.02891, 0.02161, 0.02194, 0.02336, 0.02266, 0.02604, 0.02422, 0.02454, 0.03455, 0.03574, 0.03435, 0.0347, 0.03449, 0.03275], "cm5 charges": [-0.23808, -0.15355, -0.15501, -0.14662, -0.13252, -0.02075, -0.23821, -0.23575, 0.07966, 0.07977, 0.08047, 0.07679, 0.07713, 0.07945, 0.07891, 0.08165, 0.08127, 0.08228, 0.08719, 0.08807, 0.08821, 0.08704, 0.0869, 0.08572], "FUKUI+": [0.011, 0.005, -0.001, 0.021, -0.135, -0.164, 0.044, 0.046, -0.013, -0.014, -0.027, -0.018, -0.02, -0.026, -0.018, -0.071, -0.052, -0.117, -0.082, -0.085, -0.059, -0.084, -0.083, -0.057], "FUKUI-": [0.012, 0.004, -0.006, 0.006, -0.065, -0.072, 0.027, 0.027, -0.045, -0.048, -0.063, -0.051, -0.053, -0.044, -0.041, -0.071, -0.047, -0.07, -0.07, -0.081, -0.041, -0.08, -0.078, -0.048], "FUKUIrad": [0.011, 0.004, -0.004, 0.013, -0.1, -0.118, 0.035, 0.037, -0.029, -0.031, -0.045, -0.034, -0.037, -0.035, -0.029, -0.071, -0.05, -0.094, -0.076, -0.083, -0.05, -0.082, -0.081, -0.053], "s proportion": [1.005, 1.026, 1.031, 1.025, 1.061, 1.085, 1.004, 1.007, 0.973, 0.972, 0.971, 0.978, 0.978, 0.977, 0.977, 0.974, 0.976, 0.975, 0.965, 0.964, 0.966, 0.965, 0.966, 0.967], "p proportion": [3.08, 3.014, 3.013, 3.014, 3.011, 2.909, 3.087, 3.083, 0.0, 0.0, 0.0, 0.0, 0.0, 0.0, 0.0, 0.0, 0.0, 0.0, 0.0, 0.0, 0.0, 0.0, 0.0, 0.0], "d proportion": [0.0, 0.0, 0.0, 0.0, 0.0, 0.0, 0.0, 0.0, 0.0, 0.0, 0.0, 0.0, 0.0, 0.0, 0.0, 0.0, 0.0, 0.0, 0.0, 0.0, 0.0, 0.0, 0.0, 0.0], "Fermi-level/eV": -7.5687, "Coordination numbers": [3.752, 3.801, 3.805, 3.804, 2.897, 2.937, 3.758, 3.761, 0.925, 0.925, 0.925, 0.924, 0.924, 0.924, 0.924, 0.924, 0.924, 0.925, 0.925, 0.924, 0.925, 0.925, 0.925, 0.925], "Dispersion coefficient C6": [22.503, 21.511, 21.562, 21.575, 29.48, 27.905, 22.593, 22.629, 2.544, 2.543, 2.555, 2.626, 2.612, 2.581, 2.584, 2.573, 2.578, 2.698, 2.444, 2.454, 2.446, 2.443, 2.436, 2.516], "Total dispersion C6": 4132.642497, "Total dispersion C8": 88408.003051, "Polarizability alpha": [6.765, 6.603, 6.611, 6.613, 8.902, 8.664, 6.777, 6.781, 2.494, 2.494, 2.5, 2.534, 2.527, 2.512, 2.514, 2.508, 2.511, 2.568, 2.445, 2.45, 2.446, 2.444, 2.441, 2.48], "Total polarizability alpha": 97.584026, "Wiberg matrix": [[0.0, 1.0112877876541027, 0.0, 0.0, 0.0, 0.0, 0.0, 0.0, 0.9612691888215812, 0.9632547978424679, 0.0, 0.0, 0.0, 0.0, 0.0, 0.0, 0.0, 0.0, 0.10144466501667808, 0.0, 0.0, 0.0, 0.0, 0.0], [1.0112877876541027, 0.0, 1.0068296412206599, 0.0, 0.0, 0.0, 0.0, 0.0, 0.0, 0.0, 0.9739684383002525, 0.9723288714078756, 0.0, 0.0, 0.0, 0.0, 0.0, 0.0, 0.0, 0.0, 0.0, 0.0, 0.0, 0.0], [0.0, 1.0068296412206599, 0.0, 1.0080917051070715, 0.0, 0.0, 0.0, 0.0, 0.0, 0.0, 0.0, 0.0, 0.9747723387602489, 0.9741578552614094, 0.0, 0.0, 0.0, 0.0, 0.0, 0.0, 0.0, 0.0, 0.0, 0.0], [0.0, 0.0, 1.0080917051070715, 0.0, 0.9883592474018237, 0.0, 0.0, 0.0, 0.0, 0.0, 0.0, 0.0, 0.0, 0.0, 0.9747794476947893, 0.9785616744653898, 0.0, 0.0, 0.0, 0.0, 0.0, 0.0, 0.0, 0.0], [0.0, 0.0, 0.0, 0.9883592474018237, 0.0, 0.9594499710522164, 0.0, 0.0, 0.0, 0.0, 0.0, 0.0, 0.0, 0.0, 0.0, 0.0, 0.9787901267327838, 0.9624074166884434, 0.0, 0.0, 0.0, 0.0, 0.0, 0.0], [0.0, 0.0, 0.0, 0.0, 0.9594499710522164, 0.0, 1.7660741601071055, 1.1719710784992146, 0.0, 0.0, 0.0, 0.0, 0.0, 0.0, 0.0, 0.0, 0.0, 0.0, 0.0, 0.0, 0.0, 0.0, 0.0, 0.0], [0.0, 0.0, 0.0, 0.0, 0.0, 1.7660741601071055, 0.0, 0.17213497514045814, 0.0, 0.0, 0.0, 0.0, 0.0, 0.0, 0.0, 0.0, 0.0, 0.0, 0.0, 0.0, 0.0, 0.0, 0.0, 0.0], [0.0, 0.0, 0.0, 0.0, 0.0, 1.1719710784992146, 0.17213497514045814, 0.0, 0.0, 0.0, 0.0, 0.0, 0.0, 0.0, 0.0, 0.0, 0.0, 0.0, 0.7646737955762962, 0.0, 0.0, 0.0, 0.0, 0.0], [0.9612691888215812, 0.0, 0.0, 0.0, 0.0, 0.0, 0.0, 0.0, 0.0, 0.0, 0.0, 0.0, 0.0, 0.0, 0.0, 0.0, 0.0, 0.0, 0.0, 0.0, 0.0, 0.0, 0.0, 0.0], [0.9632547978424679, 0.0, 0.0, 0.0, 0.0, 0.0, 0.0, 0.0, 0.0, 0.0, 0.0, 0.0, 0.0, 0.0, 0.0, 0.0, 0.0, 0.0, 0.0, 0.0, 0.0, 0.0, 0.0, 0.0], [0.0, 0.9739684383002525, 0.0, 0.0, 0.0, 0.0, 0.0, 0.0, 0.0, 0.0, 0.0, 0.0, 0.0, 0.0, 0.0, 0.0, 0.0, 0.0, 0.0, 0.0, 0.0, 0.0, 0.0, 0.0], [0.0, 0.9723288714078756, 0.0, 0.0, 0.0, 0.0, 0.0, 0.0, 0.0, 0.0, 0.0, 0.0, 0.0, 0.0, 0.0, 0.0, 0.0, 0.0, 0.0, 0.0, 0.0, 0.0, 0.0, 0.0], [0.0, 0.0, 0.9747723387602489, 0.0, 0.0, 0.0, 0.0, 0.0, 0.0, 0.0, 0.0, 0.0, 0.0, 0.0, 0.0, 0.0, 0.0, 0.0, 0.0, 0.0, 0.0, 0.0, 0.0, 0.0], [0.0, 0.0, 0.9741578552614094, 0.0, 0.0, 0.0, 0.0, 0.0, 0.0, 0.0, 0.0, 0.0, 0.0, 0.0, 0.0, 0.0, 0.0, 0.0, 0.0, 0.0, 0.0, 0.0, 0.0, 0.0], [0.0, 0.0, 0.0, 0.9747794476947893, 0.0, 0.0, 0.0, 0.0, 0.0, 0.0, 0.0, 0.0, 0.0, 0.0, 0.0, 0.0, 0.0, 0.0, 0.0, 0.0, 0.0, 0.0, 0.0, 0.0], [0.0, 0.0, 0.0, 0.9785616744653898, 0.0, 0.0, 0.0, 0.0, 0.0, 0.0, 0.0, 0.0, 0.0, 0.0, 0.0, 0.0, 0.0, 0.0, 0.0, 0.0, 0.0, 0.0, 0.0, 0.0], [0.0, 0.0, 0.0, 0.0, 0.9787901267327838, 0.0, 0.0, 0.0, 0.0, 0.0, 0.0, 0.0, 0.0, 0.0, 0.0, 0.0, 0.0, 0.0, 0.0, 0.0, 0.0, 0.0, 0.0, 0.0], [0.0, 0.0, 0.0, 0.0, 0.9624074166884434, 0.0, 0.0, 0.0, 0.0, 0.0, 0.0, 0.0, 0.0, 0.0, 0.0, 0.0, 0.0, 0.0, 0.0, 0.0, 0.0, 0.0, 0.0, 0.0], [0.10144466501667808, 0.0, 0.0, 0.0, 0.0, 0.0, 0.0, 0.7646737955762962, 0.0, 0.0, 0.0, 0.0, 0.0, 0.0, 0.0, 0.0, 0.0, 0.0, 0.0, 0.0, 0.0, 0.0, 0.0, 0.0], [0.0, 0.0, 0.0, 0.0, 0.0, 0.0, 0.0, 0.0, 0.0, 0.0, 0.0, 0.0, 0.0, 0.0, 0.0, 0.0, 0.0, 0.0, 0.0, 0.0, 0.0, 0.0, 0.0, 0.0], [0.0, 0.0, 0.0, 0.0, 0.0, 0.0, 0.0, 0.0, 0.0, 0.0, 0.0, 0.0, 0.0, 0.0, 0.0, 0.0, 0.0, 0.0, 0.0, 0.0, 0.0, 0.0, 0.0, 0.0], [0.0, 0.0, 0.0, 0.0, 0.0, 0.0, 0.0, 0.0, 0.0, 0.0, 0.0, 0.0, 0.0, 0.0, 0.0, 0.0, 0.0, 0.0, 0.0, 0.0, 0.0, 0.0, 0.0, 0.0], [0.0, 0.0, 0.0, 0.0, 0.0, 0.0, 0.0, 0.0, 0.0, 0.0, 0.0, 0.0, 0.0, 0.0, 0.0, 0.0, 0.0, 0.0, 0.0, 0.0, 0.0, 0.0, 0.0, 0.0], [0.0, 0.0, 0.0, 0.0, 0.0, 0.0, 0.0, 0.0, 0.0, 0.0, 0.0, 0.0, 0.0, 0.0, 0.0, 0.0, 0.0, 0.0, 0.0, 0.0, 0.0, 0.0, 0.0, 0.0]], "Born radii": [], "Atomic SASAs": [], "Solvent H bonds": [], "Total SASA": NaN, "Total FOD": 0.0, "FOD": [0.0, 0.0, 0.0, 0.0, 0.0, 0.0, 0.0, 0.0, 0.0, 0.0, 0.0, 0.0, 0.0, 0.0, 0.0, 0.0, 0.0, 0.0, 0.0, 0.0, 0.0, 0.0, 0.0, 0.0], "FOD s proportion": [0.0, 0.0, 0.0, 0.0, 0.0, 0.0, 0.0, 0.0, 0.0, 0.0, 0.0, 0.0, 0.0, 0.0, 0.0, 0.0, 0.0, 0.0, 0.0, 0.0, 0.0, 0.0, 0.0, 0.0], "FOD p proportion": [0.0, 0.0, 0.0, 0.0, 0.0, 0.0, 0.0, 0.0, 0.0, 0.0, 0.0, 0.0, 0.0, 0.0, 0.0, 0.0, 0.0, 0.0, 0.0, 0.0, 0.0, 0.0, 0.0, 0.0], "FOD d proportion": [0.0, 0.0, 0.0, 0.0, 0.0, 0.0, 0.0, 0.0, 0.0, 0.0, 0.0, 0.0, 0.0, 0.0, 0.0, 0.0, 0.0, 0.0, 0.0, 0.0, 0.0, 0.0, 0.0, 0.0], "coordinates": [["3.59947415979309", "-1.13488536050463", "0.06870575597292"], ["2.62780942663502", "-0.12133430960611", "-0.52339514424678"], ["1.29155963534053", "-0.11887035755421", "0.21420811715890"], ["0.31189612698859", "0.90490822587913", "-0.37075942664218"], ["-0.97157225793679", "0.91733457728124", "0.40144874752913"], ["-2.13140992866586", "0.36869286138834", "0.06189670302747"], ["-2.39561388698496", "-0.37427236861115", "-1.21431733904068"], ["-3.32980565966372", "0.46466300155141", "0.96223705910900"], ["3.18442123562076", "-2.13898287388039", "0.01222696769846"], ["3.79865807874600", "-0.90650741961037", "1.11361661425119"], ["4.54357708130291", "-1.12260545241518", "-0.47127023676463"], ["2.45822293277998", "-0.35421368265069", "-1.57749484453644"], ["3.06958114622834", "0.87683849430621", "-0.47312070552547"], ["1.46048870381290", "0.10820849450682", "1.26948387610859"], ["0.84198625340422", "-1.11307496518930", "0.15867034120374"], ["0.76626177573126", "1.89807491072943", "-0.31680957752364"], ["0.13933428609239", "0.67850095997786", "-1.42322154571696"], ["-0.90236905104877", "1.41554224531278", "1.36106627804506"], ["-2.85543638427574", "-1.33669487872544", "-0.99226821917862"], ["-3.09322200844781", "0.18854959532277", "-1.83538975592878"], ["-1.48983561232434", "-0.55095241009324", "-1.78451220447783"], ["-3.66252650291525", "-0.53071279763139", "1.25664223246955"], ["-4.15577143005521", "0.94698567269953", "0.43971134889396"], ["-3.10570612015746", "1.03480783751657", "1.85989895811399"]], "bond_dist": [[0.0, 1.5238115245927293, 2.525851712890154, 3.893848590220472, 5.021632197255867, 5.924848206317594, 6.177844371169971, 7.167417384844532, 1.08796626774746, 1.0879657251974313, 1.0876834076508501, 2.149855587912731, 2.1497430981909407, 2.749983492142919, 2.759041296142636, 4.168280519884244, 4.181720335748693, 5.333054376858448, 6.544636199936888, 7.083024904737841, 5.4476112614689525, 7.3832832251713345, 8.038387046400214, 7.271546207483906], [1.5238115245927293, 0.0, 1.526311942897184, 2.5377008916353914, 3.858719708915642, 4.820047929914084, 5.077020083550271, 6.167955366961237, 2.1604660334347123, 2.160368227012348, 2.1622734827199617, 1.0927573195538125, 1.0927207867938473, 2.1516837013093757, 2.1535847465162714, 2.7542786446072993, 2.764404553670084, 4.2866472308165715, 5.635860883328872, 5.8777171228992025, 4.327815686779949, 6.550148846824481, 6.934396220362486, 6.315849584023685], [2.525851712890154, 1.526311942897184, 0.0, 1.532987346586356, 2.4961061049177715, 3.460872331573997, 3.962469400512805, 4.717740525829478, 2.7757118008126285, 2.7775619509008975, 3.471740512077041, 2.1509740196496123, 2.150631888851658, 1.0925697976125561, 1.092539917873274, 2.1508105096981005, 2.1551334469908308, 2.9125639491674886, 4.487344170132432, 4.849914280943077, 3.452207604994621, 5.07929646166379, 5.555206253666618, 4.8347924305248675], [3.893848590220472, 2.5377008916353914, 1.532987346586356, 0.0, 1.4979155428691968, 2.538594635867337, 3.111029318514641, 3.902907556101603, 4.202779093072526, 4.200250918662546, 4.693403651693358, 2.7655590947580353, 2.759726871736502, 2.155085488263371, 2.1525676715586544, 1.0934984192369899, 1.090281775998182, 2.1758693195623033, 3.929764992297244, 3.775333257517357, 2.713754662577199, 4.52829759670417, 4.540780416381175, 4.083223709066685], [5.021632197255867, 3.858719708915642, 2.4961061049177715, 1.4979155428691968, 0.0, 1.327225205376012, 2.5113428898596766, 2.4658994024288377, 5.173475802075657, 5.1564212555827735, 5.944734307302612, 4.158911849051045, 4.134904170225468, 2.706120936680522, 2.7332213117109165, 2.12080497729863, 2.149552633776583, 1.083450861461886, 3.2514673331192547, 3.1679601803563604, 2.6838198273158045, 3.1732368088819807, 3.1845670948878335, 2.5875479368510748], [5.924848206317594, 4.820047929914084, 3.460872331573997, 2.538594635867337, 1.327225205376012, 0.0, 1.5001744384409441, 1.501990463573531, 5.877836816641311, 6.156131666952331, 6.86029804233696, 4.926959338222914, 5.253071841583487, 3.79840159435288, 3.323565236982031, 3.298322180478935, 2.730903982120836, 2.0722636647222648, 2.13162504577216, 2.1347669616288325, 2.160229358763192, 2.140248906912404, 2.1389731112271524, 2.1507613394966816], [6.177844371169971, 5.077020083550271, 3.962469400512805, 3.111029318514641, 2.5113428898596766, 1.5001744384409441, 0.0, 2.512750658452842, 5.9795824330228315, 6.638641112896657, 7.018866909614716, 4.867446160389081, 5.65535211917909, 4.612112688390216, 3.593463387299446, 3.9958153168517434, 2.752804913019378, 3.473588528801216, 1.0894951255608882, 1.0904845717554132, 1.0847913644918883, 2.7812195864896005, 2.7531233696777955, 3.4555092025060814], [7.167417384844532, 6.167955366961237, 4.717740525829478, 3.902907556101603, 2.4658994024288377, 1.501990463573531, 2.512750658452842, 0.0, 7.079310917150239, 7.260717551551383, 8.158708237094377, 6.373544708658606, 6.571323461887226, 4.813354392822604, 4.5319779707936805, 4.524201414101483, 4.215574858906305, 2.6373631852548094, 2.7000013527999926, 2.821156896264415, 3.458554026828409, 1.0900231865580945, 1.0899026244566974, 1.0867762522754634], [1.08796626774746, 2.1604660334347123, 2.7757118008126285, 4.202779093072526, 5.173475802075657, 5.877836816641311, 5.9795824330228315, 7.079310917150239, 0.0, 1.763332583026838, 1.7646804873517055, 2.497995292490953, 3.0567841164934166, 3.0987912730812375, 2.5614320886313453, 4.717371702317247, 4.389906846267596, 5.581744454498785, 6.175156409051578, 6.945494917745011, 5.25345500478594, 7.142534236781554, 7.973981009250648, 7.2837175546437285], [1.0879657251974313, 2.160368227012348, 2.7775619509008975, 4.200250918662546, 5.1564212555827735, 6.156131666952331, 6.638641112896657, 7.260717551551383, 1.763332583026838, 0.0, 1.7645024824792208, 3.0567753656498744, 2.495918897757766, 2.5536207658062016, 3.1139204900034954, 4.37118158811861, 4.726356951470794, 5.249076305174833, 6.992623635264962, 7.575869558907075, 6.041004513756895, 7.472011328082596, 8.195275087536976, 7.210817377760652], [1.0876834076508501, 2.1622734827199617, 3.471740512077041, 4.693403651693358, 5.944734307302612, 6.86029804233696, 7.018866909614716, 8.158708237094377, 1.7646804873517055, 1.7645024824792208, 0.0, 2.4825109706592428, 2.484037748693002, 3.7484079016079246, 3.7548223152556233, 4.839057642686897, 4.852581807918663, 6.281558732947014, 7.420422726769108, 7.867696610761676, 6.201085420971202, 8.406911112355127, 8.988423632463668, 8.282530737333184], [2.149855587912731, 1.0927573195538125, 2.1509740196496123, 2.7655590947580353, 4.158911849051045, 4.926959338222914, 4.867446160389081, 6.373544708658606, 2.497995292490953, 3.0567753656498744, 2.4825109706592428, 0.0, 1.7632046297742396, 3.0519822570560984, 2.490453975096099, 3.0862378079621435, 2.5431367127161413, 4.8021615963525575, 5.4353228829022875, 5.583873449203714, 3.9583744883176553, 6.747374197672196, 7.036132603980219, 6.6859826087201775], [2.1497430981909407, 1.0927207867938473, 2.150631888851658, 2.759726871736502, 4.134904170225468, 5.253071841583487, 5.65535211917909, 6.571323461887226, 3.0567841164934166, 2.495918897757766, 2.484037748693002, 1.7632046297742396, 0.0, 2.4933193322882077, 3.053046758493011, 2.5244082691738297, 3.0868067716319105, 4.4080417411473976, 6.346264796810623, 6.348988998056058, 4.95445412819428, 7.091865330133815, 7.283124524393323, 6.603189220877234], [2.749983492142919, 2.1516837013093757, 1.0925697976125561, 2.155085488263371, 2.706120936680522, 3.79840159435288, 4.612112688390216, 4.813354392822604, 3.0987912730812375, 2.5536207658062016, 3.7484079016079246, 3.0519822570560984, 2.4933193322882077, 0.0, 1.7629478946970254, 2.49036136667587, 3.053087778031311, 2.7019632939865716, 5.082369296352537, 5.512075490625939, 4.297184977259073, 5.162719257690348, 5.738854196863109, 4.696521210638705], [2.759041296142636, 2.1535847465162714, 1.092539917873274, 2.1525676715586544, 2.7332213117109165, 3.323565236982031, 3.593463387299446, 4.5319779707936805, 2.5614320886313453, 3.1139204900034954, 3.7548223152556233, 2.490453975096099, 3.053046758493011, 1.7629478946970254, 0.0, 3.0493997646876707, 2.4911535530174134, 3.298853803119065, 3.8788657616799735, 4.599605008221126, 3.0869618375158203, 4.672828173607221, 5.4129858435396105, 4.805398466041192], [4.168280519884244, 2.7542786446072993, 2.1508105096981005, 1.0934984192369899, 2.12080497729863, 3.298322180478935, 3.9958153168517434, 4.524201414101483, 4.717371702317247, 4.37118158811861, 4.839057642686897, 3.0862378079621435, 2.5244082691738297, 2.49036136667587, 3.0493997646876707, 0.0, 1.7619722307624783, 2.4150432700005813, 4.902721441154329, 4.48599795392312, 3.6389368287585584, 5.290456119063097, 5.06984275196664, 4.52497795305172], [4.181720335748693, 2.764404553670084, 2.1551334469908308, 1.090281775998182, 2.149552633776583, 2.730903982120836, 2.752804913019378, 4.215574858906305, 4.389906846267596, 4.726356951470794, 4.852581807918663, 2.5431367127161413, 3.0868067716319105, 3.053087778031311, 2.4911535530174134, 1.7619722307624783, 0.0, 3.0627821314041626, 3.635297292667924, 3.2953535729278074, 2.0727472318626377, 4.8060392466376465, 4.689406798697724, 4.629915989718471], [5.333054376858448, 4.2866472308165715, 2.9125639491674886, 2.1758693195623033, 1.083450861461886, 2.0722636647222648, 3.473588528801216, 2.6373631852548094, 5.581744454498785, 5.249076305174833, 6.281558732947014, 4.8021615963525575, 4.4080417411473976, 2.7019632939865716, 3.298853803119065, 2.4150432700005813, 3.0627821314041626, 0.0, 4.114299995245305, 4.064809813656895, 3.755912962259428, 3.378946911772073, 3.413658917779406, 2.290957653928408], [6.544636199936888, 5.635860883328872, 4.487344170132432, 3.929764992297244, 3.2514673331192547, 2.13162504577216, 1.0894951255608882, 2.7000013527999926, 6.175156409051578, 6.992623635264962, 7.420422726769108, 5.4353228829022875, 6.346264796810623, 5.082369296352537, 3.8788657616799735, 4.902721441154329, 3.635297292667924, 4.114299995245305, 0.0, 1.7589106385514452, 1.7634929054604271, 2.5216264184415995, 2.9927635348647716, 3.7177301786260433], [7.083024904737841, 5.8777171228992025, 4.849914280943077, 3.775333257517357, 3.1679601803563604, 2.1347669616288325, 1.0904845717554132, 2.821156896264415, 6.945494917745011, 7.575869558907075, 7.867696610761676, 5.583873449203714, 6.348988998056058, 5.512075490625939, 4.599605008221126, 4.48599795392312, 3.2953535729278074, 4.064809813656895, 1.7589106385514452, 0.0, 1.7664370004417802, 3.2252298855457577, 2.6230367122841645, 3.7909718471202063], [5.4476112614689525, 4.327815686779949, 3.452207604994621, 2.713754662577199, 2.6838198273158045, 2.160229358763192, 1.0847913644918883, 3.458554026828409, 5.25345500478594, 6.041004513756895, 6.201085420971202, 3.9583744883176553, 4.95445412819428, 4.297184977259073, 3.0869618375158203, 3.6389368287585584, 2.0727472318626377, 3.755912962259428, 1.7634929054604271, 1.7664370004417802, 0.0, 3.737594902786291, 3.781296431055766, 4.290385272094833], [7.3832832251713345, 6.550148846824481, 5.07929646166379, 4.52829759670417, 3.1732368088819807, 2.140248906912404, 2.7812195864896005, 1.0900231865580945, 7.142534236781554, 7.472011328082596, 8.406911112355127, 6.747374197672196, 7.091865330133815, 5.162719257690348, 4.672828173607221, 5.290456119063097, 4.8060392466376465, 3.378946911772073, 2.5216264184415995, 3.2252298855457577, 3.737594902786291, 0.0, 1.7590507087367435, 1.7677167405339165], [8.038387046400214, 6.934396220362486, 5.555206253666618, 4.540780416381175, 3.1845670948878335, 2.1389731112271524, 2.7531233696777955, 1.0899026244566974, 7.973981009250648, 8.195275087536976, 8.988423632463668, 7.036132603980219, 7.283124524393323, 5.738854196863109, 5.4129858435396105, 5.06984275196664, 4.689406798697724, 3.413658917779406, 2.9927635348647716, 2.6230367122841645, 3.781296431055766, 1.7590507087367435, 0.0, 1.768412489513098], [7.271546207483906, 6.315849584023685, 4.8347924305248675, 4.083223709066685, 2.5875479368510748, 2.1507613394966816, 3.4555092025060814, 1.0867762522754634, 7.2837175546437285, 7.210817377760652, 8.282530737333184, 6.6859826087201775, 6.603189220877234, 4.696521210638705, 4.805398466041192, 4.52497795305172, 4.629915989718471, 2.290957653928408, 3.7177301786260433, 3.7909718471202063, 4.290385272094833, 1.7677167405339165, 1.768412489513098, 0.0]]}