{"total energy": -14.72108025, "HOMO-LUMO gap/eV": 6.77354168, "electronic energy": -15.02763217, "dipole": [0.02730905, -0.02977985, -0.00547736], "partial charges": [-0.08371009, -0.05722509, -0.06257578, -0.03112648, -0.09532989, 0.04774044, 0.04856595, 0.04772206, 0.04196666, 0.04195339, 0.03555011, 0.03092518, 0.03554353], "atomic dipole moments": [[-0.00923094, 0.00473119, 0.00147811], [0.37838345, -0.18167725, -0.06132385], [-0.37693434, 0.18057835, 0.06107894], [-0.05635398, -0.07604366, 0.00263181], [0.06549012, 0.06810688, -0.00430884], [0.08057785, 0.03096082, 0.09760225], [-0.01284332, -0.12957336, -0.00475059], [0.05153022, 0.04152776, -0.11225129], [-0.02585939, 0.07995493, -0.09631163], [0.00124968, 0.06688296, 0.1089258], [-0.00297241, -0.06683087, -0.10670793], [-0.11135879, 0.0530735, 0.01810319], [0.02363768, -0.07967365, 0.09463624]], "atomic quadrupole moments": [[0.07652937, -0.06299504, -0.02462354, -0.02135836, 0.01024325, -0.05190583], [-0.62316435, 0.52045776, 0.20742324, 0.1736184, -0.08356576, 0.41574112], [-0.62328016, 0.51902245, 0.2068791, 0.17359757, -0.08345731, 0.41640106], [0.11765919, 0.1079331, 0.04777043, -0.03101611, -0.00043523, -0.16542962], [0.07489747, 0.18075225, 0.05428205, -0.0156188, -0.01211004, -0.12917952], [0.00670845, 0.01307058, -0.03702415, 0.05478659, 0.03026278, 0.0303157], [-0.0309999, 0.0152701, 0.08133697, -0.00199349, 0.00454839, -0.05033707], [-0.02005737, 0.00813883, -0.02987848, -0.04035689, -0.0407627, 0.04993586], [-0.01384835, -0.00453383, -0.00570418, 0.01730242, -0.04619557, 0.01955253], [-0.01998938, 0.00849185, -0.0168321, -0.00483146, 0.04049912, 0.03682148], [-0.0407883, 0.01043965, -0.01293531, -0.00846114, 0.05128469, 0.05372361], [0.0539612, -0.04739912, -0.00152831, -0.01747381, 0.00969619, -0.05243289], [-0.03032317, -0.0066403, 0.00109891, 0.02949247, -0.05803093, 0.02922426]], "number of molecular orbitals": 28, "number of electrons": 28, "number of unpaired electrons": 0, "orbital energies/eV": [-16.70713126, -16.43945395, -15.96041634, -15.39490197, -13.96041738, -13.67734742, -13.22249712, -13.09620642, -13.04762339, -12.67878488, -12.0487757, -11.97628944, -10.46186313, -10.38933933, -3.61579765, -3.50221631, 1.73872623, 3.81922436, 4.67395122, 4.72222277, 4.85672704, 5.28966741, 6.46385051, 6.49246524, 6.6745847, 7.91154097, 9.26536672, 38.94250823], "fractional occupation": [2.0, 2.0, 2.0, 2.0, 2.0, 2.0, 2.0, 2.0, 2.0, 2.0, 2.0, 2.0, 2.0, 2.0, 0.0, 0.0, 0.0, 0.0, 0.0, 0.0, 0.0, 0.0, 0.0, 0.0, 0.0, 0.0, 0.0, 0.0], "program call": "xtb /tmp/scratch/tmp4zgwg8n1/18995_0_xyzopt.xyz --pop --wbo --acc 0.2 --gfn 2 --chrg 0 --uhf 0 --etemp 300 --input /tmp/scratch/tmp4zgwg8n1/18995_0_xtb.inp", "method": "GFN2-xTB", "xtb version": "6.3.3 (7355c4f)", "Dipole module/D": 0.104, "Total charge": 0, "Transition dipole module/D": NaN, "HOMO": -10.3893, "LUMO": -3.6158, "HOMO occupancy": 2.0, "LUMO occupancy": 0, "mulliken charges": [-0.05561, -0.06041, -0.07135, -0.00989, -0.08134, 0.04005, 0.04034, 0.04005, 0.03347, 0.03348, 0.03146, 0.02829, 0.03146], "cm5 charges": [-0.19896, -0.07324, -0.0822, -0.1145, -0.23216, 0.09212, 0.09243, 0.09211, 0.08848, 0.08848, 0.0838, 0.07983, 0.0838], "FUKUI+": [0.051, -0.218, -0.209, 0.018, 0.014, -0.1, -0.114, -0.1, -0.091, -0.091, -0.042, -0.073, -0.042], "FUKUI-": [0.025, -0.119, -0.102, 0.008, 0.025, -0.119, -0.088, -0.12, -0.136, -0.137, -0.084, -0.069, -0.084], "FUKUIrad": [0.038, -0.168, -0.156, 0.013, 0.019, -0.11, -0.101, -0.11, -0.114, -0.114, -0.063, -0.071, -0.063], "s proportion": [0.992, 1.094, 1.098, 1.013, 1.006, 0.96, 0.96, 0.96, 0.967, 0.967, 0.969, 0.972, 0.969], "p proportion": [3.064, 2.967, 2.973, 2.997, 3.076, 0.0, 0.0, 0.0, 0.0, 0.0, 0.0, 0.0, 0.0], "d proportion": [0.0, 0.0, 0.0, 0.0, 0.0, 0.0, 0.0, 0.0, 0.0, 0.0, 0.0, 0.0, 0.0], "Fermi-level/eV": -7.0026, "Coordination numbers": [3.753, 1.96, 1.967, 3.802, 3.756, 0.925, 0.925, 0.925, 0.924, 0.924, 0.925, 0.925, 0.925], "Dispersion coefficient C6": [22.157, 32.617, 32.761, 21.129, 22.374, 2.348, 2.338, 2.349, 2.423, 2.423, 2.509, 2.573, 2.509], "Total dispersion C6": 1435.788129, "Total dispersion C8": 32429.565828, "Polarizability alpha": [6.712, 9.223, 9.243, 6.544, 6.744, 2.396, 2.391, 2.397, 2.434, 2.434, 2.477, 2.509, 2.477], "Total polarizability alpha": 57.982233, "Wiberg matrix": [[0.0, 1.0631326377486716, 0.0, 0.0, 0.0, 0.9669842217901585, 0.9665594699547405, 0.966987255081855, 0.0, 0.0, 0.0, 0.0, 0.0], [1.0631326377486716, 0.0, 2.8123661276085894, 0.0, 0.0, 0.0, 0.0, 0.0, 0.0, 0.0, 0.0, 0.0, 0.0], [0.0, 2.8123661276085894, 0.0, 1.0497933586410422, 0.0, 0.0, 0.0, 0.0, 0.0, 0.0, 0.0, 0.0, 0.0], [0.0, 0.0, 1.0497933586410422, 0.0, 0.9999824020528034, 0.0, 0.0, 0.0, 0.9593971334971867, 0.9593913839135908, 0.0, 0.0, 0.0], [0.0, 0.0, 0.0, 0.9999824020528034, 0.0, 0.0, 0.0, 0.0, 0.0, 0.0, 0.9889028452552968, 0.9870210559347242, 0.9889026999120625], [0.9669842217901585, 0.0, 0.0, 0.0, 0.0, 0.0, 0.0, 0.0, 0.0, 0.0, 0.0, 0.0, 0.0], [0.9665594699547405, 0.0, 0.0, 0.0, 0.0, 0.0, 0.0, 0.0, 0.0, 0.0, 0.0, 0.0, 0.0], [0.966987255081855, 0.0, 0.0, 0.0, 0.0, 0.0, 0.0, 0.0, 0.0, 0.0, 0.0, 0.0, 0.0], [0.0, 0.0, 0.0, 0.9593971334971867, 0.0, 0.0, 0.0, 0.0, 0.0, 0.0, 0.0, 0.0, 0.0], [0.0, 0.0, 0.0, 0.9593913839135908, 0.0, 0.0, 0.0, 0.0, 0.0, 0.0, 0.0, 0.0, 0.0], [0.0, 0.0, 0.0, 0.0, 0.9889028452552968, 0.0, 0.0, 0.0, 0.0, 0.0, 0.0, 0.0, 0.0], [0.0, 0.0, 0.0, 0.0, 0.9870210559347242, 0.0, 0.0, 0.0, 0.0, 0.0, 0.0, 0.0, 0.0], [0.0, 0.0, 0.0, 0.0, 0.9889026999120625, 0.0, 0.0, 0.0, 0.0, 0.0, 0.0, 0.0, 0.0]], "Born radii": [], "Atomic SASAs": [], "Solvent H bonds": [], "Total SASA": NaN, "Total FOD": 0.0, "FOD": [0.0, 0.0, 0.0, 0.0, 0.0, 0.0, 0.0, 0.0, 0.0, 0.0, 0.0, 0.0, 0.0], "FOD s proportion": [0.0, 0.0, 0.0, 0.0, 0.0, 0.0, 0.0, 0.0, 0.0, 0.0, 0.0, 0.0, 0.0], "FOD p proportion": [0.0, 0.0, 0.0, 0.0, 0.0, 0.0, 0.0, 0.0, 0.0, 0.0, 0.0, 0.0, 0.0], "FOD d proportion": [0.0, 0.0, 0.0, 0.0, 0.0, 0.0, 0.0, 0.0, 0.0, 0.0, 0.0, 0.0, 0.0], "coordinates": [["2.59127334785635", "-0.73585467449403", "-0.34725260816617"], ["1.29770243095035", "-0.12007695271501", "-0.13685489933959"], ["0.23097968210161", "0.39761882255216", "0.03632729933066"], ["-1.07597734030543", "0.99294243692033", "0.24709703220941"], ["-2.16639699658379", "-0.07617052717319", "0.32308695205258"], ["3.26644104160289", "-0.47759045249111", "0.46859257121288"], ["2.48524670948156", "-1.81995414751517", "-0.38719587855913"], ["3.02339365225730", "-0.38915822186414", "-1.28600124848806"], ["-1.28896148937367", "1.68224632547513", "-0.57594542252825"], ["-1.05735185918481", "1.57057001511245", "1.17656633950317"], ["-2.19937046637698", "-0.65001760436649", "-0.60052492830953"], ["-3.13828366134395", "0.38674185037658", "0.48106706265544"], ["-1.96869405108144", "-0.76129386981750", "1.14465572842661"]], "bond_dist": [[0.0, 1.4480245562779193, 2.64629588340823, 4.0976479298827355, 4.849738694670656, 1.090025311523466, 1.0900040276528602, 1.0900345854365892, 4.577743466102724, 4.577563209346059, 4.798102023259922, 5.896961925974924, 4.797889152203207], [1.4480245562779193, 0.0, 1.1982897865613102, 2.6496390138872363, 3.494775976326418, 2.0905296599653, 2.0886633277650257, 2.09068224569494, 3.1830802571355585, 3.1827100449069277, 3.5672602707482874, 4.5074011870823565, 3.566899858656785], [2.64629588340823, 1.1982897865613102, 0.0, 1.451540817387247, 2.4605126266384016, 3.1885529955486915, 3.1904108811429825, 3.1882827175013007, 2.082154382351191, 2.0822482390761134, 2.7220809479269814, 3.3985066195450973, 2.7221379589824695], [4.0976479298827355, 2.6496390138872363, 1.451540817387247, 0.0, 1.5289839844513806, 4.590002685857, 4.582251785330153, 4.589709697132788, 1.094486628895796, 1.0944924489626278, 2.163282875844944, 2.162250792130353, 2.1633075968828472], [4.849738694670656, 3.494775976326418, 2.4605126266384016, 1.5289839844513806, 0.0, 5.449590717734457, 5.018273824953372, 5.442522679139287, 2.161060412745361, 2.1610558982123904, 1.0878633293109607, 1.0880299967250446, 1.087867502781997], [1.090025311523466, 2.0905296599653, 3.1885529955486915, 4.590002685857, 5.449590717734457, 0.0, 1.7732960116743957, 1.773553428858038, 5.148557734652685, 4.836462881749771, 5.572058756981488, 6.462795406266146, 5.286226296726185], [1.0900040276528602, 2.0886633277650257, 3.1904108811429825, 4.582251785330153, 5.018273824953372, 1.7732960116743957, 0.0, 1.7733105215645522, 5.152250194979672, 5.14694190667797, 4.83320792877887, 6.103071488504369, 4.827516880136642], [1.0900345854365892, 2.09068224569494, 3.1882827175013007, 4.589709697132788, 5.442522679139287, 1.773553428858038, 1.7733105215645522, 0.0, 4.836455617729614, 5.1533734405128495, 5.2740108496151885, 6.456842777650624, 5.5648466212221415], [4.577743466102724, 3.1830802571355585, 2.082154382351191, 1.094486628895796, 2.161060412745361, 5.148557734652685, 5.152250194979672, 4.836455617729614, 0.0, 1.7712741445498814, 2.503777884708015, 2.4931104537455706, 3.0648643301333487], [4.577563209346059, 3.1827100449069277, 2.0822482390761134, 1.0944924489626278, 2.1610558982123904, 4.836462881749771, 5.14694190667797, 5.1533734405128495, 1.7712741445498814, 0.0, 3.064844082346187, 2.493079528004452, 2.5038274812116814], [4.798102023259922, 3.5672602707482874, 2.7220809479269814, 2.163282875844944, 1.0878633293109607, 5.572058756981488, 4.83320792877887, 5.2740108496151885, 2.503777884708015, 3.064844082346187, 0.0, 1.7681259541112446, 1.76387344797531], [5.896961925974924, 4.5074011870823565, 3.3985066195450973, 2.162250792130353, 1.0880299967250446, 6.462795406266146, 6.103071488504369, 6.456842777650624, 2.4931104537455706, 2.493079528004452, 1.7681259541112446, 0.0, 1.7681277636572283], [4.797889152203207, 3.566899858656785, 2.7221379589824695, 2.1633075968828472, 1.087867502781997, 5.286226296726185, 4.827516880136642, 5.5648466212221415, 3.0648643301333487, 2.5038274812116814, 1.76387344797531, 1.7681277636572283, 0.0]]}