{"total energy": -20.88311568, "HOMO-LUMO gap/eV": 11.51214204, "electronic energy": -21.13745424, "dipole": [-0.04175729, -0.53621034, 0.02167235], "partial charges": [-0.10414832, -0.05460968, -0.06613344, 0.08809167, -0.31465517, 0.04406144, 0.03658191, 0.03756331, 0.03756331, 0.03109696, 0.03109696, 0.04887247, 0.04887248, 0.01419872, 0.01419872, 0.02538202, 0.05658462, 0.02538202], "atomic dipole moments": [[0.08880365, -0.05780912, 0.00613398], [0.00749887, 0.1147872, -0.00469809], [0.02403617, -0.12992698, 0.00664145], [0.11391475, 0.17761613, -0.00310561], [0.03522353, -0.28599109, 0.01389909], [-0.2057269, 0.08109863, -0.01190771], [-0.09802672, -0.07513794, -0.00071454], [-0.00236666, 0.06795212, -0.10343525], [-0.01050824, 0.07667145, 0.09660749], [0.00599931, -0.07649395, -0.09501962], [-0.00199795, -0.06792914, 0.10147752], [0.00576465, 0.06939296, -0.10323896], [-0.00238274, 0.07811858, 0.09694694], [0.01033954, -0.07247579, -0.09100795], [0.00266753, -0.06425931, 0.09749727], [0.00759214, -0.06389253, 0.09990854], [0.08082995, 0.09336133, -0.00077963], [0.01544474, -0.07230231, -0.09303466]], "atomic quadrupole moments": [[0.14454955, -0.15875114, -0.0142171, 0.01815763, -0.01157641, -0.13033244], [0.22641209, 0.01318481, 0.01052426, 0.01833182, -0.01030167, -0.23693635], [0.25669992, -0.01976073, 0.01223685, 0.02231453, -0.01312443, -0.26893677], [0.32102212, 0.19340266, 0.04154754, 0.01944123, -0.00979623, -0.36256966], [0.13466597, 0.00953314, 0.03331766, 0.01193668, -0.00842334, -0.16798363], [0.37523861, -0.26247962, -0.12288171, 0.03707371, -0.01642305, -0.2523569], [0.03518988, 0.0577173, 0.02058323, 0.00119009, -0.0009831, -0.05577311], [-0.03611605, -0.00635175, -0.01243147, -0.01174817, -0.05832542, 0.04854752], [-0.03753648, -0.01050116, -0.00191455, 0.00588724, 0.06211805, 0.03945103], [-0.01769394, -0.00223034, -0.01077477, -0.00365985, 0.04503024, 0.0284687], [-0.01797179, 0.00142509, -0.01828577, -0.00040487, -0.04096014, 0.03625756], [-0.02536787, -0.00080225, -0.01322493, 0.00095453, -0.03957808, 0.0385928], [-0.02482095, -0.0044727, -0.00599036, -0.00560614, 0.04324131, 0.03081132], [-0.01733428, 0.00900222, -0.00723129, -0.00265628, 0.03554169, 0.02456557], [-0.01740416, 0.01176919, -0.0130778, -0.00191822, -0.03139571, 0.03048196], [-0.02440593, -0.02093529, -0.01742336, -0.00278436, -0.04980621, 0.04182929], [0.03531659, 0.05211597, 0.02378844, 0.00157656, -0.00149764, -0.05910503], [-0.02459638, -0.02499842, -0.00850206, -0.0002669, 0.05234286, 0.03309845]], "number of molecular orbitals": 36, "number of electrons": 38, "number of unpaired electrons": 0, "orbital energies/eV": [-18.86956821, -17.43272684, -16.88139351, -16.36951462, -15.93092824, -15.28251625, -14.9226224, -14.68593427, -14.38747476, -13.99335368, -13.26577268, -13.20816138, -12.92935056, -12.31997864, -12.26459514, -11.9560439, -11.91420939, -11.60223625, -10.76957424, 0.74256781, 2.57572974, 3.22471224, 3.24871925, 3.68342366, 3.7168431, 4.30382504, 4.41088201, 4.96419553, 4.98230072, 5.26827814, 5.33226382, 6.44008233, 6.83266139, 6.90863057, 7.48498177, 8.34184424], "fractional occupation": [2.0, 2.0, 2.0, 2.0, 2.0, 2.0, 2.0, 2.0, 2.0, 2.0, 2.0, 2.0, 2.0, 2.0, 2.0, 2.0, 2.0, 2.0, 2.0, 0.0, 0.0, 0.0, 0.0, 0.0, 0.0, 0.0, 0.0, 0.0, 0.0, 0.0, 0.0, 0.0, 0.0, 0.0, 0.0, 0.0], "program call": "xtb /tmp/scratch/tmpx6karin7/19021_0_xyzopt.xyz --pop --wbo --acc 0.2 --gfn 2 --chrg 0 --uhf 0 --etemp 300 --input /tmp/scratch/tmpx6karin7/19021_0_xtb.inp", "method": "GFN2-xTB", "xtb version": "6.3.3 (7355c4f)", "Dipole module/D": 1.368, "Total charge": 0, "Transition dipole module/D": NaN, "HOMO": -10.7696, "LUMO": 0.7426, "HOMO occupancy": 2.0, "LUMO occupancy": 0, "mulliken charges": [-0.08433, -0.04387, -0.05632, 0.20041, -0.46333, 0.17521, 0.02954, 0.02948, 0.02948, 0.02159, 0.02159, 0.03644, 0.03644, 0.00676, 0.00676, 0.0106, 0.03295, 0.0106], "cm5 charges": [-0.23703, -0.15718, -0.1649, 0.11904, -0.57185, 0.054, 0.08113, 0.08171, 0.08171, 0.07687, 0.07687, 0.09468, 0.09468, 0.06911, 0.06911, 0.06918, 0.09371, 0.06918], "FUKUI+": [0.01, -0.027, -0.017, -0.024, -0.154, 0.006, -0.076, -0.045, -0.045, -0.054, -0.054, -0.062, -0.062, -0.079, -0.079, -0.072, -0.092, -0.072], "FUKUI-": [0.02, 0.012, 0.017, 0.033, -0.155, 0.041, -0.053, -0.075, -0.075, -0.082, -0.082, -0.072, -0.072, -0.101, -0.101, -0.093, -0.067, -0.093], "FUKUIrad": [0.015, -0.008, -0.0, 0.004, -0.155, 0.024, -0.065, -0.06, -0.06, -0.068, -0.068, -0.067, -0.067, -0.09, -0.09, -0.083, -0.079, -0.083], "s proportion": [1.005, 1.026, 1.032, 0.992, 1.682, 0.967, 0.97, 0.971, 0.971, 0.978, 0.978, 0.964, 0.964, 0.993, 0.993, 0.989, 0.967, 0.989], "p proportion": [3.08, 3.018, 3.024, 2.807, 4.781, 2.857, 0.0, 0.0, 0.0, 0.0, 0.0, 0.0, 0.0, 0.0, 0.0, 0.0, 0.0, 0.0], "d proportion": [0.0, 0.0, 0.0, 0.0, 0.0, 0.0, 0.0, 0.0, 0.0, 0.0, 0.0, 0.0, 0.0, 0.0, 0.0, 0.0, 0.0, 0.0], "Fermi-level/eV": -5.0135, "Coordination numbers": [3.752, 3.801, 3.802, 3.706, 1.701, 3.655, 0.925, 0.925, 0.925, 0.924, 0.924, 0.924, 0.924, 0.923, 0.923, 0.923, 0.925, 0.923], "Dispersion coefficient C6": [22.55, 21.555, 21.766, 19.256, 19.251, 20.124, 2.495, 2.482, 2.482, 2.571, 2.571, 2.334, 2.334, 2.823, 2.823, 2.653, 2.239, 2.653], "Total dispersion C6": 2146.288561, "Total dispersion C8": 43711.025477, "Polarizability alpha": [6.772, 6.61, 6.642, 6.273, 5.924, 6.44, 2.47, 2.463, 2.463, 2.507, 2.507, 2.389, 2.389, 2.628, 2.628, 2.547, 2.34, 2.547], "Total polarizability alpha": 68.541499, "Wiberg matrix": [[0.0, 1.0194427011138052, 0.0, 0.0, 0.0, 0.0, 0.9872604267479886, 0.9877736128894435, 0.9877736137624391, 0.0, 0.0, 0.0, 0.0, 0.0, 0.0, 0.0, 0.0, 0.0], [1.0194427011138052, 0.0, 1.007870805789568, 0.0, 0.0, 0.0, 0.0, 0.0, 0.0, 0.9783463970995232, 0.9783463967788392, 0.0, 0.0, 0.0, 0.0, 0.0, 0.0, 0.0], [0.0, 1.007870805789568, 0.0, 1.0021415934493976, 0.0, 0.0, 0.0, 0.0, 0.0, 0.0, 0.0, 0.9758114849526229, 0.975811484273217, 0.0, 0.0, 0.0, 0.0, 0.0], [0.0, 0.0, 1.0021415934493976, 0.0, 0.9823922048652728, 0.0, 0.0, 0.0, 0.0, 0.0, 0.0, 0.0, 0.0, 0.9674447420112857, 0.9674447391180724, 0.0, 0.0, 0.0], [0.0, 0.0, 0.0, 0.9823922048652728, 0.0, 1.000716574403417, 0.0, 0.0, 0.0, 0.0, 0.0, 0.0, 0.0, 0.0, 0.0, 0.0, 0.0, 0.0], [0.0, 0.0, 0.0, 0.0, 1.000716574403417, 0.0, 0.0, 0.0, 0.0, 0.0, 0.0, 0.0, 0.0, 0.0, 0.0, 0.9765101120073336, 0.9801678406437805, 0.9765101085430645], [0.9872604267479886, 0.0, 0.0, 0.0, 0.0, 0.0, 0.0, 0.0, 0.0, 0.0, 0.0, 0.0, 0.0, 0.0, 0.0, 0.0, 0.0, 0.0], [0.9877736128894435, 0.0, 0.0, 0.0, 0.0, 0.0, 0.0, 0.0, 0.0, 0.0, 0.0, 0.0, 0.0, 0.0, 0.0, 0.0, 0.0, 0.0], [0.9877736137624391, 0.0, 0.0, 0.0, 0.0, 0.0, 0.0, 0.0, 0.0, 0.0, 0.0, 0.0, 0.0, 0.0, 0.0, 0.0, 0.0, 0.0], [0.0, 0.9783463970995232, 0.0, 0.0, 0.0, 0.0, 0.0, 0.0, 0.0, 0.0, 0.0, 0.0, 0.0, 0.0, 0.0, 0.0, 0.0, 0.0], [0.0, 0.9783463967788392, 0.0, 0.0, 0.0, 0.0, 0.0, 0.0, 0.0, 0.0, 0.0, 0.0, 0.0, 0.0, 0.0, 0.0, 0.0, 0.0], [0.0, 0.0, 0.9758114849526229, 0.0, 0.0, 0.0, 0.0, 0.0, 0.0, 0.0, 0.0, 0.0, 0.0, 0.0, 0.0, 0.0, 0.0, 0.0], [0.0, 0.0, 0.975811484273217, 0.0, 0.0, 0.0, 0.0, 0.0, 0.0, 0.0, 0.0, 0.0, 0.0, 0.0, 0.0, 0.0, 0.0, 0.0], [0.0, 0.0, 0.0, 0.9674447420112857, 0.0, 0.0, 0.0, 0.0, 0.0, 0.0, 0.0, 0.0, 0.0, 0.0, 0.0, 0.0, 0.0, 0.0], [0.0, 0.0, 0.0, 0.9674447391180724, 0.0, 0.0, 0.0, 0.0, 0.0, 0.0, 0.0, 0.0, 0.0, 0.0, 0.0, 0.0, 0.0, 0.0], [0.0, 0.0, 0.0, 0.0, 0.0, 0.9765101120073336, 0.0, 0.0, 0.0, 0.0, 0.0, 0.0, 0.0, 0.0, 0.0, 0.0, 0.0, 0.0], [0.0, 0.0, 0.0, 0.0, 0.0, 0.9801678406437805, 0.0, 0.0, 0.0, 0.0, 0.0, 0.0, 0.0, 0.0, 0.0, 0.0, 0.0, 0.0], [0.0, 0.0, 0.0, 0.0, 0.0, 0.9765101085430645, 0.0, 0.0, 0.0, 0.0, 0.0, 0.0, 0.0, 0.0, 0.0, 0.0, 0.0, 0.0]], "Born radii": [], "Atomic SASAs": [], "Solvent H bonds": [], "Total SASA": NaN, "Total FOD": 0.0, "FOD": [0.0, 0.0, 0.0, 0.0, 0.0, 0.0, 0.0, 0.0, 0.0, 0.0, 0.0, 0.0, 0.0, 0.0, 0.0, 0.0, 0.0, 0.0], "FOD s proportion": [0.0, 0.0, 0.0, 0.0, 0.0, 0.0, 0.0, 0.0, 0.0, 0.0, 0.0, 0.0, 0.0, 0.0, 0.0, 0.0, 0.0, 0.0], "FOD p proportion": [0.0, 0.0, 0.0, 0.0, 0.0, 0.0, 0.0, 0.0, 0.0, 0.0, 0.0, 0.0, 0.0, 0.0, 0.0, 0.0, 0.0, 0.0], "FOD d proportion": [0.0, 0.0, 0.0, 0.0, 0.0, 0.0, 0.0, 0.0, 0.0, 0.0, 0.0, 0.0, 0.0, 0.0, 0.0, 0.0, 0.0, 0.0], "coordinates": [["-2.91726718743224", "0.38820658521668", "-0.36898126229876"], ["-1.62690859656339", "-0.41726853431192", "-0.28135616717954"], ["-0.39824425300508", "0.48750372906676", "-0.27078736783252"], ["0.89656224266969", "-0.31116167567227", "-0.18327800845908"], ["1.98523794141383", "0.58421650310033", "-0.17799712532076"], ["3.22699098608810", "-0.06096045507376", "-0.09933777582011"], ["-3.78090688282107", "-0.27271697545366", "-0.37532278331886"], ["-2.93336645455936", "0.98396153906406", "-1.27873353639926"], ["-3.00499704956789", "1.06067531820920", "0.48126671852797"], ["-1.56591991011966", "-1.09970270451904", "-1.13230560799507"], ["-1.63755422163864", "-1.02298457560124", "0.62778942909631"], ["-0.37114505968232", "1.09254627853080", "-1.17838398602493"], ["-0.44271047417691", "1.16919064260234", "0.58001705386150"], ["0.97880152879126", "-0.99853990305332", "-1.04154056585313"], ["0.90648636322230", "-0.92109265121647", "0.73528198584211"], ["3.31306548312322", "-0.65135842031619", "0.82252768162595"], ["3.98640933989742", "0.71837973546835", "-0.10239919377124"], ["3.38546620436075", "-0.72889643604066", "-0.95640348868057"]], "bond_dist": [[0.0, 1.5236448465778725, 2.5228909028844764, 3.881867667082057, 4.910137611803563, 6.166552289793312, 1.0875356046536224, 1.0875809632697493, 1.0875809645552081, 2.150041296141699, 2.150041296909221, 2.762963094608929, 2.7629630524280624, 4.1898392906007915, 4.189839260384848, 6.427863887013466, 6.9167065791755284, 6.427863738457125], [1.5236448465778725, 0.0, 1.5258901065380135, 2.52760421488968, 3.7498343941453465, 4.870362132386849, 2.160887200970483, 2.159870243761028, 2.159870246406982, 1.092497582315254, 1.0924975822564638, 2.15896774811989, 2.158967748486705, 2.7758749938498624, 2.7758749786727535, 5.067218323139303, 5.7298395131782724, 5.067218367145913], [2.5228909028844764, 1.5258901065380135, 0.0, 1.5238268201952894, 2.387247528196153, 3.6704956698856264, 3.468612062457555, 2.7729533736882606, 2.772953508769956, 2.150559085718618, 2.1505590847201104, 1.0911198258188644, 1.0911198178408563, 2.167634944815831, 2.1676349526318734, 4.0331333662737014, 4.393955557040654, 4.033133230135055], [3.881867667082057, 2.52760421488968, 1.5238268201952894, 0.0, 1.4095902765643995, 2.3453240163344544, 4.681567751346244, 4.188761246586187, 4.188761313657469, 2.7543181899812947, 2.754318152248303, 2.1372210301503363, 2.137221034070567, 1.1026634777137925, 1.1026634782324316, 2.6394823019668374, 3.2578600313956643, 2.639482575943475], [4.910137611803563, 3.7498343941453465, 2.387247528196153, 1.4095902765643995, 0.0, 1.401567417065785, 5.832812232193142, 5.056093941427355, 5.056094054061838, 4.0443801335188, 4.0443800928366285, 2.609926029509962, 2.609926004410289, 2.064882410104626, 2.064882406435562, 2.0714297625585796, 2.0070878870350373, 2.0714297588414348], [6.166552289793312, 4.870362132386849, 3.6704956698856264, 2.3453240163344544, 1.401567417065785, 0.0, 7.016526283664102, 6.358682263680545, 6.3586825100271085, 5.011786394298738, 5.011786553577819, 3.929567598617033, 3.929567853491856, 2.611734510764891, 2.6117349111538735, 1.098095851023254, 1.088162093153654, 1.098095854485294], [1.0875356046536224, 2.160887200970483, 3.468612062457555, 4.681567751346244, 5.832812232193142, 7.016526283664102, 0.0, 1.7645726551122236, 1.7645726544443219, 2.4825582938109485, 2.48255840066764, 3.7596976924357164, 3.7596977333552344, 4.86060584902411, 4.860605868948538, 7.204350005997578, 7.835046986447358, 7.204349915925031], [1.0875809632697493, 2.159870243761028, 2.7729533736882606, 4.188761246586187, 5.056093941427355, 6.358682263680545, 1.7645726551122236, 0.0, 1.7631270071653715, 2.4965992610155823, 3.056434502507644, 2.566483811418072, 3.1132990203652424, 4.392223901764076, 4.7360278350069205, 6.79024904020649, 7.024072410332713, 6.5548016960071], [1.0875809645552081, 2.159870246406982, 2.772953508769956, 4.188761313657469, 5.056094054061838, 6.3586825100271085, 1.7645726544443219, 1.7631270071653715, 0.0, 3.0564345023721113, 2.4965991559402503, 3.1132992987920285, 2.566483917499868, 4.736027920713704, 4.392223870569783, 6.554802265040417, 7.024072569798829, 6.790249132993295], [2.150041296141699, 1.092497582315254, 2.150559085718618, 2.7543181899812947, 4.0443801335188, 5.011786394298738, 2.4825582938109485, 2.4965992610155823, 3.0564345023721113, 0.0, 1.7632219614912787, 2.497111484063635, 3.0563909036492793, 2.5483483684395045, 3.103639436573774, 5.275119359300346, 5.932494507477029, 4.968366260552014], [2.150041296909221, 1.0924975822564638, 2.1505590847201104, 2.754318152248303, 4.0443800928366285, 5.011786553577819, 2.48255840066764, 3.056434502507644, 2.4965991559402503, 1.7632219614912787, 0.0, 3.056390905261019, 2.4971115249403417, 3.1036394099285243, 2.548348310461145, 4.9683663761307555, 5.932494520041081, 5.275119831299733], [2.762963094608929, 2.15896774811989, 1.0911198258188644, 2.1372210301503363, 2.609926029509962, 3.929567598617033, 3.7596976924357164, 2.566483811418072, 3.1132992987920285, 2.497111484063635, 3.056390905261019, 0.0, 1.7615249598485379, 2.4927341077996723, 3.057646356933522, 4.540733247408564, 4.5040009125671, 4.180796227132096], [2.7629630524280624, 2.158967748486705, 1.0911198178408563, 2.137221034070567, 2.609926004410289, 3.929567853491856, 3.7596977333552344, 3.1132990203652424, 2.566483917499868, 3.0563909036492793, 2.4971115249403417, 1.7615249598485379, 0.0, 3.0576463509055034, 2.4927341522049615, 4.180796973844336, 4.504000969854463, 4.5407333464712964], [4.1898392906007915, 2.7758749938498624, 2.167634944815831, 1.1026634777137925, 2.064882410104626, 2.611734510764891, 4.86060584902411, 4.392223901764076, 4.736027920713704, 2.5483483684395045, 3.1036394099285243, 2.4927341077996723, 3.0576463509055034, 0.0, 1.7799791965641425, 3.0073366325885034, 3.5882452964260994, 2.4232190948913583], [4.189839260384848, 2.7758749786727535, 2.1676349526318734, 1.1026634782324316, 2.064882406435562, 2.6117349111538735, 4.860605868948538, 4.7360278350069205, 4.392223870569783, 3.103639436573774, 2.548348310461145, 3.057646356933522, 2.4927341522049615, 1.7799791965641425, 0.0, 2.423219228030196, 3.5882453940096917, 3.007337723404165], [6.427863887013466, 5.067218323139303, 4.0331333662737014, 2.6394823019668374, 2.0714297625585796, 1.098095851023254, 7.204350005997578, 6.79024904020649, 6.554802265040417, 5.275119359300346, 4.9683663761307555, 4.540733247408564, 4.180796973844336, 3.0073366325885034, 2.423219228030196, 0.0, 1.7846748414486029, 1.7820915007390412], [6.9167065791755284, 5.7298395131782724, 4.393955557040654, 3.2578600313956643, 2.0070878870350373, 1.088162093153654, 7.835046986447358, 7.024072410332713, 7.024072569798829, 5.932494507477029, 5.932494520041081, 4.5040009125671, 4.504000969854463, 3.5882452964260994, 3.5882453940096917, 1.7846748414486029, 0.0, 1.7846748455923294], [6.427863738457125, 5.067218367145913, 4.033133230135055, 2.639482575943475, 2.0714297588414348, 1.098095854485294, 7.204349915925031, 6.5548016960071, 6.790249132993295, 4.968366260552014, 5.275119831299733, 4.180796227132096, 4.5407333464712964, 2.4232190948913583, 3.007337723404165, 1.7820915007390412, 1.7846748455923294, 0.0]]}