{"total energy": -28.10351194, "HOMO-LUMO gap/eV": 10.61832652, "electronic energy": -28.40339471, "dipole": [1.11e-06, -1.873e-05, 2.932e-05], "partial charges": [-0.11252552, 0.0910905, -0.32095202, 0.08412863, 0.08412863, -0.32095202, 0.09109051, -0.11252552, 0.05600735, 0.04570792, 0.05600722, 0.01903062, 0.0190306, 0.03123646, 0.03123823, 0.03123823, 0.03123646, 0.0190306, 0.01903062, 0.05600722, 0.05600734, 0.04570792], "atomic dipole moments": [[-0.08013177, 0.07971687, 0.05389756], [-0.16269876, -0.12673761, -0.07480309], [0.02968317, 0.24182045, 0.1532712], [0.08380822, -0.16276708, -0.10705948], [-0.08380784, 0.16276068, 0.1070695], [-0.02968311, -0.24182165, -0.15326931], [0.16269841, 0.12674363, 0.07479366], [0.0801313, -0.07970882, -0.05391018], [-0.01948725, -0.00606622, -0.1248526], [0.11310796, 0.04505139, 0.02451559], [-0.0130038, -0.11635989, 0.04791651], [0.00770584, 0.10855742, -0.04389592], [0.01371948, 0.00623975, 0.11637742], [0.00204012, 0.11028704, -0.0439962], [0.00813758, 0.00668486, 0.11828804], [-0.00203647, -0.11028883, 0.04399085], [-0.00814144, -0.00667938, -0.11828847], [-0.00769399, -0.10856, 0.04389067], [-0.0137315, -0.00623432, -0.11637665], [0.01949925, 0.00605963, 0.12485101], [0.01299197, 0.1163637, -0.04791057], [-0.11310765, -0.04505666, -0.02450733]], "atomic quadrupole moments": [[0.07767038, -0.16881887, 0.00386298, -0.1164843, 0.10741927, -0.08153336], [0.40259047, 0.09903692, -0.13099064, 0.0345263, 0.14384766, -0.27159983], [0.13145855, -0.01171931, -0.02170978, -0.01887547, 0.09638416, -0.10974877], [0.34600793, -0.13604692, -0.08787344, -0.11443041, 0.19673064, -0.25813449], [0.34600544, -0.13602515, -0.08789503, -0.11446307, 0.19673986, -0.25811041], [0.13145694, -0.01170554, -0.02171201, -0.01889686, 0.09638469, -0.10974492], [0.40258525, 0.09908126, -0.13099065, 0.03445695, 0.143846, -0.27159459], [0.07766792, -0.16879699, 0.00382898, -0.11651632, 0.10743426, -0.0814969], [-0.04238073, -0.01150455, -0.03748931, 0.02106269, 0.00253465, 0.07987003], [0.07173001, 0.04262467, -0.02598375, 0.0224105, 0.0176883, -0.04574626], [-0.0450577, 0.00834789, 0.06178284, -0.01641816, -0.04438518, -0.01672515], [-0.00947149, 0.01208096, 0.02560081, -0.00145274, -0.03370941, -0.01612932], [-0.00835255, 0.00432666, -0.03420216, 0.01454893, -0.00560216, 0.04255471], [-0.02244807, -0.0070901, 0.03286804, -0.0065718, -0.02936877, -0.01041997], [-0.02202459, -0.00895698, -0.0257888, 0.00014767, -0.002016, 0.04781339], [-0.02244758, -0.00709278, 0.03287145, -0.00657245, -0.02936665, -0.01042387], [-0.02202495, -0.00895552, -0.02578771, 0.00014996, -0.00202017, 0.04781266], [-0.00947268, 0.0120763, 0.02560595, -0.00145118, -0.03370788, -0.01613327], [-0.00835088, 0.00432699, -0.03420095, 0.01455374, -0.00560647, 0.04255182], [-0.04237507, -0.01150609, -0.03749098, 0.02107413, 0.00252957, 0.07986605], [-0.04506201, 0.00833789, 0.06178962, -0.01641189, -0.04438204, -0.01672761], [0.07172925, 0.04263108, -0.02598085, 0.02240028, 0.01768671, -0.0457484]], "number of molecular orbitals": 46, "number of electrons": 50, "number of unpaired electrons": 0, "orbital energies/eV": [-18.98299618, -18.94253935, -17.8007339, -17.33044463, -16.60771308, -16.33663154, -15.98442476, -15.98077559, -15.24868409, -15.06265483, -14.7759793, -14.52812037, -14.44519774, -13.8547605, -13.53381419, -13.12493205, -12.85320627, -12.77376293, -12.39281848, -12.36731857, -12.33268221, -12.11057751, -12.07485677, -10.82747194, -10.7705843, -0.15225778, 1.95946825, 2.36676372, 2.94621284, 2.95487666, 3.62235545, 3.77301805, 4.06642748, 4.14959911, 4.20673503, 4.36655636, 4.47190701, 4.82640841, 4.85802329, 5.50642008, 6.16027355, 6.9757653, 7.20748665, 7.30716902, 7.32287081, 7.34835054], "fractional occupation": [2.0, 2.0, 2.0, 2.0, 2.0, 2.0, 2.0, 2.0, 2.0, 2.0, 2.0, 2.0, 2.0, 2.0, 2.0, 2.0, 2.0, 2.0, 2.0, 2.0, 2.0, 2.0, 2.0, 2.0, 2.0, 0.0, 0.0, 0.0, 0.0, 0.0, 0.0, 0.0, 0.0, 0.0, 0.0, 0.0, 0.0, 0.0, 0.0, 0.0, 0.0, 0.0, 0.0, 0.0, 0.0, 0.0], "program call": "xtb /tmp/scratch/tmp0upvivw1/19297_0_xyzopt.xyz --pop --wbo --acc 0.2 --gfn 2 --chrg 0 --uhf 0 --etemp 300 --input /tmp/scratch/tmp0upvivw1/19297_0_xtb.inp", "method": "GFN2-xTB", "xtb version": "6.3.3 (7355c4f)", "Dipole module/D": 0.0, "Total charge": 0, "Transition dipole module/D": NaN, "HOMO": -10.7706, "LUMO": -0.1523, "HOMO occupancy": 2.0, "LUMO occupancy": 0, "mulliken charges": [-0.09256, 0.2074, -0.47626, 0.19675, 0.19675, -0.47626, 0.2074, -0.09256, 0.04115, 0.0269, 0.04115, 0.00883, 0.00883, 0.01891, 0.01891, 0.01891, 0.01891, 0.00883, 0.00883, 0.04115, 0.04115, 0.0269], "cm5 charges": [-0.24195, 0.12414, -0.57959, 0.11905, 0.11905, -0.57959, 0.12414, -0.24195, 0.09559, 0.07907, 0.09559, 0.07058, 0.07058, 0.08346, 0.08346, 0.08346, 0.08346, 0.07058, 0.07058, 0.09559, 0.09559, 0.07907], "FUKUI+": [0.017, -0.011, -0.116, -0.014, -0.014, -0.116, -0.011, 0.017, -0.036, -0.067, -0.036, -0.054, -0.054, -0.065, -0.065, -0.065, -0.065, -0.054, -0.054, -0.036, -0.036, -0.067], "FUKUI-": [0.018, 0.022, -0.109, 0.025, 0.025, -0.109, 0.022, 0.018, -0.05, -0.044, -0.05, -0.087, -0.087, -0.069, -0.069, -0.069, -0.069, -0.087, -0.087, -0.05, -0.05, -0.044], "FUKUIrad": [0.017, 0.005, -0.112, 0.006, 0.006, -0.112, 0.005, 0.017, -0.043, -0.055, -0.043, -0.07, -0.07, -0.067, -0.067, -0.067, -0.067, -0.07, -0.07, -0.043, -0.043, -0.055], "s proportion": [1.007, 0.99, 1.686, 0.992, 0.992, 1.686, 0.99, 1.007, 0.959, 0.973, 0.959, 0.991, 0.991, 0.981, 0.981, 0.981, 0.981, 0.991, 0.991, 0.959, 0.959, 0.973], "p proportion": [3.086, 2.803, 4.79, 2.811, 2.811, 4.79, 2.803, 3.086, 0.0, 0.0, 0.0, 0.0, 0.0, 0.0, 0.0, 0.0, 0.0, 0.0, 0.0, 0.0, 0.0, 0.0], "d proportion": [0.0, 0.0, 0.0, 0.0, 0.0, 0.0, 0.0, 0.0, 0.0, 0.0, 0.0, 0.0, 0.0, 0.0, 0.0, 0.0, 0.0, 0.0, 0.0, 0.0, 0.0, 0.0], "Fermi-level/eV": -5.4614, "Coordination numbers": [3.751, 3.702, 1.702, 3.704, 3.704, 1.702, 3.702, 3.751, 0.925, 0.925, 0.925, 0.923, 0.923, 0.923, 0.923, 0.923, 0.923, 0.923, 0.923, 0.925, 0.925, 0.925], "Dispersion coefficient C6": [22.715, 19.218, 19.363, 19.325, 19.325, 19.363, 19.218, 22.715, 2.246, 2.374, 2.246, 2.748, 2.748, 2.569, 2.569, 2.569, 2.569, 2.748, 2.748, 2.246, 2.246, 2.374], "Total dispersion C6": 3349.476398, "Total dispersion C8": 68431.499442, "Polarizability alpha": [6.797, 6.268, 5.941, 6.285, 6.285, 5.941, 6.268, 6.797, 2.344, 2.41, 2.344, 2.593, 2.593, 2.507, 2.507, 2.507, 2.507, 2.593, 2.593, 2.344, 2.344, 2.41], "Total polarizability alpha": 85.173776, "Wiberg matrix": [[0.0, 1.0154692967373207, 0.0, 0.0, 0.0, 0.0, 0.0, 0.0, 0.9859226335538933, 0.9855501967986228, 0.9859227041275982, 0.0, 0.0, 0.0, 0.0, 0.0, 0.0, 0.0, 0.0, 0.0, 0.0, 0.0], [1.0154692967373207, 0.0, 0.9770967677563563, 0.0, 0.0, 0.0, 0.0, 0.0, 0.0, 0.0, 0.0, 0.9684434698353225, 0.9684431536813052, 0.0, 0.0, 0.0, 0.0, 0.0, 0.0, 0.0, 0.0, 0.0], [0.0, 0.9770967677563563, 0.0, 0.9900539529865658, 0.0, 0.0, 0.0, 0.0, 0.0, 0.0, 0.0, 0.0, 0.0, 0.0, 0.0, 0.0, 0.0, 0.0, 0.0, 0.0, 0.0, 0.0], [0.0, 0.0, 0.9900539529865658, 0.0, 0.994243381618423, 0.0, 0.0, 0.0, 0.0, 0.0, 0.0, 0.0, 0.0, 0.966245933273376, 0.9662450783365931, 0.0, 0.0, 0.0, 0.0, 0.0, 0.0, 0.0], [0.0, 0.0, 0.0, 0.994243381618423, 0.0, 0.9900539494789569, 0.0, 0.0, 0.0, 0.0, 0.0, 0.0, 0.0, 0.0, 0.0, 0.966245077690526, 0.9662459346827371, 0.0, 0.0, 0.0, 0.0, 0.0], [0.0, 0.0, 0.0, 0.0, 0.9900539494789569, 0.0, 0.9770967724265379, 0.0, 0.0, 0.0, 0.0, 0.0, 0.0, 0.0, 0.0, 0.0, 0.0, 0.0, 0.0, 0.0, 0.0, 0.0], [0.0, 0.0, 0.0, 0.0, 0.0, 0.9770967724265379, 0.0, 1.0154692950891437, 0.0, 0.0, 0.0, 0.0, 0.0, 0.0, 0.0, 0.0, 0.0, 0.9684431546500849, 0.9684434678201514, 0.0, 0.0, 0.0], [0.0, 0.0, 0.0, 0.0, 0.0, 0.0, 1.0154692950891437, 0.0, 0.0, 0.0, 0.0, 0.0, 0.0, 0.0, 0.0, 0.0, 0.0, 0.0, 0.0, 0.9859227024399088, 0.9859226353647512, 0.985550197030192], [0.9859226335538933, 0.0, 0.0, 0.0, 0.0, 0.0, 0.0, 0.0, 0.0, 0.0, 0.0, 0.0, 0.0, 0.0, 0.0, 0.0, 0.0, 0.0, 0.0, 0.0, 0.0, 0.0], [0.9855501967986228, 0.0, 0.0, 0.0, 0.0, 0.0, 0.0, 0.0, 0.0, 0.0, 0.0, 0.0, 0.0, 0.0, 0.0, 0.0, 0.0, 0.0, 0.0, 0.0, 0.0, 0.0], [0.9859227041275982, 0.0, 0.0, 0.0, 0.0, 0.0, 0.0, 0.0, 0.0, 0.0, 0.0, 0.0, 0.0, 0.0, 0.0, 0.0, 0.0, 0.0, 0.0, 0.0, 0.0, 0.0], [0.0, 0.9684434698353225, 0.0, 0.0, 0.0, 0.0, 0.0, 0.0, 0.0, 0.0, 0.0, 0.0, 0.0, 0.0, 0.0, 0.0, 0.0, 0.0, 0.0, 0.0, 0.0, 0.0], [0.0, 0.9684431536813052, 0.0, 0.0, 0.0, 0.0, 0.0, 0.0, 0.0, 0.0, 0.0, 0.0, 0.0, 0.0, 0.0, 0.0, 0.0, 0.0, 0.0, 0.0, 0.0, 0.0], [0.0, 0.0, 0.0, 0.966245933273376, 0.0, 0.0, 0.0, 0.0, 0.0, 0.0, 0.0, 0.0, 0.0, 0.0, 0.0, 0.0, 0.0, 0.0, 0.0, 0.0, 0.0, 0.0], [0.0, 0.0, 0.0, 0.9662450783365931, 0.0, 0.0, 0.0, 0.0, 0.0, 0.0, 0.0, 0.0, 0.0, 0.0, 0.0, 0.0, 0.0, 0.0, 0.0, 0.0, 0.0, 0.0], [0.0, 0.0, 0.0, 0.0, 0.966245077690526, 0.0, 0.0, 0.0, 0.0, 0.0, 0.0, 0.0, 0.0, 0.0, 0.0, 0.0, 0.0, 0.0, 0.0, 0.0, 0.0, 0.0], [0.0, 0.0, 0.0, 0.0, 0.9662459346827371, 0.0, 0.0, 0.0, 0.0, 0.0, 0.0, 0.0, 0.0, 0.0, 0.0, 0.0, 0.0, 0.0, 0.0, 0.0, 0.0, 0.0], [0.0, 0.0, 0.0, 0.0, 0.0, 0.0, 0.9684431546500849, 0.0, 0.0, 0.0, 0.0, 0.0, 0.0, 0.0, 0.0, 0.0, 0.0, 0.0, 0.0, 0.0, 0.0, 0.0], [0.0, 0.0, 0.0, 0.0, 0.0, 0.0, 0.9684434678201514, 0.0, 0.0, 0.0, 0.0, 0.0, 0.0, 0.0, 0.0, 0.0, 0.0, 0.0, 0.0, 0.0, 0.0, 0.0], [0.0, 0.0, 0.0, 0.0, 0.0, 0.0, 0.0, 0.9859227024399088, 0.0, 0.0, 0.0, 0.0, 0.0, 0.0, 0.0, 0.0, 0.0, 0.0, 0.0, 0.0, 0.0, 0.0], [0.0, 0.0, 0.0, 0.0, 0.0, 0.0, 0.0, 0.9859226353647512, 0.0, 0.0, 0.0, 0.0, 0.0, 0.0, 0.0, 0.0, 0.0, 0.0, 0.0, 0.0, 0.0, 0.0], [0.0, 0.0, 0.0, 0.0, 0.0, 0.0, 0.0, 0.985550197030192, 0.0, 0.0, 0.0, 0.0, 0.0, 0.0, 0.0, 0.0, 0.0, 0.0, 0.0, 0.0, 0.0, 0.0]], "Born radii": [], "Atomic SASAs": [], "Solvent H bonds": [], "Total SASA": NaN, "Total FOD": 0.0, "FOD": [0.0, 0.0, 0.0, 0.0, 0.0, 0.0, 0.0, 0.0, 0.0, 0.0, 0.0, 0.0, 0.0, 0.0, 0.0, 0.0, 0.0, 0.0, 0.0, 0.0, 0.0, 0.0], "FOD s proportion": [0.0, 0.0, 0.0, 0.0, 0.0, 0.0, 0.0, 0.0, 0.0, 0.0, 0.0, 0.0, 0.0, 0.0, 0.0, 0.0, 0.0, 0.0, 0.0, 0.0, 0.0, 0.0], "FOD p proportion": [0.0, 0.0, 0.0, 0.0, 0.0, 0.0, 0.0, 0.0, 0.0, 0.0, 0.0, 0.0, 0.0, 0.0, 0.0, 0.0, 0.0, 0.0, 0.0, 0.0, 0.0, 0.0], "FOD d proportion": [0.0, 0.0, 0.0, 0.0, 0.0, 0.0, 0.0, 0.0, 0.0, 0.0, 0.0, 0.0, 0.0, 0.0, 0.0, 0.0, 0.0, 0.0, 0.0, 0.0, 0.0, 0.0], "coordinates": [["4.03127727900397", "-0.83669524003922", "-0.36953720692395"], ["2.98625147505263", "0.07534083054423", "0.25191032270425"], ["1.70603092518727", "-0.44655339163406", "-0.03322154069226"], ["0.66273674342617", "0.32794139832227", "0.50041209040231"], ["-0.66274347324444", "-0.32782703619703", "0.13158209454488"], ["-1.70603486166414", "0.44662022378180", "0.66529016929514"], ["-2.98625169576539", "-0.07533707011889", "0.38025710351212"], ["-4.03127138200363", "0.83659527796812", "1.00186711595642"], ["3.88201883903989", "-0.88960155475748", "-1.44412394016163"], ["5.02735062600570", "-0.45521621634575", "-0.16338520332388"], ["3.93775974464066", "-1.83785154678976", "0.04125949189066"], ["3.07369609685264", "1.09469480947750", "-0.15716456935126"], ["3.12997231829084", "0.13726383206192", "1.34258969229832"], ["0.68887851329868", "1.35151891335284", "0.09682725238363"], ["0.74520148363509", "0.39452845820033", "1.59587590744258"], ["-0.68885112983309", "-1.35142408692354", "0.53511984358082"], ["-0.74524410606753", "-0.39436435420786", "-0.96388194807392"], ["-3.07358909893933", "-1.09471987020231", "0.78928339141778"], ["-3.13008116338890", "-0.13720752873772", "-0.71041081167065"], ["-3.88190910270431", "0.88944322380283", "2.07644210737983"], ["-3.93785610098403", "1.83778328612551", "0.59112392845856"], ["-5.02734192983873", "0.45506864231627", "0.79578970893026"]], "bond_dist": [[0.0, 1.519896627093579, 2.381614892287945, 3.668822102414231, 4.748041514743202, 5.969465376205171, 7.098420294868024, 8.347774666675166, 1.0861923435966612, 1.0863641225269152, 1.0861921595816992, 2.166178981749227, 2.1661776070707304, 4.022114679990966, 4.02207093897408, 4.833524838123161, 4.833638259731313, 7.203371997706425, 7.203508354483006, 8.460548889641284, 8.4606614417544, 9.224165150266249], [1.519896627093579, 0.0, 1.4116084495938004, 2.3503788808351795, 3.6731712924885778, 4.725069560456148, 5.975782028431366, 7.098420287273415, 2.1471015807714937, 2.149429435446751, 2.1471019613203626, 1.101849065688701, 1.1018491848507126, 2.632603992844204, 2.6325708534894794, 3.9524985665866796, 3.9525729693689673, 6.195117403295057, 6.195221038410427, 7.1528531833007305, 7.152938906777583, 8.040999767237471], [2.381614892287945, 1.4116084495938004, 0.0, 1.4046600234936704, 2.3774667897424444, 3.5955348211450397, 4.725069559431556, 5.969465369656033, 2.6309429216362976, 3.323880590311013, 2.6309449831444773, 2.064295500544738, 2.0642936299133603, 2.069921672806045, 2.0699203823803853, 2.6224536147908606, 2.6225182112520193, 4.892995168842584, 4.893082903946334, 6.12050989867418, 6.1205769406479575, 6.843865278401264], [3.668822102414231, 2.3503788808351795, 1.4046600234936704, 0.0, 1.524127819554926, 2.377466795056025, 3.6731712964870677, 4.748041511353206, 3.9531517081810295, 4.483728029282851, 3.9531324096595863, 2.6140089634210186, 2.6139763635672155, 1.1005794123491446, 1.1005795038820987, 2.1559830333996333, 2.155989959113016, 4.008433922847999, 4.008481420536522, 4.842825702127136, 4.842861311638723, 5.699158234479615], [4.748041514743202, 3.6731712924885778, 2.3774667897424444, 1.524127819554926, 0.0, 1.4046600260180582, 2.3503788850262977, 3.668822102025195, 4.842861198989121, 5.699158233314129, 4.842825833427443, 4.0084814703725, 4.008433857869617, 2.1559899609761586, 2.1559830315610187, 1.1005795050270353, 1.1005794100268316, 2.613976328448506, 2.6140090145117525, 3.953132265090589, 3.953151842472789, 4.4837280343200545], [5.969465376205171, 4.725069560456148, 3.5955348211450397, 2.377466795056025, 1.4046600260180582, 0.0, 1.4116084469717607, 2.3816148847855216, 6.120576826457616, 6.843865279466714, 6.120510037164828, 4.893082924041888, 4.89299514260278, 2.6225182172611756, 2.622453619914132, 2.0699203852462915, 2.0699216710951016, 2.0642936313287956, 2.0642954980085086, 2.6309448330457137, 2.6309430517570553, 3.3238805855095346], [7.098420294868024, 5.975782028431366, 4.725069559431556, 3.6731712964870677, 2.3503788850262977, 1.4116084469717607, 0.0, 1.519896627959928, 7.152938765481939, 8.040999769619138, 7.152853352895843, 6.195221053601822, 6.195117379450219, 3.9525729002328482, 3.9524986427866073, 2.6325709682865206, 2.632603884954061, 1.1018491817381202, 1.1018490688908789, 2.1471019476238045, 2.147101595027868, 2.1494294381484123], [8.347774666675166, 7.098420287273415, 5.969465369656033, 4.748041511353206, 3.668822102025195, 2.3816148847855216, 1.519896627959928, 0.0, 8.460661314246327, 9.224165143167188, 8.460549032024833, 7.2035083599117, 7.203371965980207, 4.833638230055708, 4.833524858080842, 4.022070971468646, 4.022114649904824, 2.166177600471979, 2.166178990276171, 1.0861921598175241, 1.0861923441463002, 1.0863641229638257], [1.0861923435966612, 2.1471015807714937, 2.6309429216362976, 3.9531517081810295, 4.842861198989121, 6.120576826457616, 7.152938765481939, 8.460661314246327, 0.0, 1.7722209897465169, 1.7631361365934999, 2.4994163596267627, 3.0636251992299313, 4.194436394828793, 4.553044265629471, 5.0023532741145225, 4.678402998773918, 7.308259958359659, 7.090414527329984, 8.708499451904485, 8.528265124549979, 9.28450647069191], [1.0863641225269152, 2.149429435446751, 3.323880590311013, 4.483728029282851, 5.699158233314129, 6.843865279466714, 8.040999769619138, 9.224165143167188, 1.7722209897465169, 0.0, 1.7722212607418164, 2.493798087964574, 2.493799798819536, 4.706839982804688, 4.706789451981044, 5.828040868189873, 5.828151330245352, 8.181794839880514, 8.181934975310359, 9.284387125996464, 9.284506578485388, 10.141275927059693], [1.0861921595816992, 2.1471019613203626, 2.6309449831444773, 3.9531324096595863, 4.842825833427443, 6.120510037164828, 7.152853352895843, 8.460549032024833, 1.7631361365934999, 1.7722212607418164, 0.0, 3.063626319766309, 2.4994122461967576, 4.553065007596817, 4.194374916015254, 4.6782515862747465, 5.002448366073335, 7.090190198392558, 7.308322202982587, 8.5280317732891, 8.708499714152657, 9.284387264423486], [2.166178981749227, 1.101849065688701, 2.064295500544738, 2.6140089634210186, 4.0084814703725, 4.893082924041888, 6.195221053601822, 7.2035083599117, 2.4994163596267627, 2.493798087964574, 3.063626319766309, 0.0, 1.7801977235549964, 2.4120168682386387, 2.997544160895967, 4.540871832232158, 4.177606299732953, 6.593816471546993, 6.3490563921129795, 7.3083220161582485, 7.090414683434938, 8.181935015637317], [2.1661776070707304, 1.1018491848507126, 2.0642936299133603, 2.6139763635672155, 4.008433857869617, 4.89299514260278, 6.195117379450219, 7.203371965980207, 3.0636251992299313, 2.493799798819536, 2.4994122461967576, 1.7801977235549964, 0.0, 2.9975453998086707, 2.4119433924677676, 4.177512633692717, 4.540896639640103, 6.3488665100619, 6.593816435925911, 7.090190002149284, 7.308260105673682, 8.181794782440452], [4.022114679990966, 2.632603992844204, 2.069921672806045, 1.1005794123491446, 2.1559899609761586, 2.6225182172611756, 3.9525729002328482, 4.833638230055708, 4.194436394828793, 4.706839982804688, 4.553065007596817, 2.4120168682386387, 2.9975453998086707, 0.0, 1.7793678311340155, 3.0653124192821553, 2.4959807850345164, 4.540896632141658, 4.177606099622536, 5.002448235374459, 4.678403086012203, 5.82815131569568], [4.02207093897408, 2.6325708534894794, 2.0699203823803853, 1.1005795038820987, 2.1559830315610187, 2.622453619914132, 3.9524986427866073, 4.833524858080842, 4.553044265629471, 4.706789451981044, 4.194374916015254, 2.997544160895967, 2.4119433924677676, 1.7793678311340155, 0.0, 2.4960089372914775, 3.0653124154336573, 4.177512846672809, 4.540871852947219, 4.678251476347509, 5.0023533840044045, 5.828040880037019], [4.833524838123161, 3.9524985665866796, 2.6224536147908606, 2.1559830333996333, 1.1005795050270353, 2.0699203852462915, 2.6325709682865206, 4.022070971468646, 5.0023532741145225, 5.828040868189873, 4.6782515862747465, 4.540871832232158, 4.177512633692717, 3.0653124192821553, 2.4960089372914775, 0.0, 1.7793678290725916, 2.4119434788627374, 2.9975444183662527, 4.194374785743521, 4.553044413180804, 4.706789477046023], [4.833638259731313, 3.9525729693689673, 2.6225182112520193, 2.155989959113016, 1.1005794100268316, 2.0699216710951016, 2.632603884954061, 4.022114649904824, 4.678402998773918, 5.828151330245352, 5.002448366073335, 4.177606299732953, 4.540896639640103, 2.4959807850345164, 3.0653124154336573, 1.7793678290725916, 0.0, 2.9975451559918302, 2.412016799246783, 4.553064853552476, 4.1944365192932755, 4.706839972677406], [7.203371997706425, 6.195117403295057, 4.892995168842584, 4.008433922847999, 2.613976328448506, 2.0642936313287956, 1.1018491817381202, 2.166177600471979, 7.308259958359659, 8.181794839880514, 7.090190198392558, 6.593816471546993, 6.3488665100619, 4.540896632141658, 4.177512846672809, 2.4119434788627374, 2.9975451559918302, 0.0, 1.780197725023773, 2.4994123253628526, 3.063625203163116, 2.4937996892191534], [7.203508354483006, 6.195221038410427, 4.893082903946334, 4.008481420536522, 2.6140090145117525, 2.0642954980085086, 1.1018490688908789, 2.166178990276171, 7.090414527329984, 8.181934975310359, 7.308322202982587, 6.3490563921129795, 6.593816435925911, 4.177606099622536, 4.540871852947219, 2.9975444183662527, 2.412016799246783, 1.780197725023773, 0.0, 3.06362631703795, 2.4994162815273793, 2.4937982049409344], [8.460548889641284, 7.1528531833007305, 6.12050989867418, 4.842825702127136, 3.953132265090589, 2.6309448330457137, 2.1471019476238045, 1.0861921598175241, 8.708499451904485, 9.284387125996464, 8.5280317732891, 7.3083220161582485, 7.090190002149284, 5.002448235374459, 4.678251476347509, 4.194374785743521, 4.553064853552476, 2.4994123253628526, 3.06362631703795, 0.0, 1.7631361357129216, 1.7722212627585223], [8.4606614417544, 7.152938906777583, 6.1205769406479575, 4.842861311638723, 3.953151842472789, 2.6309430517570553, 2.147101595027868, 1.0861923441463002, 8.528265124549979, 9.284506578485388, 8.708499714152657, 7.090414683434938, 7.308260105673682, 4.678403086012203, 5.0023533840044045, 4.553044413180804, 4.1944365192932755, 3.063625203163116, 2.4994162815273793, 1.7631361357129216, 0.0, 1.7722209905019792], [9.224165150266249, 8.040999767237471, 6.843865278401264, 5.699158234479615, 4.4837280343200545, 3.3238805855095346, 2.1494294381484123, 1.0863641229638257, 9.28450647069191, 10.141275927059693, 9.284387264423486, 8.181935015637317, 8.181794782440452, 5.82815131569568, 5.828040880037019, 4.706789477046023, 4.706839972677406, 2.4937996892191534, 2.4937982049409344, 1.7722212627585223, 1.7722209905019792, 0.0]]}