{"total energy": -30.28554887, "HOMO-LUMO gap/eV": 5.03705767, "electronic energy": -30.65142099, "dipole": [-0.22361898, 0.76789587, -0.44186313], "partial charges": [-0.10282117, -0.05032464, -0.09082358, 0.36135694, -0.41876567, -0.27303218, 0.11966543, -0.11730563, -0.11390667, 0.0387282, 0.03715074, 0.0365896, 0.05264034, 0.03872281, 0.0636412, 0.0591831, 0.04818267, 0.0502312, 0.05208381, 0.05685571, 0.05431781, 0.050108, 0.047522], "atomic dipole moments": [[0.01124654, 0.00948552, 0.10448571], [-0.10565655, 0.0592622, -0.05003589], [-0.01431088, -0.10357572, -0.03137775], [-0.12815491, 0.06150687, -0.06089054], [0.02200392, 0.18542554, -0.060881], [-0.05116621, -0.22061209, 0.06849349], [0.18231628, 0.12441852, -0.05028111], [0.07629121, -0.09317404, 0.00293312], [-0.00082099, 0.05819944, 0.1001665], [0.0950096, -0.06344017, -0.04777337], [-0.00612321, 0.10951201, -0.05690036], [-0.10480874, -0.06360354, -0.02516285], [0.00176784, -0.11406151, 0.05505962], [0.10510272, 0.05781799, 0.02338362], [0.02755376, 0.01961048, 0.12521327], [-0.01935309, 0.11205941, -0.06046032], [-0.01177387, -0.07884938, 0.09988996], [-0.1154637, -0.04830509, -0.010159], [0.00974143, 0.06580243, 0.10860839], [0.02268635, 0.0790801, -0.09644062], [0.08586391, -0.09586825, 0.00621109], [0.02714312, 0.07538715, -0.09846365], [-0.11475262, -0.04953168, -0.01440419]], "atomic quadrupole moments": [[-0.1114585, -0.00357173, -0.1200785, 0.04020752, 0.04097655, 0.231537], [0.00261248, -0.15207087, -0.13898557, -0.06458428, 0.11290673, 0.1363731], [0.20462504, 0.02090153, -0.02400769, -0.05881195, 0.07448524, -0.18061735], [-0.13110439, -0.18887635, -0.22795221, -0.11442684, 0.20887016, 0.3590566], [-0.09197369, -0.0327266, -0.05005763, -0.07011531, 0.0800005, 0.14203133], [0.06348689, 0.03602671, -0.00088104, 0.02192713, -0.01150305, -0.06260586], [0.32804572, 0.12351446, -0.08650162, 0.07756212, 0.1497691, -0.2415441], [0.05949557, -0.20186064, 0.08232169, 0.00942027, 0.00938661, -0.14181726], [-0.11731532, 0.01029027, -0.03898204, 0.01888565, 0.18313376, 0.15629736], [0.03813216, -0.05776597, -0.01887045, -0.02868087, 0.02317653, -0.01926171], [-0.05393769, -0.00252104, 0.06865625, 0.00660743, -0.04021387, -0.01471856], [0.04535796, 0.05843691, -0.01908815, 0.01173811, 0.00391852, -0.02626981], [-0.03549413, -0.00246965, 0.0416813, -0.00609308, -0.02480958, -0.00618717], [0.03300214, 0.0427893, -0.01522506, 0.00029225, 0.0182191, -0.01777708], [-0.02518595, -0.00334308, -0.03362802, 0.01820904, 0.01585519, 0.05881397], [-0.01774849, -0.00449575, 0.03431573, -0.0040641, -0.04658505, -0.01656724], [0.00289744, 0.01043551, -0.00391953, -0.00680739, -0.006636, 0.00102208], [0.07076507, 0.04507298, -0.01700852, 0.01105334, 0.00614504, -0.05375655], [-0.0444163, -0.00257409, -0.00929939, 0.01672163, 0.05086177, 0.05371569], [-0.03911058, 0.00713117, 0.00456033, -0.02698033, -0.05742014, 0.03455025], [0.0106637, -0.06518056, 0.01662443, 0.00888503, -0.00271496, -0.02728813], [-0.0464168, 0.01712748, 0.01542463, -0.02269906, -0.05512443, 0.03099217], [0.06993202, 0.04780142, -0.02976106, 0.01040517, 0.01338506, -0.04017096]], "number of molecular orbitals": 50, "number of electrons": 54, "number of unpaired electrons": 0, "orbital energies/eV": [-20.04310438, -19.29238537, -18.33487041, -17.31177509, -16.81108163, -16.65954043, -16.32597507, -16.07555845, -15.55035669, -15.49639013, -15.09797306, -14.75088316, -14.16872291, -13.90786302, -13.61222637, -13.47470334, -13.36019393, -13.02538735, -12.97329251, -12.8513047, -12.67665374, -12.20957335, -12.13086868, -12.10764032, -11.87493846, -11.86423532, -11.07693606, -6.03987839, -0.0697717, 2.32509717, 2.64597907, 3.16847239, 3.4214976, 3.60100789, 3.70390613, 4.14949012, 4.171381, 4.34037332, 4.88889341, 5.22488084, 5.43873943, 5.999678, 6.17391897, 6.51880064, 6.75496318, 7.02684043, 7.16106236, 7.92078011, 8.69815241, 17.98074056], "fractional occupation": [2.0, 2.0, 2.0, 2.0, 2.0, 2.0, 2.0, 2.0, 2.0, 2.0, 2.0, 2.0, 2.0, 2.0, 2.0, 2.0, 2.0, 2.0, 2.0, 2.0, 2.0, 2.0, 2.0, 2.0, 2.0, 2.0, 2.0, 0.0, 0.0, 0.0, 0.0, 0.0, 0.0, 0.0, 0.0, 0.0, 0.0, 0.0, 0.0, 0.0, 0.0, 0.0, 0.0, 0.0, 0.0, 0.0, 0.0, 0.0, 0.0, 0.0], "program call": "xtb /tmp/scratch/tmp7c7bu4j7/19577_0_xyzopt.xyz --pop --wbo --acc 0.2 --gfn 2 --chrg 0 --uhf 0 --etemp 300 --input /tmp/scratch/tmp7c7bu4j7/19577_0_xtb.inp", "method": "GFN2-xTB", "xtb version": "6.3.3 (7355c4f)", "Dipole module/D": 2.322, "Total charge": 0, "Transition dipole module/D": NaN, "HOMO": -11.0769, "LUMO": -6.0399, "HOMO occupancy": 2.0, "LUMO occupancy": 0, "mulliken charges": [-0.08909, -0.03081, -0.08453, 0.58202, -0.53625, -0.42359, 0.23023, -0.10086, -0.10445, 0.03288, 0.02839, 0.03653, 0.04198, 0.02683, 0.05625, 0.04587, 0.04266, 0.03376, 0.04417, 0.04233, 0.05323, 0.03841, 0.03404], "cm5 charges": [-0.24086, -0.14221, -0.18443, 0.63423, -0.59046, -0.50698, 0.18429, -0.24826, -0.2519, 0.08454, 0.08085, 0.09119, 0.10008, 0.08159, 0.11408, 0.10724, 0.11403, 0.08672, 0.09875, 0.0974, 0.10973, 0.09335, 0.08703], "FUKUI+": [0.019, 0.011, 0.023, -0.187, -0.272, -0.12, 0.014, 0.016, 0.017, -0.045, -0.028, 0.005, -0.026, -0.061, -0.093, -0.078, -0.022, -0.042, -0.021, -0.029, -0.002, -0.03, -0.049], "FUKUI-": [0.019, 0.008, -0.004, -0.017, -0.136, -0.062, -0.001, 0.012, 0.012, -0.054, -0.058, -0.066, -0.069, -0.114, -0.061, -0.059, -0.055, -0.058, -0.051, -0.063, -0.029, -0.042, -0.051], "FUKUIrad": [0.019, 0.01, 0.009, -0.102, -0.204, -0.091, 0.006, 0.014, 0.015, -0.05, -0.043, -0.03, -0.048, -0.088, -0.077, -0.069, -0.038, -0.05, -0.036, -0.046, -0.016, -0.036, -0.05], "s proportion": [1.006, 1.026, 1.039, 0.978, 1.721, 1.689, 1.021, 1.012, 1.014, 0.967, 0.972, 0.963, 0.958, 0.973, 0.944, 0.954, 0.957, 0.966, 0.956, 0.958, 0.947, 0.962, 0.966], "p proportion": [3.083, 3.005, 3.045, 2.439, 4.815, 4.735, 2.749, 3.089, 3.091, 0.0, 0.0, 0.0, 0.0, 0.0, 0.0, 0.0, 0.0, 0.0, 0.0, 0.0, 0.0, 0.0, 0.0], "d proportion": [0.0, 0.0, 0.0, 0.0, 0.0, 0.0, 0.0, 0.0, 0.0, 0.0, 0.0, 0.0, 0.0, 0.0, 0.0, 0.0, 0.0, 0.0, 0.0, 0.0, 0.0, 0.0, 0.0], "Fermi-level/eV": -8.5584, "Coordination numbers": [3.752, 3.802, 3.804, 2.713, 0.856, 1.704, 3.744, 3.753, 3.752, 0.925, 0.925, 0.925, 0.924, 0.924, 0.924, 0.925, 0.923, 0.925, 0.925, 0.925, 0.925, 0.925, 0.925], "Dispersion coefficient C6": [22.524, 21.476, 22.229, 20.869, 22.06, 18.529, 18.694, 22.805, 22.74, 2.466, 2.487, 2.495, 2.287, 2.466, 2.157, 2.209, 2.343, 2.317, 2.294, 2.236, 2.267, 2.319, 2.351], "Total dispersion C6": 3939.92746, "Total dispersion C8": 83589.434843, "Polarizability alpha": [6.768, 6.598, 6.712, 7.478, 6.297, 5.812, 6.168, 6.81, 6.8, 2.456, 2.466, 2.47, 2.365, 2.456, 2.297, 2.324, 2.394, 2.38, 2.369, 2.338, 2.354, 2.381, 2.398], "Total polarizability alpha": 92.889978, "Wiberg matrix": [[0.0, 1.0209932470026601, 0.0, 0.0, 0.0, 0.0, 0.0, 0.0, 0.0, 0.9869869230642769, 0.9872788761205811, 0.9868376696833553, 0.0, 0.0, 0.0, 0.0, 0.0, 0.0, 0.0, 0.0, 0.0, 0.0, 0.0], [1.0209932470026601, 0.0, 0.9933672315237507, 0.0, 0.0, 0.0, 0.0, 0.0, 0.0, 0.0, 0.0, 0.0, 0.9762557152032739, 0.9775543085533489, 0.0, 0.0, 0.0, 0.0, 0.0, 0.0, 0.0, 0.0, 0.0], [0.0, 0.9933672315237507, 0.0, 0.9678354685795489, 0.0, 0.0, 0.0, 0.0, 0.0, 0.0, 0.0, 0.0, 0.0, 0.0, 0.9537064421189657, 0.9746876867003971, 0.0, 0.0, 0.0, 0.0, 0.0, 0.0, 0.0], [0.0, 0.0, 0.9678354685795489, 0.0, 1.747117239693458, 1.1427842909779018, 0.0, 0.0, 0.0, 0.0, 0.0, 0.0, 0.0, 0.0, 0.0, 0.0, 0.0, 0.0, 0.0, 0.0, 0.0, 0.0, 0.0], [0.0, 0.0, 0.0, 1.747117239693458, 0.0, 0.17464512847539665, 0.0, 0.0, 0.0, 0.0, 0.0, 0.0, 0.0, 0.0, 0.0, 0.0, 0.0, 0.0, 0.0, 0.0, 0.0, 0.0, 0.0], [0.0, 0.0, 0.0, 1.1427842909779018, 0.17464512847539665, 0.0, 0.9186868565178594, 0.0, 0.0, 0.0, 0.0, 0.0, 0.0, 0.0, 0.0, 0.0, 0.0, 0.0, 0.0, 0.0, 0.0, 0.0, 0.0], [0.0, 0.0, 0.0, 0.0, 0.0, 0.9186868565178594, 0.0, 1.0073609066422657, 1.002286405813914, 0.0, 0.0, 0.0, 0.0, 0.0, 0.0, 0.0, 0.960956724133575, 0.0, 0.0, 0.0, 0.0, 0.0, 0.0], [0.0, 0.0, 0.0, 0.0, 0.0, 0.0, 1.0073609066422657, 0.0, 0.0, 0.0, 0.0, 0.0, 0.0, 0.0, 0.0, 0.0, 0.0, 0.9838899121804027, 0.9851797699826875, 0.9844953070106317, 0.0, 0.0, 0.0], [0.0, 0.0, 0.0, 0.0, 0.0, 0.0, 1.002286405813914, 0.0, 0.0, 0.0, 0.0, 0.0, 0.0, 0.0, 0.0, 0.0, 0.0, 0.0, 0.0, 0.0, 0.9843592071645944, 0.9855459489927054, 0.9839606595063427], [0.9869869230642769, 0.0, 0.0, 0.0, 0.0, 0.0, 0.0, 0.0, 0.0, 0.0, 0.0, 0.0, 0.0, 0.0, 0.0, 0.0, 0.0, 0.0, 0.0, 0.0, 0.0, 0.0, 0.0], [0.9872788761205811, 0.0, 0.0, 0.0, 0.0, 0.0, 0.0, 0.0, 0.0, 0.0, 0.0, 0.0, 0.0, 0.0, 0.0, 0.0, 0.0, 0.0, 0.0, 0.0, 0.0, 0.0, 0.0], [0.9868376696833553, 0.0, 0.0, 0.0, 0.0, 0.0, 0.0, 0.0, 0.0, 0.0, 0.0, 0.0, 0.0, 0.0, 0.0, 0.0, 0.0, 0.0, 0.0, 0.0, 0.0, 0.0, 0.0], [0.0, 0.9762557152032739, 0.0, 0.0, 0.0, 0.0, 0.0, 0.0, 0.0, 0.0, 0.0, 0.0, 0.0, 0.0, 0.0, 0.0, 0.0, 0.0, 0.0, 0.0, 0.0, 0.0, 0.0], [0.0, 0.9775543085533489, 0.0, 0.0, 0.0, 0.0, 0.0, 0.0, 0.0, 0.0, 0.0, 0.0, 0.0, 0.0, 0.0, 0.0, 0.0, 0.0, 0.0, 0.0, 0.0, 0.0, 0.0], [0.0, 0.0, 0.9537064421189657, 0.0, 0.0, 0.0, 0.0, 0.0, 0.0, 0.0, 0.0, 0.0, 0.0, 0.0, 0.0, 0.0, 0.0, 0.0, 0.0, 0.0, 0.0, 0.0, 0.0], [0.0, 0.0, 0.9746876867003971, 0.0, 0.0, 0.0, 0.0, 0.0, 0.0, 0.0, 0.0, 0.0, 0.0, 0.0, 0.0, 0.0, 0.0, 0.0, 0.0, 0.0, 0.0, 0.0, 0.0], [0.0, 0.0, 0.0, 0.0, 0.0, 0.0, 0.960956724133575, 0.0, 0.0, 0.0, 0.0, 0.0, 0.0, 0.0, 0.0, 0.0, 0.0, 0.0, 0.0, 0.0, 0.0, 0.0, 0.0], [0.0, 0.0, 0.0, 0.0, 0.0, 0.0, 0.0, 0.9838899121804027, 0.0, 0.0, 0.0, 0.0, 0.0, 0.0, 0.0, 0.0, 0.0, 0.0, 0.0, 0.0, 0.0, 0.0, 0.0], [0.0, 0.0, 0.0, 0.0, 0.0, 0.0, 0.0, 0.9851797699826875, 0.0, 0.0, 0.0, 0.0, 0.0, 0.0, 0.0, 0.0, 0.0, 0.0, 0.0, 0.0, 0.0, 0.0, 0.0], [0.0, 0.0, 0.0, 0.0, 0.0, 0.0, 0.0, 0.9844953070106317, 0.0, 0.0, 0.0, 0.0, 0.0, 0.0, 0.0, 0.0, 0.0, 0.0, 0.0, 0.0, 0.0, 0.0, 0.0], [0.0, 0.0, 0.0, 0.0, 0.0, 0.0, 0.0, 0.0, 0.9843592071645944, 0.0, 0.0, 0.0, 0.0, 0.0, 0.0, 0.0, 0.0, 0.0, 0.0, 0.0, 0.0, 0.0, 0.0], [0.0, 0.0, 0.0, 0.0, 0.0, 0.0, 0.0, 0.0, 0.9855459489927054, 0.0, 0.0, 0.0, 0.0, 0.0, 0.0, 0.0, 0.0, 0.0, 0.0, 0.0, 0.0, 0.0, 0.0], [0.0, 0.0, 0.0, 0.0, 0.0, 0.0, 0.0, 0.0, 0.9839606595063427, 0.0, 0.0, 0.0, 0.0, 0.0, 0.0, 0.0, 0.0, 0.0, 0.0, 0.0, 0.0, 0.0, 0.0]], "Born radii": [], "Atomic SASAs": [], "Solvent H bonds": [], "Total SASA": NaN, "Total FOD": 0.0, "FOD": [0.0, 0.0, 0.0, 0.0, 0.0, 0.0, 0.0, 0.0, 0.0, 0.0, 0.0, 0.0, 0.0, 0.0, 0.0, 0.0, 0.0, 0.0, 0.0, 0.0, 0.0, 0.0, 0.0], "FOD s proportion": [0.0, 0.0, 0.0, 0.0, 0.0, 0.0, 0.0, 0.0, 0.0, 0.0, 0.0, 0.0, 0.0, 0.0, 0.0, 0.0, 0.0, 0.0, 0.0, 0.0, 0.0, 0.0, 0.0], "FOD p proportion": [0.0, 0.0, 0.0, 0.0, 0.0, 0.0, 0.0, 0.0, 0.0, 0.0, 0.0, 0.0, 0.0, 0.0, 0.0, 0.0, 0.0, 0.0, 0.0, 0.0, 0.0, 0.0, 0.0], "FOD d proportion": [0.0, 0.0, 0.0, 0.0, 0.0, 0.0, 0.0, 0.0, 0.0, 0.0, 0.0, 0.0, 0.0, 0.0, 0.0, 0.0, 0.0, 0.0, 0.0, 0.0, 0.0, 0.0, 0.0], "coordinates": [["2.60884137505930", "-0.36478000858319", "-1.38067384796101"], ["2.78330000727665", "-0.19457051918900", "0.12354065550549"], ["1.63110629877366", "0.60515613879158", "0.73619053457529"], ["0.33581653667538", "-0.17268418668864", "0.64990986777683"], ["0.18808536522853", "-1.30552031274472", "1.02904745101302"], ["-0.63029000770065", "0.56858927660441", "0.10664648434501"], ["-1.92965916279907", "-0.02907849284544", "-0.04329237200211"], ["-2.94725779085088", "1.10221983487890", "-0.02680543854619"], ["-1.97672289112530", "-0.83035410189371", "-1.34019094351858"], ["3.44517770109592", "-0.91900629135791", "-1.80056817863637"], ["2.55530765053102", "0.60429283097889", "-1.87314699837201"], ["1.69356916776218", "-0.91114330795750", "-1.59692999504513"], ["2.81794683071316", "-1.17516794011245", "0.60136411495128"], ["3.72385847390289", "0.32032002075974", "0.32890403592908"], ["1.83411068592080", "0.78639638362467", "1.79406263310733"], ["1.50360861475970", "1.56210834802985", "0.23009857154175"], ["-2.08766334972517", "-0.70428716934988", "0.80807426031095"], ["-3.95071257159996", "0.69616045044623", "-0.11438782044054"], ["-2.87225350407260", "1.66356626366026", "0.90097962286994"], ["-2.76204329815166", "1.77802906724932", "-0.85788290545554"], ["-1.24859168114906", "-1.63714601405486", "-1.30436641097634"], ["-1.74973306740909", "-0.18440101844989", "-2.18542811722599"], ["-2.96580438311417", "-1.25870025179786", "-1.47431020374436"]], "bond_dist": [[0.0, 1.5238334413819474, 2.525441906564926, 3.053983128198203, 3.5428531888486154, 3.6844636120068937, 4.7433397360981155, 5.9038365621142495, 4.609316407150102, 1.0876288299323553, 1.0883463749719196, 1.087659316838408, 2.151494405658072, 2.1529704415075877, 3.4647318007164576, 2.74390706488415, 5.192594729381332, 6.764378976686049, 6.273956665065894, 5.806147025176708, 4.06257650511939, 4.435914469928423, 5.646639398569278], [1.5238334413819474, 0.0, 1.5305074138085386, 2.5035412714880305, 2.9646738503270074, 3.497898665954656, 4.718813940880851, 5.877377123180066, 5.020413225156799, 2.1598805696603294, 2.1626198820233586, 2.1589370355798825, 1.0913693062811987, 1.091758496779399, 2.157289992060081, 2.175979157088887, 4.945167473889395, 6.796832867770233, 6.003529726043583, 5.967007098159398, 4.513988617186861, 5.087222136725431, 6.061163316380668], [2.525441906564926, 1.5305074138085386, 0.0, 1.5133590100181054, 2.412210415907, 2.3476746157690194, 3.6998510567242238, 4.668045941304682, 4.403235305678157, 3.4711771685204904, 2.7681747135500703, 2.7832565508680855, 2.1439035513773814, 2.1509592215156155, 1.092315057298363, 1.0900193875533002, 3.943229228165439, 5.646987446809158, 4.628999562533682, 4.81834664791626, 4.181441384052845, 4.537546789955486, 5.43064102810223], [3.053983128198203, 2.5035412714880305, 1.5133590100181054, 0.0, 1.2036974264893086, 1.3334104042816133, 2.3735062851081676, 3.5863492454141928, 3.121036616513364, 4.0286432195812125, 3.4490071093415398, 2.7271053243639325, 2.6773683277756475, 3.4387390219460405, 2.1151374537908856, 2.1329521796322757, 2.4861360513914033, 4.439974521974672, 3.704937938032673, 3.9592242677493785, 2.911046825150665, 3.519772140983456, 4.0733821946781275], [3.5428531888486154, 2.9646738503270074, 2.412210415907, 1.2036974264893086, 0.0, 2.2434011115307535, 2.6951917003439196, 4.091749582909876, 3.244297810749637, 4.33183196634528, 4.204029045334187, 3.0525026206052965, 2.667597440513978, 3.9541432786079014, 2.7696142420459755, 3.2545683074965877, 2.364179066259346, 4.7374907345163795, 4.265858701568636, 4.66605208709907, 2.7602240475515347, 3.917256939328306, 4.026911001057835], [3.6844636120068937, 3.497898665954656, 2.3476746157690194, 1.3334104042816133, 2.2434011115307535, 0.0, 1.4380711472326475, 2.3813674005923136, 2.4214174833096997, 4.739181932565565, 3.750851825670385, 3.2391515571717786, 3.8956093308594073, 4.366880470368319, 2.9946759380097006, 2.3570837689945345, 2.058191543468554, 3.3302156943866383, 2.618461391009062, 2.633900841401007, 2.6904502453329213, 2.6596528208663277, 3.3605116378293207], [4.7433397360981155, 4.718813940880851, 3.6998510567242238, 2.3735062851081676, 2.6951917003439196, 1.4380711472326475, 0.0, 1.5217143927490449, 1.5251896606589954, 5.724409232456384, 4.885125843226823, 4.0397539203737525, 4.926344047764136, 5.676519281732998, 4.2669469369898945, 3.7939353978434878, 1.0980424502400337, 2.1484140589935583, 2.15526795647937, 2.149897397489066, 2.1540756252055018, 2.1552828208215034, 2.152528425465123], [5.9038365621142495, 5.877377123180066, 4.668045941304682, 3.5863492454141928, 4.091749582909876, 2.3813674005923136, 1.5217143927490449, 0.0, 2.5301702506649044, 6.935042958065625, 5.825387102454503, 5.296810089822251, 6.230463577786539, 6.7261942261143, 5.126089103536465, 4.481931377823662, 2.167808633414318, 1.0860370133251958, 1.0869777257734572, 1.0870659054847536, 3.467240090451015, 2.7837224273238155, 2.7693966268900145], [4.609316407150102, 5.020413225156799, 4.403235305678157, 3.121036616513364, 3.244297810749637, 2.4214174833096997, 1.5251896606589954, 2.5301702506649044, 0.0, 5.442133078236908, 4.783466819045719, 3.680147501653659, 5.1843408809232, 6.050335270567106, 5.192290454795282, 4.505817697850014, 2.1548187958202174, 2.7801933806255157, 3.470512840503094, 2.766407768630811, 1.0873691395298921, 1.0877525664866001, 1.0861632464303643], [1.0876288299323553, 2.1598805696603294, 3.4711771685204904, 4.0286432195812125, 4.33183196634528, 4.739181932565565, 5.724409232456384, 6.935042958065625, 5.442133078236908, 0.0, 1.7656660522529908, 1.7634235992443423, 2.4956594515344013, 2.479565404187941, 4.292470836704681, 3.748229958404325, 6.120739315579773, 7.755717937751035, 7.340162025309361, 6.833172600143346, 4.774244638604584, 5.26069006614577, 6.428260070734753], [1.0883463749719196, 2.1626198820233586, 2.7681747135500703, 3.4490071093415398, 4.204029045334187, 3.750851825670385, 4.885125843226823, 5.825387102454503, 4.783466819045719, 1.7656660522529908, 0.0, 1.7650596978023314, 3.059193557913621, 2.5090197969353167, 3.7418863220124745, 2.5391186175340015, 5.518922790227623, 6.7401760092924885, 6.186780972592292, 5.539191190251188, 4.4516524547835665, 4.387816435135109, 5.840590047528126], [1.087659316838408, 2.1589370355798825, 2.7832565508680855, 2.7271053243639325, 3.0525026206052965, 3.2391515571717786, 4.0397539203737525, 5.296810089822251, 3.680147501653659, 1.7634235992443423, 1.7650596978023314, 0.0, 2.483229979154684, 3.0573539722222294, 3.7947626970612465, 3.0807616182797535, 4.486039933133034, 6.053038330008903, 5.806497955574702, 5.2564551848763195, 3.0445005897273165, 3.56802672045833, 4.6739269708711095], [2.151494405658072, 1.0913693062811987, 2.1439035513773814, 2.6773683277756475, 2.667597440513978, 3.8956093308594073, 4.926344047764136, 6.230463577786539, 5.1843408809232, 2.4956594515344013, 3.059193557913621, 2.483229979154684, 0.0, 1.7695747062616942, 2.497638466866211, 3.0590855704384907, 4.9324911583183555, 7.0589603259155576, 6.366047532201626, 6.479742608243442, 4.514639304165339, 5.44164769992457, 6.145500762984025], [2.1529704415075877, 1.091758496779399, 2.1509592215156155, 3.4387390219460405, 3.9541432786079014, 4.366880470368319, 5.676519281732998, 6.7261942261143, 6.050335270567106, 2.479565404187941, 2.5090197969353167, 3.0573539722222294, 1.7695747062616942, 0.0, 2.4361985947557603, 2.54584174813802, 5.920575132912657, 7.6965449671252655, 6.755758593395106, 6.75279947171534, 5.58788924144561, 6.044568956090443, 7.106087232497402], [3.4647318007164576, 2.157289992060081, 1.092315057298363, 2.1151374537908856, 2.7696142420459755, 2.9946759380097006, 4.2669469369898945, 5.126089103536465, 5.192290454795282, 4.292470836704681, 3.7418863220124745, 3.7947626970612465, 2.497638466866211, 2.4361985947557603, 0.0, 1.7767791806051267, 4.309828547989509, 6.092167576325913, 4.869998783415511, 5.398220258941023, 4.997686882799843, 5.442676756536699, 6.156611561470765], [2.74390706488415, 2.175979157088887, 1.0900193875533002, 2.1329521796322757, 3.2545683074965877, 2.3570837689945345, 3.7939353978434878, 4.481931377823662, 4.505817697850014, 3.748229958404325, 2.5391186175340015, 3.0807616182797535, 3.0590855704384907, 2.54584174813802, 1.7767791806051267, 0.0, 4.285771676244803, 5.533367531581678, 4.428153608074904, 4.407506289661059, 4.490480789925791, 4.412402548758166, 5.553163330543967], [5.192594729381332, 4.945167473889395, 3.943229228165439, 2.4861360513914033, 2.364179066259346, 2.058191543468554, 1.0980424502400337, 2.167808633414318, 2.1548187958202174, 6.120739315579773, 5.518922790227623, 4.486039933133034, 4.9324911583183555, 5.920575132912657, 4.309828547989509, 4.285771676244803, 0.0, 2.506619681831533, 2.496185689589027, 3.0646525890372054, 2.456964077649509, 3.0570467726096613, 2.507545489571828], [6.764378976686049, 6.796832867770233, 5.646987446809158, 4.439974521974672, 4.7374907345163795, 3.3302156943866383, 2.1484140589935583, 1.0860370133251958, 2.7801933806255157, 7.755717937751035, 6.7401760092924885, 6.053038330008903, 7.0589603259155576, 7.6965449671252655, 6.092167576325913, 5.533367531581678, 2.506619681831533, 0.0, 1.7691577127851386, 1.7709204632351512, 3.7632200852232, 3.1478416715714825, 2.576996971968605], [6.273956665065894, 6.003529726043583, 4.628999562533682, 3.704937938032673, 4.265858701568636, 2.618461391009062, 2.15526795647937, 1.0869777257734572, 3.470512840503094, 7.340162025309361, 6.186780972592292, 5.806497955574702, 6.366047532201626, 6.755758593395106, 4.869998783415511, 4.428153608074904, 2.496185689589027, 1.7691577127851386, 0.0, 1.7660253159120067, 4.288884515171777, 3.7684145133730813, 3.7670140847565974], [5.806147025176708, 5.967007098159398, 4.81834664791626, 3.9592242677493785, 4.66605208709907, 2.633900841401007, 2.149897397489066, 1.0870659054847536, 2.766407768630811, 6.833172600143346, 5.539191190251188, 5.2564551848763195, 6.479742608243442, 6.75279947171534, 5.398220258941023, 4.407506289661059, 3.0646525890372054, 1.7709204632351512, 1.7660253159120067, 0.0, 3.7620877386992104, 2.576486004972302, 3.1053544324249853], [4.06257650511939, 4.513988617186861, 4.181441384052845, 2.911046825150665, 2.7602240475515347, 2.6904502453329213, 2.1540756252055018, 3.467240090451015, 1.0873691395298921, 4.774244638604584, 4.4516524547835665, 3.0445005897273165, 4.514639304165339, 5.58788924144561, 4.997686882799843, 4.490480789925791, 2.456964077649509, 3.7632200852232, 4.288884515171777, 3.7620877386992104, 0.0, 1.7714063456749425, 1.7666130168944683], [4.435914469928423, 5.087222136725431, 4.537546789955486, 3.519772140983456, 3.917256939328306, 2.6596528208663277, 2.1552828208215034, 2.7837224273238155, 1.0877525664866001, 5.26069006614577, 4.387816435135109, 3.56802672045833, 5.44164769992457, 6.044568956090443, 5.442676756536699, 4.412402548758166, 3.0570467726096613, 3.1478416715714825, 3.7684145133730813, 2.576486004972302, 1.7714063456749425, 0.0, 1.771619873033487], [5.646639398569278, 6.061163316380668, 5.43064102810223, 4.0733821946781275, 4.026911001057835, 3.3605116378293207, 2.152528425465123, 2.7693966268900145, 1.0861632464303643, 6.428260070734753, 5.840590047528126, 4.6739269708711095, 6.145500762984025, 7.106087232497402, 6.156611561470765, 5.553163330543967, 2.507545489571828, 2.576996971968605, 3.7670140847565974, 3.1053544324249853, 1.7666130168944683, 1.771619873033487, 0.0]]}