{"total energy": -24.05501626, "HOMO-LUMO gap/eV": 10.88299355, "electronic energy": -24.36121148, "dipole": [-0.08063439, -0.45636958, -0.17861613], "partial charges": [-0.10990476, 0.092063, -0.33195253, 0.14979106, -0.11544654, -0.11658721, -0.11658723, 0.05177282, 0.05177314, 0.03859662, 0.01511416, 0.0151143, 0.05135603, 0.05135575, 0.03916802, 0.03415805, 0.03852047, 0.04450812, 0.04450863, 0.03852029, 0.03415778], "atomic dipole moments": [[-0.08664373, -0.06893295, -0.03430465], [-0.11865428, 0.16059948, 0.04840707], [-0.01237286, -0.25738336, -0.09748379], [0.13995336, 0.04417122, 0.03027906], [0.06441908, -0.08855018, -0.02678394], [0.00702926, 0.01519858, 0.09277293], [0.02180756, 0.0714161, -0.05754518], [-0.01346891, 0.03363489, 0.12072408], [0.00525689, 0.10487319, -0.06972105], [0.10233868, -0.06824166, -0.01546388], [-0.00690847, -0.09788611, 0.06695799], [0.01092548, -0.03004152, -0.11441563], [0.01380111, 0.0300238, 0.12151467], [0.03243312, 0.10090242, -0.06800369], [-0.11716916, -0.03414293, -0.02428848], [0.06724581, -0.10231776, -0.02932357], [-0.11932666, -0.0233616, -0.02745131], [0.04063169, 0.09778642, -0.07006286], [0.02170947, 0.02580182, 0.12241283], [-0.12052126, -0.02790489, -0.01530194], [0.06764348, -0.10080118, -0.03337993]], "atomic quadrupole moments": [[0.14383158, 0.164175, -0.02381564, 0.09060237, 0.0644834, -0.12001594], [0.32155649, -0.15663019, -0.01263251, 0.00757073, 0.11127596, -0.30892398], [0.14104022, -0.03445087, -0.00129384, 0.01697635, 0.05699589, -0.13974637], [0.17385238, 0.09522235, -0.06985135, 0.0646025, 0.02849559, -0.10400103], [0.03918703, -0.18220322, 0.08039084, -0.05067264, 0.06395601, -0.11957787], [-0.1011257, 0.00042955, -0.10389245, 0.02669481, 0.07267862, 0.20501815], [-0.08484543, 0.0576954, 0.09620976, -0.04546536, -0.15438058, -0.01136432], [-0.03950597, 0.00892683, -0.03518503, -0.01700396, 0.02889303, 0.074691], [-0.04362194, 0.01102336, 0.04033365, 0.00743647, -0.05869654, 0.00328829], [0.05181806, -0.05915698, -3.729e-05, -0.01149202, 0.01524971, -0.05178077], [-0.00682643, 0.00176243, 0.0130577, -0.0096611, -0.03820528, -0.00623128], [-0.00936194, -0.00900724, -0.03218002, 0.00088773, 0.01332858, 0.04154196], [-0.04473932, -0.0079135, -0.03377896, 0.01304435, 0.02479189, 0.07851827], [-0.03624786, 0.01764756, 0.03781392, -0.02620425, -0.055947, -0.00156606], [0.07252119, 0.03471668, -0.02514109, 0.02556032, 0.01473039, -0.0473801], [-0.00383159, -0.06455783, 0.0340669, -0.00771481, 0.01240962, -0.03023531], [0.08031723, 0.02366451, -0.04845603, 0.02089474, 0.01359263, -0.03186121], [-0.0371764, 0.03555807, 0.04036715, -0.02252362, -0.04695335, -0.00319074], [-0.04688594, 0.00834203, -0.02619326, 0.02310725, 0.02777052, 0.0730792], [0.08026214, 0.02578062, -0.03154892, 0.02200478, -0.00585974, -0.04871321], [0.00080417, -0.05682532, 0.02579872, -0.03147629, 0.02278535, -0.02660288]], "number of molecular orbitals": 42, "number of electrons": 44, "number of unpaired electrons": 0, "orbital energies/eV": [-18.56887433, -17.44101139, -16.70875291, -16.18336383, -16.16453267, -15.60225368, -15.3604537, -14.41253268, -14.41201289, -13.97864696, -13.62224728, -13.22665612, -12.98573593, -12.76763614, -12.54583693, -12.36269585, -12.34168509, -12.24814964, -12.01941134, -11.87576894, -11.46307123, -10.45381961, 0.42917394, 2.21950989, 2.5493453, 2.8167586, 3.1972498, 3.76294165, 4.19230733, 4.51281665, 4.76304529, 5.15543955, 5.60350149, 5.72911985, 6.17752801, 6.37800052, 6.77948637, 7.03816595, 7.21979138, 7.28518618, 7.75852951, 8.23094718], "fractional occupation": [2.0, 2.0, 2.0, 2.0, 2.0, 2.0, 2.0, 2.0, 2.0, 2.0, 2.0, 2.0, 2.0, 2.0, 2.0, 2.0, 2.0, 2.0, 2.0, 2.0, 2.0, 2.0, 0.0, 0.0, 0.0, 0.0, 0.0, 0.0, 0.0, 0.0, 0.0, 0.0, 0.0, 0.0, 0.0, 0.0, 0.0, 0.0, 0.0, 0.0, 0.0, 0.0], "program call": "xtb /tmp/scratch/tmpq31syk4_/19570_0_xyzopt.xyz --pop --wbo --acc 0.2 --gfn 2 --chrg 0 --uhf 0 --etemp 300 --input /tmp/scratch/tmpq31syk4_/19570_0_xtb.inp", "method": "GFN2-xTB", "xtb version": "6.3.3 (7355c4f)", "Dipole module/D": 1.262, "Total charge": 0, "Transition dipole module/D": NaN, "HOMO": -10.4538, "LUMO": 0.4292, "HOMO occupancy": 2.0, "LUMO occupancy": 0, "mulliken charges": [-0.0918, 0.20674, -0.47628, 0.2569, -0.09797, -0.11731, -0.11731, 0.04003, 0.04003, 0.02447, 0.00753, 0.00753, 0.0413, 0.0413, 0.02356, 0.03222, 0.03067, 0.04275, 0.04275, 0.03067, 0.03222], "cm5 charges": [-0.2412, 0.12345, -0.57155, 0.24652, -0.24394, -0.26438, -0.26438, 0.0946, 0.0946, 0.0766, 0.07006, 0.07006, 0.0972, 0.0972, 0.07718, 0.08674, 0.08433, 0.09792, 0.09792, 0.08433, 0.08674], "FUKUI+": [0.019, -0.013, -0.18, -0.065, 0.033, 0.033, 0.033, -0.048, -0.048, -0.091, -0.068, -0.068, -0.05, -0.05, -0.094, -0.042, -0.083, -0.047, -0.047, -0.083, -0.042], "FUKUI-": [0.024, 0.026, -0.159, -0.013, 0.024, 0.005, 0.005, -0.067, -0.067, -0.057, -0.122, -0.122, -0.057, -0.057, -0.051, -0.044, -0.062, -0.051, -0.051, -0.062, -0.044], "FUKUIrad": [0.022, 0.007, -0.169, -0.039, 0.028, 0.019, 0.019, -0.058, -0.058, -0.074, -0.095, -0.095, -0.054, -0.054, -0.072, -0.043, -0.072, -0.049, -0.049, -0.072, -0.043], "s proportion": [1.007, 0.986, 1.687, 1.041, 1.014, 1.018, 1.018, 0.96, 0.96, 0.976, 0.992, 0.992, 0.959, 0.959, 0.976, 0.968, 0.969, 0.957, 0.957, 0.969, 0.968], "p proportion": [3.085, 2.808, 4.79, 2.702, 3.084, 3.099, 3.099, 0.0, 0.0, 0.0, 0.0, 0.0, 0.0, 0.0, 0.0, 0.0, 0.0, 0.0, 0.0, 0.0, 0.0], "d proportion": [0.0, 0.0, 0.0, 0.0, 0.0, 0.0, 0.0, 0.0, 0.0, 0.0, 0.0, 0.0, 0.0, 0.0, 0.0, 0.0, 0.0, 0.0, 0.0, 0.0, 0.0], "Fermi-level/eV": -5.0123, "Coordination numbers": [3.751, 3.682, 1.702, 3.781, 3.759, 3.755, 3.755, 0.925, 0.925, 0.925, 0.923, 0.923, 0.925, 0.925, 0.925, 0.925, 0.925, 0.925, 0.925, 0.925, 0.925], "Dispersion coefficient C6": [22.663, 19.253, 19.56, 18.194, 22.76, 22.787, 22.787, 2.298, 2.298, 2.468, 2.809, 2.809, 2.303, 2.303, 2.46, 2.528, 2.469, 2.39, 2.39, 2.469, 2.528], "Total dispersion C6": 2917.824306, "Total dispersion C8": 60005.684956, "Polarizability alpha": [6.789, 6.283, 5.971, 6.076, 6.802, 6.806, 6.806, 2.371, 2.371, 2.456, 2.621, 2.621, 2.373, 2.373, 2.453, 2.486, 2.457, 2.417, 2.417, 2.457, 2.486], "Total polarizability alpha": 79.894759, "Wiberg matrix": [[0.0, 1.0132756314435463, 0.0, 0.0, 0.0, 0.0, 0.0, 0.9866229316496367, 0.986622861796675, 0.9863867355155636, 0.0, 0.0, 0.0, 0.0, 0.0, 0.0, 0.0, 0.0, 0.0, 0.0, 0.0], [1.0132756314435463, 0.0, 0.9838128360728253, 0.0, 0.0, 0.0, 0.0, 0.0, 0.0, 0.0, 0.9679254843486254, 0.9679256349484392, 0.0, 0.0, 0.0, 0.0, 0.0, 0.0, 0.0, 0.0, 0.0], [0.0, 0.9838128360728253, 0.0, 0.9577014582735406, 0.0, 0.0, 0.0, 0.0, 0.0, 0.0, 0.0, 0.0, 0.0, 0.0, 0.0, 0.0, 0.0, 0.0, 0.0, 0.0, 0.0], [0.0, 0.0, 0.9577014582735406, 0.0, 0.9912735538326206, 0.9888530956069237, 0.9888525925821818, 0.0, 0.0, 0.0, 0.0, 0.0, 0.0, 0.0, 0.0, 0.0, 0.0, 0.0, 0.0, 0.0, 0.0], [0.0, 0.0, 0.0, 0.9912735538326206, 0.0, 0.0, 0.0, 0.0, 0.0, 0.0, 0.0, 0.0, 0.9850213999979329, 0.9850214491992535, 0.9859229950407715, 0.0, 0.0, 0.0, 0.0, 0.0, 0.0], [0.0, 0.0, 0.0, 0.9888530956069237, 0.0, 0.0, 0.0, 0.0, 0.0, 0.0, 0.0, 0.0, 0.0, 0.0, 0.0, 0.984001603812712, 0.985462825405055, 0.9857576247812508, 0.0, 0.0, 0.0], [0.0, 0.0, 0.0, 0.9888525925821818, 0.0, 0.0, 0.0, 0.0, 0.0, 0.0, 0.0, 0.0, 0.0, 0.0, 0.0, 0.0, 0.0, 0.0, 0.9857577084944629, 0.9854628418272546, 0.984001213506605], [0.9866229316496367, 0.0, 0.0, 0.0, 0.0, 0.0, 0.0, 0.0, 0.0, 0.0, 0.0, 0.0, 0.0, 0.0, 0.0, 0.0, 0.0, 0.0, 0.0, 0.0, 0.0], [0.986622861796675, 0.0, 0.0, 0.0, 0.0, 0.0, 0.0, 0.0, 0.0, 0.0, 0.0, 0.0, 0.0, 0.0, 0.0, 0.0, 0.0, 0.0, 0.0, 0.0, 0.0], [0.9863867355155636, 0.0, 0.0, 0.0, 0.0, 0.0, 0.0, 0.0, 0.0, 0.0, 0.0, 0.0, 0.0, 0.0, 0.0, 0.0, 0.0, 0.0, 0.0, 0.0, 0.0], [0.0, 0.9679254843486254, 0.0, 0.0, 0.0, 0.0, 0.0, 0.0, 0.0, 0.0, 0.0, 0.0, 0.0, 0.0, 0.0, 0.0, 0.0, 0.0, 0.0, 0.0, 0.0], [0.0, 0.9679256349484392, 0.0, 0.0, 0.0, 0.0, 0.0, 0.0, 0.0, 0.0, 0.0, 0.0, 0.0, 0.0, 0.0, 0.0, 0.0, 0.0, 0.0, 0.0, 0.0], [0.0, 0.0, 0.0, 0.0, 0.9850213999979329, 0.0, 0.0, 0.0, 0.0, 0.0, 0.0, 0.0, 0.0, 0.0, 0.0, 0.0, 0.0, 0.0, 0.0, 0.0, 0.0], [0.0, 0.0, 0.0, 0.0, 0.9850214491992535, 0.0, 0.0, 0.0, 0.0, 0.0, 0.0, 0.0, 0.0, 0.0, 0.0, 0.0, 0.0, 0.0, 0.0, 0.0, 0.0], [0.0, 0.0, 0.0, 0.0, 0.9859229950407715, 0.0, 0.0, 0.0, 0.0, 0.0, 0.0, 0.0, 0.0, 0.0, 0.0, 0.0, 0.0, 0.0, 0.0, 0.0, 0.0], [0.0, 0.0, 0.0, 0.0, 0.0, 0.984001603812712, 0.0, 0.0, 0.0, 0.0, 0.0, 0.0, 0.0, 0.0, 0.0, 0.0, 0.0, 0.0, 0.0, 0.0, 0.0], [0.0, 0.0, 0.0, 0.0, 0.0, 0.985462825405055, 0.0, 0.0, 0.0, 0.0, 0.0, 0.0, 0.0, 0.0, 0.0, 0.0, 0.0, 0.0, 0.0, 0.0, 0.0], [0.0, 0.0, 0.0, 0.0, 0.0, 0.9857576247812508, 0.0, 0.0, 0.0, 0.0, 0.0, 0.0, 0.0, 0.0, 0.0, 0.0, 0.0, 0.0, 0.0, 0.0, 0.0], [0.0, 0.0, 0.0, 0.0, 0.0, 0.0, 0.9857577084944629, 0.0, 0.0, 0.0, 0.0, 0.0, 0.0, 0.0, 0.0, 0.0, 0.0, 0.0, 0.0, 0.0, 0.0], [0.0, 0.0, 0.0, 0.0, 0.0, 0.0, 0.9854628418272546, 0.0, 0.0, 0.0, 0.0, 0.0, 0.0, 0.0, 0.0, 0.0, 0.0, 0.0, 0.0, 0.0, 0.0], [0.0, 0.0, 0.0, 0.0, 0.0, 0.0, 0.984001213506605, 0.0, 0.0, 0.0, 0.0, 0.0, 0.0, 0.0, 0.0, 0.0, 0.0, 0.0, 0.0, 0.0, 0.0]], "Born radii": [], "Atomic SASAs": [], "Solvent H bonds": [], "Total SASA": NaN, "Total FOD": 0.0, "FOD": [0.0, 0.0, 0.0, 0.0, 0.0, 0.0, 0.0, 0.0, 0.0, 0.0, 0.0, 0.0, 0.0, 0.0, 0.0, 0.0, 0.0, 0.0, 0.0, 0.0, 0.0], "FOD s proportion": [0.0, 0.0, 0.0, 0.0, 0.0, 0.0, 0.0, 0.0, 0.0, 0.0, 0.0, 0.0, 0.0, 0.0, 0.0, 0.0, 0.0, 0.0, 0.0, 0.0, 0.0], "FOD p proportion": [0.0, 0.0, 0.0, 0.0, 0.0, 0.0, 0.0, 0.0, 0.0, 0.0, 0.0, 0.0, 0.0, 0.0, 0.0, 0.0, 0.0, 0.0, 0.0, 0.0, 0.0], "FOD d proportion": [0.0, 0.0, 0.0, 0.0, 0.0, 0.0, 0.0, 0.0, 0.0, 0.0, 0.0, 0.0, 0.0, 0.0, 0.0, 0.0, 0.0, 0.0, 0.0, 0.0, 0.0], "coordinates": [["2.81132292992259", "0.57463343753940", "0.46631347174005"], ["1.59557045704649", "-0.23770634405502", "0.04290644675521"], ["0.45909221746167", "0.57388276868451", "0.23473911228368"], ["-0.82105378482948", "0.03852642527709", "-0.09133956970698"], ["-1.78756631548516", "1.18026141169715", "0.24064027746540"], ["-0.93306223283500", "-0.31289985583226", "-1.58170575774888"], ["-1.16362478636567", "-1.18997359012013", "0.76345414212125"], ["2.71646964352089", "0.86248000333548", "1.50957972476950"], ["2.87811192552958", "1.47740965788194", "-0.13434586564099"], ["3.71679633709714", "-0.01174047753471", "0.33600609189997"], ["1.53311123829372", "-1.15236957077262", "0.65009562475107"], ["1.69656138138355", "-0.53057746407532", "-1.01218454073572"], ["-1.69570336918913", "1.44104207843428", "1.29118227831314"], ["-1.53423738868866", "2.05527630102028", "-0.35118511146003"], ["-2.81299769101224", "0.88968931995426", "0.03115502762608"], ["-0.34008958216863", "-1.19141486086676", "-1.82604523447701"], ["-1.97000584182859", "-0.52177033968169", "-1.83033128842775"], ["-0.58846956913261", "0.52312170883891", "-2.18622018074165"], ["-0.98170451288673", "-0.97279248411889", "1.81362132675743"], ["-2.21229741992204", "-1.44345416369656", "0.63412197510808"], ["-0.56622263591170", "-2.05162396190931", "0.47401304934816"]], "bond_dist": [[0.0, 1.5222429191399565, 2.363602456443504, 3.713832015735901, 4.644081817240477, 4.3591878094753795, 4.359167338756938, 1.0863964589835093, 1.086396480817746, 1.0865985793384854, 2.1564184193010574, 2.156418516903429, 4.66308465953164, 4.663100010229215, 5.6499208425959955, 4.278461855811916, 5.416436394963624, 4.3124444660045915, 4.312403346292663, 5.416419359635849, 4.278446126918197], [1.5222429191399565, 0.0, 1.409630961823309, 2.436062245143063, 3.673601182193848, 3.0064933327007948, 3.0065196291549516, 2.1489428772456014, 2.148942507543835, 2.153268958818873, 1.0996311518831876, 1.0996315981386604, 3.8998554097460603, 3.8998429094129334, 4.550454064723262, 2.8547014045665566, 4.037703098201313, 3.212148141577268, 3.212184473254853, 4.037724776899078, 2.8547328077988587], [2.363602456443504, 1.409630961823309, 0.0, 1.4253797769216954, 2.32705918405939, 2.454373525462919, 2.4543714698028265, 2.6084976125680384, 2.6084939924127477, 3.3114718357194066, 2.0750867521718996, 2.0750857654238435, 2.551701677662538, 2.551704707126463, 3.2935926625020837, 2.8287451977181584, 3.3712740730196784, 2.638371899565138, 2.6383647592777297, 3.3712723954892097, 2.828746746865092], [3.713832015735901, 2.436062245143063, 1.4253797769216954, 0.0, 1.5322910526589448, 1.5353298335984673, 1.535330410271861, 3.9693720022630843, 3.9693905642122944, 4.558205217526083, 2.7404474775271526, 2.740478210584938, 2.154861645912427, 2.1548620883232124, 2.169636772602649, 2.180203172868897, 2.158266779590785, 2.16274195888707, 2.162741457036806, 2.1582677709880445, 2.180204380187032], [4.644081817240477, 3.673601182193848, 2.32705918405939, 1.5322910526589448, 0.0, 2.506123075624386, 2.5061227688754824, 4.690152690952002, 4.6901455346727685, 5.632758769345439, 4.078691015260851, 4.078686736198644, 1.0863166447179304, 1.0863166631630818, 1.086197825589538, 3.462835000488472, 2.6868419176073726, 2.7855551116060906, 2.785556264843285, 2.686839738060215, 3.4628350094137677], [4.3591878094753795, 3.0064933327007948, 2.454373525462919, 1.5353298335984673, 2.506123075624386, 0.0, 2.5143970216390112, 4.925103721172155, 4.452539418979254, 5.038799502837113, 3.4304020759861107, 2.6993810976248613, 3.451292436086293, 2.735662796991557, 2.7534883267650336, 1.0877072025121672, 1.0865972491045133, 1.0877103695740982, 3.4592008272226384, 2.797228672920782, 2.7172987728214144], [4.359167338756938, 3.0065196291549516, 2.4543714698028265, 1.535330410271861, 2.5061227688754824, 2.5143970216390112, 0.0, 4.452460210176812, 4.925100394300788, 5.038795039051767, 2.6993794476559203, 3.4305044668801856, 2.7356622693978134, 3.451292688627218, 2.75348702397737, 2.7173000075839995, 2.797225205491015, 3.459201878783989, 1.087710317314888, 1.086597212850747, 1.0877071475158837], [1.0863964589835093, 2.1489428772456014, 2.6084976125680384, 3.9693720022630843, 4.690152690952002, 4.925103721172155, 4.452460210176812, 0.0, 1.7625997997787484, 1.7726223553878264, 2.4897126018257354, 3.056160496679466, 4.455300462757579, 4.791003971736466, 5.723765276083864, 4.968644914067853, 5.918970101546473, 4.969579880931041, 4.139705121149035, 5.511488312589243, 4.51004089348921], [1.086396480817746, 2.148942507543835, 2.6084939924127477, 3.9693905642122944, 4.6901455346727685, 4.452539418979254, 4.925100394300788, 1.7625997997787484, 0.0, 1.7726225294688276, 3.056160023947769, 2.489713780700515, 4.790953917566207, 4.455308697100742, 5.72376924838701, 4.510132150009071, 5.511563580612825, 4.139811705113277, 4.969532136690013, 5.918974200884212, 4.968663746944706], [1.0865985793384854, 2.153268958818873, 3.3114718357194066, 4.558205217526083, 5.632758769345439, 5.038799502837113, 5.038795039051767, 1.7726223553878264, 1.7726225294688276, 0.0, 2.4835795887636585, 2.483577878146013, 5.684900330926441, 5.684905038973221, 6.598766543887036, 4.7459899863479675, 6.106788610056947, 5.018268371874932, 5.018254475307275, 6.106785565130637, 4.745990104633813], [2.1564184193010574, 1.0996311518831876, 2.0750867521718996, 2.7404474775271526, 4.078691015260851, 3.4304020759861107, 2.6993794476559203, 2.4897126018257354, 3.056160023947769, 2.4835795887636585, 0.0, 1.7822785197039048, 4.1907063663673805, 4.549745350125451, 4.841668596812378, 3.105105377148758, 4.338433166353832, 3.9182985464333697, 2.7767495838958407, 3.7567368040306195, 2.290603904808834], [2.156418516903429, 1.0996315981386604, 2.0750857654238435, 2.740478210584938, 4.078686736198644, 2.6993810976248613, 3.4305044668801856, 3.056160496679466, 2.489713780700515, 2.483577878146013, 1.7822785197039048, 0.0, 4.5497519120803664, 4.190658734932013, 4.84167721147892, 2.29063799871415, 3.7567481774179003, 2.7766901296005377, 3.9183977752548595, 4.338530412635746, 3.1052467267949915], [4.66308465953164, 3.8998554097460603, 2.551701677662538, 2.154861645912427, 1.0863166447179304, 3.451292436086293, 2.7356622693978134, 4.455300462757579, 4.790953917566207, 5.684900330926441, 4.1907063663673805, 4.5497519120803664, 0.0, 1.760887726700695, 1.7720059645316326, 4.299375029388588, 3.6975290915087893, 3.7630934555423954, 2.570862544267344, 3.0031510495090816, 3.760612761902176], [4.663100010229215, 3.8998429094129334, 2.551704707126463, 2.1548620883232124, 1.0863166631630818, 2.735662796991557, 3.451292688627218, 4.791003971736466, 4.455308697100742, 5.684905038973221, 4.549745350125451, 4.190658734932013, 1.760887726700695, 0.0, 1.7720058981802735, 3.760612299474339, 3.003154499179737, 2.570861367002053, 3.7630944794575547, 3.6975275963182836, 4.29937604029308], [5.6499208425959955, 4.550454064723262, 3.2935926625020837, 2.169636772602649, 1.086197825589538, 2.7534883267650336, 2.75348702397737, 5.723765276083864, 5.72376924838701, 6.598766543887036, 4.841668596812378, 4.84167721147892, 1.7720059645316326, 1.7720058981802735, 0.0, 3.727661725501792, 2.483542818923274, 3.1622223187555876, 3.162223787509609, 2.483539504567198, 3.727659479846929], [4.278461855811916, 2.8547014045665566, 2.8287451977181584, 2.180203172868897, 3.462835000488472, 1.0877072025121672, 2.7173000075839995, 4.968644914067853, 4.510132150009071, 4.7459899863479675, 3.105105377148758, 2.29063799871415, 4.299375029388588, 3.760612299474339, 3.727661725501792, 0.0, 1.7621206452781728, 1.769478527334833, 3.7022477145517168, 3.1017912078400633, 2.4660421660029224], [5.416436394963624, 4.037703098201313, 3.3712740730196784, 2.158266779590785, 2.6868419176073726, 1.0865972491045133, 2.797225205491015, 5.918970101546473, 5.511563580612825, 6.106788610056947, 4.338433166353832, 3.7567481774179003, 3.6975290915087893, 3.003154499179737, 2.483542818923274, 1.7621206452781728, 0.0, 1.7683604749905184, 3.8024401577507945, 2.6422975170139513, 3.1017837161377275], [4.3124444660045915, 3.212148141577268, 2.638371899565138, 2.16274195888707, 2.7855551116060906, 1.0877103695740982, 3.459201878783989, 4.969579880931041, 4.139811705113277, 5.018268371874932, 3.9182985464333697, 2.7766901296005377, 3.7630934555423954, 2.570861367002053, 3.1622223187555876, 1.769478527334833, 1.7683604749905184, 0.0, 4.288487504796348, 3.8024422977214485, 3.70224945587794], [4.312403346292663, 3.212184473254853, 2.6383647592777297, 2.162741457036806, 2.785556264843285, 3.4592008272226384, 1.087710317314888, 4.139705121149035, 4.969532136690013, 5.018254475307275, 2.7767495838958407, 3.9183977752548595, 2.570862544267344, 3.7630944794575547, 3.162223787509609, 3.7022477145517168, 3.8024401577507945, 4.288487504796348, 0.0, 1.7683608342218298, 1.7694781390199732], [5.416419359635849, 4.037724776899078, 3.3712723954892097, 2.1582677709880445, 2.686839738060215, 2.797228672920782, 1.086597212850747, 5.511488312589243, 5.918974200884212, 6.106785565130637, 3.7567368040306195, 4.338530412635746, 3.0031510495090816, 3.6975275963182836, 2.483539504567198, 3.1017912078400633, 2.6422975170139513, 3.8024422977214485, 1.7683608342218298, 0.0, 1.7621201906001818], [4.278446126918197, 2.8547328077988587, 2.828746746865092, 2.180204380187032, 3.4628350094137677, 2.7172987728214144, 1.0877071475158837, 4.51004089348921, 4.968663746944706, 4.745990104633813, 2.290603904808834, 3.1052467267949915, 3.760612761902176, 4.29937604029308, 3.727659479846929, 2.4660421660029224, 3.1017837161377275, 3.70224945587794, 1.7694781390199732, 1.7621201906001818, 0.0]]}