{"total energy": -29.23680828, "HOMO-LUMO gap/eV": 3.76438394, "electronic energy": -29.61305065, "dipole": [-0.37929531, 0.74471826, 0.13807046], "partial charges": [-0.11458313, 0.08751973, -0.2762815, 0.35349327, -0.43611069, -0.09546915, 0.05012806, -0.11678379, -0.1244355, 0.05593535, 0.05657954, 0.0494549, 0.04924888, 0.04543152, 0.05385126, 0.0478263, 0.05873327, 0.05835014, 0.05866705, 0.08391305, 0.05453143], "atomic dipole moments": [[-0.08531892, -0.09171835, 0.00405793], [-0.16525566, 0.16941041, 0.03673102], [0.032542, -0.23701488, -0.04522477], [0.17427979, 0.04364262, -0.00639178], [-0.01086136, 0.19601987, 0.03701152], [0.10652845, -0.05327929, -0.01752396], [-0.11916523, -0.03108496, 0.00051858], [0.06187049, -0.05378181, -0.01572405], [0.00919869, 0.09177976, 0.02101879], [-0.02363921, 0.08028717, -0.09533496], [0.00211399, 0.06587735, 0.10839896], [0.11008886, -0.05674576, -0.01807206], [-0.01250785, -0.0660477, -0.10625195], [0.01566839, -0.08103654, 0.0940883], [0.0324845, 0.13911709, 0.02501792], [0.04408431, 0.11586747, 0.02913217], [-0.07568784, 0.01003498, -0.10332862], [-0.07474777, -0.04165746, 0.09558137], [-0.05208768, -0.05011416, 0.10688941], [0.1044073, -0.07331417, -0.03493397], [-0.09046958, -0.0040207, -0.09049937]], "atomic quadrupole moments": [[0.09593368, 0.2041129, 0.05691726, -0.01661585, -0.01144832, -0.15285094], [0.41189805, -0.13867602, -0.04298754, -0.1143356, 0.04532533, -0.36891051], [0.07496195, -0.03562181, 0.0123515, -0.01951139, 0.02079082, -0.08731346], [-0.16709982, 0.17568437, -0.24712235, 0.08152685, -0.13672951, 0.41422217], [-0.10579857, 0.00993867, -0.06067298, 0.02550998, -0.04398927, 0.16647154], [-0.21207713, -0.15048847, -0.17015189, 0.00633557, -0.10593798, 0.38222902], [-0.40388907, -0.10999303, -0.09837959, 0.03386039, -0.11548329, 0.50226866], [0.09230211, -0.13404619, 0.02301855, -0.03676213, 0.03668439, -0.11532066], [-0.06152988, 0.09621108, 0.16252332, 0.0174931, 0.04054183, -0.10099344], [-0.0371768, -0.00723074, 0.00639216, 0.02947725, -0.05660519, 0.03078464], [-0.04679946, 0.00924393, -0.00894018, -0.00677855, 0.04988959, 0.05573964], [0.06404653, -0.05018609, -0.01158637, -0.01894602, 0.00923959, -0.05246016], [-0.00126905, -0.00474594, -0.02643558, -0.00534019, 0.02764211, 0.02770464], [0.00146953, -0.01302999, -0.01673742, 0.00824615, -0.03464037, 0.01526788], [0.03351212, -0.00099472, 0.0359433, -0.00755262, 0.022374, -0.06945542], [-0.00681848, 0.03850944, 0.05673853, 0.00894749, 0.02935269, -0.04992005], [-0.01155307, -0.0056485, -0.03555768, 0.06288779, 0.00237223, 0.04711075], [-0.01442616, 0.02266745, -0.01169118, -0.05904071, -0.03647515, 0.02611734], [-0.02907566, 0.01351021, -0.02252945, -0.0488996, -0.03604261, 0.05160511], [0.04188873, -0.0334131, 0.00219907, -0.02354988, 0.02176376, -0.0440878], [0.0137464, -0.0101017, -0.03233934, 0.07136098, 0.0036528, 0.01859294]], "number of molecular orbitals": 48, "number of electrons": 52, "number of unpaired electrons": 0, "orbital energies/eV": [-19.80285236, -19.03324593, -18.09570135, -17.4880057, -16.78650783, -16.36900139, -16.24513193, -16.13154151, -15.58539067, -15.3251016, -14.95251717, -14.33271074, -14.04681249, -13.76883596, -13.71699483, -13.49819423, -13.00587134, -12.83161109, -12.79140064, -12.70084786, -12.47819685, -12.32246639, -12.23151894, -11.68108074, -11.01550286, -10.81098685, -7.04660292, -4.07343424, 0.53243027, 2.69968388, 2.85529126, 3.32038247, 4.07242969, 4.10150083, 4.25382115, 4.7881586, 5.09980398, 5.26189157, 5.72683294, 6.07981508, 6.0897824, 6.37223775, 6.84982982, 7.28566806, 7.5266959, 10.96673322, 14.84773254, 19.70356265], "fractional occupation": [2.0, 2.0, 2.0, 2.0, 2.0, 2.0, 2.0, 2.0, 2.0, 2.0, 2.0, 2.0, 2.0, 2.0, 2.0, 2.0, 2.0, 2.0, 2.0, 2.0, 2.0, 2.0, 2.0, 2.0, 2.0, 2.0, 0.0, 0.0, 0.0, 0.0, 0.0, 0.0, 0.0, 0.0, 0.0, 0.0, 0.0, 0.0, 0.0, 0.0, 0.0, 0.0, 0.0, 0.0, 0.0, 0.0, 0.0, 0.0], "program call": "xtb /tmp/scratch/tmp3_xevikl/19599_0_xyzopt.xyz --pop --wbo --acc 0.2 --gfn 2 --chrg 0 --uhf 0 --etemp 300 --input /tmp/scratch/tmp3_xevikl/19599_0_xtb.inp", "method": "GFN2-xTB", "xtb version": "6.3.3 (7355c4f)", "Dipole module/D": 2.153, "Total charge": 0, "Transition dipole module/D": NaN, "HOMO": -10.811, "LUMO": -7.0466, "HOMO occupancy": 2.0, "LUMO occupancy": 0, "mulliken charges": [-0.0972, 0.20685, -0.42497, 0.576, -0.54762, -0.11774, 0.06933, -0.095, -0.10143, 0.04213, 0.04241, 0.03292, 0.03856, 0.03505, 0.04944, 0.04033, 0.04706, 0.04553, 0.04635, 0.07117, 0.04085], "cm5 charges": [-0.24639, 0.12475, -0.51018, 0.6315, -0.60378, -0.16561, 0.04417, -0.24154, -0.24686, 0.09644, 0.09679, 0.08519, 0.10476, 0.09972, 0.1128, 0.0934, 0.09953, 0.09814, 0.09916, 0.13427, 0.09373], "FUKUI+": [0.012, 0.018, -0.08, -0.078, -0.166, -0.046, -0.131, 0.039, 0.036, -0.019, -0.02, -0.034, -0.027, -0.032, -0.091, -0.051, -0.073, -0.072, -0.076, -0.034, -0.074], "FUKUI-": [0.014, 0.013, -0.074, -0.009, -0.121, -0.049, -0.045, 0.017, 0.013, -0.057, -0.062, -0.053, -0.07, -0.075, -0.066, -0.046, -0.066, -0.067, -0.076, -0.052, -0.068], "FUKUIrad": [0.013, 0.015, -0.077, -0.043, -0.144, -0.047, -0.088, 0.028, 0.025, -0.038, -0.041, -0.044, -0.049, -0.053, -0.079, -0.049, -0.07, -0.07, -0.076, -0.043, -0.071], "s proportion": [1.008, 0.993, 1.689, 0.97, 1.723, 1.061, 1.104, 1.009, 1.008, 0.958, 0.958, 0.967, 0.961, 0.965, 0.951, 0.96, 0.953, 0.954, 0.954, 0.929, 0.959], "p proportion": [3.089, 2.8, 4.736, 2.454, 4.824, 3.056, 2.827, 3.086, 3.093, 0.0, 0.0, 0.0, 0.0, 0.0, 0.0, 0.0, 0.0, 0.0, 0.0, 0.0, 0.0], "d proportion": [0.0, 0.0, 0.0, 0.0, 0.0, 0.0, 0.0, 0.0, 0.0, 0.0, 0.0, 0.0, 0.0, 0.0, 0.0, 0.0, 0.0, 0.0, 0.0, 0.0, 0.0], "Fermi-level/eV": -8.9288, "Coordination numbers": [3.751, 3.701, 1.707, 2.721, 0.856, 2.899, 2.939, 3.761, 3.758, 0.925, 0.925, 0.925, 0.924, 0.924, 0.926, 0.925, 0.925, 0.925, 0.925, 0.925, 0.925], "Dispersion coefficient C6": [22.755, 19.277, 18.583, 20.998, 22.416, 30.399, 26.875, 22.783, 22.937, 2.247, 2.239, 2.327, 2.329, 2.378, 2.272, 2.347, 2.214, 2.218, 2.215, 1.939, 2.264], "Total dispersion C6": 3706.765056, "Total dispersion C8": 81428.389848, "Polarizability alpha": [6.803, 6.279, 5.82, 7.501, 6.348, 9.04, 8.502, 6.804, 6.828, 2.344, 2.34, 2.385, 2.387, 2.412, 2.357, 2.396, 2.327, 2.329, 2.327, 2.178, 2.353], "Total polarizability alpha": 92.060649, "Wiberg matrix": [[0.0, 1.8590041577178171, 0.0, 0.0, 0.0, 0.0, 0.0, 0.0, 0.0, 0.0, 0.0, 0.0, 0.0, 0.0, 0.0, 0.0, 0.0, 0.0, 0.0, 0.0, 0.0], [1.8590041577178171, 0.0, 0.98918362998065, 0.0, 0.0, 0.0, 0.0, 0.9397172924146115, 0.0, 0.0, 0.0, 0.0, 0.0, 0.0, 0.0, 0.0, 0.0, 0.0, 0.0, 0.0, 0.0], [0.0, 0.98918362998065, 0.0, 0.9704306973126039, 0.0, 0.0, 0.0, 0.0, 0.9585128200789849, 0.9147841301127324, 0.0, 0.0, 0.0, 0.0, 0.0, 0.0, 0.0, 0.0, 0.0, 0.0, 0.0], [0.0, 0.0, 0.9704306973126039, 0.0, 1.85029200322922, 0.919347568483136, 0.0, 0.0, 0.0, 0.0, 0.0, 0.0, 0.0, 0.0, 0.0, 0.0, 0.0, 0.0, 0.0, 0.0, 0.0], [0.0, 0.0, 0.0, 1.85029200322922, 0.0, 0.0, 0.0, 0.0, 0.0, 0.0, 0.0, 0.0, 0.0, 0.0, 0.0, 0.0, 0.0, 0.0, 0.0, 0.0, 0.0], [0.0, 0.0, 0.0, 0.919347568483136, 0.0, 0.0, 1.8804584696661149, 0.0, 0.0, 0.0, 0.9284188114761134, 0.0, 0.0, 0.0, 0.0, 0.0, 0.0, 0.0, 0.0, 0.0, 0.0], [0.0, 0.0, 0.0, 0.0, 0.0, 1.8804584696661149, 0.0, 0.0, 0.0, 0.0, 0.0, 0.0, 0.0, 0.0, 0.0, 0.0, 0.0, 0.0, 0.0, 0.0, 0.0], [0.0, 0.9397172924146115, 0.0, 0.0, 0.0, 0.0, 0.0, 0.0, 0.0, 0.0, 0.0, 0.0, 0.0, 0.0, 0.0, 0.0, 0.0, 0.0, 0.0, 0.0, 0.0], [0.0, 0.0, 0.9585128200789849, 0.0, 0.0, 0.0, 0.0, 0.0, 0.0, 0.0, 0.0, 0.0, 0.0, 0.0, 0.0, 0.0, 0.0, 0.0, 0.0, 0.0, 0.0], [0.0, 0.0, 0.9147841301127324, 0.0, 0.0, 0.0, 0.0, 0.0, 0.0, 0.0, 0.0, 0.0, 0.0, 0.0, 0.0, 0.0, 0.0, 0.0, 0.0, 0.0, 0.0], [0.0, 0.0, 0.0, 0.0, 0.0, 0.9284188114761134, 0.0, 0.0, 0.0, 0.0, 0.0, 0.0, 0.0, 0.0, 0.0, 0.0, 0.0, 0.0, 0.0, 0.0, 0.0], [0.0, 0.0, 0.0, 0.0, 0.0, 0.0, 0.0, 0.0, 0.0, 0.0, 0.0, 0.0, 0.0, 0.0, 0.0, 0.0, 0.0, 0.0, 0.0, 0.0, 0.0], [0.0, 0.0, 0.0, 0.0, 0.0, 0.0, 0.0, 0.0, 0.0, 0.0, 0.0, 0.0, 0.0, 0.0, 0.0, 0.0, 0.0, 0.0, 0.0, 0.0, 0.0], [0.0, 0.0, 0.0, 0.0, 0.0, 0.0, 0.0, 0.0, 0.0, 0.0, 0.0, 0.0, 0.0, 0.0, 0.0, 0.0, 0.0, 0.0, 0.0, 0.0, 0.0], [0.0, 0.0, 0.0, 0.0, 0.0, 0.0, 0.0, 0.0, 0.0, 0.0, 0.0, 0.0, 0.0, 0.0, 0.0, 0.0, 0.0, 0.0, 0.0, 0.0, 0.0], [0.0, 0.0, 0.0, 0.0, 0.0, 0.0, 0.0, 0.0, 0.0, 0.0, 0.0, 0.0, 0.0, 0.0, 0.0, 0.0, 0.0, 0.0, 0.0, 0.0, 0.0], [0.0, 0.0, 0.0, 0.0, 0.0, 0.0, 0.0, 0.0, 0.0, 0.0, 0.0, 0.0, 0.0, 0.0, 0.0, 0.0, 0.0, 0.0, 0.0, 0.0, 0.0], [0.0, 0.0, 0.0, 0.0, 0.0, 0.0, 0.0, 0.0, 0.0, 0.0, 0.0, 0.0, 0.0, 0.0, 0.0, 0.0, 0.0, 0.0, 0.0, 0.0, 0.0], [0.0, 0.0, 0.0, 0.0, 0.0, 0.0, 0.0, 0.0, 0.0, 0.0, 0.0, 0.0, 0.0, 0.0, 0.0, 0.0, 0.0, 0.0, 0.0, 0.0, 0.0], [0.0, 0.0, 0.0, 0.0, 0.0, 0.0, 0.0, 0.0, 0.0, 0.0, 0.0, 0.0, 0.0, 0.0, 0.0, 0.0, 0.0, 0.0, 0.0, 0.0, 0.0], [0.0, 0.0, 0.0, 0.0, 0.0, 0.0, 0.0, 0.0, 0.0, 0.0, 0.0, 0.0, 0.0, 0.0, 0.0, 0.0, 0.0, 0.0, 0.0, 0.0, 0.0]], "Born radii": [], "Atomic SASAs": [], "Solvent H bonds": [], "Total SASA": NaN, "Total FOD": 0.0, "FOD": [0.0, 0.0, 0.0, 0.0, 0.0, 0.0, 0.0, 0.0, 0.0, 0.0, 0.0, 0.0, 0.0, 0.0, 0.0, 0.0, 0.0, 0.0, 0.0, 0.0, 0.0], "FOD s proportion": [0.0, 0.0, 0.0, 0.0, 0.0, 0.0, 0.0, 0.0, 0.0, 0.0, 0.0, 0.0, 0.0, 0.0, 0.0, 0.0, 0.0, 0.0, 0.0, 0.0, 0.0], "FOD p proportion": [0.0, 0.0, 0.0, 0.0, 0.0, 0.0, 0.0, 0.0, 0.0, 0.0, 0.0, 0.0, 0.0, 0.0, 0.0, 0.0, 0.0, 0.0, 0.0, 0.0, 0.0], "FOD d proportion": [0.0, 0.0, 0.0, 0.0, 0.0, 0.0, 0.0, 0.0, 0.0, 0.0, 0.0, 0.0, 0.0, 0.0, 0.0, 0.0, 0.0, 0.0, 0.0, 0.0, 0.0], "coordinates": [["3.85802883173929", "0.78822452206525", "-0.29150672819778"], ["2.76960968346793", "-0.26671182853719", "-0.22714929895582"], ["1.52103821334573", "0.38375312398487", "-0.00667040997720"], ["0.42415756277887", "-0.39469943883085", "-0.05801093672277"], ["0.48444907386876", "-1.58312474633998", "-0.27909956665339"], ["-0.76948188032114", "0.41954458633299", "0.18640787862809"], ["-2.04094214097233", "0.00149073945511", "0.18088228693799"], ["-3.15965487299924", "0.96273355801562", "0.43414183605669"], ["-2.46360033375217", "-1.40746258727487", "-0.06535628992412"], ["3.66426894834910", "1.47630606150798", "-1.10987308319684"], ["3.88679867484313", "1.35233941446729", "0.63670097895987"], ["4.82073515062064", "0.31047948609406", "-0.44828895568517"], ["2.71160670629148", "-0.83957257659895", "-1.15999341361457"], ["2.94901007652699", "-0.97387869844974", "0.59142062040862"], ["-0.54207047456571", "1.45905689729173", "0.37649526362245"], ["-2.78932030464468", "1.95316408662839", "0.68312214723633"], ["-3.79030391712952", "1.03751566686934", "-0.45124627930340"], ["-3.78451501215801", "0.60189160000629", "1.24975036250248"], ["-2.90048489119350", "-1.82004845615699", "0.84385083303189"], ["-1.62102428095300", "-2.02348781305569", "-0.35881359439260"], ["-3.22830381314256", "-1.43751359747465", "-0.84000565076075"]], "bond_dist": [[0.0, 1.5171317757020255, 2.388776672378995, 3.6394094677145774, 4.123650285019013, 4.666710046345616, 5.96992126943189, 7.057258945382804, 6.69590779572464, 1.0866105964547301, 1.0865647073823292, 1.086105171088464, 2.1721593419641443, 2.170456993352816, 4.500790668546309, 6.818668211234451, 7.654061447132777, 7.79863255855598, 7.332777949988431, 6.1587563258673645, 7.447876986010439], [1.5171317757020255, 0.0, 1.4250074775059545, 2.355023198274779, 2.63772644755584, 3.6286562944104537, 4.8352695114326565, 6.091389012724433, 5.358542372293506, 2.14888990981856, 2.1484123143799243, 2.1422344044166945, 1.096235341650997, 1.0965063592245894, 3.7828415142711433, 6.054597079676123, 6.692062108474389, 6.774382263491407, 5.975773460149567, 4.730884056495198, 6.141769777752745], [2.388776672378995, 1.4250074775059545, 0.0, 1.3460205807597643, 2.239942688164705, 2.298922041696815, 3.5873394862062264, 4.736921104240758, 4.3691237231036775, 2.646538502072551, 2.6360782817279347, 3.3299243000080945, 2.060129378661237, 2.059121338812371, 2.3578616576145235, 4.638755770167829, 5.369861114873204, 5.456653972984958, 5.012982580602063, 3.9738357375931996, 5.154387430024598], [3.6394094677145774, 2.355023198274779, 1.3460205807597643, 0.0, 1.2103181235205358, 1.4654381631227678, 2.50813739239212, 3.863748214819378, 3.0602105839365485, 3.8865662670775385, 3.9401336108921914, 4.4698421374983734, 2.5777317688698327, 2.6705973448558264, 2.1351357830367164, 4.048231884013269, 4.468507548307593, 4.51844643184664, 3.7280319096935073, 2.631767957248838, 3.8780731304153075], [4.123650285019013, 2.63772644755584, 2.239942688164705, 1.2103181235205358, 0.0, 2.408261712421821, 3.0166521727656184, 4.50217740432062, 2.961002987544676, 4.490162128246524, 4.586024780349527, 4.73473747718765, 2.5078028069207186, 2.6838493025458963, 3.276952260508573, 4.9141403399323, 5.017061271309218, 5.033461324721457, 3.57420318284494, 2.15250830535217, 3.7577057151769386], [4.666710046345616, 3.6286562944104537, 2.298922041696815, 1.4654381631227678, 2.408261712421821, 0.0, 1.3384359325227757, 2.4636057532707327, 2.504271898823471, 4.738695554489423, 4.770096296302769, 5.627189504593651, 3.939054482688343, 3.9915969491825587, 1.0809417218501813, 2.5842718697341294, 3.148627774058679, 3.2022449090414327, 3.160566731871325, 2.644011766081901, 3.2477677147054482], [5.96992126943189, 4.8352695114326565, 3.5873394862062264, 2.50813739239212, 3.0166521727656184, 1.3384359325227757, 0.0, 1.496544797943942, 1.491449919227084, 6.032459136489035, 6.096775705425224, 6.897386878525528, 5.009197110473169, 5.1009323066057295, 2.0998523313496404, 2.149731054620705, 2.129131465730074, 2.131432971839886, 2.1204589299769068, 2.1373209379073494, 2.126681312181101], [7.057258945382804, 6.091389012724433, 4.736921104240758, 3.863748214819378, 4.50217740432062, 2.4636057532707327, 1.496544797943942, 0.0, 2.520281743499065, 7.015245904940627, 7.06012255783534, 8.055479154317522, 6.34517825829733, 6.410225511904349, 2.6648467249255123, 1.0863201737432844, 1.0895974924199934, 1.088978595097533, 2.8246957854031254, 3.451619980603687, 2.7183360540200194], [6.69590779572464, 5.358542372293506, 4.3691237231036775, 3.0602105839365485, 2.961002987544676, 2.504271898823471, 1.491449919227084, 2.520281743499065, 0.0, 6.852584832722023, 6.959666591581887, 7.493964627808892, 5.320103138483705, 5.469524874434458, 3.479144111777582, 3.4583413815993436, 2.808375356907889, 2.7407709398687503, 1.0898407260539797, 1.0842226123333003, 1.0889242888513393], [1.0866105964547301, 2.14888990981856, 2.646538502072551, 3.8865662670775385, 4.490162128246524, 4.738695554489423, 6.032459136489035, 7.015245904940627, 6.852584832722023, 0.0, 1.7650518868720573, 1.7703839241003871, 2.5046698907048497, 3.067474674317115, 4.461264365273567, 6.714986203919904, 7.496464692370941, 7.862366434241361, 7.601248793505163, 6.383335494853995, 7.488039310034375], [1.0865647073823292, 2.1484123143799243, 2.6360782817279347, 3.9401336108921914, 4.586024780349527, 4.770096296302769, 6.096775705425224, 7.06012255783534, 6.959666591581887, 1.7650518868720573, 0.0, 1.7705684424553139, 3.068169662817998, 2.508543098068189, 4.437789717643235, 6.703261134688026, 7.760196352959593, 7.732273608277341, 7.4949432332417985, 6.536311838356357, 7.783869584791519], [1.086105171088464, 2.1422344044166945, 3.3299243000080945, 4.4698421374983734, 4.73473747718765, 5.627189504593651, 6.897386878525528, 8.055479154317522, 7.493964627808892, 1.7703839241003871, 1.7705684424553139, 0.0, 2.5055070897962697, 2.496783270894103, 5.546096217292194, 7.867111783422182, 8.641677162463248, 8.776023524937019, 8.113323208181134, 6.852129141226598, 8.245965682052233], [2.1721593419641443, 1.096235341650997, 2.060129378661237, 2.5777317688698327, 2.5078028069207186, 3.939054482688343, 5.009197110473169, 6.34517825829733, 5.320103138483705, 2.5046698907048497, 3.068169662817998, 2.5055070897962697, 0.0, 1.772526336373923, 4.26976698553297, 6.4386839509663725, 6.804456225821137, 7.0770248989163695, 6.0392298195858345, 4.562371714522398, 5.9785000302505], [2.170456993352816, 1.0965063592245894, 2.059121338812371, 2.6705973448558264, 2.6838493025458963, 3.9915969491825587, 5.1009323066057295, 6.410225511904349, 5.469524874434458, 3.067474674317115, 2.508543098068189, 2.496783270894103, 1.772526336373923, 0.0, 4.260635156433049, 6.44239273866304, 7.109937739649123, 6.946712186550694, 5.915768390369142, 4.78433259556548, 6.357919894186465], [4.500790668546309, 3.7828415142711433, 2.3578616576145235, 2.1351357830367164, 3.276952260508573, 1.0809417218501813, 2.0998523313496404, 2.6648467249255123, 3.479144111777582, 4.461264365273567, 4.437789717643235, 5.546096217292194, 4.26976698553297, 4.260635156433049, 0.0, 2.321269859171676, 3.3784424766778596, 3.4656533862970993, 4.066088010340144, 3.719265800203289, 4.133502710187576], [6.818668211234451, 6.054597079676123, 4.638755770167829, 4.048231884013269, 4.9141403399323, 2.5842718697341294, 2.149731054620705, 1.0863201737432844, 3.4583413815993436, 6.714986203919904, 6.703261134688026, 7.867111783422182, 6.4386839509663725, 6.44239273866304, 2.321269859171676, 0.0, 1.7683811659822293, 1.77127563447932, 3.7782699968071434, 4.273675937634792, 3.742902612577423], [7.654061447132777, 6.692062108474389, 5.369861114873204, 4.468507548307593, 5.017061271309218, 3.148627774058679, 2.129131465730074, 1.0895974924199934, 2.808375356907889, 7.496464692370941, 7.760196352959593, 8.641677162463248, 6.804456225821137, 7.109937739649123, 3.3784424766778596, 1.7683811659822293, 0.0, 1.755901880654484, 3.2610929374220805, 3.7528735983620733, 2.567634675170208], [7.79863255855598, 6.774382263491407, 5.456653972984958, 4.51844643184664, 5.033461324721457, 3.2022449090414327, 2.131432971839886, 1.088978595097533, 2.7407709398687503, 7.862366434241361, 7.732273608277341, 8.776023524937019, 7.0770248989163695, 6.946712186550694, 3.4656533862970993, 1.77127563447932, 1.755901880654484, 0.0, 2.6099918234441204, 3.763082142335138, 2.972477864071035], [7.332777949988431, 5.975773460149567, 5.012982580602063, 3.7280319096935073, 3.57420318284494, 3.160566731871325, 2.1204589299769068, 2.8246957854031254, 1.0898407260539797, 7.601248793505163, 7.4949432332417985, 8.113323208181134, 6.0392298195858345, 5.915768390369142, 4.066088010340144, 3.7782699968071434, 3.2610929374220805, 2.6099918234441204, 0.0, 1.767712858493886, 1.7576037157748259], [6.1587563258673645, 4.730884056495198, 3.9738357375931996, 2.631767957248838, 2.15250830535217, 2.644011766081901, 2.1373209379073494, 3.451619980603687, 1.0842226123333003, 6.383335494853995, 6.536311838356357, 6.852129141226598, 4.562371714522398, 4.78433259556548, 3.719265800203289, 4.273675937634792, 3.7528735983620733, 3.763082142335138, 1.767712858493886, 0.0, 1.7771491414715634], [7.447876986010439, 6.141769777752745, 5.154387430024598, 3.8780731304153075, 3.7577057151769386, 3.2477677147054482, 2.126681312181101, 2.7183360540200194, 1.0889242888513393, 7.488039310034375, 7.783869584791519, 8.245965682052233, 5.9785000302505, 6.357919894186465, 4.133502710187576, 3.742902612577423, 2.567634675170208, 2.972477864071035, 1.7576037157748259, 1.7771491414715634, 0.0]]}