{"total energy": -17.93227056, "HOMO-LUMO gap/eV": 5.0354063, "electronic energy": -18.2280104, "dipole": [0.07869912, -0.12890163, -0.03241433], "partial charges": [-0.1062422, 0.00393529, -0.05705743, -0.05549495, -0.05741944, -0.06177585, 0.04254174, 0.04285677, 0.03873106, 0.02161722, 0.03326294, 0.03035008, 0.03018522, 0.0280783, 0.03184456, 0.03458669], "atomic dipole moments": [[-0.05634269, -0.00357929, -0.00201091], [0.10359972, -0.12783811, -0.0052579], [-0.13086515, 0.03379488, -0.00421855], [0.05577563, -0.07536895, 0.01628988], [0.08356466, 0.06894141, -0.03599824], [-0.06137805, 0.0715012, 0.0201137], [0.04991025, -0.05380499, -0.10328691], [0.04563919, -0.06321031, 0.09963664], [0.04012948, 0.11976812, 0.00654211], [0.0404091, 0.15031175, 0.00685496], [-0.04877214, 0.02436933, -0.11410071], [-0.07479425, 0.05676276, 0.08689999], [-0.02590165, -0.02443408, 0.11979175], [-0.08096072, -0.06517271, -0.07465544], [0.04431136, -0.08739225, 0.08305489], [0.01229011, -0.04836729, -0.11664019]], "atomic quadrupole moments": [[0.17762335, 0.00382694, -0.07899093, 0.00607483, 0.000451, -0.09863242], [-0.11706563, 0.19378878, -0.26287529, -0.00205572, -0.02244484, 0.37994092], [-0.09078018, 0.13968706, -0.34646764, -0.00378295, -0.0282634, 0.43724782], [0.07463063, 0.04432635, 0.15404355, 0.01561125, -0.05412521, -0.22867418], [0.10144365, -0.07687799, 0.13265389, -0.06310089, -0.04096323, -0.23409754], [0.1704046, 0.02985004, 0.06222784, -0.05828827, 0.03532367, -0.23263244], [-0.0248443, -0.01432004, -0.0225068, -0.03460248, 0.05286012, 0.0473511], [-0.02747773, -0.0145704, -0.01182817, 0.03050334, -0.05918913, 0.0393059], [-0.02076049, 0.03000395, 0.07729644, 0.00263482, 0.00685678, -0.05653595], [0.01440107, -0.00085468, 0.03820936, -7.759e-05, 0.00445921, -0.05261043], [-0.02760628, -6.306e-05, -0.01966178, 0.03182153, -0.01005897, 0.04726806], [-0.01469959, -0.0223345, -0.00658493, -0.04282441, 0.01469522, 0.02128452], [-0.02837809, -0.0231516, -0.01881595, -0.01468606, -0.01351038, 0.04719404], [-0.00118262, 0.02196402, -0.01106385, 0.03247728, 0.0262513, 0.01224647], [-0.01343291, -0.02384622, -0.00455505, 0.00677629, -0.04548382, 0.01798796], [-0.01793891, 4.19e-06, -0.03121575, -0.00266265, 0.03091018, 0.04915466]], "number of molecular orbitals": 34, "number of electrons": 34, "number of unpaired electrons": 0, "orbital energies/eV": [-17.24946658, -16.53027705, -16.16016322, -15.77338583, -15.03241631, -14.39230575, -14.00592161, -13.86738255, -13.12940403, -12.97173716, -12.71019896, -12.05091183, -11.96879597, -11.83421341, -11.72377344, -11.60130367, -10.04115952, -5.00575322, 1.95978443, 2.18071238, 3.30702604, 3.6523492, 3.93424056, 4.00564804, 4.97869275, 5.44344942, 5.95494434, 6.06958378, 6.11806966, 6.57145974, 8.10498345, 8.9334332, 10.73381628, 18.21671107], "fractional occupation": [2.0, 2.0, 2.0, 2.0, 2.0, 2.0, 2.0, 2.0, 2.0, 2.0, 2.0, 2.0, 2.0, 2.0, 2.0, 2.0, 2.0, 0.0, 0.0, 0.0, 0.0, 0.0, 0.0, 0.0, 0.0, 0.0, 0.0, 0.0, 0.0, 0.0, 0.0, 0.0, 0.0, 0.0], "program call": "xtb /tmp/scratch/tmpt8o3m0h5/20492_0_xyzopt.xyz --pop --wbo --acc 0.2 --gfn 2 --chrg 0 --uhf 0 --etemp 300 --input /tmp/scratch/tmpt8o3m0h5/20492_0_xtb.inp", "method": "GFN2-xTB", "xtb version": "6.3.3 (7355c4f)", "Dipole module/D": 0.393, "Total charge": 0, "Transition dipole module/D": NaN, "HOMO": -10.0412, "LUMO": -5.0058, "HOMO occupancy": 2.0, "LUMO occupancy": 0, "mulliken charges": [-0.08512, -0.00183, -0.07159, -0.03928, -0.04563, -0.05073, 0.03625, 0.03608, 0.03424, 0.02812, 0.02827, 0.0258, 0.0249, 0.02385, 0.02675, 0.02993], "cm5 charges": [-0.23043, -0.02456, -0.1307, -0.14394, -0.15392, -0.15415, 0.08851, 0.08832, 0.08702, 0.08456, 0.08309, 0.08035, 0.08029, 0.0784, 0.08191, 0.08525], "FUKUI+": [0.046, -0.17, -0.145, 0.029, 0.023, 0.03, -0.088, -0.087, -0.061, -0.124, -0.087, -0.084, -0.052, -0.065, -0.082, -0.084], "FUKUI-": [0.03, -0.075, -0.073, 0.016, 0.015, 0.02, -0.085, -0.086, -0.058, -0.087, -0.129, -0.112, -0.093, -0.074, -0.097, -0.111], "FUKUIrad": [0.038, -0.123, -0.109, 0.022, 0.019, 0.025, -0.087, -0.087, -0.06, -0.106, -0.108, -0.098, -0.072, -0.07, -0.089, -0.098], "s proportion": [1.001, 1.089, 1.061, 1.026, 1.03, 1.029, 0.964, 0.964, 0.966, 0.972, 0.972, 0.974, 0.975, 0.976, 0.973, 0.97], "p proportion": [3.084, 2.913, 3.01, 3.014, 3.016, 3.022, 0.0, 0.0, 0.0, 0.0, 0.0, 0.0, 0.0, 0.0, 0.0, 0.0], "d proportion": [0.0, 0.0, 0.0, 0.0, 0.0, 0.0, 0.0, 0.0, 0.0, 0.0, 0.0, 0.0, 0.0, 0.0, 0.0, 0.0], "Fermi-level/eV": -7.5235, "Coordination numbers": [3.754, 2.984, 2.943, 3.839, 3.836, 3.845, 0.925, 0.925, 0.925, 0.926, 0.924, 0.924, 0.924, 0.925, 0.924, 0.924], "Dispersion coefficient C6": [22.587, 27.929, 29.417, 21.541, 21.579, 21.653, 2.415, 2.411, 2.466, 2.709, 2.541, 2.581, 2.584, 2.614, 2.56, 2.522], "Total dispersion C6": 2049.045662, "Total dispersion C8": 45450.049803, "Polarizability alpha": [6.777, 8.669, 8.896, 6.603, 6.609, 6.619, 2.43, 2.428, 2.456, 2.574, 2.493, 2.513, 2.514, 2.528, 2.502, 2.484], "Total polarizability alpha": 69.093101, "Wiberg matrix": [[0.0, 1.033831973163138, 0.0, 0.0, 0.0, 0.0, 0.9851750760794463, 0.9690821625080417, 0.9690822205559815, 0.0, 0.0, 0.0, 0.0, 0.0, 0.0, 0.0], [1.033831973163138, 0.0, 1.6014851622984108, 0.0, 0.0, 1.2348177272289775, 0.0, 0.0, 0.0, 0.0, 0.0, 0.0, 0.0, 0.0, 0.0, 0.0], [0.0, 1.6014851622984108, 0.0, 1.1046044555246484, 0.1348764860496906, 0.0, 0.0, 0.0, 0.0, 0.9675590592465204, 0.0, 0.0, 0.0, 0.0, 0.0, 0.0], [0.0, 0.0, 1.1046044555246484, 0.0, 1.1614261033854585, 0.11175099270298734, 0.0, 0.0, 0.0, 0.0, 0.0, 0.0, 0.0, 0.0, 0.0, 0.0], [0.0, 0.0, 0.1348764860496906, 1.1614261033854585, 0.0, 1.620585021816812, 0.0, 0.0, 0.0, 0.0, 0.9606114629624561, 0.0, 0.0, 0.0, 0.0, 0.0], [0.0, 1.2348177272289775, 0.0, 0.11175099270298734, 1.620585021816812, 0.0, 0.0, 0.0, 0.0, 0.0, 0.0, 0.0, 0.0, 0.0, 0.0, 0.0], [0.9851750760794463, 0.0, 0.0, 0.0, 0.0, 0.0, 0.0, 0.0, 0.0, 0.0, 0.0, 0.0, 0.0, 0.0, 0.0, 0.0], [0.9690821625080417, 0.0, 0.0, 0.0, 0.0, 0.0, 0.0, 0.0, 0.0, 0.0, 0.0, 0.0, 0.0, 0.0, 0.0, 0.0], [0.9690822205559815, 0.0, 0.0, 0.0, 0.0, 0.0, 0.0, 0.0, 0.0, 0.0, 0.0, 0.0, 0.0, 0.0, 0.0, 0.0], [0.0, 0.0, 0.9675590592465204, 0.0, 0.0, 0.0, 0.0, 0.0, 0.0, 0.0, 0.0, 0.0, 0.0, 0.0, 0.0, 0.0], [0.0, 0.0, 0.0, 0.0, 0.9606114629624561, 0.0, 0.0, 0.0, 0.0, 0.0, 0.0, 0.0, 0.0, 0.0, 0.0, 0.0], [0.0, 0.0, 0.0, 0.0, 0.0, 0.0, 0.0, 0.0, 0.0, 0.0, 0.0, 0.0, 0.0, 0.0, 0.0, 0.0], [0.0, 0.0, 0.0, 0.0, 0.0, 0.0, 0.0, 0.0, 0.0, 0.0, 0.0, 0.0, 0.0, 0.0, 0.0, 0.0], [0.0, 0.0, 0.0, 0.0, 0.0, 0.0, 0.0, 0.0, 0.0, 0.0, 0.0, 0.0, 0.0, 0.0, 0.0, 0.0], [0.0, 0.0, 0.0, 0.0, 0.0, 0.0, 0.0, 0.0, 0.0, 0.0, 0.0, 0.0, 0.0, 0.0, 0.0, 0.0], [0.0, 0.0, 0.0, 0.0, 0.0, 0.0, 0.0, 0.0, 0.0, 0.0, 0.0, 0.0, 0.0, 0.0, 0.0, 0.0]], "Born radii": [], "Atomic SASAs": [], "Solvent H bonds": [], "Total SASA": NaN, "Total FOD": 0.0, "FOD": [0.0, 0.0, 0.0, 0.0, 0.0, 0.0, 0.0, 0.0, 0.0, 0.0, 0.0, 0.0, 0.0, 0.0, 0.0, 0.0], "FOD s proportion": [0.0, 0.0, 0.0, 0.0, 0.0, 0.0, 0.0, 0.0, 0.0, 0.0, 0.0, 0.0, 0.0, 0.0, 0.0, 0.0], "FOD p proportion": [0.0, 0.0, 0.0, 0.0, 0.0, 0.0, 0.0, 0.0, 0.0, 0.0, 0.0, 0.0, 0.0, 0.0, 0.0, 0.0], "FOD d proportion": [0.0, 0.0, 0.0, 0.0, 0.0, 0.0, 0.0, 0.0, 0.0, 0.0, 0.0, 0.0, 0.0, 0.0, 0.0, 0.0], "coordinates": [["2.19976635622739", "0.24303048356901", "0.02529310283693"], ["0.71164392849832", "0.19129859355796", "-0.00962509847609"], ["-0.14253671895211", "1.20319421461058", "0.01482370865435"], ["-1.57021513760673", "0.75137789653708", "-0.06815103133203"], ["-1.47593101793890", "-0.76543409183559", "0.16853562169114"], ["-0.01008951225824", "-1.12725066416266", "-0.11670797210440"], ["2.61467990961092", "-0.22236015707494", "-0.86899444977100"], ["2.57758533813665", "-0.30513188099633", "0.88853334311387"], ["2.55044615050000", "1.27054123282001", "0.08135595119685"], ["0.11478968256183", "2.24764135870770", "0.06227215859674"], ["-1.97764425301821", "0.97749868425970", "-1.05836029985567"], ["-2.20491284363493", "1.24654531164017", "0.66846117190269"], ["-1.71070258195426", "-0.98677508308309", "1.21045464096054"], ["-2.16902759678089", "-1.32473272100206", "-0.45782397786182"], ["0.37911679149775", "-1.86636795427184", "0.58514566855400"], ["0.11303250511143", "-1.53307422327568", "-1.12521053810609"]], "bond_dist": [[0.0, 1.4894307063899663, 2.5314832992965925, 3.805247608544503, 3.8142195014847586, 2.6040924884868617, 1.0901797704644014, 1.0901435104839194, 1.0871511858539542, 2.8925697815296862, 4.377728592915596, 4.563102675693836, 4.2671766918771405, 4.666652352930477, 2.8421403030912518, 2.971979933124087], [1.4894307063899663, 0.0, 1.3244451934883545, 2.3503180440119262, 2.394277097537097, 1.5069631867986684, 2.1286557235329067, 2.1295232204577106, 2.1340655654030924, 2.1424168068447123, 2.9916930037148832, 3.1748464578898616, 2.9570618483352877, 3.285955206445099, 2.1675604222750433, 2.139235405643456], [2.5314832992965925, 1.3244451934883545, 0.0, 1.4997628011940614, 2.3826592533807722, 2.3379085051824955, 3.227318289326071, 3.2307089224343564, 2.694646339563312, 1.0767256238850635, 2.1378218003678797, 2.1639123204596626, 2.946971839874544, 3.2742137537565044, 3.1653754013612017, 2.9752577495483643], [3.805247608544503, 2.3503180440119262, 1.4997628011940614, 0.0, 1.5380600362183203, 2.4424567575379843, 4.370682158901051, 4.385853017248714, 4.155927376514985, 2.257223028566138, 1.0943689917918002, 1.0911596972815867, 2.1623470969759944, 2.195599385766484, 3.3285559762959505, 3.028104838887629], [3.8142195014847586, 2.394277097537097, 2.3826592533807722, 1.5380600362183203, 0.0, 1.5365436731795323, 4.254937803117062, 4.142616286011708, 4.512705277334209, 3.4088572779242314, 2.189704188823042, 2.1975898566293286, 1.090735882050257, 1.0888177864739848, 2.197002884818677, 2.188116901578148], [2.6040924884868617, 1.5069631867986684, 2.3379085051824955, 2.4424567575379843, 1.5365436731795323, 0.0, 2.876486796819491, 2.8952461945096934, 3.513542112911985, 3.3819409909870837, 3.031163239406741, 3.326957675624084, 2.161753640731969, 2.1946236454024968, 1.0910428260738385, 1.0940426033406236], [1.0901797704644014, 2.1286557235329067, 3.227318289326071, 4.370682158901051, 4.254937803117062, 2.876486796819491, 0.0, 1.7598667870826306, 1.7708885962644705, 3.6356039568584535, 4.750259138086525, 5.267819982856011, 4.85977081747554, 4.926270793752472, 3.1328944406146735, 2.8358169517261245], [1.0901435104839194, 2.1295232204577106, 3.2307089224343564, 4.385853017248714, 4.142616286011708, 2.8952461945096934, 1.7598667870826306, 0.0, 1.7705981020918387, 3.6420764955594858, 5.117191871729756, 5.032735114163903, 4.354042266969396, 5.03811455433595, 2.7134417458519606, 3.4113087637864097], [1.0871511858539542, 2.1340655654030924, 2.694646339563312, 4.155927376514985, 4.512705277334209, 3.513542112911985, 1.7708885962644705, 1.7705981020918387, 0.0, 2.6244068428806506, 4.678507216048046, 4.791524549401087, 4.952547760634417, 5.412909969929343, 3.848204063279541, 3.9060270861188178], [2.8925697815296862, 2.1424168068447123, 1.0767256238850635, 2.257223028566138, 3.4088572779242314, 3.3819409909870837, 3.6356039568584535, 3.6420764955594858, 2.6244068428806506, 0.0, 2.6920919923282685, 2.598206732604376, 3.8874406412885296, 4.271788609232163, 4.155518999501246, 3.962818259079408], [4.377728592915596, 2.9916930037148832, 2.1378218003678797, 1.0943689917918002, 2.189704188823042, 3.031163239406741, 4.750259138086525, 5.117191871729756, 4.678507216048046, 2.6920919923282685, 0.0, 1.7623704194383838, 3.012830981733345, 2.3869522202334137, 4.042649124880719, 3.2677782338139547], [4.563102675693836, 3.1748464578898616, 2.1639123204596626, 1.0911596972815867, 2.1975898566293286, 3.326957675624084, 5.267819982856011, 5.032735114163903, 4.791524549401087, 2.598206732604376, 1.7623704194383838, 0.0, 2.3506851530434045, 2.8073611649857835, 4.04652686009041, 4.039358068053204], [4.2671766918771405, 2.9570618483352877, 2.946971839874544, 2.1623470969759944, 1.090735882050257, 2.161753640731969, 4.85977081747554, 4.354042266969396, 4.952547760634417, 3.8874406412885296, 3.012830981733345, 2.3506851530434045, 0.0, 1.7627906098749906, 2.352028899412918, 3.013268034389575], [4.666652352930477, 3.285955206445099, 3.2742137537565044, 2.195599385766484, 1.0888177864739848, 2.1946236454024968, 4.926270793752472, 5.03811455433595, 5.412909969929343, 4.271788609232163, 2.3869522202334137, 2.8073611649857835, 1.7627906098749906, 0.0, 2.8060994695092107, 2.3867570699618956], [2.8421403030912518, 2.1675604222750433, 3.1653754013612017, 3.3285559762959505, 2.197002884818677, 1.0910428260738385, 3.1328944406146735, 2.7134417458519606, 3.848204063279541, 4.155518999501246, 4.042649124880719, 4.04652686009041, 2.352028899412918, 2.8060994695092107, 0.0, 1.7627262726367217], [2.971979933124087, 2.139235405643456, 2.9752577495483643, 3.028104838887629, 2.188116901578148, 1.0940426033406236, 2.8358169517261245, 3.4113087637864097, 3.9060270861188178, 3.962818259079408, 3.2677782338139547, 4.039358068053204, 3.013268034389575, 2.3867570699618956, 1.7627262726367217, 0.0]]}