{"total energy": -18.94018902, "HOMO-LUMO gap/eV": 5.24357753, "electronic energy": -19.25734347, "dipole": [-0.00878543, 0.04573841, 0.2128438], "partial charges": [-0.10704377, 0.01454057, -0.05801098, -0.09697608, -0.0580106, -0.09697592, 0.02880711, 0.02880784, 0.03468098, 0.03611424, 0.03488826, 0.03314623, 0.03360156, 0.03611507, 0.03468015, 0.03488838, 0.03314651, 0.03360046], "atomic dipole moments": [[0.00272408, -0.01421494, -0.066118], [-0.00694932, 0.03600434, 0.16766047], [0.03950291, 0.09094755, -0.02776819], [-0.07785975, -0.05643885, -0.01718933], [-0.03871753, -0.09498574, 0.00894116], [0.07992071, 0.04574022, -0.03261395], [-0.08660552, 0.06901833, -0.0950221], [0.09268762, -0.10039847, -0.05120646], [0.03865871, -0.10871481, -0.04601231], [-0.05907494, -0.02083753, 0.10666812], [0.06445109, 0.02125018, -0.10499434], [-0.03209799, 0.10965893, 0.04698047], [0.07380294, -0.05638887, 0.0820052], [0.05081138, 0.06374374, 0.09304715], [-0.03305774, 0.07961649, -0.08943684], [-0.05631582, -0.06351372, -0.09178334], [0.0264256, -0.08020065, 0.09017742], [-0.07907575, 0.08379166, 0.04557544]], "atomic quadrupole moments": [[0.1572089, 0.39985352, 0.16489774, -0.06530994, -0.09166794, -0.32210664], [0.20274407, 0.24594889, 0.2079328, -0.02634074, -0.12838473, -0.41067686], [0.09147009, 0.07352892, -0.03487208, 0.1483042, -0.03652476, -0.056598], [0.1137185, 0.16186105, -0.00181661, 0.05944863, 0.03877628, -0.11190189], [0.11625822, 0.00690847, -0.01098035, -0.15010784, 0.01388576, -0.10527786], [0.12721475, 0.13099197, -0.0451068, -0.10426782, -0.05878537, -0.08210795], [-0.01121843, -0.05183544, -0.01894588, 0.02474662, -0.00631996, 0.03016431], [-0.00885388, -0.05908294, -0.00789481, -0.00376118, 0.01792118, 0.01674869], [-0.0136797, -0.02756373, 0.02819293, 0.00050517, 0.03715779, -0.01451323], [-0.00019479, 0.00314036, -0.03527281, -0.0372554, -0.00771153, 0.0354676], [-0.01272833, 0.01834783, -0.04170327, -0.04930841, -0.00694939, 0.05443159], [-0.01563544, -0.03421127, 0.04997274, -0.01826119, 0.04455599, -0.0343373], [-0.00146693, -0.02583181, -0.00371787, 0.05085166, -0.04704836, 0.0051848], [-0.00576143, 0.01582919, -0.01698998, 0.03028286, 0.03347891, 0.02275141], [-0.01442561, -0.02217167, -0.00764342, 0.0087665, -0.04232788, 0.02206903], [-0.01947822, 0.03369, -0.01909025, 0.03259458, 0.04398741, 0.03856846], [-0.01964443, -0.01915316, 0.00166689, 0.02911331, -0.06228277, 0.01797754], [0.00558096, -0.04750792, 0.03144926, -0.03343409, 0.03029377, -0.03703023]], "number of molecular orbitals": 36, "number of electrons": 36, "number of unpaired electrons": 0, "orbital energies/eV": [-17.02458503, -16.54565, -16.22920275, -15.47304905, -15.45020809, -14.3966167, -13.85833683, -13.76728374, -13.30498711, -13.00108712, -13.00103009, -12.44498321, -12.42316852, -12.19849182, -11.77949037, -11.48827783, -11.28455511, -10.48426336, -5.24068583, 2.56845669, 3.01631393, 3.61814245, 3.67142189, 3.71322737, 4.51383224, 4.93607708, 5.34837161, 5.41963258, 5.45158195, 5.66638724, 7.00227084, 7.33101263, 7.62152264, 8.00952732, 11.54689304, 17.44021314], "fractional occupation": [2.0, 2.0, 2.0, 2.0, 2.0, 2.0, 2.0, 2.0, 2.0, 2.0, 2.0, 2.0, 2.0, 2.0, 2.0, 2.0, 2.0, 2.0, 0.0, 0.0, 0.0, 0.0, 0.0, 0.0, 0.0, 0.0, 0.0, 0.0, 0.0, 0.0, 0.0, 0.0, 0.0, 0.0, 0.0, 0.0], "program call": "xtb /tmp/scratch/tmp7w1l86b7/21586_0_xyzopt.xyz --pop --wbo --acc 0.2 --gfn 2 --chrg 0 --uhf 0 --etemp 300 --input /tmp/scratch/tmp7w1l86b7/21586_0_xtb.inp", "method": "GFN2-xTB", "xtb version": "6.3.3 (7355c4f)", "Dipole module/D": 0.554, "Total charge": 0, "Transition dipole module/D": NaN, "HOMO": -10.4843, "LUMO": -5.2407, "HOMO occupancy": 2.0, "LUMO occupancy": 0, "mulliken charges": [-0.11011, 0.01379, -0.04477, -0.08065, -0.04477, -0.08065, 0.03016, 0.03016, 0.02882, 0.02768, 0.0296, 0.02807, 0.02927, 0.02768, 0.02882, 0.0296, 0.02807, 0.02926], "cm5 charges": [-0.21204, -0.01176, -0.15252, -0.23242, -0.15252, -0.23242, 0.0845, 0.0845, 0.08478, 0.08389, 0.08216, 0.08067, 0.08084, 0.08389, 0.08478, 0.08216, 0.08067, 0.08084], "FUKUI+": [-0.118, -0.171, 0.024, 0.016, 0.024, 0.016, -0.14, -0.14, -0.057, -0.075, -0.027, -0.035, -0.061, -0.075, -0.057, -0.027, -0.035, -0.061], "FUKUI-": [-0.068, -0.066, 0.005, 0.01, 0.005, 0.01, -0.094, -0.094, -0.083, -0.074, -0.057, -0.064, -0.076, -0.074, -0.083, -0.057, -0.064, -0.076], "FUKUIrad": [-0.093, -0.118, 0.014, 0.013, 0.014, 0.013, -0.117, -0.117, -0.07, -0.074, -0.042, -0.049, -0.069, -0.074, -0.07, -0.042, -0.049, -0.069], "s proportion": [1.041, 1.094, 1.026, 1.006, 1.026, 1.006, 0.97, 0.97, 0.971, 0.972, 0.97, 0.972, 0.971, 0.972, 0.971, 0.97, 0.972, 0.971], "p proportion": [3.069, 2.892, 3.019, 3.075, 3.019, 3.075, 0.0, 0.0, 0.0, 0.0, 0.0, 0.0, 0.0, 0.0, 0.0, 0.0, 0.0, 0.0], "d proportion": [0.0, 0.0, 0.0, 0.0, 0.0, 0.0, 0.0, 0.0, 0.0, 0.0, 0.0, 0.0, 0.0, 0.0, 0.0, 0.0, 0.0, 0.0], "Fermi-level/eV": -7.8625, "Coordination numbers": [2.844, 2.942, 3.807, 3.753, 3.807, 3.753, 0.926, 0.926, 0.924, 0.924, 0.925, 0.925, 0.925, 0.924, 0.924, 0.925, 0.925, 0.925], "Dispersion coefficient C6": [30.696, 27.688, 21.612, 22.41, 21.612, 22.41, 2.603, 2.603, 2.521, 2.501, 2.518, 2.542, 2.536, 2.501, 2.521, 2.518, 2.542, 2.536], "Total dispersion C6": 2362.578541, "Total dispersion C8": 50677.242516, "Polarizability alpha": [9.08, 8.63, 6.618, 6.751, 6.618, 6.751, 2.523, 2.523, 2.483, 2.473, 2.481, 2.493, 2.49, 2.473, 2.483, 2.481, 2.493, 2.49], "Total polarizability alpha": 74.335474, "Wiberg matrix": [[0.0, 1.9345408384158116, 0.0, 0.0, 0.0, 0.0, 0.9760323161553335, 0.9760323252024219, 0.0, 0.0, 0.0, 0.0, 0.0, 0.0, 0.0, 0.0, 0.0, 0.0], [1.9345408384158116, 0.0, 1.0103122724964486, 0.0, 1.0103127583229548, 0.0, 0.0, 0.0, 0.0, 0.0, 0.0, 0.0, 0.0, 0.0, 0.0, 0.0, 0.0, 0.0], [0.0, 1.0103122724964486, 0.0, 1.0016601841451453, 0.0, 0.0, 0.0, 0.0, 0.9755412007809224, 0.9705088777138025, 0.0, 0.0, 0.0, 0.0, 0.0, 0.0, 0.0, 0.0], [0.0, 0.0, 1.0016601841451453, 0.0, 0.0, 0.0, 0.0, 0.0, 0.0, 0.0, 0.9887793932626505, 0.9867457289919, 0.9866246981820965, 0.0, 0.0, 0.0, 0.0, 0.0], [0.0, 1.0103127583229548, 0.0, 0.0, 0.0, 1.0016609842132438, 0.0, 0.0, 0.0, 0.0, 0.0, 0.0, 0.0, 0.9705075440039539, 0.9755415744587095, 0.0, 0.0, 0.0], [0.0, 0.0, 0.0, 0.0, 1.0016609842132438, 0.0, 0.0, 0.0, 0.0, 0.0, 0.0, 0.0, 0.0, 0.0, 0.0, 0.9887794941168984, 0.9867450364748516, 0.98662494934771], [0.9760323161553335, 0.0, 0.0, 0.0, 0.0, 0.0, 0.0, 0.0, 0.0, 0.0, 0.0, 0.0, 0.0, 0.0, 0.0, 0.0, 0.0, 0.0], [0.9760323252024219, 0.0, 0.0, 0.0, 0.0, 0.0, 0.0, 0.0, 0.0, 0.0, 0.0, 0.0, 0.0, 0.0, 0.0, 0.0, 0.0, 0.0], [0.0, 0.0, 0.9755412007809224, 0.0, 0.0, 0.0, 0.0, 0.0, 0.0, 0.0, 0.0, 0.0, 0.0, 0.0, 0.0, 0.0, 0.0, 0.0], [0.0, 0.0, 0.9705088777138025, 0.0, 0.0, 0.0, 0.0, 0.0, 0.0, 0.0, 0.0, 0.0, 0.0, 0.0, 0.0, 0.0, 0.0, 0.0], [0.0, 0.0, 0.0, 0.9887793932626505, 0.0, 0.0, 0.0, 0.0, 0.0, 0.0, 0.0, 0.0, 0.0, 0.0, 0.0, 0.0, 0.0, 0.0], [0.0, 0.0, 0.0, 0.9867457289919, 0.0, 0.0, 0.0, 0.0, 0.0, 0.0, 0.0, 0.0, 0.0, 0.0, 0.0, 0.0, 0.0, 0.0], [0.0, 0.0, 0.0, 0.9866246981820965, 0.0, 0.0, 0.0, 0.0, 0.0, 0.0, 0.0, 0.0, 0.0, 0.0, 0.0, 0.0, 0.0, 0.0], [0.0, 0.0, 0.0, 0.0, 0.9705075440039539, 0.0, 0.0, 0.0, 0.0, 0.0, 0.0, 0.0, 0.0, 0.0, 0.0, 0.0, 0.0, 0.0], [0.0, 0.0, 0.0, 0.0, 0.9755415744587095, 0.0, 0.0, 0.0, 0.0, 0.0, 0.0, 0.0, 0.0, 0.0, 0.0, 0.0, 0.0, 0.0], [0.0, 0.0, 0.0, 0.0, 0.0, 0.9887794941168984, 0.0, 0.0, 0.0, 0.0, 0.0, 0.0, 0.0, 0.0, 0.0, 0.0, 0.0, 0.0], [0.0, 0.0, 0.0, 0.0, 0.0, 0.9867450364748516, 0.0, 0.0, 0.0, 0.0, 0.0, 0.0, 0.0, 0.0, 0.0, 0.0, 0.0, 0.0], [0.0, 0.0, 0.0, 0.0, 0.0, 0.98662494934771, 0.0, 0.0, 0.0, 0.0, 0.0, 0.0, 0.0, 0.0, 0.0, 0.0, 0.0, 0.0]], "Born radii": [], "Atomic SASAs": [], "Solvent H bonds": [], "Total SASA": NaN, "Total FOD": 0.0, "FOD": [0.0, 0.0, 0.0, 0.0, 0.0, 0.0, 0.0, 0.0, 0.0, 0.0, 0.0, 0.0, 0.0, 0.0, 0.0, 0.0, 0.0, 0.0], "FOD s proportion": [0.0, 0.0, 0.0, 0.0, 0.0, 0.0, 0.0, 0.0, 0.0, 0.0, 0.0, 0.0, 0.0, 0.0, 0.0, 0.0, 0.0, 0.0], "FOD p proportion": [0.0, 0.0, 0.0, 0.0, 0.0, 0.0, 0.0, 0.0, 0.0, 0.0, 0.0, 0.0, 0.0, 0.0, 0.0, 0.0, 0.0, 0.0], "FOD d proportion": [0.0, 0.0, 0.0, 0.0, 0.0, 0.0, 0.0, 0.0, 0.0, 0.0, 0.0, 0.0, 0.0, 0.0, 0.0, 0.0, 0.0, 0.0], "coordinates": [["0.07737531716108", "-0.43526258457409", "-1.86943843365797"], ["0.02385440311430", "-0.15762089286153", "-0.57683190859499"], ["0.93114511605028", "-0.82939463756695", "0.41716178749219"], ["2.15326932331990", "0.04004655702344", "0.71942541335697"], ["-0.94758073333850", "0.84713624383101", "-0.02072447768026"], ["-2.20432161500132", "0.15743852023406", "0.51387504854598"], ["-0.55447640975537", "0.06272706562421", "-2.58590284020261"], ["0.75543638151989", "-1.17229433066613", "-2.26638376537503"], ["1.26809242025337", "-1.78850956807496", "0.01973156694637"], ["0.38838436404174", "-1.01690813142166", "1.34600060360001"], ["2.71868450907673", "0.22261903726622", "-0.19148844972880"], ["1.85263113965123", "1.00025480718778", "1.13248908182117"], ["2.80229148561138", "-0.45484520475312", "1.43846256353473"], ["-0.47677422000940", "1.40818455494368", "0.78925258100913"], ["-1.23578427055080", "1.55310258292867", "-0.80170928372374"], ["-2.69908760067810", "-0.39206422965524", "-0.28365049758283"], ["-1.95355466777227", "-0.54379950151235", "1.30658283745439"], ["-2.89958494269369", "0.89252371204735", "0.91314817278522"]], "bond_dist": [[0.0, 1.3231708226275272, 2.472408444423298, 3.352233691626121, 2.4724127793669943, 3.3522557546128886, 1.0772889781100004, 1.0772874259541183, 2.6111391975791145, 3.282390344205233, 3.1976301575105963, 3.771446967083952, 4.285762547239802, 3.2823797734592013, 2.611135706882579, 3.1977078994500423, 3.7714145861464248, 4.285801799034492], [1.3231708226275272, 0.0, 1.5041542041015856, 2.500752560301062, 1.504153782958459, 2.500734385703814, 2.102233517037067, 2.1022273552741444, 2.1363085204584964, 2.1374146815066535, 2.7486690025821585, 2.7580570583547805, 3.445209242175418, 2.1374196011555977, 2.13631323374108, 2.7486964499462325, 2.757994136513024, 3.4451911329775675], [2.472408444423298, 1.5041542041015856, 0.0, 1.529993094221698, 2.555799482484745, 3.288517106194002, 3.4671817964095153, 2.711064457594326, 1.091506168528705, 1.0920128619238203, 2.161593154348553, 2.169895555181217, 2.1643778064579995, 2.669728274230791, 3.443475375319498, 3.723034423988235, 3.032181925386366, 4.229124978065682], [3.352233691626121, 2.500752560301062, 1.529993094221698, 0.0, 3.28853868726399, 4.36401542289204, 4.272890850962255, 3.5126576566675927, 2.148657052919844, 2.150481016410155, 1.087562002273099, 1.0876602389387797, 1.0877325251897039, 2.9654352892119675, 4.011093811707582, 4.9737559985330115, 4.189466953509804, 5.127921805266719], [2.4724127793669943, 1.504153782958459, 2.555799482484745, 3.28853868726399, 0.0, 1.529992564367153, 2.71108258812373, 3.467182252943191, 3.4434681733554697, 2.6697193901475624, 3.722993809179286, 3.032248891811992, 4.229175353678195, 1.092015025537011, 1.091506765014036, 2.1616022325506914, 2.169891820631619, 2.164370250881048], [3.3522557546128886, 2.500734385703814, 3.288517106194002, 4.36401542289204, 1.529992564367153, 0.0, 3.5127741772681644, 4.272961025462303, 4.011053599122638, 2.9654084527084312, 4.973708421510955, 4.189497376679256, 5.127955554798029, 2.150492601863745, 2.1486518793899707, 1.0875631703246829, 1.0876600864063442, 1.0877317508452227], [1.0772889781100004, 2.102233517037067, 3.4671817964095153, 4.272890850962255, 2.71108258812373, 3.5127741772681644, 0.0, 1.828453392684691, 3.6794245307911777, 4.185028469300115, 4.0586165273986445, 4.527644366155897, 5.266050575262876, 3.6342767648037166, 2.422549531122718, 3.1790813345353772, 4.180519010776406, 4.293186986047354], [1.0772874259541183, 2.1022273552741444, 2.711064457594326, 3.5126576566675927, 3.467182252943191, 4.272961025462303, 1.828453392684691, 0.0, 2.422573166189147, 3.634307758523708, 3.178886139087476, 4.180447670413811, 4.2930450016573145, 4.184988378352221, 3.6794047560801677, 4.058783828354802, 4.5276625978922596, 5.266125499430506], [2.6111391975791145, 2.1363085204584964, 1.091506168528705, 2.148657052919844, 3.4434681733554697, 4.011053599122638, 3.6794245307911777, 2.422573166189147, 0.0, 1.7686844260057404, 2.4886682323730374, 3.0589412452873646, 2.4789564431067843, 3.7223078190187304, 4.255647462095184, 4.216706959079559, 3.6856884434247137, 5.0354411209280725], [3.282390344205233, 2.1374146815066535, 1.0920128619238203, 2.150481016410155, 2.6697193901475624, 2.9654084527084312, 4.185028469300115, 3.634307758523708, 1.7686844260057404, 0.0, 3.054602913141315, 2.501709837434105, 2.4802039309570487, 2.6343010977636725, 3.7223025918882366, 3.546642883924475, 2.389574013232593, 3.826752324589351], [3.1976301575105963, 2.7486690025821585, 2.161593154348553, 1.087562002273099, 3.722993809179286, 4.973708421510955, 4.0586165273986445, 3.178886139087476, 2.4886682323730374, 3.054602913141315, 0.0, 1.7628619723063719, 1.7671129650870974, 3.5466004927777623, 4.216678700182034, 5.453309453436069, 4.966027978550746, 5.764889068645596], [3.771446967083952, 2.7580570583547805, 2.169895555181217, 1.0876602389387797, 3.032248891811992, 4.189497376679256, 4.527644366155897, 4.180447670413811, 3.0589412452873646, 2.501709837434105, 1.7628619723063719, 0.0, 1.7643102303595808, 2.389633299108789, 3.6857935002373132, 4.96609978753702, 4.111138862237323, 4.758494942367237], [4.285762547239802, 3.445209242175418, 2.1643778064579995, 1.0877325251897039, 4.229175353678195, 5.127955554798029, 5.266050575262876, 4.2930450016573145, 2.4789564431067843, 2.4802039309570487, 1.7671129650870974, 1.7643102303595808, 0.0, 3.8268296785596703, 5.0355019646317665, 5.76496198575231, 4.758505833107386, 5.882410476220576], [3.2823797734592013, 2.1374196011555977, 2.669728274230791, 2.9654352892119675, 1.092015025537011, 2.150492601863745, 3.6342767648037166, 4.184988378352221, 3.7223078190187304, 2.6343010977636725, 3.5466004927777623, 2.389633299108789, 3.8268296785596703, 0.0, 1.7686879732423713, 3.0546183827773215, 2.5017499558882696, 2.4801749979612477], [2.611135706882579, 2.13631323374108, 3.443475375319498, 4.011093811707582, 1.091506765014036, 2.1486518793899707, 2.422549531122718, 3.6794047560801677, 4.255647462095184, 3.7223025918882366, 4.216678700182034, 3.6857935002373132, 5.0355019646317665, 1.7686879732423713, 0.0, 2.4886372718090692, 3.058935821994692, 2.478978260780508], [3.1977078994500423, 2.7486964499462325, 3.723034423988235, 4.9737559985330115, 2.1616022325506914, 1.0875631703246829, 3.1790813345353772, 4.058783828354802, 4.216706959079559, 3.546642883924475, 5.453309453436069, 4.96609978753702, 5.76496198575231, 3.0546183827773215, 2.4886372718090692, 0.0, 1.7628627305142959, 1.767114150675543], [3.7714145861464248, 2.757994136513024, 3.032181925386366, 4.189466953509804, 2.169891820631619, 1.0876600864063442, 4.180519010776406, 4.5276625978922596, 3.6856884434247137, 2.389574013232593, 4.966027978550746, 4.111138862237323, 4.758505833107386, 2.5017499558882696, 3.058935821994692, 1.7628627305142959, 0.0, 1.7643096355916963], [4.285801799034492, 3.4451911329775675, 4.229124978065682, 5.127921805266719, 2.164370250881048, 1.0877317508452227, 4.293186986047354, 5.266125499430506, 5.0354411209280725, 3.826752324589351, 5.764889068645596, 4.758494942367237, 5.882410476220576, 2.4801749979612477, 2.478978260780508, 1.767114150675543, 1.7643096355916963, 0.0]]}