{"total energy": -22.10463586, "HOMO-LUMO gap/eV": 5.32938469, "electronic energy": -22.46887358, "dipole": [-0.15899174, -0.0496825, -0.03143484], "partial charges": [-0.09512171, -0.02373314, -0.06672864, 0.03210988, -0.10892054, -0.10744116, -0.10799253, 0.03321765, 0.02932145, 0.03008198, 0.03795539, 0.03781205, 0.03311945, 0.0331931, 0.03551457, 0.03364049, 0.03645425, 0.03318156, 0.035747, 0.03437658, 0.03421233], "atomic dipole moments": [[0.05876596, 0.04701268, 0.00034139], [-0.13121224, -0.04355495, -0.05308286], [-0.02410239, 0.00898788, 0.09414693], [0.00129696, -2.961e-05, -0.0050244], [0.07321879, -0.00419985, 0.06096502], [0.01740289, 0.06962659, -0.06372172], [-0.00635344, -0.08395803, -0.04489482], [-0.00576212, 0.11487893, -0.09028319], [0.11638725, -0.01450457, 0.08671005], [0.01282025, -0.11283312, 0.09159729], [-0.01408213, -0.10715879, -0.06065882], [0.01479313, 0.08891464, -0.08389091], [-0.0131232, -0.10780564, -0.05922442], [0.0191209, 0.08804719, -0.0848351], [-0.10677658, 0.02510173, 0.05740853], [-0.11021934, 0.01635927, 0.05319968], [0.08528071, -0.00070491, 0.09096076], [-0.00108058, -0.111024, -0.0552008], [0.09568734, -0.00110121, 0.08075372], [0.01910371, 0.09257914, -0.07979335], [-0.10414153, 0.02379277, 0.06229418]], "atomic quadrupole moments": [[-0.12347408, -0.26240622, -0.05267671, -0.2817597, 0.33485348, 0.17615079], [-0.05713454, -0.304442, -0.15004919, -0.17278631, 0.33161025, 0.20718374], [0.18751909, -0.04222663, -0.18039567, -0.00108568, 0.0215755, -0.00712342], [-0.00471076, 0.00076185, -0.00584747, -0.00968103, 0.00142248, 0.01055823], [0.08181305, -0.00929516, -0.11269789, 0.16267121, -0.00949014, 0.03088484], [-0.09553189, 0.03962243, 0.06728588, -0.03758134, -0.15906762, 0.02824601], [-0.10968002, 0.01993517, 0.14420344, 0.00974864, 0.1395046, -0.03452342], [-0.00482371, 0.01794093, 0.015303, 0.02662291, -0.05106246, -0.01047929], [0.02250644, 0.01975089, -0.00831237, 0.04624251, -0.03425513, -0.01419407], [0.01533321, 0.03615511, 0.00463295, 0.03180919, -0.03589111, -0.01996617], [-0.02352109, 0.00642696, 0.04487827, 0.00497185, 0.03825923, -0.02135717], [-0.00992982, 0.00762337, 0.0148608, -0.00453989, -0.05285371, -0.00493098], [-0.04041977, -0.00069081, 0.06102931, 0.01224822, 0.05057719, -0.02060954], [-0.02932523, 0.02617888, 0.02034491, -0.01072682, -0.06387736, 0.00898031], [0.04626927, -0.02282957, -0.04861633, -0.05048509, 0.01564374, 0.00234705], [0.0586437, -0.02699605, -0.03530271, -0.0474677, -0.00154848, -0.02334099], [0.02739787, 0.0117956, -0.03908057, 0.06373199, -0.00419428, 0.0116827], [-0.05329584, 6.151e-05, 0.05383874, -0.00589111, 0.05237318, -0.0005429], [0.02771985, -0.01147213, -0.03226938, 0.0654121, -0.00064117, 0.00454953], [-0.05149394, 0.01563432, 0.02465468, -0.01433022, -0.05694045, 0.02683926], [0.05348754, -0.00863117, -0.0342533, -0.05604907, 0.0158019, -0.01923424]], "number of molecular orbitals": 42, "number of electrons": 42, "number of unpaired electrons": 0, "orbital energies/eV": [-17.13807436, -16.64104941, -15.95794746, -15.92767386, -15.88284276, -14.82148273, -14.51793829, -13.86740507, -13.71324183, -13.5280652, -13.23643279, -12.82531969, -12.57299022, -12.35688836, -12.18109759, -12.08236251, -11.82700013, -11.75290924, -11.5049292, -11.30008983, -10.68640328, -5.35701858, 2.18494355, 2.41339528, 2.52215216, 2.82741616, 3.64572243, 4.17482221, 4.42264486, 5.33504888, 5.65527394, 5.74221152, 6.00479627, 6.14184295, 6.54074773, 6.87159726, 6.94813695, 7.50158976, 7.53925618, 7.72673109, 11.81551778, 17.07045568], "fractional occupation": [2.0, 2.0, 2.0, 2.0, 2.0, 2.0, 2.0, 2.0, 2.0, 2.0, 2.0, 2.0, 2.0, 2.0, 2.0, 2.0, 2.0, 2.0, 2.0, 2.0, 2.0, 0.0, 0.0, 0.0, 0.0, 0.0, 0.0, 0.0, 0.0, 0.0, 0.0, 0.0, 0.0, 0.0, 0.0, 0.0, 0.0, 0.0, 0.0, 0.0, 0.0, 0.0], "program call": "xtb /tmp/scratch/tmptgq72edc/21727_0_xyzopt.xyz --pop --wbo --acc 0.2 --gfn 2 --chrg 0 --uhf 0 --etemp 300 --input /tmp/scratch/tmptgq72edc/21727_0_xtb.inp", "method": "GFN2-xTB", "xtb version": "6.3.3 (7355c4f)", "Dipole module/D": 0.431, "Total charge": 0, "Transition dipole module/D": NaN, "HOMO": -10.6864, "LUMO": -5.357, "HOMO occupancy": 2.0, "LUMO occupancy": 0, "mulliken charges": [-0.08702, -0.01752, -0.05798, 0.04112, -0.09918, -0.09981, -0.0991, 0.02802, 0.03071, 0.02411, 0.03219, 0.02916, 0.02996, 0.03039, 0.03131, 0.03098, 0.03168, 0.03009, 0.03058, 0.03045, 0.02987], "cm5 charges": [-0.19156, -0.08374, -0.16188, 0.00377, -0.2486, -0.24897, -0.24781, 0.08207, 0.0841, 0.08122, 0.08875, 0.08683, 0.08304, 0.08351, 0.08444, 0.08416, 0.08554, 0.08327, 0.08501, 0.08382, 0.08301], "FUKUI+": [-0.125, -0.159, 0.027, -0.013, 0.02, 0.022, 0.019, -0.154, -0.151, -0.143, -0.085, -0.058, -0.025, -0.022, -0.039, -0.041, -0.001, -0.022, 0.011, -0.018, -0.043], "FUKUI-": [-0.063, -0.043, -0.007, -0.034, 0.022, 0.025, 0.013, -0.081, -0.092, -0.073, -0.091, -0.06, -0.058, -0.05, -0.08, -0.072, -0.045, -0.054, -0.039, -0.047, -0.07], "FUKUIrad": [-0.094, -0.101, 0.01, -0.023, 0.021, 0.023, 0.016, -0.117, -0.121, -0.108, -0.088, -0.059, -0.041, -0.036, -0.059, -0.057, -0.023, -0.038, -0.014, -0.033, -0.057], "s proportion": [1.043, 1.066, 1.034, 1.081, 1.015, 1.013, 1.013, 0.972, 0.969, 0.976, 0.968, 0.971, 0.97, 0.97, 0.969, 0.969, 0.968, 0.97, 0.969, 0.97, 0.97], "p proportion": [3.044, 2.952, 3.024, 2.878, 3.085, 3.087, 3.086, 0.0, 0.0, 0.0, 0.0, 0.0, 0.0, 0.0, 0.0, 0.0, 0.0, 0.0, 0.0, 0.0, 0.0], "d proportion": [0.0, 0.0, 0.0, 0.0, 0.0, 0.0, 0.0, 0.0, 0.0, 0.0, 0.0, 0.0, 0.0, 0.0, 0.0, 0.0, 0.0, 0.0, 0.0, 0.0, 0.0], "Fermi-level/eV": -8.0217, "Coordination numbers": [2.837, 2.885, 3.813, 3.899, 3.762, 3.76, 3.76, 0.926, 0.926, 0.925, 0.924, 0.924, 0.925, 0.925, 0.925, 0.925, 0.925, 0.925, 0.925, 0.925, 0.925], "Dispersion coefficient C6": [30.382, 28.595, 21.768, 19.98, 22.628, 22.602, 22.612, 2.541, 2.596, 2.585, 2.476, 2.478, 2.543, 2.541, 2.509, 2.535, 2.497, 2.542, 2.506, 2.525, 2.527], "Total dispersion C6": 3184.94298, "Total dispersion C8": 68249.554038, "Polarizability alpha": [9.033, 8.767, 6.641, 6.354, 6.781, 6.778, 6.779, 2.493, 2.52, 2.514, 2.461, 2.462, 2.494, 2.493, 2.477, 2.49, 2.471, 2.493, 2.476, 2.485, 2.486], "Total polarizability alpha": 85.945584, "Wiberg matrix": [[0.0, 1.9750335469946803, 0.0, 0.0, 0.0, 0.0, 0.0, 0.9755776455205021, 0.9777224690126395, 0.0, 0.0, 0.0, 0.0, 0.0, 0.0, 0.0, 0.0, 0.0, 0.0, 0.0, 0.0], [1.9750335469946803, 0.0, 1.0287864522027492, 0.0, 0.0, 0.0, 0.0, 0.0, 0.0, 0.9655793123982657, 0.0, 0.0, 0.0, 0.0, 0.0, 0.0, 0.0, 0.0, 0.0, 0.0, 0.0], [0.0, 1.0287864522027492, 0.0, 0.9654664644933777, 0.0, 0.0, 0.0, 0.0, 0.0, 0.0, 0.962368171942272, 0.9735268597105455, 0.0, 0.0, 0.0, 0.0, 0.0, 0.0, 0.0, 0.0, 0.0], [0.0, 0.0, 0.9654664644933777, 0.0, 0.9977766267513476, 0.9995199775896865, 0.9998524546108158, 0.0, 0.0, 0.0, 0.0, 0.0, 0.0, 0.0, 0.0, 0.0, 0.0, 0.0, 0.0, 0.0, 0.0], [0.0, 0.0, 0.0, 0.9977766267513476, 0.0, 0.0, 0.0, 0.0, 0.0, 0.0, 0.0, 0.0, 0.9861916055195472, 0.9859725591311934, 0.9851669698384601, 0.0, 0.0, 0.0, 0.0, 0.0, 0.0], [0.0, 0.0, 0.0, 0.9995199775896865, 0.0, 0.0, 0.0, 0.0, 0.0, 0.0, 0.0, 0.0, 0.0, 0.0, 0.0, 0.9856053636746405, 0.9843453824350088, 0.986103657519795, 0.0, 0.0, 0.0], [0.0, 0.0, 0.0, 0.9998524546108158, 0.0, 0.0, 0.0, 0.0, 0.0, 0.0, 0.0, 0.0, 0.0, 0.0, 0.0, 0.0, 0.0, 0.0, 0.9845201533570471, 0.985928304048863, 0.985870308868263], [0.9755776455205021, 0.0, 0.0, 0.0, 0.0, 0.0, 0.0, 0.0, 0.0, 0.0, 0.0, 0.0, 0.0, 0.0, 0.0, 0.0, 0.0, 0.0, 0.0, 0.0, 0.0], [0.9777224690126395, 0.0, 0.0, 0.0, 0.0, 0.0, 0.0, 0.0, 0.0, 0.0, 0.0, 0.0, 0.0, 0.0, 0.0, 0.0, 0.0, 0.0, 0.0, 0.0, 0.0], [0.0, 0.9655793123982657, 0.0, 0.0, 0.0, 0.0, 0.0, 0.0, 0.0, 0.0, 0.0, 0.0, 0.0, 0.0, 0.0, 0.0, 0.0, 0.0, 0.0, 0.0, 0.0], [0.0, 0.0, 0.962368171942272, 0.0, 0.0, 0.0, 0.0, 0.0, 0.0, 0.0, 0.0, 0.0, 0.0, 0.0, 0.0, 0.0, 0.0, 0.0, 0.0, 0.0, 0.0], [0.0, 0.0, 0.9735268597105455, 0.0, 0.0, 0.0, 0.0, 0.0, 0.0, 0.0, 0.0, 0.0, 0.0, 0.0, 0.0, 0.0, 0.0, 0.0, 0.0, 0.0, 0.0], [0.0, 0.0, 0.0, 0.0, 0.9861916055195472, 0.0, 0.0, 0.0, 0.0, 0.0, 0.0, 0.0, 0.0, 0.0, 0.0, 0.0, 0.0, 0.0, 0.0, 0.0, 0.0], [0.0, 0.0, 0.0, 0.0, 0.9859725591311934, 0.0, 0.0, 0.0, 0.0, 0.0, 0.0, 0.0, 0.0, 0.0, 0.0, 0.0, 0.0, 0.0, 0.0, 0.0, 0.0], [0.0, 0.0, 0.0, 0.0, 0.9851669698384601, 0.0, 0.0, 0.0, 0.0, 0.0, 0.0, 0.0, 0.0, 0.0, 0.0, 0.0, 0.0, 0.0, 0.0, 0.0, 0.0], [0.0, 0.0, 0.0, 0.0, 0.0, 0.9856053636746405, 0.0, 0.0, 0.0, 0.0, 0.0, 0.0, 0.0, 0.0, 0.0, 0.0, 0.0, 0.0, 0.0, 0.0, 0.0], [0.0, 0.0, 0.0, 0.0, 0.0, 0.9843453824350088, 0.0, 0.0, 0.0, 0.0, 0.0, 0.0, 0.0, 0.0, 0.0, 0.0, 0.0, 0.0, 0.0, 0.0, 0.0], [0.0, 0.0, 0.0, 0.0, 0.0, 0.986103657519795, 0.0, 0.0, 0.0, 0.0, 0.0, 0.0, 0.0, 0.0, 0.0, 0.0, 0.0, 0.0, 0.0, 0.0, 0.0], [0.0, 0.0, 0.0, 0.0, 0.0, 0.0, 0.9845201533570471, 0.0, 0.0, 0.0, 0.0, 0.0, 0.0, 0.0, 0.0, 0.0, 0.0, 0.0, 0.0, 0.0, 0.0], [0.0, 0.0, 0.0, 0.0, 0.0, 0.0, 0.985928304048863, 0.0, 0.0, 0.0, 0.0, 0.0, 0.0, 0.0, 0.0, 0.0, 0.0, 0.0, 0.0, 0.0, 0.0], [0.0, 0.0, 0.0, 0.0, 0.0, 0.0, 0.985870308868263, 0.0, 0.0, 0.0, 0.0, 0.0, 0.0, 0.0, 0.0, 0.0, 0.0, 0.0, 0.0, 0.0, 0.0]], "Born radii": [], "Atomic SASAs": [], "Solvent H bonds": [], "Total SASA": NaN, "Total FOD": 0.0, "FOD": [0.0, 0.0, 0.0, 0.0, 0.0, 0.0, 0.0, 0.0, 0.0, 0.0, 0.0, 0.0, 0.0, 0.0, 0.0, 0.0, 0.0, 0.0, 0.0, 0.0, 0.0], "FOD s proportion": [0.0, 0.0, 0.0, 0.0, 0.0, 0.0, 0.0, 0.0, 0.0, 0.0, 0.0, 0.0, 0.0, 0.0, 0.0, 0.0, 0.0, 0.0, 0.0, 0.0, 0.0], "FOD p proportion": [0.0, 0.0, 0.0, 0.0, 0.0, 0.0, 0.0, 0.0, 0.0, 0.0, 0.0, 0.0, 0.0, 0.0, 0.0, 0.0, 0.0, 0.0, 0.0, 0.0, 0.0], "FOD d proportion": [0.0, 0.0, 0.0, 0.0, 0.0, 0.0, 0.0, 0.0, 0.0, 0.0, 0.0, 0.0, 0.0, 0.0, 0.0, 0.0, 0.0, 0.0, 0.0, 0.0, 0.0], "coordinates": [["2.83140812922899", "0.49157429413844", "0.00953193087806"], ["1.85413131451922", "-0.39555671940536", "0.03981622343899"], ["0.63379521402816", "-0.33108207629967", "-0.82110807950357"], ["-0.67116465089960", "-0.06040176253091", "-0.04060995147854"], ["-1.82718517045002", "-0.00154432367833", "-1.04289470479160"], ["-0.94238981740661", "-1.17790689646985", "0.96861014004637"], ["-0.56614790375875", "1.27789448665460", "0.69208279183393"], ["2.80368178955914", "1.34208157279678", "-0.65309058498903"], ["3.70139513880489", "0.41011986793151", "0.63930991129517"], ["1.91314365739594", "-1.24042290383716", "0.71358253022218"], ["0.52636874125670", "-1.28214726388466", "-1.35111216008812"], ["0.76238342494074", "0.45814143686126", "-1.56515217936939"], ["-1.93585102762043", "-0.95230751938898", "-1.56100527633381"], ["-1.65389147393070", "0.77472285891559", "-1.78531935398519"], ["-2.76249766497408", "0.21791615639783", "-0.53230439508494"], ["-1.91281307752598", "-1.03038115616305", "1.43851864501343"], ["-0.18817622902954", "-1.18765418935114", "1.75118008828549"], ["-0.94619832859401", "-2.14874784568718", "0.47702122290198"], ["0.26200531036161", "1.26324220797705", "1.39720050688247"], ["-0.39851908261633", "2.08841047087130", "-0.01404834266736"], ["-1.48347929328935", "1.48405130415195", "1.23979003749346"]], "bond_dist": [[0.0, 1.3202229153201515, 2.4892225404183312, 3.546153952608407, 4.8013809811885, 4.236572836518621, 3.553528122900062, 1.0785174915115356, 1.0770944828555067, 2.08295731604442, 3.2110196336647867, 2.6003097949987803, 5.222848042901185, 4.839377725970054, 5.626744832929909, 5.183240905119248, 3.8692423419324604, 4.6325109595549145, 3.0204182312523837, 3.6031752106221777, 4.595301850075273], [1.3202229153201515, 0.0, 1.4948470935726053, 2.5487088746441695, 3.857408428544063, 3.0488129461131988, 3.0139081123580174, 2.0978924625303397, 2.102591515648417, 1.0822395124760542, 2.1174697194099728, 2.1205276632068193, 4.151694483117415, 4.123942052417626, 4.692220594322457, 4.0680757837562105, 2.7797850244637665, 3.33266761722909, 2.6700133309665857, 3.3537185638582887, 4.014038869517052], [2.4892225404183312, 1.4948470935726053, 0.0, 1.5444628222086825, 2.492831500592398, 2.53072377685995, 2.5136458937486497, 2.745198394613813, 3.4774085650770044, 2.195201231722168, 1.0940611333579415, 1.092250110669217, 2.745259681749156, 2.7177230025975923, 3.4524791016891148, 3.4756504323452164, 2.8330229890008685, 2.735951046655397, 2.7569894160727, 2.7515381901210474, 3.4676882179354354], [3.546153952608407, 2.5487088746441695, 1.5444628222086825, 0.0, 1.5311506674569062, 1.5300019635491293, 1.5293475811164716, 3.7969263644513926, 4.450051768133469, 2.939371637903066, 2.155032327873085, 2.155962926398273, 2.1694537225812374, 2.169607347251126, 2.1663097806242027, 2.1611044038581397, 2.171287036766492, 2.1690493123925982, 2.165672748001097, 2.1662029312569353, 2.164397025775626], [4.8013809811885, 3.857408428544063, 2.492831500592398, 1.5311506674569062, 0.0, 2.492557614226504, 2.4974638277995784, 4.83758272309612, 5.793485998336281, 4.31394160297906, 2.697064683229633, 2.68140436682521, 1.0882083840773804, 1.0880329975491818, 1.0879682114356197, 2.6876103845122383, 3.4496464851940174, 2.7743044547610975, 3.4523132067941775, 2.73267683245628, 2.7451371062451946], [4.236572836518621, 3.0488129461131988, 2.53072377685995, 1.5300019635491293, 2.492557614226504, 0.0, 2.499797148820434, 4.7972187370738135, 4.918841973945381, 2.867580645538624, 2.7475860873841147, 3.4645140276971214, 2.7270523298842386, 3.4500906114115395, 2.7411419177893683, 1.088255094577624, 1.086898739762867, 1.088212441067398, 2.755624480309034, 3.454018270653036, 2.729897034605541], [3.553528122900062, 3.0139081123580174, 2.5136458937486497, 1.5293475811164716, 2.4974638277995784, 2.499797148820434, 0.0, 3.628961774076389, 4.355197054778772, 3.5340163218662206, 3.4528324598363707, 2.744467210444455, 3.4534466085632616, 2.7520699761308984, 2.728851464938257, 2.7746729566517505, 2.709885596109597, 3.4543548569372033, 1.0877699331217063, 1.0879599080207147, 1.0881087898582227], [1.0785174915115356, 2.0978924625303397, 2.745198394613813, 3.7969263644513926, 4.83758272309612, 4.7972187370738135, 3.628961774076389, 0.0, 1.828863286182171, 3.0545348157308956, 3.544004208031191, 2.404185003125821, 5.343379241474705, 4.6339828759868045, 5.679849549694667, 5.678796738973432, 4.59687882155397, 5.246393392399014, 3.2665009615426044, 3.3495480646400604, 4.688592817240733], [1.0770944828555067, 2.102591515648417, 3.4774085650770044, 4.450051768133469, 5.793485998336281, 4.918841973945381, 4.355197054778772, 1.828863286182171, 0.0, 2.4346768212888925, 4.111732079404361, 3.6742004619359467, 6.202913803327325, 5.889894491383826, 6.572026516105016, 5.850906912332999, 4.349471537334547, 5.307943729203377, 3.6237574800148455, 4.478038965769384, 5.328867420779596], [2.08295731604442, 1.0822395124760542, 2.195201231722168, 2.939371637903066, 4.31394160297906, 2.867580645538624, 3.5340163218662206, 3.0545348157308956, 2.4346768212888925, 0.0, 2.4875388950627313, 3.06626838499013, 4.48012502613188, 4.798860562691311, 5.053771742046961, 3.899691634448681, 2.344128514995422, 3.0094604242210656, 3.07602509274161, 4.1175676008191955, 4.385966429400548], [3.2110196336647867, 2.1174697194099728, 1.0940611333579415, 2.155032327873085, 2.697064683229633, 2.7475860873841147, 3.4528324598363707, 3.544004208031191, 4.111732079404361, 2.4875388950627313, 0.0, 1.76921474748328, 2.493065496040096, 3.028660627278879, 3.7063835013301674, 3.714166682695971, 3.184920823194063, 2.5023033408425923, 3.755278698377799, 3.7421673642326034, 4.290002078928339], [2.6003097949987803, 2.1205276632068193, 1.092250110669217, 2.155962926398273, 2.68140436682521, 3.4645140276971214, 2.744467210444455, 2.404185003125821, 3.6742004619359467, 3.06626838499013, 1.76921474748328, 0.0, 3.0446432657998304, 2.4468513989379157, 3.680933227989082, 4.288870977075733, 3.8223378459399586, 3.726338087844744, 3.1103213575038535, 2.5320732350262065, 3.7368557966397002], [5.222848042901185, 4.151694483117415, 2.745259681749156, 2.1694537225812374, 1.0882083840773804, 2.7270523298842386, 3.4534466085632616, 5.343379241474705, 6.202913803327325, 4.48012502613188, 2.493065496040096, 3.0446432657998304, 0.0, 1.7642142508596643, 1.7638009007544733, 3.00062826665317, 3.7523761999951804, 2.562115128301246, 4.300024945589707, 3.7419822500970406, 3.7396442201129574], [4.839377725970054, 4.123942052417626, 2.7177230025975923, 2.169607347251126, 1.0880329975491818, 3.4500906114115395, 2.7520699761308984, 4.6339828759868045, 5.889894491383826, 4.798860562691311, 3.028660627278879, 2.4468513989379157, 1.7642142508596643, 0.0, 1.763260581427546, 3.703859115280818, 4.301868566551115, 3.7637342406787075, 3.7466977870234155, 2.537545266239628, 3.111828077665072], [5.626744832929909, 4.692220594322457, 3.4524791016891148, 2.1663097806242027, 1.0879682114356197, 2.7411419177893683, 2.728851464938257, 5.679849549694667, 6.572026516105016, 5.053771742046961, 3.7063835013301674, 3.680933227989082, 1.7638009007544733, 1.763260581427546, 0.0, 2.4828116187250586, 3.7171306458350313, 3.1494094654751383, 3.736751793823201, 3.058714281228501, 2.5257285850741695], [5.183240905119248, 4.0680757837562105, 3.4756504323452164, 2.1611044038581397, 2.6876103845122383, 1.088255094577624, 2.7746729566517505, 5.678796738973432, 5.850906912332999, 3.899691634448681, 3.714166682695971, 4.288870977075733, 3.00062826665317, 3.703859115280818, 2.4828116187250586, 0.0, 1.7597909660720736, 1.763395990076234, 3.1610520946928307, 3.7589757075005203, 2.5585525508028004], [3.8692423419324604, 2.7797850244637665, 2.8330229890008685, 2.171287036766492, 3.4496464851940174, 1.086898739762867, 2.709885596109597, 4.59687882155397, 4.349471537334547, 2.344128514995422, 3.184920823194063, 3.8223378459399586, 3.7523761999951804, 4.301868566551115, 3.7171306458350313, 1.7597909660720736, 0.0, 1.766855776206111, 2.516914403172095, 3.727314742204858, 3.0128624356821403], [4.6325109595549145, 3.33266761722909, 2.735951046655397, 2.1690493123925982, 2.7743044547610975, 1.088212441067398, 3.4543548569372033, 5.246393392399014, 5.307943729203377, 3.0094604242210656, 2.5023033408425923, 3.726338087844744, 2.562115128301246, 3.7637342406787075, 3.1494094654751383, 1.763395990076234, 1.766855776206111, 0.0, 3.7347238283648343, 4.300536300775036, 3.7506955038511394], [3.0204182312523837, 2.6700133309665857, 2.7569894160727, 2.165672748001097, 3.4523132067941775, 2.755624480309034, 1.0877699331217063, 3.2665009615426044, 3.6237574800148455, 3.07602509274161, 3.755278698377799, 3.1103213575038535, 4.300024945589707, 3.7466977870234155, 3.736751793823201, 3.1610520946928307, 2.516914403172095, 3.7347238283648343, 0.0, 1.763184179591715, 1.7664232829108073], [3.6031752106221777, 3.3537185638582887, 2.7515381901210474, 2.1662029312569353, 2.73267683245628, 3.454018270653036, 1.0879599080207147, 3.3495480646400604, 4.478038965769384, 4.1175676008191955, 3.7421673642326034, 2.5320732350262065, 3.7419822500970406, 2.537545266239628, 3.058714281228501, 3.7589757075005203, 3.727314742204858, 4.300536300775036, 1.763184179591715, 0.0, 1.764794419955384], [4.595301850075273, 4.014038869517052, 3.4676882179354354, 2.164397025775626, 2.7451371062451946, 2.729897034605541, 1.0881087898582227, 4.688592817240733, 5.328867420779596, 4.385966429400548, 4.290002078928339, 3.7368557966397002, 3.7396442201129574, 3.111828077665072, 2.5257285850741695, 2.5585525508028004, 3.0128624356821403, 3.7506955038511394, 1.7664232829108073, 1.764794419955384, 0.0]]}