{"total energy": -22.10583271, "HOMO-LUMO gap/eV": 5.25592399, "electronic energy": -22.47007056, "dipole": [-0.13304392, 0.16499271, 0.13772399], "partial charges": [-0.10926689, 0.01745796, -0.1081759, -0.06463976, -0.05358219, -0.05261819, -0.10200523, 0.02907265, 0.02883359, 0.04234329, 0.03951515, 0.04391206, 0.03528145, 0.03479209, 0.03164314, 0.03013598, 0.02902351, 0.02878105, 0.03362823, 0.03285276, 0.03301523], "atomic dipole moments": [[0.02718409, -0.04110714, -0.043253], [-0.07525556, 0.10810454, 0.11194383], [-0.01832634, -0.06291775, -0.00033939], [-0.04054268, 0.04445346, -0.08196233], [0.02259115, -0.05514328, 0.09789656], [-0.02073397, 0.05497505, -0.09609535], [0.0872113, -0.02246447, 0.03530808], [-0.03829218, -0.14065755, -0.00392058], [0.1019214, 0.04631711, -0.09367359], [0.0489183, 0.02797581, 0.1132472], [0.08495769, 0.02893057, -0.0882691], [-0.09991133, 0.07495238, -0.01573655], [0.00838329, -0.12259253, 0.01585007], [0.01440423, 0.05520109, 0.11047258], [-0.01312656, -0.05137912, -0.11169176], [-0.0126155, 0.12057576, -0.01373444], [0.00933003, -0.1212481, 0.01315515], [0.01421542, 0.04999858, 0.11040763], [-0.01842397, -0.05128889, -0.11094628], [-0.0139119, 0.12199743, -0.01165376], [-0.08739893, -0.04154183, 0.07696732]], "atomic quadrupole moments": [[0.15291773, -0.09314374, -0.23837243, 0.41074415, -0.15513101, 0.0854547], [0.1417292, 0.03488353, -0.16214965, 0.3392794, -0.2373668, 0.02042044], [-0.07789002, 0.06306604, 0.16568814, -0.01691241, 0.02778878, -0.08779811], [0.19225475, -0.01278071, -0.15003055, -0.02511607, -0.07676613, -0.0422242], [0.22298257, 0.00675932, -0.17794234, -0.02699743, -0.1170641, -0.04504023], [0.21857297, 0.0047016, -0.17579229, -0.03174329, -0.11053862, -0.04278068], [0.17770047, -0.06954755, -0.10460549, 0.10771197, -0.03413475, -0.07309498], [-0.02624378, 0.02356147, 0.05029369, -0.03795834, 0.01342454, -0.02404991], [-0.00647696, 0.02190051, 0.01255455, -0.05833132, 0.00254894, -0.00607758], [-0.03011859, 0.01372493, -0.0376793, 0.04488377, 0.013471, 0.06779789], [0.00640967, 0.0184629, -0.02450914, -0.06878341, -0.00960143, 0.01809947], [0.05331516, -0.0536129, -0.00358647, 0.01295119, -0.01315176, -0.04972868], [-0.01756424, -0.00681649, 0.05798037, -0.00780479, -0.00611936, -0.04041613], [-0.02482158, 0.0090862, -0.00776049, 0.00982428, 0.0418915, 0.03258207], [-0.01920648, 0.00669, -0.0137898, 0.00628043, 0.04088914, 0.03299628], [-0.02045935, -0.00394622, 0.0582655, -0.00299065, -0.00203757, -0.03780615], [-0.0182444, -0.00478988, 0.05776702, -0.00376585, -0.00179386, -0.03952261], [-0.01773048, 0.00661586, -0.01616129, 0.00576232, 0.04212138, 0.03389177], [-0.03413161, -0.00545206, -0.02147747, 0.01258853, 0.05440301, 0.05560908], [-0.03431873, -0.00313242, 0.08421437, 0.01042238, -0.00780635, -0.04989564], [0.01924526, 0.02679373, -0.03397393, -0.0505932, -0.03906086, 0.01472867]], "number of molecular orbitals": 42, "number of electrons": 42, "number of unpaired electrons": 0, "orbital energies/eV": [-17.0185654, -16.78643233, -16.28562838, -15.91787745, -15.5499625, -15.10713014, -14.3946175, -14.05305856, -13.5965073, -13.55335834, -13.31302666, -12.99677497, -12.73995009, -12.61987348, -12.23125508, -11.98219908, -11.88391218, -11.77768394, -11.41161659, -11.35795266, -10.44355328, -5.18762929, 2.02097784, 2.96210469, 3.15032368, 3.3276427, 3.81309828, 4.25435818, 4.3106153, 4.85862298, 5.04764634, 5.50484419, 5.79597314, 5.82338107, 6.26131707, 6.44749412, 6.95581323, 7.32952925, 7.39060756, 8.48405116, 11.4800006, 17.48442941], "fractional occupation": [2.0, 2.0, 2.0, 2.0, 2.0, 2.0, 2.0, 2.0, 2.0, 2.0, 2.0, 2.0, 2.0, 2.0, 2.0, 2.0, 2.0, 2.0, 2.0, 2.0, 2.0, 0.0, 0.0, 0.0, 0.0, 0.0, 0.0, 0.0, 0.0, 0.0, 0.0, 0.0, 0.0, 0.0, 0.0, 0.0, 0.0, 0.0, 0.0, 0.0, 0.0, 0.0], "program call": "xtb /tmp/scratch/tmpy10ssus3/21813_0_xyzopt.xyz --pop --wbo --acc 0.2 --gfn 2 --chrg 0 --uhf 0 --etemp 300 --input /tmp/scratch/tmpy10ssus3/21813_0_xtb.inp", "method": "GFN2-xTB", "xtb version": "6.3.3 (7355c4f)", "Dipole module/D": 0.642, "Total charge": 0, "Transition dipole module/D": NaN, "HOMO": -10.4436, "LUMO": -5.1876, "HOMO occupancy": 2.0, "LUMO occupancy": 0, "mulliken charges": [-0.11398, 0.02184, -0.09131, -0.05195, -0.0427, -0.03988, -0.08554, 0.03029, 0.03026, 0.03668, 0.03473, 0.03645, 0.02939, 0.02739, 0.02479, 0.023, 0.02287, 0.02214, 0.02821, 0.02766, 0.02964], "cm5 charges": [-0.21598, -0.00552, -0.23779, -0.15789, -0.15383, -0.15347, -0.23821, 0.08466, 0.08448, 0.08907, 0.08771, 0.08937, 0.08613, 0.08382, 0.08115, 0.07946, 0.07809, 0.07734, 0.08039, 0.07981, 0.08121], "FUKUI+": [-0.118, -0.174, 0.048, 0.025, -0.001, 0.005, 0.012, -0.14, -0.14, -0.09, -0.062, -0.089, -0.057, -0.075, -0.019, -0.028, -0.019, -0.022, -0.014, -0.015, -0.029], "FUKUI-": [-0.068, -0.059, 0.025, 0.013, 0.001, 0.006, 0.017, -0.078, -0.084, -0.083, -0.054, -0.076, -0.055, -0.052, -0.051, -0.062, -0.078, -0.077, -0.066, -0.059, -0.062], "FUKUIrad": [-0.093, -0.116, 0.037, 0.019, 0.0, 0.006, 0.014, -0.109, -0.112, -0.087, -0.058, -0.082, -0.056, -0.064, -0.035, -0.045, -0.048, -0.049, -0.04, -0.037, -0.045], "s proportion": [1.04, 1.09, 1.006, 1.03, 1.031, 1.026, 1.005, 0.97, 0.97, 0.963, 0.965, 0.964, 0.971, 0.973, 0.975, 0.977, 0.977, 0.978, 0.972, 0.972, 0.97], "p proportion": [3.074, 2.888, 3.086, 3.022, 3.011, 3.014, 3.08, 0.0, 0.0, 0.0, 0.0, 0.0, 0.0, 0.0, 0.0, 0.0, 0.0, 0.0, 0.0, 0.0, 0.0], "d proportion": [0.0, 0.0, 0.0, 0.0, 0.0, 0.0, 0.0, 0.0, 0.0, 0.0, 0.0, 0.0, 0.0, 0.0, 0.0, 0.0, 0.0, 0.0, 0.0, 0.0, 0.0], "Fermi-level/eV": -7.8156, "Coordination numbers": [2.844, 2.938, 3.759, 3.81, 3.804, 3.801, 3.752, 0.926, 0.926, 0.925, 0.925, 0.925, 0.924, 0.924, 0.924, 0.924, 0.924, 0.924, 0.925, 0.925, 0.925], "Dispersion coefficient C6": [30.755, 27.62, 22.617, 21.732, 21.534, 21.519, 22.509, 2.599, 2.603, 2.418, 2.455, 2.397, 2.513, 2.519, 2.563, 2.585, 2.6, 2.604, 2.535, 2.546, 2.544], "Total dispersion C6": 3185.523976, "Total dispersion C8": 68240.326578, "Polarizability alpha": [9.089, 8.619, 6.78, 6.636, 6.606, 6.605, 6.766, 2.521, 2.523, 2.432, 2.45, 2.421, 2.479, 2.482, 2.504, 2.514, 2.522, 2.523, 2.49, 2.495, 2.494], "Total polarizability alpha": 85.95179, "Wiberg matrix": [[0.0, 1.9305494700723915, 0.0, 0.0, 0.0, 0.0, 0.0, 0.9762045132785541, 0.975934158213317, 0.0, 0.0, 0.0, 0.0, 0.0, 0.0, 0.0, 0.0, 0.0, 0.0, 0.0, 0.0], [1.9305494700723915, 0.0, 1.0255013586445059, 1.0093403588369871, 0.0, 0.0, 0.0, 0.0, 0.0, 0.0, 0.0, 0.0, 0.0, 0.0, 0.0, 0.0, 0.0, 0.0, 0.0, 0.0, 0.0], [0.0, 1.0255013586445059, 0.0, 0.0, 0.0, 0.0, 0.0, 0.0, 0.0, 0.9714950977020865, 0.9852877263417881, 0.9710252975836259, 0.0, 0.0, 0.0, 0.0, 0.0, 0.0, 0.0, 0.0, 0.0], [0.0, 1.0093403588369871, 0.0, 0.0, 0.9893368075817512, 0.0, 0.0, 0.0, 0.0, 0.0, 0.0, 0.0, 0.9743348370691693, 0.9712944682778544, 0.0, 0.0, 0.0, 0.0, 0.0, 0.0, 0.0], [0.0, 0.0, 0.0, 0.9893368075817512, 0.0, 1.0072221233590106, 0.0, 0.0, 0.0, 0.0, 0.0, 0.0, 0.0, 0.0, 0.9782685821615502, 0.9763542170945777, 0.0, 0.0, 0.0, 0.0, 0.0], [0.0, 0.0, 0.0, 0.0, 1.0072221233590106, 0.0, 1.0186014276485336, 0.0, 0.0, 0.0, 0.0, 0.0, 0.0, 0.0, 0.0, 0.0, 0.9785091071560454, 0.9785352883978083, 0.0, 0.0, 0.0], [0.0, 0.0, 0.0, 0.0, 0.0, 1.0186014276485336, 0.0, 0.0, 0.0, 0.0, 0.0, 0.0, 0.0, 0.0, 0.0, 0.0, 0.0, 0.0, 0.9879740927466573, 0.9880100499399715, 0.9873612630121809], [0.9762045132785541, 0.0, 0.0, 0.0, 0.0, 0.0, 0.0, 0.0, 0.0, 0.0, 0.0, 0.0, 0.0, 0.0, 0.0, 0.0, 0.0, 0.0, 0.0, 0.0, 0.0], [0.975934158213317, 0.0, 0.0, 0.0, 0.0, 0.0, 0.0, 0.0, 0.0, 0.0, 0.0, 0.0, 0.0, 0.0, 0.0, 0.0, 0.0, 0.0, 0.0, 0.0, 0.0], [0.0, 0.0, 0.9714950977020865, 0.0, 0.0, 0.0, 0.0, 0.0, 0.0, 0.0, 0.0, 0.0, 0.0, 0.0, 0.0, 0.0, 0.0, 0.0, 0.0, 0.0, 0.0], [0.0, 0.0, 0.9852877263417881, 0.0, 0.0, 0.0, 0.0, 0.0, 0.0, 0.0, 0.0, 0.0, 0.0, 0.0, 0.0, 0.0, 0.0, 0.0, 0.0, 0.0, 0.0], [0.0, 0.0, 0.9710252975836259, 0.0, 0.0, 0.0, 0.0, 0.0, 0.0, 0.0, 0.0, 0.0, 0.0, 0.0, 0.0, 0.0, 0.0, 0.0, 0.0, 0.0, 0.0], [0.0, 0.0, 0.0, 0.9743348370691693, 0.0, 0.0, 0.0, 0.0, 0.0, 0.0, 0.0, 0.0, 0.0, 0.0, 0.0, 0.0, 0.0, 0.0, 0.0, 0.0, 0.0], [0.0, 0.0, 0.0, 0.9712944682778544, 0.0, 0.0, 0.0, 0.0, 0.0, 0.0, 0.0, 0.0, 0.0, 0.0, 0.0, 0.0, 0.0, 0.0, 0.0, 0.0, 0.0], [0.0, 0.0, 0.0, 0.0, 0.9782685821615502, 0.0, 0.0, 0.0, 0.0, 0.0, 0.0, 0.0, 0.0, 0.0, 0.0, 0.0, 0.0, 0.0, 0.0, 0.0, 0.0], [0.0, 0.0, 0.0, 0.0, 0.9763542170945777, 0.0, 0.0, 0.0, 0.0, 0.0, 0.0, 0.0, 0.0, 0.0, 0.0, 0.0, 0.0, 0.0, 0.0, 0.0, 0.0], [0.0, 0.0, 0.0, 0.0, 0.0, 0.9785091071560454, 0.0, 0.0, 0.0, 0.0, 0.0, 0.0, 0.0, 0.0, 0.0, 0.0, 0.0, 0.0, 0.0, 0.0, 0.0], [0.0, 0.0, 0.0, 0.0, 0.0, 0.9785352883978083, 0.0, 0.0, 0.0, 0.0, 0.0, 0.0, 0.0, 0.0, 0.0, 0.0, 0.0, 0.0, 0.0, 0.0, 0.0], [0.0, 0.0, 0.0, 0.0, 0.0, 0.0, 0.9879740927466573, 0.0, 0.0, 0.0, 0.0, 0.0, 0.0, 0.0, 0.0, 0.0, 0.0, 0.0, 0.0, 0.0, 0.0], [0.0, 0.0, 0.0, 0.0, 0.0, 0.0, 0.9880100499399715, 0.0, 0.0, 0.0, 0.0, 0.0, 0.0, 0.0, 0.0, 0.0, 0.0, 0.0, 0.0, 0.0, 0.0], [0.0, 0.0, 0.0, 0.0, 0.0, 0.0, 0.9873612630121809, 0.0, 0.0, 0.0, 0.0, 0.0, 0.0, 0.0, 0.0, 0.0, 0.0, 0.0, 0.0, 0.0, 0.0]], "Born radii": [], "Atomic SASAs": [], "Solvent H bonds": [], "Total SASA": NaN, "Total FOD": 0.0, "FOD": [0.0, 0.0, 0.0, 0.0, 0.0, 0.0, 0.0, 0.0, 0.0, 0.0, 0.0, 0.0, 0.0, 0.0, 0.0, 0.0, 0.0, 0.0, 0.0, 0.0, 0.0], "FOD s proportion": [0.0, 0.0, 0.0, 0.0, 0.0, 0.0, 0.0, 0.0, 0.0, 0.0, 0.0, 0.0, 0.0, 0.0, 0.0, 0.0, 0.0, 0.0, 0.0, 0.0, 0.0], "FOD p proportion": [0.0, 0.0, 0.0, 0.0, 0.0, 0.0, 0.0, 0.0, 0.0, 0.0, 0.0, 0.0, 0.0, 0.0, 0.0, 0.0, 0.0, 0.0, 0.0, 0.0, 0.0], "FOD d proportion": [0.0, 0.0, 0.0, 0.0, 0.0, 0.0, 0.0, 0.0, 0.0, 0.0, 0.0, 0.0, 0.0, 0.0, 0.0, 0.0, 0.0, 0.0, 0.0, 0.0, 0.0], "coordinates": [["2.37467426541902", "-0.76770719622481", "-1.40405903424689"], ["1.81258069958420", "0.06273349738552", "-0.54086180042611"], ["2.18635925926901", "1.51147519852754", "-0.46296374043859"], ["0.74050907553874", "-0.38981622412092", "0.41236096847880"], ["-0.65858204566507", "-0.05534728257043", "-0.11761174454496"], ["-1.75663449300829", "-0.55401863179569", "0.81790115014917"], ["-3.14517421027456", "-0.21399602255686", "0.29035679532710"], ["2.10482102596593", "-1.80951217812379", "-1.44836477430318"], ["3.12859260181968", "-0.44295302872588", "-2.10139151504391"], ["2.60523587376185", "1.73748492241378", "0.51753663843131"], ["2.91975176236910", "1.76865042711175", "-1.22247575632992"], ["1.30753222268021", "2.13987114005550", "-0.59918085706278"], ["0.81057976825768", "-1.46953660778022", "0.55857007178594"], ["0.87937659835641", "0.09454945259037", "1.38194625596414"], ["-0.78348803454996", "-0.51220617683112", "-1.10204712805972"], ["-0.75637875992482", "1.02549274854272", "-0.23935945297264"], ["-1.66794870621711", "-1.63666228717180", "0.93408352500385"], ["-1.62301420022654", "-0.10402214588368", "1.80461945111340"], ["-3.30330671250607", "-0.66751713977673", "-0.68576653399749"], ["-3.26199132725407", "0.86294320844783", "0.18885738989956"], ["-3.91349466339537", "-0.57990467351303", "0.96756909127300"]], "bond_dist": [[0.0, 1.3231365714969696, 2.4730134011198697, 2.472383279533347, 3.3709119128945773, 4.695794067148532, 5.800548962121809, 1.0770985979727186, 1.0770936431172495, 3.1657031029119143, 2.6006137656249377, 3.200098873643524, 2.605929608953746, 3.2773811372241575, 3.182841666708443, 3.791514763791577, 4.750241474731829, 5.1689078669304855, 5.724111297747867, 6.0801646754178655, 6.723165789313886], [1.3231365714969696, 0.0, 1.4982092764556443, 1.5042514632460127, 2.5099260933155603, 3.8685807521284397, 5.034564263902301, 2.101016402939953, 2.103059480785357, 2.1338467180565273, 2.144895782614543, 2.138451744367086, 2.135558002771064, 2.1375389987724707, 2.717546222843048, 2.759956837671488, 4.144574126520903, 4.163220155299386, 5.169774403982339, 5.188844470012321, 5.956197330197314], [2.4730134011198697, 1.4982092764556443, 0.0, 2.543931047349903, 3.2661738650693013, 4.631854851087364, 5.654201261120805, 3.4650571188523105, 2.7188304360326145, 1.089916972261711, 1.086674819844496, 1.0889322855116712, 3.438419975330476, 2.66825320017657, 3.650165315970042, 2.9909672129054226, 5.168965136616353, 4.7183780427513335, 5.910506000070688, 5.525394885596725, 6.605188250884696], [2.472383279533347, 1.5042514632460127, 2.543931047349903, 0.0, 1.5330350664100947, 2.5351826899794077, 3.8915719650538776, 2.7090928352018713, 3.467667515335723, 2.830844065223166, 3.4757399340817328, 2.782813374031405, 1.0918255862349884, 1.092698461322945, 2.151970811824486, 2.1606740123854484, 2.761790798998509, 2.757952902554304, 4.199458052879128, 4.199924942172695, 4.690857115732863], [3.3709119128945773, 2.5099260933155603, 3.2661738650693013, 1.5330350664100947, 0.0, 1.5262950788735337, 2.5248263990464634, 3.5333262859948356, 4.292821007547931, 3.7775876157672617, 4.1655929915419865, 2.9860505771601344, 2.1483923598269152, 2.153244068567961, 1.0924443142056555, 1.0920631276094206, 2.150683877096481, 2.151155827138706, 2.7734672095135844, 2.777574597328663, 3.47091256759357], [4.695794067148532, 3.8685807521284397, 4.631854851087364, 2.5351826899794077, 1.5262950788735337, 0.0, 1.5237982043315674, 4.650060645864937, 5.692104092624862, 4.9363063595528205, 5.605935951041692, 4.319060219490063, 2.737885102739563, 2.77260561841668, 2.152896584139014, 2.147828604683901, 1.0924654674321697, 1.0926867004928609, 2.1601142030520264, 2.1609201992266507, 2.1622017422891475], [5.800548962121809, 5.034564263902301, 5.654201261120805, 3.8915719650538776, 2.5248263990464634, 1.5237982043315674, 0.0, 5.755977282783568, 6.718112182999892, 6.076767618914186, 6.557657838541463, 5.114544205725555, 4.158883270961743, 4.1813606723242485, 2.7577671356704454, 2.742858986715561, 2.1495484625408046, 2.1498969139121287, 1.0878897214690832, 1.0880011375906375, 1.0875761827608441], [1.0770985979727186, 2.101016402939953, 3.4650571188523105, 2.7090928352018713, 3.5333262859948356, 4.650060645864937, 5.755977282783568, 0.0, 1.8281236480204697, 4.08611940791113, 3.676735723856356, 4.1175734790113205, 2.41214247050862, 3.624613809327823, 3.185163732392382, 4.205402598564163, 4.4653923047980415, 5.233293236053274, 5.579745010245263, 6.214916656146498, 6.600666238725098], [1.0770936431172495, 2.103059480785357, 2.7188304360326145, 3.467667515335723, 4.292821007547931, 5.692104092624862, 6.718112182999892, 1.8281236480204697, 0.0, 3.447752397814936, 2.3889950299260065, 3.499125383901657, 3.6745684079565764, 4.181091194244361, 4.0382991602625955, 4.551538078774502, 5.800505066988197, 6.160321664680933, 6.589670091632722, 6.9130433228350965, 7.682985618041918], [3.1657031029119143, 2.1338467180565273, 1.089916972261711, 2.830844065223166, 3.7775876157672617, 4.9363063595528205, 6.076767618914186, 4.08611940791113, 3.447752397814936, 0.0, 1.7684837196853687, 1.7586947998220788, 3.6752498384197136, 2.534764522276204, 4.378083067447107, 3.5185618502809604, 5.460630655449734, 4.788092432010265, 6.491752378030097, 5.941145368211672, 6.933013166292604], [2.6006137656249377, 2.144895782614543, 1.086674819844496, 3.4757399340817328, 4.1655929915419865, 5.605935951041692, 6.557657838541463, 3.676735723856356, 2.3889950299260065, 1.7684837196853687, 0.0, 1.7679234127431982, 4.255183429129149, 3.707931890007567, 4.350953331827631, 3.877207322040435, 6.106873030073095, 5.771215690952221, 6.704433308267873, 6.405163108125331, 7.550183058072544], [3.200098873643524, 2.138451744367086, 1.0889322855116712, 2.782813374031405, 2.9860505771601344, 4.319060219490063, 5.114544205725555, 4.1175734790113205, 3.499125383901657, 1.7586947998220788, 1.7679234127431982, 0.0, 3.822979629208502, 2.879500422265239, 3.414491806608683, 2.3729810758684255, 5.046443415962473, 4.404703774044559, 5.398959318185251, 4.809583630066047, 6.091880466802233], [2.605929608953746, 2.135558002771064, 3.438419975330476, 1.0918255862349884, 2.1483923598269152, 2.737885102739563, 4.158883270961743, 2.41214247050862, 3.6745684079565764, 3.6752498384197136, 4.255183429129149, 3.822979629208502, 0.0, 1.7689111195164895, 2.4930269148953057, 3.0524124957873218, 2.5123783045238364, 3.056083834716208, 4.372147160396135, 4.707757947075937, 4.82447970378231], [3.2773811372241575, 2.1375389987724707, 2.66825320017657, 1.092698461322945, 2.153244068567961, 2.77260561841668, 4.1813606723242485, 3.624613809327823, 4.181091194244361, 2.534764522276204, 3.707931890007567, 2.879500422265239, 1.7689111195164895, 0.0, 3.0501629977887754, 2.484146375368282, 3.11232088978533, 2.5455928618792987, 4.727686680813401, 4.377764075603349, 4.857799062802153], [3.182841666708443, 2.717546222843048, 3.650165315970042, 2.151970811824486, 1.0924443142056555, 2.152896584139014, 2.7577671356704454, 3.185163732392382, 4.0382991602625955, 4.378083067447107, 4.350953331827631, 3.414491806608683, 2.4930269148953057, 3.0501629977887754, 0.0, 1.7633725989176863, 2.488473479897561, 3.052888630208787, 2.558690524072885, 3.114554362708391, 3.7529769354999054], [3.791514763791577, 2.759956837671488, 2.9909672129054226, 2.1606740123854484, 1.0920631276094206, 2.147828604683901, 2.742858986715561, 4.205402598564163, 4.551538078774502, 3.5185618502809604, 3.877207322040435, 2.3729810758684255, 3.0524124957873218, 2.484146375368282, 1.7633725989176863, 0.0, 3.0487698541749326, 2.4909256599639433, 3.090696322768752, 2.5471329676840138, 3.7418388823685094], [4.750241474731829, 4.144574126520903, 5.168965136616353, 2.761790798998509, 2.150683877096481, 1.0924654674321697, 2.1495484625408046, 4.4653923047980415, 5.800505066988197, 5.460630655449734, 6.106873030073095, 5.046443415962473, 2.5123783045238364, 3.11232088978533, 2.488473479897561, 3.0487698541749326, 0.0, 1.763189641293215, 2.497509227029894, 3.0568548385320353, 2.4820021319438412], [5.1689078669304855, 4.163220155299386, 4.7183780427513335, 2.757952902554304, 2.151155827138706, 1.0926867004928609, 2.1498969139121287, 5.233293236053274, 6.160321664680933, 4.788092432010265, 5.771215690952221, 4.404703774044559, 3.056083834716208, 2.5455928618792987, 3.052888630208787, 2.4909256599639433, 1.763189641293215, 0.0, 3.0566209921745155, 2.496388402844172, 2.48463643963658], [5.724111297747867, 5.169774403982339, 5.910506000070688, 4.199458052879128, 2.7734672095135844, 2.1601142030520264, 1.0878897214690832, 5.579745010245263, 6.589670091632722, 6.491752378030097, 6.704433308267873, 5.398959318185251, 4.372147160396135, 4.727686680813401, 2.558690524072885, 3.090696322768752, 2.497509227029894, 3.0566209921745155, 0.0, 1.7632307979386124, 1.7645180558565707], [6.0801646754178655, 5.188844470012321, 5.525394885596725, 4.199924942172695, 2.777574597328663, 2.1609201992266507, 1.0880011375906375, 6.214916656146498, 6.9130433228350965, 5.941145368211672, 6.405163108125331, 4.809583630066047, 4.707757947075937, 4.377764075603349, 3.114554362708391, 2.5471329676840138, 3.0568548385320353, 2.496388402844172, 1.7632307979386124, 0.0, 1.7642728024140997], [6.723165789313886, 5.956197330197314, 6.605188250884696, 4.690857115732863, 3.47091256759357, 2.1622017422891475, 1.0875761827608441, 6.600666238725098, 7.682985618041918, 6.933013166292604, 7.550183058072544, 6.091880466802233, 4.82447970378231, 4.857799062802153, 3.7529769354999054, 3.7418388823685094, 2.4820021319438412, 2.48463643963658, 1.7645180558565707, 1.7642728024140997, 0.0]]}