{"total energy": -30.64206973, "HOMO-LUMO gap/eV": 12.41536204, "electronic energy": -31.08837312, "dipole": [-8.4e-07, -1.4e-07, 7e-08], "partial charges": [-0.05485361, -0.05485361, -0.05814243, -0.02049639, -0.05814245, -0.05485359, -0.05485359, -0.05814245, -0.02049639, -0.05814243, 0.02969454, 0.02553349, 0.02553349, 0.02969453, 0.02491893, 0.02868147, 0.02883168, 0.02491896, 0.02868148, 0.02553351, 0.02969442, 0.02553351, 0.02969442, 0.02491895, 0.02868149, 0.02883168, 0.02491893, 0.02868147], "atomic dipole moments": [[-0.06967474, -0.08385604, -0.01226497], [-0.08140884, 0.07013012, 0.02216295], [-0.00582081, 0.01787384, -0.10704076], [-0.00120102, 0.0684114, 0.07653218], [-0.01138252, 0.01736755, -0.10667657], [0.06967498, 0.083856, 0.01226361], [0.0814092, -0.07013007, -0.02216167], [0.00582042, -0.01787284, 0.107041], [0.00120156, -0.06841136, -0.07653221], [0.01138226, -0.01736852, 0.10667641], [0.00194938, 0.08640572, 0.08674882], [0.09310459, 0.02190889, -0.0762059], [0.1045902, -0.00394837, 0.06325429], [0.00618088, -0.08566708, -0.08728146], [0.01344733, -0.11054156, 0.04975481], [-0.00088103, 0.08114025, 0.09167302], [0.00194349, -0.08534828, -0.08868129], [0.0131607, -0.11056707, 0.04977484], [-0.00183817, 0.0810543, 0.09173475], [-0.09310432, -0.02190754, 0.07620659], [-0.00195, -0.08640703, -0.08674753], [-0.10458983, 0.00394713, -0.06325496], [-0.00618179, 0.08566827, 0.08728027], [-0.0134475, 0.11054098, -0.04975612], [0.00088163, -0.08114126, -0.09167203], [-0.00194462, 0.08534821, 0.08868135], [-0.01316079, 0.11056757, -0.04977366], [0.00183851, -0.08105332, -0.09173569]], "atomic quadrupole moments": [[0.03659962, -0.03766391, 0.04588035, 0.15048701, -0.13690939, -0.08247997], [-0.00990148, 0.01074093, 0.05505932, -0.132834, -0.16609699, -0.04515784], [0.21137117, 0.0379908, -0.20659399, -0.0182356, -0.0599504, -0.00477719], [0.11640992, 0.00573328, -0.06262432, 0.00347033, -0.16114562, -0.0537856], [0.214976, 0.03135734, -0.20782994, -0.00026719, -0.05786015, -0.00714607], [0.03660085, -0.03766248, 0.0458765, 0.15048695, -0.13691108, -0.08247735], [-0.00989989, 0.01074022, 0.05505502, -0.13283363, -0.1660984, -0.04515514], [0.21137117, 0.0379909, -0.20659488, -0.01823462, -0.05994848, -0.00477629], [0.11640959, 0.00573594, -0.06262387, 0.00347118, -0.16114565, -0.05378572], [0.21497622, 0.03135718, -0.2078291, -0.00026596, -0.05786171, -0.00714712], [-0.0338585, -0.01452435, 0.01195333, 0.00649362, 0.04157964, 0.02190518], [0.02248247, 0.00187446, -0.03278089, -0.04302243, -0.01508916, 0.01029841], [0.03271426, 0.00760222, -0.03182461, 0.0420303, -0.00767648, -0.00088965], [-0.04010309, 0.01044365, 0.01654155, -0.00594321, 0.03877684, 0.02356154], [-0.01920917, -0.00874381, 0.04898096, 0.0025492, -0.03215245, -0.02977179], [-0.01625106, 0.00073101, 0.01130031, -0.00313729, 0.05147981, 0.00495076], [-0.0191234, -0.00086, 0.0082718, -0.00029858, 0.02495079, 0.0108516], [-0.01940062, -0.00805988, 0.04910628, 0.00205411, -0.03224414, -0.02970565], [-0.01635222, 0.00104477, 0.01135909, -0.00346351, 0.05142884, 0.00499314], [0.02248216, 0.00187382, -0.03278107, -0.04302258, -0.01508837, 0.01029891], [-0.03385846, -0.01452443, 0.01195424, 0.0064944, 0.04157973, 0.02190422], [0.03271377, 0.00760286, -0.03182454, 0.04203042, -0.00767578, -0.00088923], [-0.04010322, 0.01044361, 0.01654244, -0.00594404, 0.03877681, 0.02356078], [-0.01920907, -0.00874391, 0.04898039, 0.00254906, -0.03215327, -0.02977131], [-0.01625111, 0.00073037, 0.01130118, -0.00313722, 0.05147967, 0.00494993], [-0.01912366, -0.00085914, 0.00827192, -0.00029973, 0.02495066, 0.01085174], [-0.01940072, -0.00806001, 0.04910677, 0.00205379, -0.03224341, -0.02970605], [-0.01635202, 0.00104433, 0.01135811, -0.0034634, 0.05142903, 0.00499391]], "number of molecular orbitals": 58, "number of electrons": 58, "number of unpaired electrons": 0, "orbital energies/eV": [-17.25093637, -16.96323976, -16.65474721, -16.45729711, -16.2445617, -15.55688681, -15.41772305, -15.27098021, -14.96719286, -14.71671584, -13.97858425, -13.82898375, -13.6610723, -13.50248233, -13.45410537, -13.10388392, -13.08206709, -12.68814458, -12.44440203, -12.17096907, -12.12580306, -12.02106293, -11.77927246, -11.62972343, -11.60438177, -11.42356823, -11.2610415, -10.84139007, -10.80511529, 1.61024675, 2.05548365, 2.12565797, 2.23486898, 2.82783853, 3.09297252, 3.13017244, 3.37208966, 3.56599599, 3.98265228, 4.3344154, 4.63226805, 4.75403307, 5.21578687, 5.29051744, 5.4539315, 5.58242136, 5.81627608, 5.97808986, 5.98064033, 6.03075009, 7.038722, 7.39269751, 7.53758895, 7.98773556, 8.03215658, 8.21643895, 8.64363539, 8.85970949], "fractional occupation": [2.0, 2.0, 2.0, 2.0, 2.0, 2.0, 2.0, 2.0, 2.0, 2.0, 2.0, 2.0, 2.0, 2.0, 2.0, 2.0, 2.0, 2.0, 2.0, 2.0, 2.0, 2.0, 2.0, 2.0, 2.0, 2.0, 2.0, 2.0, 2.0, 0.0, 0.0, 0.0, 0.0, 0.0, 0.0, 0.0, 0.0, 0.0, 0.0, 0.0, 0.0, 0.0, 0.0, 0.0, 0.0, 0.0, 0.0, 0.0, 0.0, 0.0, 0.0, 0.0, 0.0, 0.0, 0.0, 0.0, 0.0, 0.0], "program call": "xtb /tmp/scratch/tmpb_e8q362/2194_0_xyzopt.xyz --pop --wbo --acc 0.2 --gfn 2 --chrg 0 --uhf 0 --etemp 300 --input /tmp/scratch/tmpb_e8q362/2194_0_xtb.inp", "method": "GFN2-xTB", "xtb version": "6.3.3 (7355c4f)", "Dipole module/D": 0.0, "Total charge": 0, "Transition dipole module/D": NaN, "HOMO": -10.8051, "LUMO": 1.6102, "HOMO occupancy": 2.0, "LUMO occupancy": 0, "mulliken charges": [-0.04531, -0.04531, -0.05112, -0.01776, -0.05112, -0.04531, -0.04531, -0.05112, -0.01776, -0.05112, 0.02321, 0.02442, 0.02442, 0.02321, 0.02432, 0.02324, 0.02023, 0.02432, 0.02324, 0.02442, 0.02321, 0.02442, 0.02321, 0.02432, 0.02324, 0.02023, 0.02432, 0.02324], "cm5 charges": [-0.15599, -0.15599, -0.15999, -0.08599, -0.15999, -0.15599, -0.15599, -0.15999, -0.08599, -0.15999, 0.07933, 0.07906, 0.07906, 0.07933, 0.07973, 0.08015, 0.08137, 0.07973, 0.08015, 0.07906, 0.07933, 0.07906, 0.07933, 0.07973, 0.08015, 0.08137, 0.07973, 0.08015], "FUKUI+": [0.012, 0.012, 0.001, -0.012, 0.001, 0.012, 0.012, 0.001, -0.012, 0.001, -0.051, -0.066, -0.066, -0.051, -0.05, -0.053, -0.073, -0.05, -0.053, -0.066, -0.051, -0.066, -0.051, -0.05, -0.053, -0.073, -0.05, -0.053], "FUKUI-": [0.004, 0.004, -0.001, -0.017, -0.001, 0.004, 0.004, -0.001, -0.017, -0.001, -0.041, -0.079, -0.079, -0.041, -0.063, -0.041, -0.04, -0.063, -0.041, -0.079, -0.041, -0.079, -0.041, -0.063, -0.041, -0.04, -0.063, -0.041], "FUKUIrad": [0.008, 0.008, -0.0, -0.015, -0.0, 0.008, 0.008, -0.0, -0.015, -0.0, -0.046, -0.072, -0.072, -0.046, -0.056, -0.047, -0.057, -0.056, -0.047, -0.072, -0.046, -0.072, -0.046, -0.056, -0.047, -0.057, -0.056, -0.047], "s proportion": [1.027, 1.027, 1.031, 1.056, 1.031, 1.027, 1.027, 1.031, 1.056, 1.031, 0.977, 0.976, 0.976, 0.977, 0.976, 0.977, 0.98, 0.976, 0.977, 0.976, 0.977, 0.976, 0.977, 0.976, 0.977, 0.98, 0.976, 0.977], "p proportion": [3.018, 3.018, 3.02, 2.962, 3.02, 3.018, 3.018, 3.02, 2.962, 3.02, 0.0, 0.0, 0.0, 0.0, 0.0, 0.0, 0.0, 0.0, 0.0, 0.0, 0.0, 0.0, 0.0, 0.0, 0.0, 0.0, 0.0, 0.0], "d proportion": [0.0, 0.0, 0.0, 0.0, 0.0, 0.0, 0.0, 0.0, 0.0, 0.0, 0.0, 0.0, 0.0, 0.0, 0.0, 0.0, 0.0, 0.0, 0.0, 0.0, 0.0, 0.0, 0.0, 0.0, 0.0, 0.0, 0.0, 0.0], "Fermi-level/eV": -4.5974, "Coordination numbers": [3.805, 3.805, 3.808, 3.86, 3.808, 3.805, 3.805, 3.808, 3.86, 3.808, 0.924, 0.924, 0.924, 0.924, 0.924, 0.924, 0.924, 0.924, 0.924, 0.924, 0.924, 0.924, 0.924, 0.924, 0.924, 0.924, 0.924, 0.924], "Dispersion coefficient C6": [21.556, 21.556, 21.614, 20.9, 21.614, 21.556, 21.556, 21.614, 20.9, 21.614, 2.591, 2.651, 2.651, 2.591, 2.66, 2.605, 2.603, 2.66, 2.605, 2.651, 2.591, 2.651, 2.591, 2.66, 2.605, 2.603, 2.66, 2.605], "Total dispersion C6": 5678.289934, "Total dispersion C8": 122479.883654, "Polarizability alpha": [6.61, 6.61, 6.618, 6.501, 6.618, 6.61, 6.61, 6.618, 6.501, 6.618, 2.517, 2.546, 2.546, 2.517, 2.55, 2.524, 2.523, 2.55, 2.524, 2.546, 2.517, 2.546, 2.517, 2.55, 2.524, 2.523, 2.55, 2.524], "Total polarizability alpha": 111.511242, "Wiberg matrix": [[0.0, 1.0089031632569543, 0.0, 0.0, 0.0, 0.0, 0.0, 0.0, 0.0, 1.008145150558847, 0.9777182238703743, 0.9776005431184165, 0.0, 0.0, 0.0, 0.0, 0.0, 0.0, 0.0, 0.0, 0.0, 0.0, 0.0, 0.0, 0.0, 0.0, 0.0, 0.0], [1.0089031632569543, 0.0, 1.0081451503165493, 0.0, 0.0, 0.0, 0.0, 0.0, 0.0, 0.0, 0.0, 0.0, 0.9776005419649965, 0.9777182257182875, 0.0, 0.0, 0.0, 0.0, 0.0, 0.0, 0.0, 0.0, 0.0, 0.0, 0.0, 0.0, 0.0, 0.0], [0.0, 1.0081451503165493, 0.0, 0.9965982610780355, 0.0, 0.0, 0.0, 0.0, 0.0, 0.0, 0.0, 0.0, 0.0, 0.0, 0.9766921729438462, 0.9766070939228148, 0.0, 0.0, 0.0, 0.0, 0.0, 0.0, 0.0, 0.0, 0.0, 0.0, 0.0, 0.0], [0.0, 0.0, 0.9965982610780355, 0.0, 0.9965982160345714, 0.0, 0.0, 0.0, 0.9867255063496262, 0.0, 0.0, 0.0, 0.0, 0.0, 0.0, 0.0, 0.9661702118666956, 0.0, 0.0, 0.0, 0.0, 0.0, 0.0, 0.0, 0.0, 0.0, 0.0, 0.0], [0.0, 0.0, 0.0, 0.9965982160345714, 0.0, 1.0081451747931316, 0.0, 0.0, 0.0, 0.0, 0.0, 0.0, 0.0, 0.0, 0.0, 0.0, 0.0, 0.9766921599388995, 0.9766070744723336, 0.0, 0.0, 0.0, 0.0, 0.0, 0.0, 0.0, 0.0, 0.0], [0.0, 0.0, 0.0, 0.0, 1.0081451747931316, 0.0, 1.0089030702360153, 0.0, 0.0, 0.0, 0.0, 0.0, 0.0, 0.0, 0.0, 0.0, 0.0, 0.0, 0.0, 0.977600546921369, 0.97771830030032, 0.0, 0.0, 0.0, 0.0, 0.0, 0.0, 0.0], [0.0, 0.0, 0.0, 0.0, 0.0, 1.0089030702360153, 0.0, 1.0081451790551987, 0.0, 0.0, 0.0, 0.0, 0.0, 0.0, 0.0, 0.0, 0.0, 0.0, 0.0, 0.0, 0.0, 0.977600544889821, 0.9777182982829689, 0.0, 0.0, 0.0, 0.0, 0.0], [0.0, 0.0, 0.0, 0.0, 0.0, 0.0, 1.0081451790551987, 0.0, 0.9965982151469177, 0.0, 0.0, 0.0, 0.0, 0.0, 0.0, 0.0, 0.0, 0.0, 0.0, 0.0, 0.0, 0.0, 0.0, 0.9766921603541049, 0.9766070711711823, 0.0, 0.0, 0.0], [0.0, 0.0, 0.0, 0.9867255063496262, 0.0, 0.0, 0.0, 0.9965982151469177, 0.0, 0.99659826350143, 0.0, 0.0, 0.0, 0.0, 0.0, 0.0, 0.0, 0.0, 0.0, 0.0, 0.0, 0.0, 0.0, 0.0, 0.0, 0.9661702115280664, 0.0, 0.0], [1.008145150558847, 0.0, 0.0, 0.0, 0.0, 0.0, 0.0, 0.0, 0.99659826350143, 0.0, 0.0, 0.0, 0.0, 0.0, 0.0, 0.0, 0.0, 0.0, 0.0, 0.0, 0.0, 0.0, 0.0, 0.0, 0.0, 0.0, 0.9766921716452535, 0.9766070914628957], [0.9777182238703743, 0.0, 0.0, 0.0, 0.0, 0.0, 0.0, 0.0, 0.0, 0.0, 0.0, 0.0, 0.0, 0.0, 0.0, 0.0, 0.0, 0.0, 0.0, 0.0, 0.0, 0.0, 0.0, 0.0, 0.0, 0.0, 0.0, 0.0], [0.9776005431184165, 0.0, 0.0, 0.0, 0.0, 0.0, 0.0, 0.0, 0.0, 0.0, 0.0, 0.0, 0.0, 0.0, 0.0, 0.0, 0.0, 0.0, 0.0, 0.0, 0.0, 0.0, 0.0, 0.0, 0.0, 0.0, 0.0, 0.0], [0.0, 0.9776005419649965, 0.0, 0.0, 0.0, 0.0, 0.0, 0.0, 0.0, 0.0, 0.0, 0.0, 0.0, 0.0, 0.0, 0.0, 0.0, 0.0, 0.0, 0.0, 0.0, 0.0, 0.0, 0.0, 0.0, 0.0, 0.0, 0.0], [0.0, 0.9777182257182875, 0.0, 0.0, 0.0, 0.0, 0.0, 0.0, 0.0, 0.0, 0.0, 0.0, 0.0, 0.0, 0.0, 0.0, 0.0, 0.0, 0.0, 0.0, 0.0, 0.0, 0.0, 0.0, 0.0, 0.0, 0.0, 0.0], [0.0, 0.0, 0.9766921729438462, 0.0, 0.0, 0.0, 0.0, 0.0, 0.0, 0.0, 0.0, 0.0, 0.0, 0.0, 0.0, 0.0, 0.0, 0.0, 0.0, 0.0, 0.0, 0.0, 0.0, 0.0, 0.0, 0.0, 0.0, 0.0], [0.0, 0.0, 0.9766070939228148, 0.0, 0.0, 0.0, 0.0, 0.0, 0.0, 0.0, 0.0, 0.0, 0.0, 0.0, 0.0, 0.0, 0.0, 0.0, 0.0, 0.0, 0.0, 0.0, 0.0, 0.0, 0.0, 0.0, 0.0, 0.0], [0.0, 0.0, 0.0, 0.9661702118666956, 0.0, 0.0, 0.0, 0.0, 0.0, 0.0, 0.0, 0.0, 0.0, 0.0, 0.0, 0.0, 0.0, 0.0, 0.0, 0.0, 0.0, 0.0, 0.0, 0.0, 0.0, 0.0, 0.0, 0.0], [0.0, 0.0, 0.0, 0.0, 0.9766921599388995, 0.0, 0.0, 0.0, 0.0, 0.0, 0.0, 0.0, 0.0, 0.0, 0.0, 0.0, 0.0, 0.0, 0.0, 0.0, 0.0, 0.0, 0.0, 0.0, 0.0, 0.0, 0.0, 0.0], [0.0, 0.0, 0.0, 0.0, 0.9766070744723336, 0.0, 0.0, 0.0, 0.0, 0.0, 0.0, 0.0, 0.0, 0.0, 0.0, 0.0, 0.0, 0.0, 0.0, 0.0, 0.0, 0.0, 0.0, 0.0, 0.0, 0.0, 0.0, 0.0], [0.0, 0.0, 0.0, 0.0, 0.0, 0.977600546921369, 0.0, 0.0, 0.0, 0.0, 0.0, 0.0, 0.0, 0.0, 0.0, 0.0, 0.0, 0.0, 0.0, 0.0, 0.0, 0.0, 0.0, 0.0, 0.0, 0.0, 0.0, 0.0], [0.0, 0.0, 0.0, 0.0, 0.0, 0.97771830030032, 0.0, 0.0, 0.0, 0.0, 0.0, 0.0, 0.0, 0.0, 0.0, 0.0, 0.0, 0.0, 0.0, 0.0, 0.0, 0.0, 0.0, 0.0, 0.0, 0.0, 0.0, 0.0], [0.0, 0.0, 0.0, 0.0, 0.0, 0.0, 0.977600544889821, 0.0, 0.0, 0.0, 0.0, 0.0, 0.0, 0.0, 0.0, 0.0, 0.0, 0.0, 0.0, 0.0, 0.0, 0.0, 0.0, 0.0, 0.0, 0.0, 0.0, 0.0], [0.0, 0.0, 0.0, 0.0, 0.0, 0.0, 0.9777182982829689, 0.0, 0.0, 0.0, 0.0, 0.0, 0.0, 0.0, 0.0, 0.0, 0.0, 0.0, 0.0, 0.0, 0.0, 0.0, 0.0, 0.0, 0.0, 0.0, 0.0, 0.0], [0.0, 0.0, 0.0, 0.0, 0.0, 0.0, 0.0, 0.9766921603541049, 0.0, 0.0, 0.0, 0.0, 0.0, 0.0, 0.0, 0.0, 0.0, 0.0, 0.0, 0.0, 0.0, 0.0, 0.0, 0.0, 0.0, 0.0, 0.0, 0.0], [0.0, 0.0, 0.0, 0.0, 0.0, 0.0, 0.0, 0.9766070711711823, 0.0, 0.0, 0.0, 0.0, 0.0, 0.0, 0.0, 0.0, 0.0, 0.0, 0.0, 0.0, 0.0, 0.0, 0.0, 0.0, 0.0, 0.0, 0.0, 0.0], [0.0, 0.0, 0.0, 0.0, 0.0, 0.0, 0.0, 0.0, 0.9661702115280664, 0.0, 0.0, 0.0, 0.0, 0.0, 0.0, 0.0, 0.0, 0.0, 0.0, 0.0, 0.0, 0.0, 0.0, 0.0, 0.0, 0.0, 0.0, 0.0], [0.0, 0.0, 0.0, 0.0, 0.0, 0.0, 0.0, 0.0, 0.0, 0.9766921716452535, 0.0, 0.0, 0.0, 0.0, 0.0, 0.0, 0.0, 0.0, 0.0, 0.0, 0.0, 0.0, 0.0, 0.0, 0.0, 0.0, 0.0, 0.0], [0.0, 0.0, 0.0, 0.0, 0.0, 0.0, 0.0, 0.0, 0.0, 0.9766070914628957, 0.0, 0.0, 0.0, 0.0, 0.0, 0.0, 0.0, 0.0, 0.0, 0.0, 0.0, 0.0, 0.0, 0.0, 0.0, 0.0, 0.0, 0.0]], "Born radii": [], "Atomic SASAs": [], "Solvent H bonds": [], "Total SASA": NaN, "Total FOD": 0.0, "FOD": [0.0, 0.0, 0.0, 0.0, 0.0, 0.0, 0.0, 0.0, 0.0, 0.0, 0.0, 0.0, 0.0, 0.0, 0.0, 0.0, 0.0, 0.0, 0.0, 0.0, 0.0, 0.0, 0.0, 0.0, 0.0, 0.0, 0.0, 0.0], "FOD s proportion": [0.0, 0.0, 0.0, 0.0, 0.0, 0.0, 0.0, 0.0, 0.0, 0.0, 0.0, 0.0, 0.0, 0.0, 0.0, 0.0, 0.0, 0.0, 0.0, 0.0, 0.0, 0.0, 0.0, 0.0, 0.0, 0.0, 0.0, 0.0], "FOD p proportion": [0.0, 0.0, 0.0, 0.0, 0.0, 0.0, 0.0, 0.0, 0.0, 0.0, 0.0, 0.0, 0.0, 0.0, 0.0, 0.0, 0.0, 0.0, 0.0, 0.0, 0.0, 0.0, 0.0, 0.0, 0.0, 0.0, 0.0, 0.0], "FOD d proportion": [0.0, 0.0, 0.0, 0.0, 0.0, 0.0, 0.0, 0.0, 0.0, 0.0, 0.0, 0.0, 0.0, 0.0, 0.0, 0.0, 0.0, 0.0, 0.0, 0.0, 0.0, 0.0, 0.0, 0.0, 0.0, 0.0, 0.0, 0.0], "coordinates": [["2.41794203950339", "0.91317092761174", "-0.48646638439956"], ["2.58484153122562", "-0.45866963691849", "0.15871752503271"], ["1.40911189166104", "-0.75616511438189", "1.08384271214006"], ["0.08383540019100", "-0.68903078496987", "0.32416990211987"], ["-1.09824680198202", "-0.98394804527920", "1.24811436748065"], ["-2.41794239865577", "-0.91316685696118", "0.48647538816727"], ["-2.58484212668838", "0.45866576415726", "-0.15872624082109"], ["-1.40910930933218", "0.75615522395154", "-1.08384932206801"], ["-0.08383586992405", "0.68903062210472", "-0.32417012329478"], ["1.09824854264287", "0.98395768393306", "-1.24810846007781"], ["2.43036484089612", "1.68201725746181", "0.28983900124445"], ["3.25038412841197", "1.11061340688507", "-1.16552405269957"], ["3.51995810880123", "-0.49552983986304", "0.72197678720451"], ["2.63446842633354", "-1.22187872582917", "-0.62165297969393"], ["1.52769940897058", "-1.74692001786172", "1.52905004513058"], ["1.39522846254599", "-0.02602111827293", "1.89708778810251"], ["0.10037685639617", "-1.44428152012181", "-0.47060434334793"], ["-0.97849594659237", "-1.97459269835605", "1.69325547240495"], ["-1.11049070564078", "-0.25364683446169", "2.06124454202593"], ["-3.25038274506204", "-1.11059810963785", "1.16553861408335"], ["-2.43036998842074", "-1.68202383864952", "-0.28981949731802"], ["-3.51995601058719", "0.49551557936998", "-0.72199085164474"], ["-2.63447610050096", "1.22188450626048", "0.62163448022503"], ["-1.52769780775262", "1.74690522751942", "-1.52906711067626"], ["-1.39522047942168", "0.02600301139831", "-1.89708685487540"], ["-0.10038627986282", "1.44428065898319", "0.47060460209533"], ["0.97849715040059", "1.97460663926182", "-1.69324002759546"], ["1.11049578244349", "0.25366463266602", "-2.06124597894463"]], "bond_dist": [[0.0, 1.5251440101898792, 2.50405506069049, 2.944865925726269, 4.355618756397603, 5.260028868304255, 5.034067734826251, 3.8765761094085915, 2.5170362852014074, 1.5253525303908977, 1.0926706075932768, 1.0922740868871357, 2.158520828778634, 2.1502548952157166, 3.4541167115651703, 2.7585059820123754, 3.3058950415314206, 4.9624748992703385, 4.505788753539551, 6.241367437866591, 5.502711640013721, 5.957225949874284, 5.181710206222352, 4.1653574830414835, 4.161385036141086, 2.7459133169256447, 2.1575333102046397, 2.1504174105434757], [1.5251440101898792, 0.0, 1.52535253508238, 2.517036434994158, 3.876576138403028, 5.034067936465752, 5.260028888271368, 4.355618799768187, 2.9448659454848114, 2.5040550419175887, 2.150254931200177, 2.158520784341396, 1.0922740886060405, 1.0926706121980372, 2.1575332503310456, 2.1504174397974287, 2.745913603668021, 4.165357538188758, 4.161384834492046, 5.957226014973425, 5.181710870948492, 6.24136761441409, 5.502711229604229, 4.962474914175299, 4.505788813634481, 3.305895003619106, 3.454116744229498, 2.7585056566133384], [2.50405506069049, 1.52535253508238, 0.0, 1.5290413909743295, 2.523037427178586, 3.8765760418126263, 4.355623992840136, 3.8637251841498417, 2.509976868485099, 2.9262022562677625, 2.760096512371754, 3.454677458180218, 2.157440485011818, 2.1510702823980825, 1.092642598190048, 1.093009861911193, 2.1453664555719727, 2.7489308610897987, 2.748860892633216, 4.673669568783355, 4.18160057280368, 5.3966146614499575, 4.525143158147612, 4.660204940691568, 4.166774304902525, 2.7379933000219987, 3.918511448142788, 3.316701761312868], [2.944865925726269, 2.517036434994158, 1.5290413909743295, 0.0, 1.529041496557041, 2.517036393136056, 2.9448660064961567, 2.5099730360619588, 1.5321591578700504, 2.509976830350485, 3.3360527343508677, 3.9350906145221924, 3.464481519968736, 2.772045577888215, 2.157686043876415, 2.1525343802528414, 1.0965142014492308, 2.1576868684474415, 2.1525339337711222, 3.4644813405231996, 2.7720474244504634, 3.935087666671068, 3.3360605270707286, 3.4590910602128995, 2.7627633278047314, 2.146252190601059, 3.4590933493575644, 2.7627730845209233], [4.355618756397603, 3.876576138403028, 2.523037427178586, 1.529041496557041, 0.0, 1.5253525426304977, 2.5040568603333258, 2.9262005289174793, 2.5099732429915163, 3.863725295986919, 4.525125721923011, 5.396612740325347, 4.673669831593082, 4.18160303197304, 2.7489351736153047, 2.748856015321709, 2.145367005767741, 1.0926425304414669, 1.0930098135215274, 2.157440175612782, 2.1510700987257074, 3.454678376076168, 2.7601041198106753, 3.918510523978482, 3.3166979408872987, 2.737981317883185, 4.660201384340692, 4.166784713344027], [5.260028868304255, 5.034067936465752, 3.8765760418126263, 2.517036393136056, 1.5253525426304977, 0.0, 1.5251443871421755, 2.504056730090688, 2.944866074144414, 4.355624109806367, 5.502702022234782, 6.241371189603914, 5.957226202139484, 5.181708853467923, 4.1653565901063905, 4.161385216636637, 2.745909005824264, 2.1575330998275373, 2.150417279876214, 1.0922741847402706, 1.0926706971951294, 2.158520525747996, 2.150255600572948, 3.4541179034465084, 2.7585084977528793, 3.3058852121689686, 4.962478883541558, 4.505802468757725], [5.034067734826251, 5.260028888271368, 4.355623992840136, 2.9448660064961567, 2.5040568603333258, 1.5251443871421755, 0.0, 1.5253525336632299, 2.5170363410962997, 3.8765760793681525, 5.1817082685411675, 5.957226117168468, 6.2413710825057604, 5.502702390396301, 4.962478747136883, 4.505802324870389, 3.305885252802712, 3.454117986089262, 2.7585089500653734, 2.158520517910058, 2.1502555799171867, 1.0922741901866246, 1.0926706890027156, 2.1575331111288194, 2.150417249225314, 2.745908754051076, 4.165356659670135, 4.161385476079986], [3.8765761094085915, 4.355618799768187, 3.8637251841498417, 2.5099730360619588, 2.9262005289174793, 2.504056730090688, 1.5253525336632299, 0.0, 1.529041492707927, 2.523037538970495, 4.181602786608515, 4.673669913617464, 5.396612738413903, 4.525125928608017, 4.660201091925583, 4.166784878525653, 2.7379809628846568, 3.918510319348669, 3.316698461061474, 3.454678271691131, 2.7601039615476646, 2.157440236285545, 2.151070091183269, 1.0926425219716598, 1.0930098068449847, 2.1453670046282904, 2.748935337546614, 2.7488562781102157], [2.5170362852014074, 2.9448659454848114, 2.509976868485099, 1.5321591578700504, 2.5099732429915163, 2.944866074144414, 2.5170363410962997, 1.529041492707927, 0.0, 1.5290413926410789, 2.7720452516695815, 3.4644814151979344, 3.935090581867343, 3.3360528822134987, 3.4590933014495895, 2.76277342537299, 2.1462520834030774, 3.4590911928237786, 2.762763845200342, 3.935087649186519, 3.336060789409662, 3.4644813500350087, 2.7720471128277344, 2.157686892598726, 2.1525339140354007, 1.096514203461586, 2.157686155311624, 2.152534359514053], [1.5253525303908977, 2.5040550419175887, 2.9262022562677625, 2.509976830350485, 3.863725295986919, 4.355624109806367, 3.8765760793681525, 2.523037538970495, 1.5290413926410789, 0.0, 2.1510702903565626, 2.1574404826164306, 3.4546774722759097, 2.7600964234211633, 3.918511251968132, 3.3167022316298866, 2.737993094559183, 4.660204911956385, 4.166774688340223, 5.39661470251437, 4.52514352840487, 4.673669727621775, 4.181600303368121, 2.7489308744975665, 2.7488611961211795, 2.1453664650047135, 1.092642604440559, 1.0930098628102791], [1.0926706075932768, 2.150254931200177, 2.760096512371754, 3.3360527343508677, 4.525125721923011, 5.502702022234782, 5.1817082685411675, 4.181602786608515, 2.7720452516695815, 2.1510702903565626, 0.0, 1.7655071824088377, 2.4729876499057735, 3.050424197825094, 3.7560697186535057, 2.5636206969095676, 3.9725133272236888, 5.192369981904942, 4.407077383948968, 6.390339860747379, 5.9396565180333125, 6.151252239902828, 5.096510978135151, 4.3564767672132705, 4.707454824675628, 2.5483124078357804, 2.475102173986273, 3.0512040469775763], [1.0922740868871357, 2.158520784341396, 3.454677458180218, 3.9350906145221924, 5.396612740325347, 6.241371189603914, 5.957226117168468, 4.673669913617464, 3.4644814151979344, 2.1574404826164306, 1.7655071824088377, 0.0, 2.4929953230233055, 2.47298755461747, 4.288807466515505, 3.756744851037518, 4.114966257971417, 5.964439937977632, 5.593788598821098, 7.254488520968256, 6.390355904750126, 6.812677347093057, 6.15125164443811, 4.833952608860741, 4.82630355612352, 3.7437832655128, 2.4872552938150165, 2.4730145782027666], [2.158520828778634, 1.0922740886060405, 2.157440485011818, 3.464481519968736, 4.673669831593082, 5.957226202139484, 6.2413710825057604, 5.396612738413903, 3.935090581867343, 3.4546774722759097, 2.4729876499057735, 2.4929953230233055, 0.0, 1.765507188429581, 2.4872553846161196, 2.473014430559716, 3.743783573544782, 4.833952638595598, 4.826303112173314, 6.812677252610601, 6.151252246097469, 7.2544885673209984, 6.390355314962535, 5.96443994969636, 5.593788647270706, 4.114966128586224, 4.2888075605079985, 3.756744604816279], [2.1502548952157166, 1.0926706121980372, 2.1510702823980825, 2.772045577888215, 4.18160303197304, 5.181708853467923, 5.502702390396301, 4.525125928608017, 3.3360528822134987, 2.7600964234211633, 3.050424197825094, 2.47298755461747, 1.765507188429581, 0.0, 2.4751019205525817, 3.051204050986774, 2.5483129278561547, 4.3564769052604815, 4.707454833311677, 6.151252756787354, 5.096512057520204, 6.390340447726171, 5.939656460550915, 5.192370010595688, 4.407077611891241, 3.972513405163477, 3.756069535722974, 2.563620257685627], [3.4541167115651703, 2.1575332503310456, 1.092642598190048, 2.157686043876415, 2.7489351736153047, 4.1653565901063905, 4.962478747136883, 4.660201091925583, 3.4590933014495895, 3.918511251968132, 3.7560697186535057, 4.288807466515505, 2.4872553846161196, 2.4751019205525817, 0.0, 1.7647927228160274, 2.4753701546966993, 2.5218670528073313, 3.077847115049813, 4.833954406288155, 4.356467752788858, 5.9644385956498756, 5.192389457805142, 5.558268393651261, 4.83995152860255, 3.7356032345474843, 4.9532350129272364, 4.131176993352478], [2.7585059820123754, 2.1504174397974287, 1.093009861911193, 2.1525343802528414, 2.748856015321709, 4.161385216636637, 4.505802324870389, 4.166784878525653, 2.76277342537299, 3.3167022316298866, 2.5636206969095676, 3.756744851037518, 2.473014430559716, 3.051204050986774, 1.7647927228160274, 0.0, 3.0486176012635045, 3.07783144213089, 2.521386415515821, 4.826300336330059, 4.707452813673133, 5.593801198925295, 4.407104316187573, 4.839969338707852, 4.710103292839031, 2.5364355016192057, 4.131177826590803, 3.9784045834658697], [3.3058950415314206, 2.745913603668021, 2.1453664555719727, 1.0965142014492308, 2.145367005767741, 2.745909005824264, 3.305885252802712, 2.7379809628846568, 2.1462520834030774, 2.737993094559183, 3.9725133272236888, 4.114966257971417, 3.743783573544782, 2.5483129278561547, 2.4753701546966993, 3.0486176012635045, 0.0, 2.4753758851977663, 3.0486177172382796, 3.7437812839892994, 2.548310060240656, 4.1149505503116774, 3.9725115007768252, 3.735591439141137, 2.5364148616159996, 3.0446628020880713, 3.735602965186667, 2.5364349381404856], [4.9624748992703385, 4.165357538188758, 2.7489308610897987, 2.1576868684474415, 1.0926425304414669, 2.1575330998275373, 3.454117986089262, 3.918510319348669, 3.4590911928237786, 4.660204911956385, 5.192369981904942, 5.964439937977632, 4.833952638595598, 4.3564769052604815, 2.5218670528073313, 3.07783144213089, 2.4753758851977663, 0.0, 1.7647926898737618, 2.487255788404546, 2.475100221515643, 4.288807406075347, 3.7560761894100203, 4.953234531700722, 4.131174234671087, 3.735591890316291, 5.558268539882051, 4.8399688351703185], [4.505788753539551, 4.161384834492046, 2.748860892633216, 2.1525339337711222, 1.0930098135215274, 2.150417279876214, 2.7585089500653734, 3.316698461061474, 2.762763845200342, 4.166774688340223, 4.407077383948968, 5.593788598821098, 4.826303112173314, 4.707454833311677, 3.077847115049813, 2.521386415515821, 3.0486177172382796, 1.7647926898737618, 0.0, 2.47301284625778, 3.0512037467695654, 3.7567494772235905, 2.56363050208857, 4.131175145437259, 3.9783994932713433, 2.5364156091765913, 4.839952292055607, 4.710103395937747], [6.241367437866591, 5.957226014973425, 4.673669568783355, 3.4644813405231996, 2.157440175612782, 1.0922741847402706, 2.158520517910058, 3.454678271691131, 3.935087649186519, 5.39661470251437, 6.390339860747379, 7.254488520968256, 6.812677252610601, 6.151252756787354, 4.833954406288155, 4.826300336330059, 3.7437812839892994, 2.487255788404546, 2.47301284625778, 0.0, 1.765507155820317, 2.492997876352084, 2.472983593781118, 4.288807378165282, 3.756749113703407, 4.114950368368483, 5.964438685660206, 5.5938013167702], [5.502711640013721, 5.181710870948492, 4.18160057280368, 2.7720474244504634, 2.1510700987257074, 1.0926706971951294, 2.1502555799171867, 2.7601039615476646, 3.336060789409662, 4.52514352840487, 5.9396565180333125, 6.390355904750126, 6.151252246097469, 5.096512057520204, 4.356467752788858, 4.707452813673133, 2.548310060240656, 2.475100221515643, 3.0512037467695654, 1.765507155820317, 0.0, 2.4729835616578213, 3.0504247792406693, 3.7560759116110036, 2.563629962598891, 3.9725116368655784, 5.192389700988385, 4.407104723633178], [5.957225949874284, 6.24136761441409, 5.3966146614499575, 3.935087666671068, 3.454678376076168, 2.158520525747996, 1.0922741901866246, 2.157440236285545, 3.4644813500350087, 4.673669727621775, 6.151252239902828, 6.812677347093057, 7.2544885673209984, 6.390340447726171, 5.9644385956498756, 5.593801198925295, 4.1149505503116774, 4.288807406075347, 3.7567494772235905, 2.492997876352084, 2.4729835616578213, 0.0, 1.7655071570403005, 2.487255693761605, 2.473013090480761, 3.7437810079999716, 4.833954506078627, 4.826300859250456], [5.181710206222352, 5.502711229604229, 4.525143158147612, 3.3360605270707286, 2.7601041198106753, 2.150255600572948, 1.0926706890027156, 2.151070091183269, 2.7720471128277344, 4.181600303368121, 5.096510978135151, 6.15125164443811, 6.390355314962535, 5.939656460550915, 5.192389457805142, 4.407104316187573, 3.9725115007768252, 3.7560761894100203, 2.56363050208857, 2.472983593781118, 3.0504247792406693, 1.7655071570403005, 0.0, 2.475100458598707, 3.0512037309921576, 2.5483094968813296, 4.35646764112823, 4.70745278105497], [4.1653574830414835, 4.962474914175299, 4.660204940691568, 3.4590910602128995, 3.918510523978482, 3.4541179034465084, 2.1575331111288194, 1.0926425219716598, 2.157686892598726, 2.7489308744975665, 4.3564767672132705, 4.833952608860741, 5.96443994969636, 5.192370010595688, 5.558268393651261, 4.839969338707852, 3.735591439141137, 4.953234531700722, 4.131175145437259, 4.288807378165282, 3.7560759116110036, 2.487255693761605, 2.475100458598707, 0.0, 1.7647926824680147, 2.4753760898069044, 2.5218671352455924, 3.0778315810488035], [4.161385036141086, 4.505788813634481, 4.166774304902525, 2.7627633278047314, 3.3166979408872987, 2.7585084977528793, 2.150417249225314, 1.0930098068449847, 2.1525339140354007, 2.7488611961211795, 4.707454824675628, 4.82630355612352, 5.593788647270706, 4.407077611891241, 4.83995152860255, 4.710103292839031, 2.5364148616159996, 4.131174234671087, 3.9783994932713433, 3.756749113703407, 2.563629962598891, 2.473013090480761, 3.0512037309921576, 1.7647926824680147, 0.0, 3.0486177073221743, 3.0778474643237255, 2.521386923260486], [2.7459133169256447, 3.305895003619106, 2.7379933000219987, 2.146252190601059, 2.737981317883185, 3.3058852121689686, 2.745908754051076, 2.1453670046282904, 1.096514203461586, 2.1453664650047135, 2.5483124078357804, 3.7437832655128, 4.114966128586224, 3.972513405163477, 3.7356032345474843, 2.5364355016192057, 3.0446628020880713, 3.735591890316291, 2.5364156091765913, 4.114950368368483, 3.9725116368655784, 3.7437810079999716, 2.5483094968813296, 2.4753760898069044, 3.0486177073221743, 0.0, 2.4753704132709315, 3.0486175974777243], [2.1575333102046397, 3.454116744229498, 3.918511448142788, 3.4590933493575644, 4.660201384340692, 4.962478883541558, 4.165356659670135, 2.748935337546614, 2.157686155311624, 1.092642604440559, 2.475102173986273, 2.4872552938150165, 4.2888075605079985, 3.756069535722974, 4.9532350129272364, 4.131177826590803, 3.735602965186667, 5.558268539882051, 4.839952292055607, 5.964438685660206, 5.192389700988385, 4.833954506078627, 4.35646764112823, 2.5218671352455924, 3.0778474643237255, 2.4753704132709315, 0.0, 1.7647927382997648], [2.1504174105434757, 2.7585056566133384, 3.316701761312868, 2.7627730845209233, 4.166784713344027, 4.505802468757725, 4.161385476079986, 2.7488562781102157, 2.152534359514053, 1.0930098628102791, 3.0512040469775763, 2.4730145782027666, 3.756744604816279, 2.563620257685627, 4.131176993352478, 3.9784045834658697, 2.5364349381404856, 4.8399688351703185, 4.710103395937747, 5.5938013167702, 4.407104723633178, 4.826300859250456, 4.70745278105497, 3.0778315810488035, 2.521386923260486, 3.0486175974777243, 1.7647927382997648, 0.0]]}