{"total energy": -23.26872855, "HOMO-LUMO gap/eV": 3.9659468, "electronic energy": -23.77473963, "dipole": [0.28132988, -0.07193276, 0.03084146], "partial charges": [-0.102045, -0.02261258, 0.03633664, -0.03374161, -0.03042497, -0.03972284, 0.01791504, -0.10851385, -0.03935082, 0.07355416, 0.03045284, 0.02776621, 0.02790535, 0.0467422, 0.04235444, 0.04202931, 0.03135548], "atomic dipole moments": [[-0.28334375, -0.13376552, -0.08305553], [0.32876869, 0.15555255, 0.09646061], [0.0040168, 0.00350259, 0.00161188], [-6.949e-05, -0.00544643, -0.00255174], [0.00410611, 1.48e-06, 0.00032827], [-0.00561898, -0.00747979, -0.0024495], [0.08042612, -0.04336941, -0.0080355], [-0.05827117, 0.03322731, 0.01188695], [-0.0006613, 0.00841989, 0.00414908], [-0.18311214, -0.08647467, -0.05374], [-0.1280953, 0.07784552, 0.01431171], [0.00490915, 0.13777182, 0.05231849], [0.12819292, 0.06204529, 0.03823637], [0.02366745, -0.06610202, 0.10719859], [-0.00835424, -0.08374206, -0.09556221], [0.09953298, 0.07641279, -0.02068965], [-0.00745888, -0.1396002, -0.05354003]], "atomic quadrupole moments": [[-0.73122642, -0.59984044, 0.26169804, -0.37789545, -0.19094205, 0.46952838], [-0.63385604, -0.56027888, 0.27012772, -0.33658916, -0.13344574, 0.36372832], [-0.20365926, 0.05733774, -0.16307972, -0.05532599, -0.22825499, 0.36673897], [-0.2570227, 0.04148494, -0.14543921, -0.07290457, -0.23817012, 0.40246191], [-0.25205722, 0.03018662, -0.16295648, -0.07785823, -0.25293139, 0.41501371], [-0.2320597, 0.02120597, -0.15932243, -0.0750459, -0.24141369, 0.39138213], [-0.14643604, -0.09259441, -0.17788601, -0.10314778, -0.23712313, 0.32432205], [0.11552085, -0.1200807, -0.0042393, -0.01229228, 0.02537148, -0.11128155], [-0.22077335, 0.01191233, -0.1628717, -0.07795667, -0.24429924, 0.38364506], [-0.01902484, -0.01591322, 0.00726903, -0.00988158, -0.00461204, 0.01175581], [0.03033408, -0.00202197, 0.02336564, 0.01062716, 0.03408644, -0.05369972], [0.03929458, -0.00424062, 0.019239, 0.01121658, 0.03414687, -0.05853358], [0.03417244, -0.00581252, 0.02296689, 0.01001666, 0.03495742, -0.05713933], [-0.03794713, -0.01112372, -0.01670768, 0.0083874, -0.05443321, 0.05465481], [-0.02387748, 0.00443079, -0.00058266, 0.01736961, 0.06867425, 0.02446014], [0.03056467, 0.05337529, 0.02408545, -0.02084561, -0.01056521, -0.05465012], [0.03320583, -0.00578646, 0.02107209, 0.00943176, 0.03287176, -0.05427792]], "number of molecular orbitals": 44, "number of electrons": 44, "number of unpaired electrons": 0, "orbital energies/eV": [-17.55282296, -16.99276885, -16.79277888, -16.41917359, -16.16650549, -15.64141768, -15.37223428, -14.49630555, -13.94289645, -13.72654272, -13.50357034, -13.33443051, -12.91815909, -12.83872365, -12.79234019, -12.56083185, -11.77396946, -11.67587117, -11.53145839, -11.04292092, -10.78415999, -10.43920749, -6.47326069, -5.95994982, -4.12344002, -3.71238944, -1.57683651, 1.81804396, 3.30476457, 3.4068905, 4.36731484, 4.86761263, 5.31549891, 5.48729067, 5.87085333, 6.05174314, 8.28865256, 11.14355406, 11.5338506, 12.47929195, 12.79795463, 17.26908089, 18.06017107, 39.38604766], "fractional occupation": [2.0, 2.0, 2.0, 2.0, 2.0, 2.0, 2.0, 2.0, 2.0, 2.0, 2.0, 2.0, 2.0, 2.0, 2.0, 2.0, 2.0, 2.0, 2.0, 2.0, 2.0, 2.0, 0.0, 0.0, 0.0, 0.0, 0.0, 0.0, 0.0, 0.0, 0.0, 0.0, 0.0, 0.0, 0.0, 0.0, 0.0, 0.0, 0.0, 0.0, 0.0, 0.0, 0.0, 0.0], "program call": "xtb /tmp/scratch/tmp6bn5bgji/22120_0_xyzopt.xyz --pop --wbo --acc 0.2 --gfn 2 --chrg 0 --uhf 0 --etemp 300 --input /tmp/scratch/tmp6bn5bgji/22120_0_xtb.inp", "method": "GFN2-xTB", "xtb version": "6.3.3 (7355c4f)", "Dipole module/D": 0.742, "Total charge": 0, "Transition dipole module/D": NaN, "HOMO": -10.4392, "LUMO": -6.4733, "HOMO occupancy": 2.0, "LUMO occupancy": 0, "mulliken charges": [-0.0903, -0.02327, 0.03019, -0.03657, -0.024, -0.0443, 0.01858, -0.08951, -0.04614, 0.06101, 0.03441, 0.03069, 0.02998, 0.04173, 0.03701, 0.03651, 0.03397], "cm5 charges": [-0.14341, -0.02801, 0.02276, -0.08949, -0.08011, -0.09864, 0.00061, -0.23504, -0.09694, 0.11669, 0.09189, 0.08717, 0.08725, 0.09389, 0.08979, 0.08929, 0.09229], "FUKUI+": [-0.106, -0.058, -0.084, -0.036, -0.03, -0.074, -0.047, 0.027, -0.033, -0.102, -0.077, -0.081, -0.09, -0.049, -0.043, -0.043, -0.075], "FUKUI-": [-0.099, -0.063, -0.053, -0.056, -0.026, -0.06, -0.052, 0.024, -0.022, -0.092, -0.075, -0.074, -0.078, -0.089, -0.061, -0.062, -0.062], "FUKUIrad": [-0.102, -0.06, -0.068, -0.046, -0.028, -0.067, -0.05, 0.025, -0.027, -0.097, -0.076, -0.077, -0.084, -0.069, -0.052, -0.053, -0.069], "s proportion": [1.09, 1.105, 1.064, 1.057, 1.055, 1.058, 1.082, 1.005, 1.06, 0.939, 0.966, 0.969, 0.97, 0.958, 0.963, 0.963, 0.966], "p proportion": [3.0, 2.919, 2.906, 2.979, 2.969, 2.986, 2.9, 3.084, 2.986, 0.0, 0.0, 0.0, 0.0, 0.0, 0.0, 0.0, 0.0], "d proportion": [0.0, 0.0, 0.0, 0.0, 0.0, 0.0, 0.0, 0.0, 0.0, 0.0, 0.0, 0.0, 0.0, 0.0, 0.0, 0.0, 0.0], "Fermi-level/eV": -8.4562, "Coordination numbers": [1.909, 1.981, 2.971, 2.927, 2.917, 2.925, 2.965, 3.758, 2.933, 0.928, 0.926, 0.926, 0.926, 0.924, 0.925, 0.925, 0.926], "Dispersion coefficient C6": [33.93, 31.656, 27.183, 28.841, 28.759, 28.987, 27.607, 22.626, 28.978, 2.046, 2.58, 2.618, 2.616, 2.361, 2.418, 2.422, 2.567], "Total dispersion C6": 3679.933325, "Total dispersion C8": 91475.469373, "Polarizability alpha": [9.407, 9.086, 8.552, 8.807, 8.794, 8.829, 8.618, 6.782, 8.828, 2.237, 2.512, 2.53, 2.529, 2.403, 2.432, 2.434, 2.506], "Total polarizability alpha": 97.286307, "Wiberg matrix": [[0.0, 2.8310801122818807, 0.0, 0.0, 0.0, 0.0, 0.0, 0.0, 0.0, 0.9717910101687515, 0.0, 0.0, 0.0, 0.0, 0.0, 0.0, 0.0], [2.8310801122818807, 0.0, 1.1061414166396457, 0.0, 0.0, 0.0, 0.0, 0.0, 0.0, 0.0, 0.0, 0.0, 0.0, 0.0, 0.0, 0.0, 0.0], [0.0, 1.1061414166396457, 0.0, 1.3639848426052636, 0.0, 0.0, 0.0, 0.0, 1.3713042335557308, 0.0, 0.0, 0.0, 0.0, 0.0, 0.0, 0.0, 0.0], [0.0, 0.0, 1.3639848426052636, 0.0, 1.4522107290799189, 0.0, 0.10341428145420578, 0.0, 0.0, 0.0, 0.9712337698361998, 0.0, 0.0, 0.0, 0.0, 0.0, 0.0], [0.0, 0.0, 0.0, 1.4522107290799189, 0.0, 1.4374715304470613, 0.0, 0.0, 0.10423123226786356, 0.0, 0.0, 0.9705340022914389, 0.0, 0.0, 0.0, 0.0, 0.0], [0.0, 0.0, 0.0, 0.0, 1.4374715304470613, 0.0, 1.4036845717139497, 0.0, 0.0, 0.0, 0.0, 0.0, 0.9699997522597684, 0.0, 0.0, 0.0, 0.0], [0.0, 0.0, 0.0, 0.10341428145420578, 0.0, 1.4036845717139497, 0.0, 1.0242828242996014, 1.425442641853399, 0.0, 0.0, 0.0, 0.0, 0.0, 0.0, 0.0, 0.0], [0.0, 0.0, 0.0, 0.0, 0.0, 0.0, 1.0242828242996014, 0.0, 0.0, 0.0, 0.0, 0.0, 0.0, 0.9677075456942463, 0.9820178723447343, 0.9821892021596216, 0.0], [0.0, 0.0, 1.3713042335557308, 0.0, 0.10423123226786356, 0.0, 1.425442641853399, 0.0, 0.0, 0.0, 0.0, 0.0, 0.0, 0.0, 0.0, 0.0, 0.9693588175033392], [0.9717910101687515, 0.0, 0.0, 0.0, 0.0, 0.0, 0.0, 0.0, 0.0, 0.0, 0.0, 0.0, 0.0, 0.0, 0.0, 0.0, 0.0], [0.0, 0.0, 0.0, 0.9712337698361998, 0.0, 0.0, 0.0, 0.0, 0.0, 0.0, 0.0, 0.0, 0.0, 0.0, 0.0, 0.0, 0.0], [0.0, 0.0, 0.0, 0.0, 0.9705340022914389, 0.0, 0.0, 0.0, 0.0, 0.0, 0.0, 0.0, 0.0, 0.0, 0.0, 0.0, 0.0], [0.0, 0.0, 0.0, 0.0, 0.0, 0.9699997522597684, 0.0, 0.0, 0.0, 0.0, 0.0, 0.0, 0.0, 0.0, 0.0, 0.0, 0.0], [0.0, 0.0, 0.0, 0.0, 0.0, 0.0, 0.0, 0.9677075456942463, 0.0, 0.0, 0.0, 0.0, 0.0, 0.0, 0.0, 0.0, 0.0], [0.0, 0.0, 0.0, 0.0, 0.0, 0.0, 0.0, 0.9820178723447343, 0.0, 0.0, 0.0, 0.0, 0.0, 0.0, 0.0, 0.0, 0.0], [0.0, 0.0, 0.0, 0.0, 0.0, 0.0, 0.0, 0.9821892021596216, 0.0, 0.0, 0.0, 0.0, 0.0, 0.0, 0.0, 0.0, 0.0], [0.0, 0.0, 0.0, 0.0, 0.0, 0.0, 0.0, 0.0, 0.9693588175033392, 0.0, 0.0, 0.0, 0.0, 0.0, 0.0, 0.0, 0.0]], "Born radii": [], "Atomic SASAs": [], "Solvent H bonds": [], "Total SASA": NaN, "Total FOD": 0.0, "FOD": [0.0, 0.0, 0.0, 0.0, 0.0, 0.0, 0.0, 0.0, 0.0, 0.0, 0.0, 0.0, 0.0, 0.0, 0.0, 0.0, 0.0], "FOD s proportion": [0.0, 0.0, 0.0, 0.0, 0.0, 0.0, 0.0, 0.0, 0.0, 0.0, 0.0, 0.0, 0.0, 0.0, 0.0, 0.0, 0.0], "FOD p proportion": [0.0, 0.0, 0.0, 0.0, 0.0, 0.0, 0.0, 0.0, 0.0, 0.0, 0.0, 0.0, 0.0, 0.0, 0.0, 0.0, 0.0], "FOD d proportion": [0.0, 0.0, 0.0, 0.0, 0.0, 0.0, 0.0, 0.0, 0.0, 0.0, 0.0, 0.0, 0.0, 0.0, 0.0, 0.0, 0.0], "coordinates": [["-3.52920151766474", "-1.10245351064826", "-0.83136689799381"], ["-2.48009160909564", "-0.60670265774441", "-0.52364974199165"], ["-1.24317107341732", "-0.02099113386678", "-0.15917255611964"], ["-1.20297232643035", "1.28146428144039", "0.33665981587290"], ["0.01107864615747", "1.83943307765851", "0.68734433612559"], ["1.18187865769665", "1.11324338357045", "0.54837505719650"], ["1.15798038257907", "-0.18633169001206", "0.05446957076683"], ["2.42367195028672", "-0.97877644395114", "-0.07432158579301"], ["-0.06094556369032", "-0.74565128750069", "-0.29664443235061"], ["-4.44597168342156", "-1.53563409422925", "-1.10052309591034"], ["-2.12039827340598", "1.84188637229171", "0.44050370289126"], ["0.04742866864150", "2.84885657503337", "1.07099683618516"], ["2.12644668650957", "1.55975154255020", "0.82486664362518"], ["2.60963224742573", "-1.53392732981783", "0.84598668171987"], ["2.35255535816526", "-1.69487294748183", "-0.88991137684551"], ["3.27485121246655", "-0.32492531266183", "-0.25034847124945"], ["-0.10277276280259", "-1.75436982463055", "-0.68326248612929"]], "bond_dist": [[0.0, 1.2004542292444214, 2.616742497393955, 3.529687336563126, 4.847139790582972, 5.385840418044888, 4.8573305019944115, 6.002092647318304, 3.5273269346610907, 1.0490748370303413, 3.5030727586935324, 5.658986009871887, 6.4665912116848165, 6.378476674208499, 5.911806169988636, 6.872937222562678, 3.4910376407876464], [1.2004542292444214, 0.0, 1.4162888193468792, 2.436460668210981, 3.695404705023261, 4.185388606805806, 3.7076274768245745, 4.938343015694782, 2.433743150235162, 2.2495290499975487, 2.656042055207779, 4.568604390281478, 5.266138558101998, 5.351722943249372, 4.967166080856267, 5.7683150864217945, 2.64466652925841], [2.616742497393955, 1.4162888193468792, 0.0, 1.3942222883163373, 2.3981058055764466, 2.769111367213563, 2.416300637859575, 3.7908165542354793, 1.393444656550252, 3.6658172190636242, 2.1446332504585786, 3.3786077458392962, 3.849857712136262, 4.259508710582967, 4.0330023705483535, 4.529151621251256, 2.1400421134137453], [3.529687336563126, 2.436460668210981, 1.3942222883163373, 0.0, 1.3813864681324297, 2.4001324610071837, 2.7943074352017865, 4.293034190299256, 2.4113267981498767, 4.529744232246196, 1.0800587210746362, 2.1352920432325933, 3.3765101317907775, 4.766738656314709, 4.796335820915888, 4.793325557761476, 3.3862913787079374], [4.847139790582972, 3.695404705023261, 2.3981058055764466, 1.3813864681324297, 0.0, 1.3847153495595856, 2.412392371810644, 3.7872214531807744, 2.766962695498812, 5.869654675506025, 2.145723695050641, 1.0804843182522557, 2.138203940760478, 4.261127626721456, 4.523446457770677, 4.026900347332262, 3.8479792755464626], [5.385840418044888, 4.185388606805806, 2.769111367213563, 2.4001324610071837, 1.3847153495595856, 0.0, 1.3904708299550592, 2.51124444239416, 2.3904307940447196, 6.43491386684686, 3.3834286993795066, 2.1383319321191934, 1.0807524667826853, 3.0223444174773215, 3.3652145744501745, 2.6621086733519435, 3.3749764180167445], [4.8573305019944115, 3.7076274768245745, 2.416300637859575, 2.7943074352017865, 2.412392371810644, 1.3904708299550592, 0.0, 1.4988432188257181, 1.386326050324643, 5.878682147908412, 3.8743331647444395, 3.3880703350045773, 2.140150762622248, 2.1330275389848476, 2.1434928206080843, 2.1431902252031514, 2.1430097230250174], [6.002092647318304, 4.938343015694782, 3.7908165542354793, 4.293034190299256, 3.7872214531807744, 2.51124444239416, 1.4988432188257181, 0.0, 2.505413933351726, 6.968154966430428, 5.373058532963745, 4.648554716178683, 2.709429214355334, 1.0907525133792533, 1.0876757234180188, 1.0876639658721827, 2.7120613932123665], [3.5273269346610907, 2.433743150235162, 1.393444656550252, 2.4113267981498767, 2.766962695498812, 2.3904307940447196, 1.386326050324643, 2.505413933351726, 0.0, 4.527554285856607, 3.388227261812535, 3.84742438359155, 3.3700673819046356, 3.0098124238826767, 2.6604462270463953, 3.3625427571611572, 1.0810809966152382], [1.0490748370303413, 2.2495290499975487, 3.6658172190636242, 4.529744232246196, 5.869654675506025, 6.43491386684686, 5.878682147908412, 6.968154966430428, 4.527554285856607, 0.0, 4.380719094140158, 6.643034244098058, 7.515665048343849, 7.319183701509513, 6.803652272403395, 7.861279719985278, 4.368675840606034], [3.5030727586935324, 2.656042055207779, 2.1446332504585786, 1.0800587210746362, 2.145723695050641, 3.3834286993795066, 3.8743331647444395, 5.373058532963745, 3.388227261812535, 4.380719094140158, 0.0, 2.472040499467447, 4.273526301068359, 5.82526594461315, 5.8554235509126356, 5.8550035541726135, 4.273958561161434], [5.658986009871887, 4.568604390281478, 3.3786077458392962, 2.1352920432325933, 1.0804843182522557, 2.1383319321191934, 3.3880703350045773, 4.648554716178683, 3.84742438359155, 6.643034244098058, 2.472040499467447, 0.0, 2.458594674826074, 5.081762637645519, 5.459326702851013, 4.715411028588253, 4.928456099682522], [6.4665912116848165, 5.266138558101998, 3.849857712136262, 3.3765101317907775, 2.138203940760478, 1.0807524667826853, 2.140150762622248, 2.709429214355334, 3.3700673819046356, 7.515665048343849, 4.273526301068359, 2.458594674826074, 0.0, 3.131255867479263, 3.68567081574081, 2.454980111338022, 4.269341080495863], [6.378476674208499, 5.351722943249372, 4.259508710582967, 4.766738656314709, 4.261127626721456, 3.0223444174773215, 2.1330275389848476, 1.0907525133792533, 3.0098124238826767, 7.319183701509513, 5.82526594461315, 5.081762637645519, 3.131255867479263, 0.0, 1.7621958144792371, 1.7624281308959862, 3.12159235814004], [5.911806169988636, 4.967166080856267, 4.0330023705483535, 4.796335820915888, 4.523446457770677, 3.3652145744501745, 2.1434928206080843, 1.0876757234180188, 2.6604462270463953, 6.803652272403395, 5.8554235509126356, 5.459326702851013, 3.68567081574081, 1.7621958144792371, 0.0, 1.7709960121989925, 2.464727129732662], [6.872937222562678, 5.7683150864217945, 4.529151621251256, 4.793325557761476, 4.026900347332262, 2.6621086733519435, 2.1431902252031514, 1.0876639658721827, 3.3625427571611572, 7.861279719985278, 5.8550035541726135, 4.715411028588253, 2.454980111338022, 1.7624281308959862, 1.7709960121989925, 0.0, 3.693111137698104], [3.4910376407876464, 2.64466652925841, 2.1400421134137453, 3.3862913787079374, 3.8479792755464626, 3.3749764180167445, 2.1430097230250174, 2.7120613932123665, 1.0810809966152382, 4.368675840606034, 4.273958561161434, 4.928456099682522, 4.269341080495863, 3.12159235814004, 2.464727129732662, 3.693111137698104, 0.0]]}