{"total energy": -32.51645075, "HOMO-LUMO gap/eV": 3.61472965, "electronic energy": -32.96901783, "dipole": [0.14241759, -0.41201154, 1.09285343], "partial charges": [-0.10553958, 0.00996152, -0.10593355, -0.10678611, 0.22457553, -0.35633475, 0.00997447, -0.10679645, -0.10554133, -0.10593046, 0.03993886, 0.05456222, 0.03386283, 0.04521307, 0.04260068, 0.03984279, 0.03868973, 0.04262669, 0.03683781, 0.03683495, 0.03866531, 0.04260546, 0.05457297, 0.03385444, 0.03992022, 0.03987039, 0.04261398, 0.04523833], "atomic dipole moments": [[0.0846674, 0.00069935, 0.07625638], [-0.00634551, 0.00593999, 0.00907791], [0.02108751, -0.08210754, -0.06891114], [0.00440867, 0.08609857, -0.05603229], [-0.00497691, 0.01516036, -0.03797876], [0.02090547, -0.0605435, 0.1602998], [0.00768391, -0.01003519, 0.00120875], [-0.02426765, -0.02883047, -0.09569012], [-0.06514916, -0.05733483, 0.07387241], [-0.02886778, 0.10500329, 0.00825781], [0.01871834, -0.0929681, -0.08287222], [-0.00887772, 0.10731349, -0.06793177], [-0.1042875, -0.02059619, 0.06176181], [-0.11487003, -0.00700579, 0.04627577], [0.0808164, 0.00481766, 0.09694222], [0.00801586, 0.10842113, -0.06577291], [0.01624847, -0.09976617, -0.07542136], [-0.10877363, -0.01401142, 0.05565401], [0.08377865, -0.00395204, 0.08912333], [-0.06095293, -0.06212555, 0.08604142], [-0.02426113, 0.12298231, 0.01388758], [0.11927883, -0.0164703, 0.02495315], [-0.01577536, -0.03597787, -0.12111691], [0.1168466, -0.01583949, 0.03475496], [-0.02892226, 0.12248094, 0.00464636], [-0.0317626, -0.03968203, -0.11645895], [-0.05705706, -0.07358481, 0.08533689], [0.12252112, -0.01519357, 0.01225992]], "atomic quadrupole moments": [[0.10353374, 0.02724422, -0.13172875, 0.17089129, 0.01541418, 0.02819501], [-0.04971185, -0.0071343, -0.0018271, 0.00417753, -0.02315924, 0.05153895], [-0.10562767, -0.04978262, 0.09385574, -0.02188326, 0.17421482, 0.01177193], [-0.08998478, -0.01250503, 0.12014302, 0.02653675, -0.14764229, -0.03015823], [-0.31864553, -0.00934917, 0.54239546, -0.00797193, 0.33897519, -0.22374993], [-0.10824358, -0.00461686, 0.20622496, -0.00712502, 0.13446365, -0.09798139], [-0.04626246, -0.01100141, -0.0031056, 0.0171977, -0.02130742, 0.04936805], [-0.09343449, 0.02865805, -0.08879579, 0.02731832, 0.08907656, 0.18223028], [0.02747332, 0.11908212, -0.02484544, -0.12352378, -0.12050271, -0.00262789], [-0.10361275, -0.07416957, 0.21989486, -0.0222439, 0.03135193, -0.11628211], [-0.02911677, -0.02273918, 0.02907054, -0.00676411, 0.06149207, 4.623e-05], [-0.03245669, -0.00105175, 0.05031654, 0.01101268, -0.04997037, -0.01785985], [0.04652856, 0.01882701, -0.05265388, -0.05233585, -0.0130451, 0.00612532], [0.06306064, 0.02018251, -0.03748297, -0.0419488, 0.00953433, -0.02557766], [0.02464057, -0.0130345, -0.03863077, 0.06580571, 0.000693, 0.01399019], [-0.05072139, 0.00845276, 0.04468177, -0.01152339, -0.05163734, 0.00603962], [-0.04429294, -0.01904904, 0.02661654, -0.01532706, 0.05442811, 0.0176764], [0.05901802, 0.00063728, -0.03729101, -0.04918881, -0.01699108, -0.02172702], [0.031517, 0.01268586, -0.03654534, 0.06216961, 0.00463792, 0.00502834], [0.00446712, 0.04645331, -0.00541844, -0.04188503, -0.03586003, 0.00095132], [-0.03918819, -0.03420777, 0.07164101, 0.00106231, 0.00422223, -0.03245282], [0.07646091, -0.02206511, -0.05205385, 0.01763052, 0.00306516, -0.02440706], [-0.03417988, 0.01484677, -0.02714937, 0.00951629, 0.03775544, 0.06132925], [0.07025425, -0.01709282, -0.04323006, 0.03633178, -0.01929453, -0.02702419], [-0.03035565, -0.02850977, 0.07308952, -0.01433704, 0.01122107, -0.04273387], [-0.03875709, 0.00292746, -0.02330073, 0.03799101, 0.02784939, 0.06205783], [-0.0072462, 0.02811228, -0.00962161, -0.05637302, -0.03830883, 0.01686781], [0.0791339, -0.00524828, -0.02442775, 0.01779608, -0.00230197, -0.05470615]], "number of molecular orbitals": 58, "number of electrons": 60, "number of unpaired electrons": 0, "orbital energies/eV": [-19.05476125, -17.48342668, -17.37076166, -16.35116003, -16.27706795, -16.1629592, -16.09358776, -16.04250238, -15.38442499, -14.74636296, -14.4043053, -14.35375275, -14.19085594, -13.72121198, -13.51862258, -13.46944382, -13.25397136, -12.96749258, -12.76626392, -12.75175498, -12.58553654, -12.50691971, -12.40654274, -12.30023263, -12.19187485, -11.94464928, -11.84448559, -11.77863321, -11.66090069, -10.2915881, -6.67685846, 0.59236901, 2.06642678, 2.0841364, 2.39098004, 2.54457601, 2.68505397, 3.22763346, 3.3514611, 4.26833294, 4.8519332, 4.93295538, 5.09940453, 5.73544696, 5.78086929, 5.97921825, 6.11054994, 6.27926147, 6.52347785, 6.57443394, 6.88371247, 6.98788385, 7.21240458, 7.2613726, 7.30867998, 8.72025763, 8.8405947, 16.61288301], "fractional occupation": [2.0, 2.0, 2.0, 2.0, 2.0, 2.0, 2.0, 2.0, 2.0, 2.0, 2.0, 2.0, 2.0, 2.0, 2.0, 2.0, 2.0, 2.0, 2.0, 2.0, 2.0, 2.0, 2.0, 2.0, 2.0, 2.0, 2.0, 2.0, 2.0, 2.0, 0.0, 0.0, 0.0, 0.0, 0.0, 0.0, 0.0, 0.0, 0.0, 0.0, 0.0, 0.0, 0.0, 0.0, 0.0, 0.0, 0.0, 0.0, 0.0, 0.0, 0.0, 0.0, 0.0, 0.0, 0.0, 0.0, 0.0, 0.0], "program call": "xtb /tmp/scratch/tmpz4z2cw9n/22895_0_xyzopt.xyz --pop --wbo --acc 0.2 --gfn 2 --chrg 0 --uhf 0 --etemp 300 --input /tmp/scratch/tmpz4z2cw9n/22895_0_xtb.inp", "method": "GFN2-xTB", "xtb version": "6.3.3 (7355c4f)", "Dipole module/D": 2.991, "Total charge": 0, "Transition dipole module/D": NaN, "HOMO": -10.2916, "LUMO": -6.6769, "HOMO occupancy": 2.0, "LUMO occupancy": 0, "mulliken charges": [-0.08511, 0.0006, -0.0925, -0.09959, 0.37763, -0.4863, 0.00062, -0.09963, -0.08513, -0.09244, 0.03831, 0.04834, 0.02539, 0.03837, 0.0304, 0.04402, 0.03618, 0.03904, 0.03088, 0.03088, 0.03617, 0.03903, 0.04835, 0.02538, 0.03829, 0.04404, 0.0304, 0.03838], "cm5 charges": [-0.23235, -0.02812, -0.24101, -0.24919, 0.40436, -0.54682, -0.0281, -0.24923, -0.23236, -0.24095, 0.09375, 0.1062, 0.0789, 0.09178, 0.08492, 0.09857, 0.09002, 0.09246, 0.08528, 0.08528, 0.09, 0.09246, 0.10621, 0.0789, 0.09374, 0.09858, 0.08493, 0.09179], "FUKUI+": [0.029, -0.01, 0.015, 0.021, -0.177, -0.277, -0.01, 0.021, 0.029, 0.016, -0.023, -0.02, -0.055, -0.06, -0.037, -0.022, -0.028, -0.052, -0.032, -0.032, -0.028, -0.052, -0.02, -0.055, -0.023, -0.022, -0.037, -0.06], "FUKUI-": [0.016, -0.036, 0.019, 0.022, -0.035, -0.172, -0.036, 0.022, 0.016, 0.019, -0.036, -0.035, -0.054, -0.069, -0.038, -0.036, -0.038, -0.071, -0.041, -0.041, -0.038, -0.071, -0.035, -0.054, -0.036, -0.036, -0.038, -0.069], "FUKUIrad": [0.022, -0.023, 0.017, 0.021, -0.106, -0.225, -0.023, 0.021, 0.022, 0.017, -0.03, -0.027, -0.054, -0.065, -0.037, -0.029, -0.033, -0.062, -0.037, -0.037, -0.033, -0.062, -0.027, -0.054, -0.03, -0.029, -0.037, -0.065], "s proportion": [1.012, 1.091, 1.015, 1.015, 1.096, 1.731, 1.091, 1.015, 1.012, 1.015, 0.962, 0.952, 0.975, 0.962, 0.97, 0.956, 0.964, 0.961, 0.969, 0.969, 0.964, 0.961, 0.952, 0.975, 0.962, 0.956, 0.97, 0.962], "p proportion": [3.073, 2.909, 3.078, 3.084, 2.526, 4.755, 2.909, 3.084, 3.073, 3.078, 0.0, 0.0, 0.0, 0.0, 0.0, 0.0, 0.0, 0.0, 0.0, 0.0, 0.0, 0.0, 0.0, 0.0, 0.0, 0.0, 0.0, 0.0], "d proportion": [0.0, 0.0, 0.0, 0.0, 0.0, 0.0, 0.0, 0.0, 0.0, 0.0, 0.0, 0.0, 0.0, 0.0, 0.0, 0.0, 0.0, 0.0, 0.0, 0.0, 0.0, 0.0, 0.0, 0.0, 0.0, 0.0, 0.0, 0.0], "Fermi-level/eV": -8.4842, "Coordination numbers": [3.765, 3.897, 3.761, 3.759, 2.825, 0.858, 3.897, 3.759, 3.765, 3.761, 0.925, 0.925, 0.925, 0.925, 0.925, 0.925, 0.925, 0.925, 0.925, 0.925, 0.925, 0.925, 0.925, 0.925, 0.925, 0.925, 0.925, 0.925], "Dispersion coefficient C6": [22.558, 20.355, 22.57, 22.591, 23.282, 20.828, 20.355, 22.591, 22.558, 22.57, 2.45, 2.264, 2.532, 2.381, 2.414, 2.451, 2.466, 2.414, 2.491, 2.491, 2.467, 2.414, 2.264, 2.532, 2.45, 2.451, 2.414, 2.38], "Total dispersion C6": 5598.258172, "Total dispersion C8": 119154.626925, "Polarizability alpha": [6.77, 6.413, 6.772, 6.776, 7.906, 6.119, 6.413, 6.776, 6.77, 6.772, 2.448, 2.353, 2.488, 2.413, 2.43, 2.448, 2.456, 2.43, 2.468, 2.468, 2.456, 2.43, 2.353, 2.489, 2.448, 2.448, 2.43, 2.413], "Total polarizability alpha": 111.355575, "Wiberg matrix": [[0.0, 0.9946907990743274, 0.0, 0.0, 0.0, 0.0, 0.0, 0.0, 0.0, 0.0, 0.9862628372533326, 0.9841172709899907, 0.9852998333548002, 0.0, 0.0, 0.0, 0.0, 0.0, 0.0, 0.0, 0.0, 0.0, 0.0, 0.0, 0.0, 0.0, 0.0, 0.0], [0.9946907990743274, 0.0, 0.9742222444672413, 0.9941946405232399, 0.9515318774242256, 0.0, 0.0, 0.0, 0.0, 0.0, 0.0, 0.0, 0.0, 0.0, 0.0, 0.0, 0.0, 0.0, 0.0, 0.0, 0.0, 0.0, 0.0, 0.0, 0.0, 0.0, 0.0, 0.0], [0.0, 0.9742222444672413, 0.0, 0.0, 0.0, 0.0, 0.0, 0.0, 0.0, 0.0, 0.0, 0.0, 0.0, 0.9811187264423917, 0.9818837157456539, 0.9861264682041815, 0.0, 0.0, 0.0, 0.0, 0.0, 0.0, 0.0, 0.0, 0.0, 0.0, 0.0, 0.0], [0.0, 0.9941946405232399, 0.0, 0.0, 0.0, 0.0, 0.0, 0.0, 0.0, 0.0, 0.0, 0.0, 0.0, 0.0, 0.0, 0.0, 0.9846425555114477, 0.9825558329028626, 0.9759350155460264, 0.0, 0.0, 0.0, 0.0, 0.0, 0.0, 0.0, 0.0, 0.0], [0.0, 0.9515318774242256, 0.0, 0.0, 0.0, 1.8802807314046113, 0.9515357366977437, 0.0, 0.0, 0.0, 0.0, 0.0, 0.0, 0.0, 0.0, 0.0, 0.0, 0.0, 0.0, 0.0, 0.0, 0.0, 0.0, 0.0, 0.0, 0.0, 0.0, 0.0], [0.0, 0.0, 0.0, 0.0, 1.8802807314046113, 0.0, 0.0, 0.0, 0.0, 0.0, 0.0, 0.0, 0.0, 0.0, 0.0, 0.0, 0.0, 0.0, 0.0, 0.0, 0.0, 0.0, 0.0, 0.0, 0.0, 0.0, 0.0, 0.0], [0.0, 0.0, 0.0, 0.0, 0.9515357366977437, 0.0, 0.0, 0.9942148904769696, 0.9946928103302938, 0.9742271012985384, 0.0, 0.0, 0.0, 0.0, 0.0, 0.0, 0.0, 0.0, 0.0, 0.0, 0.0, 0.0, 0.0, 0.0, 0.0, 0.0, 0.0, 0.0], [0.0, 0.0, 0.0, 0.0, 0.0, 0.0, 0.9942148904769696, 0.0, 0.0, 0.0, 0.0, 0.0, 0.0, 0.0, 0.0, 0.0, 0.0, 0.0, 0.0, 0.9759319235149598, 0.9846469331982628, 0.9825684102934464, 0.0, 0.0, 0.0, 0.0, 0.0, 0.0], [0.0, 0.0, 0.0, 0.0, 0.0, 0.0, 0.9946928103302938, 0.0, 0.0, 0.0, 0.0, 0.0, 0.0, 0.0, 0.0, 0.0, 0.0, 0.0, 0.0, 0.0, 0.0, 0.0, 0.9841135295468619, 0.9853051253917471, 0.9862668735380835, 0.0, 0.0, 0.0], [0.0, 0.0, 0.0, 0.0, 0.0, 0.0, 0.9742271012985384, 0.0, 0.0, 0.0, 0.0, 0.0, 0.0, 0.0, 0.0, 0.0, 0.0, 0.0, 0.0, 0.0, 0.0, 0.0, 0.0, 0.0, 0.0, 0.986135583320001, 0.9818838421431826, 0.9811169812458143], [0.9862628372533326, 0.0, 0.0, 0.0, 0.0, 0.0, 0.0, 0.0, 0.0, 0.0, 0.0, 0.0, 0.0, 0.0, 0.0, 0.0, 0.0, 0.0, 0.0, 0.0, 0.0, 0.0, 0.0, 0.0, 0.0, 0.0, 0.0, 0.0], [0.9841172709899907, 0.0, 0.0, 0.0, 0.0, 0.0, 0.0, 0.0, 0.0, 0.0, 0.0, 0.0, 0.0, 0.0, 0.0, 0.0, 0.0, 0.0, 0.0, 0.0, 0.0, 0.0, 0.0, 0.0, 0.0, 0.0, 0.0, 0.0], [0.9852998333548002, 0.0, 0.0, 0.0, 0.0, 0.0, 0.0, 0.0, 0.0, 0.0, 0.0, 0.0, 0.0, 0.0, 0.0, 0.0, 0.0, 0.0, 0.0, 0.0, 0.0, 0.0, 0.0, 0.0, 0.0, 0.0, 0.0, 0.0], [0.0, 0.0, 0.9811187264423917, 0.0, 0.0, 0.0, 0.0, 0.0, 0.0, 0.0, 0.0, 0.0, 0.0, 0.0, 0.0, 0.0, 0.0, 0.0, 0.0, 0.0, 0.0, 0.0, 0.0, 0.0, 0.0, 0.0, 0.0, 0.0], [0.0, 0.0, 0.9818837157456539, 0.0, 0.0, 0.0, 0.0, 0.0, 0.0, 0.0, 0.0, 0.0, 0.0, 0.0, 0.0, 0.0, 0.0, 0.0, 0.0, 0.0, 0.0, 0.0, 0.0, 0.0, 0.0, 0.0, 0.0, 0.0], [0.0, 0.0, 0.9861264682041815, 0.0, 0.0, 0.0, 0.0, 0.0, 0.0, 0.0, 0.0, 0.0, 0.0, 0.0, 0.0, 0.0, 0.0, 0.0, 0.0, 0.0, 0.0, 0.0, 0.0, 0.0, 0.0, 0.0, 0.0, 0.0], [0.0, 0.0, 0.0, 0.9846425555114477, 0.0, 0.0, 0.0, 0.0, 0.0, 0.0, 0.0, 0.0, 0.0, 0.0, 0.0, 0.0, 0.0, 0.0, 0.0, 0.0, 0.0, 0.0, 0.0, 0.0, 0.0, 0.0, 0.0, 0.0], [0.0, 0.0, 0.0, 0.9825558329028626, 0.0, 0.0, 0.0, 0.0, 0.0, 0.0, 0.0, 0.0, 0.0, 0.0, 0.0, 0.0, 0.0, 0.0, 0.0, 0.0, 0.0, 0.0, 0.0, 0.0, 0.0, 0.0, 0.0, 0.0], [0.0, 0.0, 0.0, 0.9759350155460264, 0.0, 0.0, 0.0, 0.0, 0.0, 0.0, 0.0, 0.0, 0.0, 0.0, 0.0, 0.0, 0.0, 0.0, 0.0, 0.0, 0.0, 0.0, 0.0, 0.0, 0.0, 0.0, 0.0, 0.0], [0.0, 0.0, 0.0, 0.0, 0.0, 0.0, 0.0, 0.9759319235149598, 0.0, 0.0, 0.0, 0.0, 0.0, 0.0, 0.0, 0.0, 0.0, 0.0, 0.0, 0.0, 0.0, 0.0, 0.0, 0.0, 0.0, 0.0, 0.0, 0.0], [0.0, 0.0, 0.0, 0.0, 0.0, 0.0, 0.0, 0.9846469331982628, 0.0, 0.0, 0.0, 0.0, 0.0, 0.0, 0.0, 0.0, 0.0, 0.0, 0.0, 0.0, 0.0, 0.0, 0.0, 0.0, 0.0, 0.0, 0.0, 0.0], [0.0, 0.0, 0.0, 0.0, 0.0, 0.0, 0.0, 0.9825684102934464, 0.0, 0.0, 0.0, 0.0, 0.0, 0.0, 0.0, 0.0, 0.0, 0.0, 0.0, 0.0, 0.0, 0.0, 0.0, 0.0, 0.0, 0.0, 0.0, 0.0], [0.0, 0.0, 0.0, 0.0, 0.0, 0.0, 0.0, 0.0, 0.9841135295468619, 0.0, 0.0, 0.0, 0.0, 0.0, 0.0, 0.0, 0.0, 0.0, 0.0, 0.0, 0.0, 0.0, 0.0, 0.0, 0.0, 0.0, 0.0, 0.0], [0.0, 0.0, 0.0, 0.0, 0.0, 0.0, 0.0, 0.0, 0.9853051253917471, 0.0, 0.0, 0.0, 0.0, 0.0, 0.0, 0.0, 0.0, 0.0, 0.0, 0.0, 0.0, 0.0, 0.0, 0.0, 0.0, 0.0, 0.0, 0.0], [0.0, 0.0, 0.0, 0.0, 0.0, 0.0, 0.0, 0.0, 0.9862668735380835, 0.0, 0.0, 0.0, 0.0, 0.0, 0.0, 0.0, 0.0, 0.0, 0.0, 0.0, 0.0, 0.0, 0.0, 0.0, 0.0, 0.0, 0.0, 0.0], [0.0, 0.0, 0.0, 0.0, 0.0, 0.0, 0.0, 0.0, 0.0, 0.986135583320001, 0.0, 0.0, 0.0, 0.0, 0.0, 0.0, 0.0, 0.0, 0.0, 0.0, 0.0, 0.0, 0.0, 0.0, 0.0, 0.0, 0.0, 0.0], [0.0, 0.0, 0.0, 0.0, 0.0, 0.0, 0.0, 0.0, 0.0, 0.9818838421431826, 0.0, 0.0, 0.0, 0.0, 0.0, 0.0, 0.0, 0.0, 0.0, 0.0, 0.0, 0.0, 0.0, 0.0, 0.0, 0.0, 0.0, 0.0], [0.0, 0.0, 0.0, 0.0, 0.0, 0.0, 0.0, 0.0, 0.0, 0.9811169812458143, 0.0, 0.0, 0.0, 0.0, 0.0, 0.0, 0.0, 0.0, 0.0, 0.0, 0.0, 0.0, 0.0, 0.0, 0.0, 0.0, 0.0, 0.0]], "Born radii": [], "Atomic SASAs": [], "Solvent H bonds": [], "Total SASA": NaN, "Total FOD": 0.0, "FOD": [0.0, 0.0, 0.0, 0.0, 0.0, 0.0, 0.0, 0.0, 0.0, 0.0, 0.0, 0.0, 0.0, 0.0, 0.0, 0.0, 0.0, 0.0, 0.0, 0.0, 0.0, 0.0, 0.0, 0.0, 0.0, 0.0, 0.0, 0.0], "FOD s proportion": [0.0, 0.0, 0.0, 0.0, 0.0, 0.0, 0.0, 0.0, 0.0, 0.0, 0.0, 0.0, 0.0, 0.0, 0.0, 0.0, 0.0, 0.0, 0.0, 0.0, 0.0, 0.0, 0.0, 0.0, 0.0, 0.0, 0.0, 0.0], "FOD p proportion": [0.0, 0.0, 0.0, 0.0, 0.0, 0.0, 0.0, 0.0, 0.0, 0.0, 0.0, 0.0, 0.0, 0.0, 0.0, 0.0, 0.0, 0.0, 0.0, 0.0, 0.0, 0.0, 0.0, 0.0, 0.0, 0.0, 0.0, 0.0], "FOD d proportion": [0.0, 0.0, 0.0, 0.0, 0.0, 0.0, 0.0, 0.0, 0.0, 0.0, 0.0, 0.0, 0.0, 0.0, 0.0, 0.0, 0.0, 0.0, 0.0, 0.0, 0.0, 0.0, 0.0, 0.0, 0.0, 0.0, 0.0, 0.0], "coordinates": [["-2.54289994875117", "-0.09925957129045", "-0.91736869577040"], ["-1.36011710750769", "-0.00398625916665", "0.05771583215974"], ["-1.60418571585457", "1.19875371170743", "0.98332787751007"], ["-1.32004777304253", "-1.29899470371905", "0.86967048504437"], ["-0.10157667293406", "0.29494622895827", "-0.77904191524367"], ["-0.24784636927290", "0.71734745916152", "-1.90128729151371"], ["1.33357682593643", "0.08087114891655", "-0.26143386714929"], ["1.58721094155471", "0.52603672870380", "1.17915200655497"], ["2.27044312217579", "0.88761385438300", "-1.17259664418966"], ["1.67652642049748", "-1.40834316055827", "-0.42793137960241"], ["-2.38970946144931", "-0.91374936648049", "-1.62153168347707"], ["-2.64299008454378", "0.82144038899270", "-1.48498352835131"], ["-3.46598044032634", "-0.27795667916267", "-0.37126836710019"], ["-2.60692717738323", "1.13298009419595", "1.40107864181212"], ["-0.89669548251639", "1.22769324861118", "1.80521760693560"], ["-1.52881199029565", "2.12834730803678", "0.42323624866731"], ["-1.16603906554256", "-2.15497517346346", "0.21703410542421"], ["-2.27826266794152", "-1.42783898725917", "1.37072535500841"], ["-0.54975003821007", "-1.29230979752585", "1.63379052840249"], ["1.01070690173575", "-0.04159985044440", "1.90214795818547"], ["1.36371958421093", "1.58357093804151", "1.29763090945306"], ["2.64093865622802", "0.37820994215668", "1.41073183000195"], ["2.16171555247321", "0.57100342929441", "-2.20595864888582"], ["3.30442257806778", "0.74517194260634", "-0.86792381833819"], ["2.03259610112852", "1.94743575632148", "-1.11854232292823"], ["1.39847788735550", "-1.75152179784157", "-1.42213803585596"], ["1.17211434057652", "-2.02507738032431", "0.30833284162045"], ["2.74938808363149", "-1.54580845285129", "-0.30778602837415"]], "bond_dist": [[0.0, 1.5358522357804418, 2.4856931342307136, 2.475528401248095, 2.4768108220465703, 2.627206458942481, 3.9357044808334978, 4.6737790367419585, 4.920094712746425, 4.44486305926953, 1.087523087168488, 1.0862288204214763, 1.0873066813288073, 2.6263495838040702, 3.447211787311385, 2.7906680944464393, 2.721871092481367, 2.6590469232677134, 3.4502795242259365, 4.536641979831571, 4.795812543208873, 5.702649548836534, 4.923730655873018, 5.908188394949052, 5.016432666227764, 4.303396542143307, 4.360326783884803, 5.520181818820424], [1.5358522357804418, 0.0, 1.5371761713011904, 1.5290267431825735, 1.5405999434483197, 2.36540942901918, 2.713861514032965, 3.1977001250435135, 3.935681279435888, 3.3807211415546106, 2.169700796307357, 2.16956528908955, 2.166505852924831, 2.156815123597485, 2.187591475855169, 2.170002207414826, 2.165595047093699, 2.1434415943832374, 2.191000633187736, 3.00402249202128, 3.387774133034752, 4.240893001626625, 4.225889324495091, 4.814143459865543, 4.0868244452138285, 3.5852049139898705, 3.24958679098128, 4.404411447968061], [2.4856931342307136, 1.5371761713011904, 0.0, 2.5164259417223174, 2.4860911463883872, 3.223726582146504, 3.38076056193124, 3.2674007794668873, 4.4449485021289705, 4.4217280461117126, 3.4445624022091317, 2.7044483829814907, 2.735303303198177, 1.0882703287805502, 1.0848422255795018, 1.0879007700801122, 3.467949836365398, 2.739241820134096, 2.782145514801344, 3.0365063315138068, 3.00920796285815, 4.344772393440633, 4.974699119274729, 5.265672288113382, 4.266680809218899, 4.848337916920907, 4.307731097894281, 5.305959048152025], [2.475528401248095, 1.5290267431825735, 2.5164259417223174, 0.0, 2.596838866300206, 3.5907462410372526, 3.1976788986900258, 3.446544903971151, 4.67372837060099, 3.2672900975484067, 2.7383714762528513, 3.4337758902939695, 2.6809466415554897, 2.8023123751804113, 2.7273847523998924, 3.462594300717509, 1.0873617110112814, 1.0889594193182457, 1.085026602863011, 2.8424406596420297, 3.9616842418064766, 4.335340389867894, 5.007900103023264, 5.346361124110027, 5.072723316787731, 3.584347755677297, 2.655780112085552, 4.243539685137471], [2.4768108220465703, 1.5405999434483197, 2.4860911463883872, 2.596838866300206, 0.0, 1.2079951605464978, 1.5405881333656806, 2.5961374889039384, 2.476412354050778, 2.487191983653198, 2.7214491929649545, 2.689671316420862, 3.437107754892523, 3.4252018265682045, 2.8601797499453134, 2.61607204627618, 2.8508529429403104, 3.511046872134587, 2.922670261946168, 2.9221938935362464, 2.84959940744254, 3.510474644829615, 2.689756613560863, 3.4367766997220976, 2.7204182756357587, 2.617588143483637, 2.8613252536877876, 3.4261435977921093], [2.627206458942481, 2.36540942901918, 3.223726582146504, 3.5907462410372526, 1.2079951605464978, 0.0, 2.3654007417874996, 3.5907020760146597, 2.627120603927456, 3.2237476464415318, 2.7067171186651344, 2.4332812369443877, 3.6997263596249588, 4.079660954551387, 3.7973196545451096, 3.0058614712963583, 3.6851866539020337, 4.40800204115276, 4.077578117895156, 4.077508682195404, 3.685181894325934, 4.407897893586457, 2.4331522487936335, 3.699625513996411, 2.7066999769952904, 3.00587474378681, 3.7973153082798867, 4.07977147930898], [3.9357044808334978, 2.713861514032965, 3.38076056193124, 3.1976788986900258, 1.5405881333656806, 2.3654007417874996, 0.0, 1.5289834261852062, 1.5358287196548004, 1.5372361905729486, 4.086807656039486, 4.225943795923068, 4.814205124391696, 4.4043674773306964, 3.249671339310596, 3.585275655364387, 3.387627485868704, 4.240935572607808, 3.004067492314869, 2.1909656429430187, 2.165571107065, 2.1433019927201498, 2.16961287547937, 2.166416069014488, 2.169637362711694, 2.1700484387117425, 2.1876296405956475, 2.157024934272634], [4.6737790367419585, 3.1977001250435135, 3.2674007794668873, 3.446544903971151, 2.5961374889039384, 3.5907020760146597, 1.5289834261852062, 0.0, 2.4755334670995377, 2.516449844686634, 5.072741765882348, 5.007941911810396, 5.346489677990097, 4.2436336129642225, 2.6559501372296457, 3.5844674273150505, 3.9615503627771647, 4.335460400808579, 2.842478232816635, 1.0850305709926995, 1.087365734773188, 1.088955495013097, 3.433810085270791, 2.680924370326403, 2.7382736108395607, 3.462600596709522, 2.727419000345049, 2.802531513759956], [4.920094712746425, 3.935681279435888, 4.4449485021289705, 4.67372837060099, 2.476412354050778, 2.627120603927456, 1.5358287196548004, 2.4755334670995377, 0.0, 2.4856954799961457, 5.016320785759955, 4.923798368111, 5.908234674144448, 5.520212868036588, 4.360481469965769, 4.303538257594587, 4.795605429885738, 5.702677706000963, 4.536668993053005, 3.4502793834938377, 2.721861128597429, 2.6590120895011515, 1.086232423764764, 1.0873034278662077, 1.0875272589211689, 2.7906327719233794, 3.4472087959930606, 2.6265623546141943], [4.44486305926953, 3.3807211415546106, 4.4217280461117126, 3.2672900975484067, 2.487191983653198, 3.2237476464415318, 1.5372361905729486, 2.516449844686634, 2.4856954799961457, 0.0, 4.266565240820949, 4.974687604297043, 5.265582694054649, 5.305805901914106, 4.307796804480573, 4.848387374145263, 3.008923126634598, 4.344640706693223, 3.036522326260653, 2.782188460131902, 3.4679912490717286, 2.7390774628695334, 2.7045521601300675, 2.735190403890538, 3.4445582055585438, 1.0879013922267469, 1.084839917984916, 1.0882847790122039], [1.087523087168488, 2.169700796307357, 3.4445624022091317, 2.7383714762528513, 2.7214491929649545, 2.7067171186651344, 4.086807656039486, 5.072741765882348, 5.016320785759955, 4.266565240820949, 0.0, 1.7588859997744253, 1.7679790500731194, 3.6568371853093544, 4.3078391235471525, 3.7651789504980777, 2.5334432896469767, 3.038142641539635, 3.7584413501179657, 4.973911382242926, 5.37087968103423, 6.01424985798236, 4.823019324014561, 5.978552032691243, 5.291140245029938, 3.8848402622379625, 4.200716109934313, 5.341886362776841], [1.0862288204214763, 2.16956528908955, 2.7044483829814907, 3.4337758902939695, 2.689671316420862, 2.4332812369443877, 4.225943795923068, 5.007941911810396, 4.923798368111, 4.974687604297043, 1.7588859997744253, 0.0, 1.7681483251074657, 2.9030522508627783, 3.7470000978998472, 2.567236108766133, 3.733269068610349, 3.653403485430124, 4.310028463904028, 5.056382088956948, 4.937358448903954, 6.041649079776123, 4.864948103895408, 5.979824156363462, 4.823199239501458, 4.791403483186701, 5.086616634701171, 6.005614318433833], [1.0873066813288073, 2.166505852924831, 2.735303303198177, 2.6809466415554897, 3.437107754892523, 3.6997263596249588, 4.814205124391696, 5.346489677990097, 5.908234674144448, 5.265582694054649, 1.7679790500731194, 1.7681483251074657, 0.0, 2.4227936368971354, 3.6885360367777893, 3.1896956072769913, 3.0263886985263193, 2.40155053188099, 3.681517782300495, 5.026431726099147, 5.43842920261992, 6.395353015218632, 5.979781257136603, 6.865261527823073, 5.978723428894051, 5.190248167616962, 5.002620487700465, 6.343680636348369], [2.6263495838040702, 2.156815123597485, 1.0882703287805502, 2.8023123751804113, 3.4252018265682045, 4.079660954551387, 4.4043674773306964, 4.2436336129642225, 5.520212868036588, 5.305805901914106, 3.6568371853093544, 2.9030522508627783, 2.4227936368971354, 0.0, 1.7598838981243807, 1.7633105208242006, 3.7800489225832905, 2.582002333409285, 3.1887558173972894, 3.83640259052217, 3.9974703560184, 5.301873911555791, 6.005538216795567, 6.343723138495108, 5.342003751718998, 5.686314562778416, 5.044658084615185, 6.227859962794722], [3.447211787311385, 2.187591475855169, 1.0848422255795018, 2.7273847523998924, 2.8601797499453134, 3.7973196545451096, 3.249671339310596, 2.6559501372296457, 4.360481469965769, 4.307796804480573, 4.3078391235471525, 3.7470000978998472, 3.6885360367777893, 1.7598838981243807, 0.0, 1.766528088870349, 3.746640956095378, 3.024791374719066, 2.5495438292210664, 2.293182138373289, 2.3438791477342376, 3.659521309646621, 5.0867135296776835, 5.002789706676657, 4.2008511740950025, 4.955740866493937, 4.135354259216941, 5.044900536401196], [2.7906680944464393, 2.170002207414826, 1.0879007700801122, 3.462594300717509, 2.61607204627618, 3.0058614712963583, 3.585275655364387, 3.5844674273150505, 4.303538257594587, 4.848387374145263, 3.7651789504980777, 2.567236108766133, 3.1896956072769913, 1.7633105208242006, 1.766528088870349, 0.0, 4.303600236933878, 3.7557785999323285, 3.758310658266942, 3.653081811037752, 3.0705188854057495, 4.628709191209763, 4.791448560708056, 5.190416630963887, 3.885027380474528, 5.1988283830616995, 4.955718159826787, 5.686546403340788], [2.721871092481367, 2.165595047093699, 3.467949836365398, 1.0873617110112814, 2.8508529429403104, 3.6851866539020337, 3.387627485868704, 3.9615503627771647, 4.795605429885738, 3.008923126634598, 2.5334432896469767, 3.733269068610349, 3.0263886985263193, 3.7800489225832905, 3.746640956095378, 4.303600236933878, 0.0, 1.7597647213159469, 1.7695204090663141, 3.4704735928654173, 4.641561731435757, 4.725994124173137, 4.937185840927799, 5.438107602666029, 5.370736147145428, 3.0702454521994276, 2.343537976316942, 3.9971352274886502], [2.6590469232677134, 2.1434415943832374, 2.739241820134096, 1.0889594193182457, 3.511046872134587, 4.40800204115276, 4.240935572607808, 4.335460400808579, 5.702677706000963, 4.344640706693223, 3.038142641539635, 3.653403485430124, 2.40155053188099, 2.582002333409285, 3.024791374719066, 3.7557785999323285, 1.7597647213159469, 0.0, 1.753661129712283, 3.6085162820565917, 4.726305878925308, 5.240415529440095, 6.041642663024996, 6.395303056044357, 6.014352541541072, 4.628528663934446, 3.65929953017838, 5.301753421156964], [3.4502795242259365, 2.191000633187736, 2.782145514801344, 1.085026602863011, 2.922670261946168, 4.077578117895156, 3.004067492314869, 2.842478232816635, 4.536668993053005, 3.036522326260653, 3.7584413501179657, 4.310028463904028, 3.681517782300495, 3.1887558173972894, 2.5495438292210664, 3.758310658266942, 1.7695204090663141, 1.753661129712283, 0.0, 2.0177504660570103, 3.4705992696575687, 3.608446442503501, 5.0564469319067324, 5.0263856865670675, 4.973911836929235, 3.6531037626979885, 2.293164483586824, 3.836442810868513], [4.536641979831571, 3.00402249202128, 3.0365063315138068, 2.8424406596420297, 2.9221938935362464, 4.077508682195404, 2.1909656429430187, 1.0850305709926995, 3.4502793834938377, 2.782188460131902, 4.973911382242926, 5.056382088956948, 5.026431726099147, 3.83640259052217, 2.293182138373289, 3.653081811037752, 3.4704735928654173, 3.6085162820565917, 2.0177504660570103, 0.0, 1.7695307027413734, 1.7536777487205535, 4.310063060731479, 3.681499572902939, 3.7583360620403377, 3.7583343083950185, 2.5496043023659207, 3.1889597044780214], [4.795812543208873, 3.387774133034752, 3.00920796285815, 3.9616842418064766, 2.84959940744254, 3.685181894325934, 2.165571107065, 1.087365734773188, 2.721861128597429, 3.4679912490717286, 5.37087968103423, 4.937358448903954, 5.43842920261992, 3.9974703560184, 2.3438791477342376, 3.0705188854057495, 4.641561731435757, 4.726305878925308, 3.4705992696575687, 1.7695307027413734, 0.0, 1.7598225781463517, 3.733260012165559, 3.0263622164193564, 2.533315315893695, 4.3036257751394835, 3.746700671530886, 3.7802719620013474], [5.702649548836534, 4.240893001626625, 4.344772393440633, 4.335340389867894, 3.510474644829615, 4.407897893586457, 2.1433019927201498, 1.088955495013097, 2.6590120895011515, 2.7390774628695334, 6.01424985798236, 6.041649079776123, 6.395353015218632, 5.301873911555791, 3.659521309646621, 4.628709191209763, 4.725994124173137, 5.240415529440095, 3.608446442503501, 1.7536777487205535, 1.7598225781463517, 0.0, 3.6533921404542067, 2.4014877863579294, 3.038054979895336, 3.7556114979359996, 3.0246517740446586, 2.5820363460243474], [4.923730655873018, 4.225889324495091, 4.974699119274729, 5.007900103023264, 2.689756613560863, 2.4331522487936335, 2.16961287547937, 3.433810085270791, 1.086232423764764, 2.7045521601300675, 4.823019324014561, 4.864948103895408, 5.979781257136603, 6.005538216795567, 5.0867135296776835, 4.791448560708056, 4.937185840927799, 6.041642663024996, 5.0564469319067324, 4.310063060731479, 3.733260012165559, 3.6533921404542067, 0.0, 1.7681773737753528, 1.7588951218193234, 2.567300122219425, 3.7470799067927847, 2.9033275470623945], [5.908188394949052, 4.814143459865543, 5.265672288113382, 5.346361124110027, 3.4367766997220976, 3.699625513996411, 2.166416069014488, 2.680924370326403, 1.0873034278662077, 2.735190403890538, 5.978552032691243, 5.979824156363462, 6.865261527823073, 6.343723138495108, 5.002789706676657, 5.190416630963887, 5.438107602666029, 6.395303056044357, 5.0263856865670675, 3.681499572902939, 3.0263622164193564, 2.4014877863579294, 1.7681773737753528, 0.0, 1.7679905260084259, 3.189554545159079, 3.6884413321846212, 2.4228926526223042], [5.016432666227764, 4.0868244452138285, 4.266680809218899, 5.072723316787731, 2.7204182756357587, 2.7066999769952904, 2.169637362711694, 2.7382736108395607, 1.0875272589211689, 3.4445582055585438, 5.291140245029938, 4.823199239501458, 5.978723428894051, 5.342003751718998, 4.2008511740950025, 3.885027380474528, 5.370736147145428, 6.014352541541072, 4.973911836929235, 3.7583360620403377, 2.533315315893695, 3.038054979895336, 1.7588951218193234, 1.7679905260084259, 0.0, 3.7651777187068705, 4.307814087942035, 3.6570304374257936], [4.303396542143307, 3.5852049139898705, 4.848337916920907, 3.584347755677297, 2.617588143483637, 3.00587474378681, 2.1700484387117425, 3.462600596709522, 2.7906327719233794, 1.0879013922267469, 3.8848402622379625, 4.791403483186701, 5.190248167616962, 5.686314562778416, 4.955740866493937, 5.1988283830616995, 3.0702454521994276, 4.628528663934446, 3.6531037626979885, 3.7583343083950185, 4.3036257751394835, 3.7556114979359996, 2.567300122219425, 3.189554545159079, 3.7651777187068705, 0.0, 1.7665227340206544, 1.7632517503998866], [4.360326783884803, 3.24958679098128, 4.307731097894281, 2.655780112085552, 2.8613252536877876, 3.7973153082798867, 2.1876296405956475, 2.727419000345049, 3.4472087959930606, 1.084839917984916, 4.200716109934313, 5.086616634701171, 5.002620487700465, 5.044658084615185, 4.135354259216941, 4.955718159826787, 2.343537976316942, 3.65929953017838, 2.293164483586824, 2.5496043023659207, 3.746700671530886, 3.0246517740446586, 3.7470799067927847, 3.6884413321846212, 4.307814087942035, 1.7665227340206544, 0.0, 1.759856138249714], [5.520181818820424, 4.404411447968061, 5.305959048152025, 4.243539685137471, 3.4261435977921093, 4.07977147930898, 2.157024934272634, 2.802531513759956, 2.6265623546141943, 1.0882847790122039, 5.341886362776841, 6.005614318433833, 6.343680636348369, 6.227859962794722, 5.044900536401196, 5.686546403340788, 3.9971352274886502, 5.301753421156964, 3.836442810868513, 3.1889597044780214, 3.7802719620013474, 2.5820363460243474, 2.9033275470623945, 2.4228926526223042, 3.6570304374257936, 1.7632517503998866, 1.759856138249714, 0.0]]}