{"total energy": -26.06000763, "HOMO-LUMO gap/eV": 4.34514821, "electronic energy": -26.3898199, "dipole": [-0.25892204, -0.40548022, 0.79394203], "partial charges": [-0.10516926, -0.03583591, -0.04082382, -0.09024504, 0.36084929, -0.40673579, -0.26144333, 0.03241196, 0.04811811, 0.04282147, 0.04845476, 0.03621528, 0.04446606, 0.07108835, 0.06233085, 0.06407359, 0.06104405, 0.06837937], "atomic dipole moments": [[0.06378598, -0.03116134, -0.00746123], [-0.121814, 0.02921063, 0.05275391], [0.16152288, -0.03626264, -0.0583863], [0.01196659, 0.0992348, 0.02676581], [0.06440684, 0.00884294, 0.14687741], [-0.05819668, -0.1400536, 0.12165758], [0.08601091, 0.18908612, -0.12676078], [-0.169545, -0.16940575, -0.09407413], [-0.09142665, -0.08710635, -0.00643139], [-0.02296793, 0.08918731, -0.08699613], [-0.00789277, 0.05274206, 0.11496988], [0.03935101, -0.1042526, 0.09472929], [-0.03687783, 0.10764253, -0.09587638], [0.01556713, -0.03258229, -0.1265256], [0.01736433, -0.10007524, 0.08274067], [0.09726726, 0.00439342, -0.08402616], [-0.0592425, 0.11374602, 0.00025003], [0.0319234, -0.04146517, 0.1148481]], "atomic quadrupole moments": [[0.14117541, -0.10743782, -0.05329007, -0.04711316, 0.01236146, -0.08788533], [-0.0196452, 0.11725542, 0.11753702, 0.23740828, 0.38973651, -0.09789182], [0.03126686, 0.09237455, 0.09265991, 0.22893585, 0.37350946, -0.12392677], [0.15910566, 0.08127401, 0.01289136, 0.01515912, 0.0485328, -0.17199702], [0.14081224, -0.37293495, -0.09916832, -0.08644105, 0.16972919, -0.04164392], [0.05761427, -0.13284924, 0.00209001, -0.07772704, 0.04406548, -0.05970429], [-0.00896185, 0.07565473, 0.01215384, 0.04129254, 0.01016813, -0.00319199], [0.07242179, 0.36490085, 0.08230899, 0.209642, 0.19961344, -0.15473078], [0.01936023, 0.06153215, 0.03181124, 0.00757364, 0.00484456, -0.05117147], [-0.0304443, -0.01766817, 0.01194224, 0.00286352, -0.06677775, 0.01850205], [-0.04215043, -0.00671281, -0.02494867, 0.00409546, 0.04837626, 0.0670991], [0.01443764, -0.02637731, -0.01547228, -0.02723686, -0.04247333, 0.00103464], [0.01471671, -0.02601794, -0.01731074, -0.02767681, -0.03856419, 0.00259403], [-0.03309059, -0.00453893, -0.02215695, -0.00772241, 0.02468848, 0.05524754], [-0.02310418, -0.00541382, 0.02460726, 0.00572853, -0.04800908, -0.00150308], [0.03069275, 0.01422409, -0.03036037, -0.04503374, 0.0185789, -0.00033238], [0.00379788, -0.03253179, 0.04627811, 0.0095825, 0.01460847, -0.05007599], [-0.03214053, 0.00672399, -0.02671811, 0.0431991, -0.02775861, 0.05885864]], "number of molecular orbitals": 42, "number of electrons": 46, "number of unpaired electrons": 0, "orbital energies/eV": [-20.2574564, -19.4666894, -18.41436201, -17.31908444, -16.91511478, -16.57060952, -16.22312464, -15.95783651, -15.33133077, -15.22929856, -14.93690009, -14.17884895, -13.83181463, -13.58410462, -13.54745745, -13.28815986, -13.02511818, -12.61500482, -12.34140369, -12.21738703, -11.92275239, -11.53093284, -10.67410728, -6.32895906, -5.35106255, 0.49179178, 2.50539373, 3.12535842, 3.54300886, 3.81620978, 4.70120754, 4.78655624, 4.93687821, 5.09516489, 5.26462486, 5.9278371, 6.01930728, 6.28534536, 8.00626595, 10.87310911, 17.18851024, 18.00276719], "fractional occupation": [2.0, 2.0, 2.0, 2.0, 2.0, 2.0, 2.0, 2.0, 2.0, 2.0, 2.0, 2.0, 2.0, 2.0, 2.0, 2.0, 2.0, 2.0, 2.0, 2.0, 2.0, 2.0, 2.0, 0.0, 0.0, 0.0, 0.0, 0.0, 0.0, 0.0, 0.0, 0.0, 0.0, 0.0, 0.0, 0.0, 0.0, 0.0, 0.0, 0.0, 0.0, 0.0], "program call": "xtb /tmp/scratch/tmpdk8rbkkg/23260_0_xyzopt.xyz --pop --wbo --acc 0.2 --gfn 2 --chrg 0 --uhf 0 --etemp 300 --input /tmp/scratch/tmpdk8rbkkg/23260_0_xtb.inp", "method": "GFN2-xTB", "xtb version": "6.3.3 (7355c4f)", "Dipole module/D": 2.36, "Total charge": 0, "Transition dipole module/D": NaN, "HOMO": -10.6741, "LUMO": -6.329, "HOMO occupancy": 2.0, "LUMO occupancy": 0, "mulliken charges": [-0.07958, -0.03129, -0.0394, -0.07452, 0.58372, -0.52997, -0.41398, 0.17507, 0.03794, 0.03459, 0.03934, 0.02756, 0.03821, 0.05744, 0.04922, 0.04542, 0.04269, 0.03754], "cm5 charges": [-0.22736, -0.096, -0.1003, -0.17016, 0.63728, -0.58012, -0.50417, 0.05442, 0.08967, 0.0874, 0.0911, 0.08455, 0.09676, 0.11587, 0.11058, 0.10794, 0.10414, 0.09838], "FUKUI+": [0.032, -0.086, -0.053, 0.02, -0.094, -0.178, -0.082, 0.033, -0.063, -0.043, -0.061, -0.078, -0.074, -0.081, -0.066, -0.038, -0.036, -0.053], "FUKUI-": [0.023, -0.067, -0.058, -0.007, -0.019, -0.15, -0.064, 0.023, -0.106, -0.059, -0.106, -0.074, -0.071, -0.081, -0.063, -0.036, -0.031, -0.054], "FUKUIrad": [0.027, -0.076, -0.056, 0.006, -0.057, -0.164, -0.073, 0.028, -0.085, -0.051, -0.084, -0.076, -0.072, -0.081, -0.065, -0.037, -0.033, -0.053], "s proportion": [1.002, 1.062, 1.06, 1.035, 0.978, 1.72, 1.685, 0.973, 0.962, 0.965, 0.961, 0.972, 0.962, 0.943, 0.951, 0.955, 0.957, 0.962], "p proportion": [3.078, 2.969, 2.98, 3.04, 2.438, 4.81, 4.729, 2.852, 0.0, 0.0, 0.0, 0.0, 0.0, 0.0, 0.0, 0.0, 0.0, 0.0], "d proportion": [0.0, 0.0, 0.0, 0.0, 0.0, 0.0, 0.0, 0.0, 0.0, 0.0, 0.0, 0.0, 0.0, 0.0, 0.0, 0.0, 0.0, 0.0], "Fermi-level/eV": -8.5015, "Coordination numbers": [3.756, 2.888, 2.898, 3.808, 2.73, 0.856, 1.704, 3.656, 0.925, 0.925, 0.925, 0.925, 0.925, 0.924, 0.925, 0.924, 0.924, 0.925], "Dispersion coefficient C6": [22.564, 28.89, 29.013, 22.215, 20.877, 21.816, 18.333, 20.319, 2.344, 2.412, 2.339, 2.5, 2.39, 2.074, 2.172, 2.152, 2.187, 2.103], "Total dispersion C6": 2826.056445, "Total dispersion C8": 62242.446219, "Polarizability alpha": [6.773, 8.812, 8.832, 6.709, 7.48, 6.262, 5.781, 6.471, 2.394, 2.428, 2.392, 2.472, 2.418, 2.252, 2.305, 2.294, 2.313, 2.268], "Total polarizability alpha": 80.65581, "Wiberg matrix": [[0.0, 1.039143455979484, 0.0, 0.0, 0.0, 0.0, 0.0, 0.0, 0.9701592339064045, 0.9853806063128074, 0.9696818308393067, 0.0, 0.0, 0.0, 0.0, 0.0, 0.0, 0.0], [1.039143455979484, 0.0, 1.9211334834232003, 0.0, 0.0, 0.0, 0.0, 0.0, 0.0, 0.0, 0.0, 0.9645767633020155, 0.0, 0.0, 0.0, 0.0, 0.0, 0.0], [0.0, 1.9211334834232003, 0.0, 0.9965129385503981, 0.0, 0.0, 0.0, 0.0, 0.0, 0.0, 0.0, 0.0, 0.9643984288726821, 0.0, 0.0, 0.0, 0.0, 0.0], [0.0, 0.0, 0.9965129385503981, 0.0, 0.9532342321803474, 0.0, 0.0, 0.0, 0.0, 0.0, 0.0, 0.0, 0.0, 0.9562070022363895, 0.9710755299226962, 0.0, 0.0, 0.0], [0.0, 0.0, 0.0, 0.9532342321803474, 0.0, 1.758970840946095, 1.1282087861062846, 0.0, 0.0, 0.0, 0.0, 0.0, 0.0, 0.0, 0.0, 0.0, 0.0, 0.0], [0.0, 0.0, 0.0, 0.0, 1.758970840946095, 0.0, 0.1712619357344458, 0.0, 0.0, 0.0, 0.0, 0.0, 0.0, 0.0, 0.0, 0.0, 0.0, 0.0], [0.0, 0.0, 0.0, 0.0, 1.1282087861062846, 0.1712619357344458, 0.0, 0.957169726366539, 0.0, 0.0, 0.0, 0.0, 0.0, 0.0, 0.0, 0.0, 0.0, 0.0], [0.0, 0.0, 0.0, 0.0, 0.0, 0.0, 0.957169726366539, 0.0, 0.0, 0.0, 0.0, 0.0, 0.0, 0.0, 0.0, 0.9772385706538209, 0.9774834431873185, 0.9819807873343742], [0.9701592339064045, 0.0, 0.0, 0.0, 0.0, 0.0, 0.0, 0.0, 0.0, 0.0, 0.0, 0.0, 0.0, 0.0, 0.0, 0.0, 0.0, 0.0], [0.9853806063128074, 0.0, 0.0, 0.0, 0.0, 0.0, 0.0, 0.0, 0.0, 0.0, 0.0, 0.0, 0.0, 0.0, 0.0, 0.0, 0.0, 0.0], [0.9696818308393067, 0.0, 0.0, 0.0, 0.0, 0.0, 0.0, 0.0, 0.0, 0.0, 0.0, 0.0, 0.0, 0.0, 0.0, 0.0, 0.0, 0.0], [0.0, 0.9645767633020155, 0.0, 0.0, 0.0, 0.0, 0.0, 0.0, 0.0, 0.0, 0.0, 0.0, 0.0, 0.0, 0.0, 0.0, 0.0, 0.0], [0.0, 0.0, 0.9643984288726821, 0.0, 0.0, 0.0, 0.0, 0.0, 0.0, 0.0, 0.0, 0.0, 0.0, 0.0, 0.0, 0.0, 0.0, 0.0], [0.0, 0.0, 0.0, 0.9562070022363895, 0.0, 0.0, 0.0, 0.0, 0.0, 0.0, 0.0, 0.0, 0.0, 0.0, 0.0, 0.0, 0.0, 0.0], [0.0, 0.0, 0.0, 0.9710755299226962, 0.0, 0.0, 0.0, 0.0, 0.0, 0.0, 0.0, 0.0, 0.0, 0.0, 0.0, 0.0, 0.0, 0.0], [0.0, 0.0, 0.0, 0.0, 0.0, 0.0, 0.0, 0.9772385706538209, 0.0, 0.0, 0.0, 0.0, 0.0, 0.0, 0.0, 0.0, 0.0, 0.0], [0.0, 0.0, 0.0, 0.0, 0.0, 0.0, 0.0, 0.9774834431873185, 0.0, 0.0, 0.0, 0.0, 0.0, 0.0, 0.0, 0.0, 0.0, 0.0], [0.0, 0.0, 0.0, 0.0, 0.0, 0.0, 0.0, 0.9819807873343742, 0.0, 0.0, 0.0, 0.0, 0.0, 0.0, 0.0, 0.0, 0.0, 0.0]], "Born radii": [], "Atomic SASAs": [], "Solvent H bonds": [], "Total SASA": NaN, "Total FOD": 0.0, "FOD": [0.0, 0.0, 0.0, 0.0, 0.0, 0.0, 0.0, 0.0, 0.0, 0.0, 0.0, 0.0, 0.0, 0.0, 0.0, 0.0, 0.0, 0.0], "FOD s proportion": [0.0, 0.0, 0.0, 0.0, 0.0, 0.0, 0.0, 0.0, 0.0, 0.0, 0.0, 0.0, 0.0, 0.0, 0.0, 0.0, 0.0, 0.0], "FOD p proportion": [0.0, 0.0, 0.0, 0.0, 0.0, 0.0, 0.0, 0.0, 0.0, 0.0, 0.0, 0.0, 0.0, 0.0, 0.0, 0.0, 0.0, 0.0], "FOD d proportion": [0.0, 0.0, 0.0, 0.0, 0.0, 0.0, 0.0, 0.0, 0.0, 0.0, 0.0, 0.0, 0.0, 0.0, 0.0, 0.0, 0.0, 0.0], "coordinates": [["-3.09564147733859", "-0.04469285075711", "0.30246518615765"], ["-1.75411251494128", "-0.66173220296109", "0.09152205915747"], ["-0.92422174527874", "-0.33369257499322", "-0.88414488744797"], ["0.43287995299383", "-0.94597489913851", "-1.08199318007509"], ["1.46141509718323", "0.11838274838258", "-0.76068566878863"], ["1.81971807919349", "0.99007953827316", "-1.50624562694836"], ["1.90386714483651", "-0.01301027845792", "0.49538413547381"], ["2.82834049297759", "0.96946617222257", "0.94201470220243"], ["-3.87384047898159", "-0.80527225008637", "0.24437033362310"], ["-3.29509903666982", "0.72072291594574", "-0.44297348521808"], ["-3.14929024385456", "0.40536821529212", "1.29341390108407"], ["-1.47832332652634", "-1.43284581167476", "0.79979736420139"], ["-1.18463828402411", "0.44254017756279", "-1.59099154001197"], ["0.55886897227133", "-1.24597517220076", "-2.12335712196986"], ["0.57373899585602", "-1.79683311390890", "-0.41709523811851"], ["3.68402214900354", "1.01969173116669", "0.26576609908764"], ["2.34997237223366", "1.95033545372131", "0.97638424218631"], ["3.14234485106549", "0.66344420161208", "1.93638272540444"]], "bond_dist": [[0.0, 1.4916214405631627, 2.4913104905189463, 3.896087496820566, 4.682269536752483, 5.33881524989742, 5.00332968827719, 6.044096664679958, 1.089701665931199, 1.086887034918577, 1.0896845914925923, 2.1886127887703033, 2.7339545721574994, 4.547871998279, 4.129420753931962, 6.862805566790843, 5.838579881135626, 6.487188762734797], [1.4916214405631627, 0.0, 1.3222158211830488, 2.4981729287313486, 3.416790185717605, 4.248953838630985, 3.736945263629864, 4.937916711008815, 2.1300734686086127, 2.1381083000863255, 2.128325209544234, 1.0827417890360784, 2.0915473701201894, 3.2552900015644557, 2.6393253474030334, 5.694809571434954, 4.9446325735264285, 5.397675251274816], [2.4913104905189463, 1.3222158211830488, 0.0, 1.5019183102987055, 2.43122961087373, 3.109435269992505, 3.1629138829231476, 4.372048137807326, 3.1931465153294876, 2.632011277428621, 3.199828581753212, 2.0858638275157158, 1.0816590266963664, 2.1371627396713735, 2.1454141776212436, 4.938608725775424, 4.4043955087303495, 5.048427641219037], [3.896087496820566, 2.4981729287313486, 1.5019183102987055, 0.0, 1.5145891394957371, 2.419011556727326, 2.3499671269222353, 3.67474537947838, 4.508533939665382, 4.133286237921997, 4.505622080615393, 2.7259634835505233, 2.191670298135848, 1.0910143245139106, 1.0889858790711673, 4.031156900287991, 4.037421778371104, 4.36371664782702], [4.682269536752483, 3.416790185717605, 2.43122961087373, 1.5145891394957371, 0.0, 1.2017054429576846, 1.3381850750754818, 2.343505192094923, 5.507107061532246, 4.805016276204797, 5.05571848929931, 3.671985749103845, 2.792146911406968, 2.1290691704045286, 2.1387087328779604, 2.608820273806729, 2.6763775184486627, 3.224406107834203], [5.33881524989742, 4.248953838630985, 3.109435269992505, 2.419011556727326, 1.2017054429576846, 0.0, 2.24048922146312, 2.6479657708779274, 6.221298364549155, 5.231104545514227, 5.7333257816598735, 4.697390620577936, 3.0550185561652796, 2.6401719140894375, 3.2412334961392615, 2.5722620597224073, 2.714168768805714, 3.70239411641327], [5.00332968827719, 3.736945263629864, 3.1629138829231476, 2.3499671269222353, 1.3381850750754818, 2.24048922146312, 0.0, 1.4210523602954397, 5.837173318202393, 5.333678728731874, 5.1328638853680575, 3.680735353130833, 3.754910845991013, 3.191712437993689, 2.4049705628589453, 2.070784808273778, 2.070047690425246, 2.016902235760334], [6.044096664679958, 4.937916711008815, 4.372048137807326, 3.67474537947838, 2.343505192094923, 2.6479657708779274, 1.4210523602954397, 0.0, 6.968187276008142, 6.283038847570978, 6.01446233074148, 4.933424965825365, 4.7747010682985565, 4.410803300341831, 3.818745799494056, 1.0917993755472046, 1.0918433365692337, 1.0867455769227656], [1.089701665931199, 2.1300734686086127, 3.1931465153294876, 4.508533939665382, 5.507107061532246, 6.221298364549155, 5.837173318202393, 6.968187276008142, 0.0, 1.7708880340387563, 1.7581569287369432, 2.537883013302438, 3.4867459768605245, 5.044726498905153, 4.604529599672558, 7.775103781631801, 6.8458063503554, 7.365248844064886], [1.086887034918577, 2.1381083000863255, 2.632011277428621, 4.133286237921997, 4.805016276204797, 5.231104545514227, 5.333678728731874, 6.283038847570978, 1.7708880340387563, 0.0, 1.7708048866534645, 3.0794498907628154, 2.4185482584651643, 4.64162255580137, 4.615914402266231, 7.021383529985468, 5.9492314262446495, 6.863330141839629], [1.0896845914925923, 2.128325209544234, 3.199828581753212, 4.505622080615393, 5.05571848929931, 5.7333257816598735, 5.1328638853680575, 6.01446233074148, 1.7581569287369432, 1.7708048866534645, 0.0, 2.532749204565509, 3.490133783491561, 5.305817936900666, 4.651502867823498, 6.937406694543189, 5.720954543880401, 6.3296669968800545], [2.1886127887703033, 1.0827417890360784, 2.0858638275157158, 2.7259634835505233, 3.671985749103845, 4.697390620577936, 3.680735353130833, 4.933424965825365, 2.537883013302438, 3.0794498907628154, 2.532749204565509, 0.0, 3.0527356743301177, 3.5678992766333892, 2.4133532971179066, 5.740203881386932, 5.112039354029635, 5.199695424783745], [2.7339545721574994, 2.0915473701201894, 1.0816590266963664, 2.191670298135848, 2.792146911406968, 3.0550185561652796, 3.754910845991013, 4.7747010682985565, 3.4867459768605245, 2.4185482584651643, 3.490133783491561, 3.0527356743301177, 0.0, 2.48481684475845, 3.0797265989945504, 5.242566857781704, 4.6215081405484035, 5.586944679116928], [4.547871998279, 3.2552900015644557, 2.1371627396713735, 1.0910143245139106, 2.1290691704045286, 2.6401719140894375, 3.191712437993689, 4.410803300341831, 5.044726498905153, 4.64162255580137, 5.305817936900666, 3.5678992766333892, 2.48481684475845, 0.0, 1.7930407708215381, 4.53957472242172, 4.799255101721485, 5.177037530263981], [4.129420753931962, 2.6393253474030334, 2.1454141776212436, 1.0889858790711673, 2.1387087328779604, 3.2412334961392615, 2.4049705628589453, 3.818745799494056, 4.604529599672558, 4.615914402266231, 4.651502867823498, 2.4133532971179066, 3.0797265989945504, 1.7930407708215381, 0.0, 4.251231951038702, 4.374707115182037, 4.26492192583541], [6.862805566790843, 5.694809571434954, 4.938608725775424, 4.031156900287991, 2.608820273806729, 2.5722620597224073, 2.070784808273778, 1.0917993755472046, 7.775103781631801, 7.021383529985468, 6.937406694543189, 5.740203881386932, 5.242566857781704, 4.53957472242172, 4.251231951038702, 0.0, 1.7750393490092236, 1.7920062805529884], [5.838579881135626, 4.9446325735264285, 4.4043955087303495, 4.037421778371104, 2.6763775184486627, 2.714168768805714, 2.070047690425246, 1.0918433365692337, 6.8458063503554, 5.9492314262446495, 5.720954543880401, 5.112039354029635, 4.6215081405484035, 4.799255101721485, 4.374707115182037, 1.7750393490092236, 0.0, 1.7904022809822575], [6.487188762734797, 5.397675251274816, 5.048427641219037, 4.36371664782702, 3.224406107834203, 3.70239411641327, 2.016902235760334, 1.0867455769227656, 7.365248844064886, 6.863330141839629, 6.3296669968800545, 5.199695424783745, 5.586944679116928, 5.177037530263981, 4.26492192583541, 1.7920062805529884, 1.7904022809822575, 0.0]]}