{"total energy": -24.33159273, "HOMO-LUMO gap/eV": 4.44718818, "electronic energy": -24.78621893, "dipole": [-0.22872433, 0.01793567, 0.00151024], "partial charges": [-0.03438683, -0.03103892, -0.03769503, 0.01243182, -0.02329338, -0.06099582, -0.06099576, -0.03985108, -0.02993824, 0.0266254, 0.02652039, 0.02978406, 0.0300734, 0.03765968, 0.03300061, 0.03300069, 0.03765967, 0.02397761, 0.02746171], "atomic dipole moments": [[-0.00198124, 0.00025201, -0.00183752], [0.00276795, -8.594e-05, -0.00253147], [-0.00092271, 0.00085467, -0.01496929], [-0.06815452, 0.00642724, -0.0202607], [-0.04419753, -0.00210552, 0.10689407], [0.04083799, -0.10798821, -0.04773853], [0.05758466, 0.10464494, -0.03662705], [-0.00741788, 0.00014699, 0.00837528], [-0.00133391, 3.828e-05, 0.00127891], [0.14261428, -0.01308282, 0.03538881], [0.03898968, -0.01042076, 0.14068455], [-0.09764039, 0.00200115, 0.1089215], [-0.02212231, 0.0089332, -0.13759984], [0.04947072, 0.05708625, 0.11968779], [-0.09656646, 0.07662023, -0.06849842], [-0.1067829, -0.05309099, -0.07527673], [0.0389737, -0.07619735, 0.11272255], [-0.03790559, 0.01033253, -0.14062332], [0.10093465, -0.00238924, -0.10645575]], "atomic quadrupole moments": [[-0.25358205, 0.05965007, 0.49724281, 0.00047205, 0.03902225, -0.24366076], [-0.25543031, 0.06076888, 0.5076403, -0.00226353, 0.04023424, -0.25221], [-0.22639234, 0.05629094, 0.48329065, 0.00231256, 0.03882463, -0.25689831], [-0.12426566, 0.04043714, 0.41704578, 0.0495623, 0.03343673, -0.29278012], [0.13683091, -0.00529701, -0.03950123, -0.1637814, 0.01594379, -0.09732968], [-0.03054359, -0.02421093, 0.13878548, -0.18095783, 0.06564903, -0.10824189], [-0.01587155, 0.06867511, 0.13208857, -0.18210163, -0.01083636, -0.11621702], [-0.23336107, 0.05611003, 0.47761964, 0.0075993, 0.03744862, -0.24425857], [-0.256697, 0.06059784, 0.5088367, 0.00467853, 0.03974563, -0.2521397], [0.033032, -0.00819304, -0.07123747, -0.00180776, -0.00562433, 0.03820548], [0.03965848, -0.00887486, -0.07316255, -0.00172113, -0.00548857, 0.03350407], [0.04457564, -0.0097074, -0.07485274, 0.00413104, -0.00587373, 0.0302771], [0.03102349, -0.00651177, -0.05339054, -0.00368645, -0.00370561, 0.02236705], [-0.02091833, -0.01019692, -0.00167313, 0.03301096, 0.02226742, 0.02259146], [-0.00385267, -0.0309919, 0.00241178, 0.03368862, 0.00197858, 0.00144089], [0.00532045, 0.02692202, -0.00576469, 0.03598086, -0.00777202, 0.00044424], [-0.01777709, 0.00983579, 0.00059045, 0.02998026, -0.02938515, 0.01718664], [0.03722749, -0.00861833, -0.07203947, -0.00124303, -0.00553503, 0.03481198], [0.03654927, -0.00880108, -0.07239135, 0.00269284, -0.0059191, 0.03584208]], "number of molecular orbitals": 46, "number of electrons": 46, "number of unpaired electrons": 0, "orbital energies/eV": [-17.60473097, -17.37444558, -16.68851773, -16.54633119, -15.78349428, -15.46485747, -15.44737165, -15.01531277, -14.49655823, -14.08256775, -13.57017526, -13.30513657, -13.10284245, -12.98109578, -12.84817735, -12.34433167, -12.23651197, -11.86365042, -11.71908952, -11.37769762, -11.25101403, -10.84613078, -10.39895753, -5.95176935, -5.89603163, -2.64354282, -0.70519056, 2.3309627, 3.036061, 3.34882215, 3.52370357, 3.99196052, 4.70735669, 4.97697433, 5.27866181, 6.22102712, 7.35799384, 8.19728497, 8.27974067, 9.54106858, 11.42303091, 11.60229854, 12.47977292, 12.90249714, 17.40236559, 18.33659395], "fractional occupation": [2.0, 2.0, 2.0, 2.0, 2.0, 2.0, 2.0, 2.0, 2.0, 2.0, 2.0, 2.0, 2.0, 2.0, 2.0, 2.0, 2.0, 2.0, 2.0, 2.0, 2.0, 2.0, 2.0, 0.0, 0.0, 0.0, 0.0, 0.0, 0.0, 0.0, 0.0, 0.0, 0.0, 0.0, 0.0, 0.0, 0.0, 0.0, 0.0, 0.0, 0.0, 0.0, 0.0, 0.0, 0.0, 0.0], "program call": "xtb /tmp/scratch/tmpzux8ajlq/24482_0_xyzopt.xyz --pop --wbo --acc 0.2 --gfn 2 --chrg 0 --uhf 0 --etemp 300 --input /tmp/scratch/tmpzux8ajlq/24482_0_xtb.inp", "method": "GFN2-xTB", "xtb version": "6.3.3 (7355c4f)", "Dipole module/D": 0.583, "Total charge": 0, "Transition dipole module/D": NaN, "HOMO": -10.399, "LUMO": -5.9518, "HOMO occupancy": 2.0, "LUMO occupancy": 0, "mulliken charges": [-0.03577, -0.02616, -0.04457, 0.00828, -0.02045, -0.05506, -0.05506, -0.04324, -0.02605, 0.02767, 0.02723, 0.02873, 0.02885, 0.03315, 0.03218, 0.03218, 0.03315, 0.02736, 0.02758], "cm5 charges": [-0.0922, -0.08253, -0.09902, -0.00427, -0.08219, -0.16267, -0.16267, -0.09727, -0.08236, 0.0841, 0.08368, 0.08733, 0.08815, 0.08943, 0.08715, 0.08715, 0.08943, 0.08474, 0.08403], "FUKUI+": [-0.071, -0.043, -0.045, -0.089, 0.007, -0.007, -0.007, -0.042, -0.047, -0.097, -0.09, -0.086, -0.045, -0.029, -0.052, -0.052, -0.029, -0.087, -0.091], "FUKUI-": [-0.069, -0.029, -0.031, -0.057, -0.038, -0.017, -0.017, -0.035, -0.03, -0.081, -0.072, -0.06, -0.063, -0.053, -0.077, -0.077, -0.053, -0.067, -0.073], "FUKUIrad": [-0.07, -0.036, -0.038, -0.073, -0.015, -0.012, -0.012, -0.039, -0.038, -0.089, -0.081, -0.073, -0.054, -0.041, -0.064, -0.064, -0.041, -0.077, -0.082], "s proportion": [1.054, 1.055, 1.056, 1.08, 1.025, 1.003, 1.003, 1.057, 1.055, 0.972, 0.973, 0.971, 0.971, 0.967, 0.968, 0.968, 0.967, 0.973, 0.972], "p proportion": [2.982, 2.971, 2.989, 2.911, 2.995, 3.052, 3.052, 2.986, 2.971, 0.0, 0.0, 0.0, 0.0, 0.0, 0.0, 0.0, 0.0, 0.0, 0.0], "d proportion": [0.0, 0.0, 0.0, 0.0, 0.0, 0.0, 0.0, 0.0, 0.0, 0.0, 0.0, 0.0, 0.0, 0.0, 0.0, 0.0, 0.0, 0.0, 0.0], "Fermi-level/eV": -8.1754, "Coordination numbers": [2.92, 2.919, 2.925, 2.968, 3.865, 3.806, 3.806, 2.928, 2.919, 0.926, 0.926, 0.926, 0.925, 0.926, 0.926, 0.926, 0.926, 0.925, 0.926], "Dispersion coefficient C6": [28.856, 28.774, 28.937, 27.734, 20.947, 21.668, 21.668, 28.99, 28.748, 2.635, 2.636, 2.589, 2.585, 2.48, 2.544, 2.544, 2.48, 2.674, 2.623], "Total dispersion C6": 3843.911632, "Total dispersion C8": 91766.588894, "Polarizability alpha": [8.809, 8.797, 8.822, 8.638, 6.508, 6.627, 6.627, 8.83, 8.792, 2.538, 2.539, 2.516, 2.514, 2.463, 2.494, 2.494, 2.463, 2.557, 2.532], "Total polarizability alpha": 97.560735, "Wiberg matrix": [[0.0, 1.4348439649229168, 0.0, 0.10634794055119691, 0.0, 0.0, 0.0, 0.0, 1.4361241857533762, 0.9717803643982827, 0.0, 0.0, 0.0, 0.0, 0.0, 0.0, 0.0, 0.0, 0.0], [1.4348439649229168, 0.0, 1.4512672668774924, 0.0, 0.0, 0.0, 0.0, 0.10870932374670013, 0.0, 0.0, 0.9714435917704068, 0.0, 0.0, 0.0, 0.0, 0.0, 0.0, 0.0, 0.0], [0.0, 1.4512672668774924, 0.0, 1.3956551278834943, 0.0, 0.0, 0.0, 0.0, 0.10921317624205375, 0.0, 0.0, 0.966605413084622, 0.0, 0.0, 0.0, 0.0, 0.0, 0.0, 0.0], [0.10634794055119691, 0.0, 1.3956551278834943, 0.0, 1.0420113048650446, 0.0, 0.0, 1.396127914796832, 0.0, 0.0, 0.0, 0.0, 0.0, 0.0, 0.0, 0.0, 0.0, 0.0, 0.0], [0.0, 0.0, 0.0, 1.0420113048650446, 0.0, 0.9450904444264802, 0.9450892145593783, 0.0, 0.0, 0.0, 0.0, 0.0, 0.9707343459890775, 0.0, 0.0, 0.0, 0.0, 0.0, 0.0], [0.0, 0.0, 0.0, 0.0, 0.9450904444264802, 0.0, 0.9941893298365255, 0.0, 0.0, 0.0, 0.0, 0.0, 0.0, 0.9781753892899621, 0.9811279255389117, 0.0, 0.0, 0.0, 0.0], [0.0, 0.0, 0.0, 0.0, 0.9450892145593783, 0.9941893298365255, 0.0, 0.0, 0.0, 0.0, 0.0, 0.0, 0.0, 0.0, 0.0, 0.9811279273410726, 0.9781757652686007, 0.0, 0.0], [0.0, 0.10870932374670013, 0.0, 1.396127914796832, 0.0, 0.0, 0.0, 0.0, 1.449935355736463, 0.0, 0.0, 0.0, 0.0, 0.0, 0.0, 0.0, 0.0, 0.9692686894437172, 0.0], [1.4361241857533762, 0.0, 0.10921317624205375, 0.0, 0.0, 0.0, 0.0, 1.449935355736463, 0.0, 0.0, 0.0, 0.0, 0.0, 0.0, 0.0, 0.0, 0.0, 0.0, 0.9712743662984951], [0.9717803643982827, 0.0, 0.0, 0.0, 0.0, 0.0, 0.0, 0.0, 0.0, 0.0, 0.0, 0.0, 0.0, 0.0, 0.0, 0.0, 0.0, 0.0, 0.0], [0.0, 0.9714435917704068, 0.0, 0.0, 0.0, 0.0, 0.0, 0.0, 0.0, 0.0, 0.0, 0.0, 0.0, 0.0, 0.0, 0.0, 0.0, 0.0, 0.0], [0.0, 0.0, 0.966605413084622, 0.0, 0.0, 0.0, 0.0, 0.0, 0.0, 0.0, 0.0, 0.0, 0.0, 0.0, 0.0, 0.0, 0.0, 0.0, 0.0], [0.0, 0.0, 0.0, 0.0, 0.9707343459890775, 0.0, 0.0, 0.0, 0.0, 0.0, 0.0, 0.0, 0.0, 0.0, 0.0, 0.0, 0.0, 0.0, 0.0], [0.0, 0.0, 0.0, 0.0, 0.0, 0.9781753892899621, 0.0, 0.0, 0.0, 0.0, 0.0, 0.0, 0.0, 0.0, 0.0, 0.0, 0.0, 0.0, 0.0], [0.0, 0.0, 0.0, 0.0, 0.0, 0.9811279255389117, 0.0, 0.0, 0.0, 0.0, 0.0, 0.0, 0.0, 0.0, 0.0, 0.0, 0.0, 0.0, 0.0], [0.0, 0.0, 0.0, 0.0, 0.0, 0.0, 0.9811279273410726, 0.0, 0.0, 0.0, 0.0, 0.0, 0.0, 0.0, 0.0, 0.0, 0.0, 0.0, 0.0], [0.0, 0.0, 0.0, 0.0, 0.0, 0.0, 0.9781757652686007, 0.0, 0.0, 0.0, 0.0, 0.0, 0.0, 0.0, 0.0, 0.0, 0.0, 0.0, 0.0], [0.0, 0.0, 0.0, 0.0, 0.0, 0.0, 0.0, 0.9692686894437172, 0.0, 0.0, 0.0, 0.0, 0.0, 0.0, 0.0, 0.0, 0.0, 0.0, 0.0], [0.0, 0.0, 0.0, 0.0, 0.0, 0.0, 0.0, 0.0, 0.9712743662984951, 0.0, 0.0, 0.0, 0.0, 0.0, 0.0, 0.0, 0.0, 0.0, 0.0]], "Born radii": [], "Atomic SASAs": [], "Solvent H bonds": [], "Total SASA": NaN, "Total FOD": 0.0, "FOD": [0.0, 0.0, 0.0, 0.0, 0.0, 0.0, 0.0, 0.0, 0.0, 0.0, 0.0, 0.0, 0.0, 0.0, 0.0, 0.0, 0.0, 0.0, 0.0], "FOD s proportion": [0.0, 0.0, 0.0, 0.0, 0.0, 0.0, 0.0, 0.0, 0.0, 0.0, 0.0, 0.0, 0.0, 0.0, 0.0, 0.0, 0.0, 0.0, 0.0], "FOD p proportion": [0.0, 0.0, 0.0, 0.0, 0.0, 0.0, 0.0, 0.0, 0.0, 0.0, 0.0, 0.0, 0.0, 0.0, 0.0, 0.0, 0.0, 0.0, 0.0], "FOD d proportion": [0.0, 0.0, 0.0, 0.0, 0.0, 0.0, 0.0, 0.0, 0.0, 0.0, 0.0, 0.0, 0.0, 0.0, 0.0, 0.0, 0.0, 0.0, 0.0], "coordinates": [["2.76838767351957", "-0.23730890977183", "0.36847075758018"], ["1.80343334499858", "-0.21313767964743", "1.36075141153619"], ["0.46605235266241", "-0.09062214855147", "1.03212105562359"], ["0.06619173703707", "0.01032913521235", "-0.29731781503765"], ["-1.35422865147766", "0.14253884263287", "-0.68641868474890"], ["-2.32504010656658", "0.92398285526332", "0.16053737779529"], ["-2.44201666262850", "-0.56123677327909", "0.08292102189665"], ["1.04648194598283", "-0.01527203773917", "-1.28531067605160"], ["2.38405881556977", "-0.13775997107387", "-0.95752003848811"], ["3.81254847937571", "-0.33307680802823", "0.62721043771925"], ["2.09448385887096", "-0.29028543505249", "2.39864447376822"], ["-0.26973793051933", "-0.07396187999266", "1.82265812646374"], ["-1.49845343678379", "0.20993512593057", "-1.75871446118666"], ["-1.95584330427336", "1.36590829503522", "1.07329531956260"], ["-3.06412909873418", "1.52762311621465", "-0.34424652119499"], ["-3.26214341857914", "-0.98650424059568", "-0.47563122688189"], ["-2.15380069455993", "-1.14753072965645", "0.94194498765861"], ["0.75468879758992", "0.06195382075751", "-2.32353938937692"], ["3.12906629851565", "-0.15557357765813", "-1.73985615663764"]], "bond_dist": [[0.0, 1.3843200499568329, 2.4005617371100603, 2.794004635625111, 4.272357828375091, 5.2282732718289076, 5.2282675197866375, 2.397759941547749, 1.3841496499680608, 1.079995139295108, 2.1397565706242188, 3.37217294068304, 4.788619555047813, 5.038396709321466, 6.13524269075305, 6.135234881947905, 5.038384144228708, 3.3751236978997077, 2.1405167862598122], [1.3843200499568329, 0.0, 1.3826047464293785, 2.411874661313776, 3.7799788988320593, 4.447229460909641, 4.447231639001311, 2.7593062178904906, 2.391064669142929, 2.1421977915141923, 1.0806869048983596, 2.1285598075077115, 4.5620734594711765, 4.087563836900346, 5.443384080024633, 5.443387270806184, 4.0875653433831305, 3.8405128778598567, 3.3725930150412538], [2.4005617371100603, 1.3826047464293785, 0.0, 1.3919365590596695, 2.5141928766669417, 3.095040958886917, 3.095048339966564, 2.390202079945669, 2.7639903128347894, 3.3796113972616415, 2.135191057195285, 1.0800989610890481, 3.426132010577124, 2.8264385410247477, 4.120107586367127, 4.120117155731056, 2.826449621183287, 3.371505219615118, 3.844440093075633], [2.794004635625111, 2.411874661313776, 1.3919365590596695, 0.0, 1.478672706738921, 2.6004584648925224, 2.6004573707361005, 1.3920324016437067, 2.414602483431858, 3.873999093038725, 3.3871153972093015, 2.1480809364019664, 2.1502644555651953, 2.7937073811643325, 3.478978566060881, 3.4789779188835253, 2.7937033051432905, 2.14062308192392, 3.38963731931256], [4.272357828375091, 3.7799788988320593, 2.5141928766669417, 1.478672706738921, 0.0, 1.5068059590034155, 1.5068067092288975, 2.4793118529078617, 3.7585710789139704, 5.352328244648267, 4.6474261184475605, 2.741980877268674, 1.084048559735772, 2.2260203019064604, 2.226948534197137, 2.226950469746501, 2.226019587299711, 2.67099063162979, 4.615033600196927], [5.2282732718289076, 4.447229460909641, 3.095040958886917, 2.6004584648925224, 1.5068059590034155, 0.0, 1.4918395216573215, 3.7867977632386105, 4.955094638233516, 6.282354366972825, 5.100564962333841, 2.8253860112635683, 2.2083109617677166, 1.079227239000398, 1.0795558751933767, 2.220998436380714, 2.2206056204296716, 4.0495013970404745, 5.87573096350876], [5.2282675197866375, 4.447231639001311, 3.095048339966564, 2.6004573707361005, 1.5068067092288975, 1.4918395216573215, 0.0, 3.7867872945290593, 4.955083725166224, 6.282347734206849, 5.100571214560153, 2.825405617713783, 2.208311325843484, 2.2206066509356863, 2.220997890805863, 1.0795558944304604, 1.0792271407297565, 4.049486884398184, 5.875716520631123], [2.397759941547749, 2.7593062178904906, 2.390202079945669, 1.3920324016437067, 2.4793118529078617, 3.7867977632386105, 3.7867872945290593, 0.0, 1.3825924482438354, 3.3778485682152595, 3.839982542148202, 3.3756998294119307, 2.5983697798438645, 4.06012786282845, 4.490350805961561, 4.490336884290537, 4.060109175417673, 1.0812150275697916, 2.1362241692854633], [1.3841496499680608, 2.391064669142929, 2.7639903128347894, 2.414602483431858, 3.7585710789139704, 4.955094638233516, 4.955083725166224, 1.3825924482438354, 0.0, 2.1424523492060845, 3.372085097686264, 3.84396904186984, 3.9795358740837736, 5.021949788958173, 5.729952598757457, 5.729937463071085, 5.021929241249578, 2.1355891742425577, 1.0804643797859186], [1.079995139295108, 2.1421977915141923, 3.3796113972616415, 3.873999093038725, 5.352328244648267, 6.282354366972825, 6.282347734206849, 3.3778485682152595, 2.1424523492060845, 0.0, 2.4681077135943688, 4.261607449644929, 5.847584196665382, 6.029915909190676, 7.1898975892831505, 7.189888218727736, 6.029901781347986, 4.2677253394844925, 2.470153750369675], [2.1397565706242188, 1.0806869048983596, 2.135191057195285, 3.3871153972093015, 4.6474261184475605, 5.100564962333841, 5.100571214560153, 3.839982542148202, 3.372085097686264, 2.4681077135943688, 0.0, 2.4429696727922567, 5.517522300288985, 4.57216340266182, 6.11878502297573, 6.11879377149305, 4.57217284612821, 4.921193324480863, 4.267984955082843], [3.37217294068304, 2.1285598075077115, 1.0800989610890481, 2.1480809364019664, 2.741980877268674, 2.8253860112635683, 2.825405617713783, 3.3756998294119307, 3.84396904186984, 4.261607449644929, 2.4429696727922567, 0.0, 3.796915711058204, 2.3404533895601918, 3.881903174103976, 3.8819271137628633, 2.3404910182858476, 4.2730407252141065, 4.924432827626268], [4.788619555047813, 4.5620734594711765, 3.426132010577124, 2.1502644555651953, 1.084048559735772, 2.2083109617677166, 2.208311325843484, 2.5983697798438645, 3.9795358740837736, 5.847584196665382, 5.517522300288985, 3.796915711058204, 0.0, 3.0928561002464123, 2.4876417490118965, 2.487643884444276, 3.092855482559207, 2.3275686014604187, 4.64197061048811], [5.038396709321466, 4.087563836900346, 2.8264385410247477, 2.7937073811643325, 2.2260203019064604, 1.079227239000398, 2.2206066509356863, 4.06012786282845, 5.021949788958173, 6.029915909190676, 4.57216340266182, 2.3404533895601918, 3.0928561002464123, 0.0, 1.8066194828715765, 3.1047444617406352, 2.5246417109965074, 4.537154128534368, 6.007081985916118], [6.13524269075305, 5.443384080024633, 4.120107586367127, 3.478978566060881, 2.226948534197137, 1.0795558751933767, 2.220997890805863, 4.490350805961561, 5.729952598757457, 7.1898975892831505, 6.11878502297573, 3.881903174103976, 2.4876417490118965, 1.8066194828715765, 0.0, 2.525333240983097, 3.1047438702689267, 4.544134336368909, 6.567841852033367], [6.135234881947905, 5.443387270806184, 4.120117155731056, 3.4789779188835253, 2.226950469746501, 2.220998436380714, 1.0795558944304604, 4.490336884290537, 5.729937463071085, 7.189888218727736, 6.11879377149305, 3.8819271137628633, 2.487643884444276, 3.1047444617406352, 2.525333240983097, 0.0, 1.8066198958542814, 4.544113767973452, 6.567820954282526], [5.038384144228708, 4.0875653433831305, 2.826449621183287, 2.7937033051432905, 2.226019587299711, 2.2206056204296716, 1.0792271407297565, 4.060109175417673, 5.021929241249578, 6.029901781347986, 4.57217284612821, 2.3404910182858476, 3.092855482559207, 2.5246417109965074, 3.1047438702689267, 1.8066198958542814, 0.0, 4.537130394897117, 6.0070558541998516], [3.3751236978997077, 3.8405128778598567, 3.371505219615118, 2.14062308192392, 2.67099063162979, 4.0495013970404745, 4.049486884398184, 1.0812150275697916, 2.1355891742425577, 4.2677253394844925, 4.921193324480863, 4.2730407252141065, 2.3275686014604187, 4.537154128534368, 4.544134336368909, 4.544113767973452, 4.537130394897117, 0.0, 2.454724587839696], [2.1405167862598122, 3.3725930150412538, 3.844440093075633, 3.38963731931256, 4.615033600196927, 5.87573096350876, 5.875716520631123, 2.1362241692854633, 1.0804643797859186, 2.470153750369675, 4.267984955082843, 4.924432827626268, 4.64197061048811, 6.007081985916118, 6.567841852033367, 6.567820954282526, 6.0070558541998516, 2.454724587839696, 0.0]]}