{"total energy": -28.56150225, "HOMO-LUMO gap/eV": 4.49535482, "electronic energy": -29.07044228, "dipole": [-0.0, 1e-08, -1.2e-07], "partial charges": [-0.10482729, 0.00048517, -0.05334658, 0.00048517, -0.10482729, 0.00048517, -0.10482729, -0.05334658, 0.00048517, -0.10482729, 0.04108663, 0.03657336, 0.04108637, 0.02453811, 0.03657335, 0.04108655, 0.04108645, 0.04108654, 0.03657336, 0.04108646, 0.02453811, 0.03657335, 0.04108661, 0.04108639], "atomic dipole moments": [[0.0475615, -0.04440711, -0.00070614], [-0.07450006, 0.04808521, -0.00091948], [-0.00143512, -0.01322019, -0.00135258], [0.08297498, 0.02998507, 0.00890735], [-0.05591167, -0.03251386, -0.00716378], [0.07450007, -0.0480852, 0.00091936], [-0.04756156, 0.04440703, 0.00070692], [0.00143512, 0.01322019, 0.00135258], [-0.08297498, -0.02998508, -0.00890723], [0.05591173, 0.03251393, 0.007163], [-0.06509732, -0.00938575, -0.10732868], [0.03559559, 0.11934035, 0.0138665], [-0.07978009, -0.02830158, 0.09316312], [0.01547675, 0.14257065, 0.01458735], [-0.00912753, 0.1244805, 0.01107876], [0.05927005, -0.04428631, 0.10183805], [0.07395503, -0.02536566, -0.09865313], [0.07978209, 0.02830405, -0.0931606], [-0.03559533, -0.11934001, -0.01387009], [0.06509501, 0.00938287, 0.10733038], [-0.01547675, -0.14257065, -0.01458734], [0.00912726, -0.12448085, -0.01107504], [-0.07395649, 0.02536905, 0.09865111], [-0.05926827, 0.04428333, -0.10184043]], "atomic quadrupole moments": [[0.09291408, -0.11318229, 0.02259866, 0.00464403, 0.00481753, -0.11551275], [-0.15451793, -0.12361454, -0.2248526, -0.051511, -0.06702491, 0.37937053], [-0.2357835, 0.00736304, -0.20941412, -0.04988281, -0.06213128, 0.44519762], [-0.10457312, 0.10355912, -0.27773491, -0.02641527, -0.05537537, 0.38230803], [0.13645893, 0.08488136, -0.02350738, 0.02652431, 0.01497458, -0.11295155], [-0.15451795, -0.12361455, -0.22485256, -0.0515108, -0.06702511, 0.37937052], [0.09291397, -0.11318235, 0.02259869, 0.00464483, 0.00481738, -0.11551266], [-0.2357835, 0.00736304, -0.20941413, -0.04988278, -0.06213124, 0.44519763], [-0.10457314, 0.1035591, -0.27773494, -0.02641513, -0.05537522, 0.38230808], [0.1364588, 0.08488127, -0.02350738, 0.0265252, 0.01497459, -0.11295142], [-0.02054401, -0.0020417, -0.03448346, 0.05304967, 0.01827097, 0.05502746], [-0.01184358, 0.03425287, 0.06990214, 0.00675463, 0.01475941, -0.05805856], [-0.00382755, 0.01243865, -0.02491853, -0.06011593, -0.03118224, 0.02874608], [0.0360165, -0.00064077, 0.03667352, 0.00801714, 0.01042139, -0.07269002], [-0.02254277, -0.01441209, 0.08122982, 0.00137957, 0.01226726, -0.05868705], [-0.02237417, -0.0096596, -0.01959144, 0.04525694, -0.04480642, 0.04196561], [-0.00765996, -0.00570004, -0.03381434, -0.05516946, 0.03057205, 0.0414743], [-0.00382529, 0.01244067, -0.02491653, -0.06011621, -0.0311829, 0.02874182], [-0.01184381, 0.03425243, 0.06990139, 0.00675616, 0.01476334, -0.05805758], [-0.02054599, -0.00204335, -0.03448495, 0.05304815, 0.01826897, 0.05503094], [0.03601651, -0.00064076, 0.03667352, 0.0080171, 0.01042139, -0.07269002], [-0.02254288, -0.01441184, 0.08123064, 0.0013803, 0.01226293, -0.05868777], [-0.00765848, -0.00570197, -0.03381196, -0.05516989, 0.03057412, 0.04147044], [-0.02237546, -0.00965778, -0.01959441, 0.04525606, -0.04480536, 0.04196988]], "number of molecular orbitals": 54, "number of electrons": 54, "number of unpaired electrons": 0, "orbital energies/eV": [-17.27110658, -16.85570563, -16.57090381, -16.27792654, -16.21118406, -15.65557184, -15.49971475, -15.2000926, -14.64735631, -13.87352546, -13.66221951, -13.55356789, -13.26013969, -13.17818551, -12.76252233, -12.73753231, -12.68307198, -12.56687241, -12.53610487, -12.46286373, -12.27664525, -11.84216072, -11.80219421, -11.15731976, -11.11698491, -10.35468337, -10.02133158, -5.52597676, -5.51138537, -2.14696892, 2.80385975, 2.83886033, 3.68338936, 3.77150106, 3.99110291, 4.48909376, 4.5740847, 5.32239212, 5.39068858, 5.40349745, 5.72937836, 5.99956705, 6.07339562, 6.12449162, 6.66037103, 6.93572622, 7.06458401, 7.15761261, 10.91328847, 11.64509013, 13.28735828, 13.39267469, 17.73522695, 18.10097166], "fractional occupation": [2.0, 2.0, 2.0, 2.0, 2.0, 2.0, 2.0, 2.0, 2.0, 2.0, 2.0, 2.0, 2.0, 2.0, 2.0, 2.0, 2.0, 2.0, 2.0, 2.0, 2.0, 2.0, 2.0, 2.0, 2.0, 2.0, 2.0, 0.0, 0.0, 0.0, 0.0, 0.0, 0.0, 0.0, 0.0, 0.0, 0.0, 0.0, 0.0, 0.0, 0.0, 0.0, 0.0, 0.0, 0.0, 0.0, 0.0, 0.0, 0.0, 0.0, 0.0, 0.0, 0.0, 0.0], "program call": "xtb /tmp/scratch/tmp3mmuxjnm/2645_0_xyzopt.xyz --pop --wbo --acc 0.2 --gfn 2 --chrg 0 --uhf 0 --etemp 300 --input /tmp/scratch/tmp3mmuxjnm/2645_0_xtb.inp", "method": "GFN2-xTB", "xtb version": "6.3.3 (7355c4f)", "Dipole module/D": 0.0, "Total charge": 0, "Transition dipole module/D": NaN, "HOMO": -10.0213, "LUMO": -5.526, "HOMO occupancy": 2.0, "LUMO occupancy": 0, "mulliken charges": [-0.08796, -0.00199, -0.05542, -0.00199, -0.08796, -0.00199, -0.08796, -0.05542, -0.00199, -0.08796, 0.03597, 0.03269, 0.03597, 0.02608, 0.03269, 0.03597, 0.03597, 0.03597, 0.03269, 0.03597, 0.02608, 0.03269, 0.03597, 0.03597], "cm5 charges": [-0.23375, -0.01796, -0.10765, -0.01796, -0.23375, -0.01796, -0.23375, -0.10765, -0.01796, -0.23375, 0.08881, 0.08575, 0.08881, 0.08433, 0.08575, 0.08881, 0.08881, 0.08881, 0.08575, 0.08881, 0.08433, 0.08575, 0.08881, 0.08881], "FUKUI+": [0.03, -0.071, -0.039, -0.071, 0.03, -0.071, 0.03, -0.039, -0.071, 0.03, -0.052, -0.045, -0.052, -0.08, -0.045, -0.052, -0.052, -0.052, -0.045, -0.052, -0.08, -0.045, -0.052, -0.052], "FUKUI-": [0.026, -0.059, -0.012, -0.059, 0.026, -0.059, 0.026, -0.012, -0.059, 0.026, -0.067, -0.048, -0.067, -0.057, -0.048, -0.067, -0.067, -0.067, -0.048, -0.067, -0.057, -0.048, -0.067, -0.067], "FUKUIrad": [0.028, -0.065, -0.026, -0.065, 0.028, -0.065, 0.028, -0.026, -0.065, 0.028, -0.059, -0.047, -0.059, -0.069, -0.047, -0.059, -0.059, -0.059, -0.047, -0.059, -0.069, -0.047, -0.059, -0.059], "s proportion": [1.005, 1.079, 1.058, 1.079, 1.005, 1.079, 1.005, 1.058, 1.079, 1.005, 0.964, 0.967, 0.964, 0.974, 0.967, 0.964, 0.964, 0.964, 0.967, 0.964, 0.974, 0.967, 0.964, 0.964], "p proportion": [3.083, 2.923, 2.997, 2.923, 3.083, 2.923, 3.083, 2.997, 2.923, 3.083, 0.0, 0.0, 0.0, 0.0, 0.0, 0.0, 0.0, 0.0, 0.0, 0.0, 0.0, 0.0, 0.0, 0.0], "d proportion": [0.0, 0.0, 0.0, 0.0, 0.0, 0.0, 0.0, 0.0, 0.0, 0.0, 0.0, 0.0, 0.0, 0.0, 0.0, 0.0, 0.0, 0.0, 0.0, 0.0, 0.0, 0.0, 0.0, 0.0], "Fermi-level/eV": -7.7737, "Coordination numbers": [3.758, 2.969, 2.929, 2.969, 3.758, 2.969, 3.758, 2.929, 2.969, 3.758, 0.925, 0.925, 0.925, 0.925, 0.925, 0.925, 0.925, 0.925, 0.925, 0.925, 0.925, 0.925, 0.925, 0.925], "Dispersion coefficient C6": [22.555, 28.014, 29.325, 28.014, 22.555, 28.014, 22.555, 29.325, 28.014, 22.555, 2.434, 2.495, 2.434, 2.665, 2.495, 2.434, 2.434, 2.434, 2.495, 2.434, 2.665, 2.495, 2.434, 2.434], "Total dispersion C6": 5324.773589, "Total dispersion C8": 122869.218762, "Polarizability alpha": [6.771, 8.682, 8.881, 8.682, 6.771, 8.682, 6.771, 8.881, 8.682, 6.771, 2.44, 2.47, 2.44, 2.553, 2.47, 2.44, 2.44, 2.44, 2.47, 2.44, 2.553, 2.47, 2.44, 2.44], "Total polarizability alpha": 114.078945, "Wiberg matrix": [[0.0, 1.0264381844004098, 0.0, 0.0, 0.0, 0.0, 0.0, 0.0, 0.0, 0.0, 0.9715887070833987, 0.9857777166624111, 0.971587939750503, 0.0, 0.0, 0.0, 0.0, 0.0, 0.0, 0.0, 0.0, 0.0, 0.0, 0.0], [1.0264381844004098, 0.0, 1.4193892543206963, 0.0, 0.0, 0.10257111958192229, 0.0, 0.0, 1.3764725000399893, 0.0, 0.0, 0.0, 0.0, 0.0, 0.0, 0.0, 0.0, 0.0, 0.0, 0.0, 0.0, 0.0, 0.0, 0.0], [0.0, 1.4193892543206963, 0.0, 1.4193892577880602, 0.0, 0.0, 0.0, 0.10219254211010896, 0.0, 0.0, 0.0, 0.0, 0.0, 0.9660034639758551, 0.0, 0.0, 0.0, 0.0, 0.0, 0.0, 0.0, 0.0, 0.0, 0.0], [0.0, 0.0, 1.4193892577880602, 0.0, 1.0264381839262733, 1.3764724962604387, 0.0, 0.0, 0.10257112002873797, 0.0, 0.0, 0.0, 0.0, 0.0, 0.0, 0.0, 0.0, 0.0, 0.0, 0.0, 0.0, 0.0, 0.0, 0.0], [0.0, 0.0, 0.0, 1.0264381839262733, 0.0, 0.0, 0.0, 0.0, 0.0, 0.0, 0.0, 0.0, 0.0, 0.0, 0.9857777164883279, 0.9715884549539491, 0.9715881923557017, 0.0, 0.0, 0.0, 0.0, 0.0, 0.0, 0.0], [0.0, 0.10257111958192229, 0.0, 1.3764724962604387, 0.0, 0.0, 1.0264381850484376, 1.4193892577839824, 0.0, 0.0, 0.0, 0.0, 0.0, 0.0, 0.0, 0.0, 0.0, 0.0, 0.0, 0.0, 0.0, 0.0, 0.0, 0.0], [0.0, 0.0, 0.0, 0.0, 0.0, 1.0264381850484376, 0.0, 0.0, 0.0, 0.0, 0.0, 0.0, 0.0, 0.0, 0.0, 0.0, 0.0, 0.9715884861939259, 0.9857777164020914, 0.9715881603255858, 0.0, 0.0, 0.0, 0.0], [0.0, 0.0, 0.10219254211010896, 0.0, 0.0, 1.4193892577839824, 0.0, 0.0, 1.4193892543564743, 0.0, 0.0, 0.0, 0.0, 0.0, 0.0, 0.0, 0.0, 0.0, 0.0, 0.0, 0.9660034638754413, 0.0, 0.0, 0.0], [0.0, 1.3764725000399893, 0.0, 0.10257112002873797, 0.0, 0.0, 0.0, 1.4193892543564743, 0.0, 1.0264381835636158, 0.0, 0.0, 0.0, 0.0, 0.0, 0.0, 0.0, 0.0, 0.0, 0.0, 0.0, 0.0, 0.0, 0.0], [0.0, 0.0, 0.0, 0.0, 0.0, 0.0, 0.0, 0.0, 1.0264381835636158, 0.0, 0.0, 0.0, 0.0, 0.0, 0.0, 0.0, 0.0, 0.0, 0.0, 0.0, 0.0, 0.9857777166769176, 0.97158874934906, 0.9715878980651753], [0.9715887070833987, 0.0, 0.0, 0.0, 0.0, 0.0, 0.0, 0.0, 0.0, 0.0, 0.0, 0.0, 0.0, 0.0, 0.0, 0.0, 0.0, 0.0, 0.0, 0.0, 0.0, 0.0, 0.0, 0.0], [0.9857777166624111, 0.0, 0.0, 0.0, 0.0, 0.0, 0.0, 0.0, 0.0, 0.0, 0.0, 0.0, 0.0, 0.0, 0.0, 0.0, 0.0, 0.0, 0.0, 0.0, 0.0, 0.0, 0.0, 0.0], [0.971587939750503, 0.0, 0.0, 0.0, 0.0, 0.0, 0.0, 0.0, 0.0, 0.0, 0.0, 0.0, 0.0, 0.0, 0.0, 0.0, 0.0, 0.0, 0.0, 0.0, 0.0, 0.0, 0.0, 0.0], [0.0, 0.0, 0.9660034639758551, 0.0, 0.0, 0.0, 0.0, 0.0, 0.0, 0.0, 0.0, 0.0, 0.0, 0.0, 0.0, 0.0, 0.0, 0.0, 0.0, 0.0, 0.0, 0.0, 0.0, 0.0], [0.0, 0.0, 0.0, 0.0, 0.9857777164883279, 0.0, 0.0, 0.0, 0.0, 0.0, 0.0, 0.0, 0.0, 0.0, 0.0, 0.0, 0.0, 0.0, 0.0, 0.0, 0.0, 0.0, 0.0, 0.0], [0.0, 0.0, 0.0, 0.0, 0.9715884549539491, 0.0, 0.0, 0.0, 0.0, 0.0, 0.0, 0.0, 0.0, 0.0, 0.0, 0.0, 0.0, 0.0, 0.0, 0.0, 0.0, 0.0, 0.0, 0.0], [0.0, 0.0, 0.0, 0.0, 0.9715881923557017, 0.0, 0.0, 0.0, 0.0, 0.0, 0.0, 0.0, 0.0, 0.0, 0.0, 0.0, 0.0, 0.0, 0.0, 0.0, 0.0, 0.0, 0.0, 0.0], [0.0, 0.0, 0.0, 0.0, 0.0, 0.0, 0.9715884861939259, 0.0, 0.0, 0.0, 0.0, 0.0, 0.0, 0.0, 0.0, 0.0, 0.0, 0.0, 0.0, 0.0, 0.0, 0.0, 0.0, 0.0], [0.0, 0.0, 0.0, 0.0, 0.0, 0.0, 0.9857777164020914, 0.0, 0.0, 0.0, 0.0, 0.0, 0.0, 0.0, 0.0, 0.0, 0.0, 0.0, 0.0, 0.0, 0.0, 0.0, 0.0, 0.0], [0.0, 0.0, 0.0, 0.0, 0.0, 0.0, 0.9715881603255858, 0.0, 0.0, 0.0, 0.0, 0.0, 0.0, 0.0, 0.0, 0.0, 0.0, 0.0, 0.0, 0.0, 0.0, 0.0, 0.0, 0.0], [0.0, 0.0, 0.0, 0.0, 0.0, 0.0, 0.0, 0.9660034638754413, 0.0, 0.0, 0.0, 0.0, 0.0, 0.0, 0.0, 0.0, 0.0, 0.0, 0.0, 0.0, 0.0, 0.0, 0.0, 0.0], [0.0, 0.0, 0.0, 0.0, 0.0, 0.0, 0.0, 0.0, 0.0, 0.9857777166769176, 0.0, 0.0, 0.0, 0.0, 0.0, 0.0, 0.0, 0.0, 0.0, 0.0, 0.0, 0.0, 0.0, 0.0], [0.0, 0.0, 0.0, 0.0, 0.0, 0.0, 0.0, 0.0, 0.0, 0.97158874934906, 0.0, 0.0, 0.0, 0.0, 0.0, 0.0, 0.0, 0.0, 0.0, 0.0, 0.0, 0.0, 0.0, 0.0], [0.0, 0.0, 0.0, 0.0, 0.0, 0.0, 0.0, 0.0, 0.0, 0.9715878980651753, 0.0, 0.0, 0.0, 0.0, 0.0, 0.0, 0.0, 0.0, 0.0, 0.0, 0.0, 0.0, 0.0, 0.0]], "Born radii": [], "Atomic SASAs": [], "Solvent H bonds": [], "Total SASA": NaN, "Total FOD": 0.0, "FOD": [0.0, 0.0, 0.0, 0.0, 0.0, 0.0, 0.0, 0.0, 0.0, 0.0, 0.0, 0.0, 0.0, 0.0, 0.0, 0.0, 0.0, 0.0, 0.0, 0.0, 0.0, 0.0, 0.0, 0.0], "FOD s proportion": [0.0, 0.0, 0.0, 0.0, 0.0, 0.0, 0.0, 0.0, 0.0, 0.0, 0.0, 0.0, 0.0, 0.0, 0.0, 0.0, 0.0, 0.0, 0.0, 0.0, 0.0, 0.0, 0.0, 0.0], "FOD p proportion": [0.0, 0.0, 0.0, 0.0, 0.0, 0.0, 0.0, 0.0, 0.0, 0.0, 0.0, 0.0, 0.0, 0.0, 0.0, 0.0, 0.0, 0.0, 0.0, 0.0, 0.0, 0.0, 0.0, 0.0], "FOD d proportion": [0.0, 0.0, 0.0, 0.0, 0.0, 0.0, 0.0, 0.0, 0.0, 0.0, 0.0, 0.0, 0.0, 0.0, 0.0, 0.0, 0.0, 0.0, 0.0, 0.0, 0.0, 0.0, 0.0, 0.0], "coordinates": [["-2.32382952400752", "1.73422424116942", "-0.00656493297561"], ["-1.12957815351470", "0.82865734721792", "-0.00454308365747"], ["0.14672557918359", "1.35162473547379", "0.13829379011811"], ["1.27943008816112", "0.55176670025014", "0.14578355161710"], ["2.63843132355865", "1.16386367840759", "0.30308819302068"], ["1.12957825131711", "-0.82865741407872", "0.00454298994702"], ["2.32382951948821", "-1.73422443563711", "0.00656615926449"], ["-0.14672550749594", "-1.35162483810051", "-0.13829349986764"], ["-1.27943003923816", "-0.55176683060412", "-0.14578296186549"], ["-2.63843115054432", "-1.16386364284575", "-0.30308933381387"], ["-2.87562640057827", "1.64058016078844", "-0.94173915339323"], ["-2.02127682576175", "2.77150943452273", "0.11345950155097"], ["-3.00356202453039", "1.47575878803238", "0.80519846293858"], ["0.26288801740195", "2.42170441656290", "0.24778069550854"], ["2.56576577777076", "2.24427362776673", "0.39972480498126"], ["3.13728957753335", "0.76991273874209", "1.18838088631476"], ["3.26524389686633", "0.93477232589141", "-0.55855175493567"], ["3.00357902152666", "-1.47573919581221", "-0.80517639457914"], ["2.02127908241145", "-2.77150671376806", "-0.11348917167889"], ["2.87560683449387", "-1.64060344561950", "0.94175449803172"], ["-0.26288794333991", "-2.42170452463251", "-0.24778035609044"], ["-2.56576794017284", "-2.24427659916972", "-0.39969406703092"], ["-3.26525632859911", "-0.93474474245625", "0.55853382461131"], ["-3.13727413193015", "-0.76993681210107", "-1.18840164801619"]], "bond_dist": [[0.0, 1.498763431372547, 2.504198264778274, 3.795378206387377, 5.004520851118655, 4.300524506084312, 5.799227813581049, 3.7788356479314307, 2.517122786751339, 2.930156017550535, 1.0898622983282513, 1.0871543461943363, 1.089862593944093, 2.68857366075834, 4.932885964940765, 5.672884101228206, 5.672878856487046, 6.270799577756735, 6.260432335923798, 6.270798203167544, 4.645148973466096, 4.005190838129802, 2.8860035463917324, 2.886044478502208], [1.498763431372547, 0.0, 1.386668121717931, 2.429524076051364, 3.7953782033118713, 2.8018855144773265, 4.300524503374425, 2.3953118597041554, 1.3956988219407322, 2.5171227872259276, 2.1415507487328407, 2.14096365343919, 2.1415501852197774, 2.130828076553461, 3.977809541698489, 4.430877877059852, 4.430874276152014, 4.799400520865338, 4.785493896903266, 4.799399417044189, 3.3727093840253244, 3.414924368389976, 2.8262632223529063, 2.8262815727311827], [2.504198264778274, 1.386668121717931, 0.0, 1.3866681209637644, 2.5041982601883386, 2.395311859304279, 3.778835646395069, 2.733161599006669, 2.395311859192868, 3.7788356477493554, 3.222511115024892, 2.591702862662059, 3.2224964067859507, 1.0819203382803089, 2.5917028577413816, 3.2225059790427073, 3.2225015349505615, 4.12864800877686, 4.53624938071556, 4.128652504446664, 3.815081937439762, 4.536249379771951, 4.128644767382804, 4.128655748341066], [3.795378206387377, 2.429524076051364, 1.3866681209637644, 0.0, 1.4987634298609647, 1.3956988230585496, 2.517122787597953, 2.395311859125876, 2.8018855146308033, 4.3005245060546935, 4.4308819449831525, 3.9778095457408296, 4.430870212603273, 2.1308280695246933, 2.1409636536418164, 2.141550554780073, 2.141550376753705, 2.8262686571277467, 3.414924370997947, 2.82627613823739, 3.3727093834109643, 4.785493897371512, 4.79940138807318, 4.799398554949785], [5.004520851118655, 3.7953782033118713, 2.5041982601883386, 1.4987634298609647, 0.0, 2.5171227891967973, 2.930156024582044, 3.7788356472690268, 4.30052450466646, 5.799227814696075, 5.6728904724194615, 4.932885966108124, 5.672872484239872, 2.688573644382845, 1.0871543473629175, 1.0898624010497395, 1.0898624912201127, 2.8860156914071977, 4.005190846032905, 2.8860323494189415, 4.645148973448408, 6.2604323359741985, 6.270800400990241, 6.270797380841675], [4.300524506084312, 2.8018855144773265, 2.395311859304279, 1.3956988230585496, 2.5171227891967973, 0.0, 1.4987634287226592, 1.3866681196922643, 2.4295240749927265, 3.795378204466963, 4.799400837553044, 4.785493899382017, 4.799399103931266, 3.372709381648927, 3.4149243719315616, 2.82627023969452, 2.826274560106429, 2.1415506533058695, 2.140963653277603, 2.141550275452683, 2.130828071586706, 3.9778095417441963, 4.430883811494237, 4.4308683436505545], [5.799227813581049, 4.300524503374425, 3.778835646395069, 2.517122787597953, 2.930156024582044, 1.4987634287226592, 0.0, 2.5041982577734734, 3.795378201176055, 5.0045208477634375, 6.270799860845843, 6.26043233705646, 6.270797917011218, 4.645148969846446, 4.005190846174712, 2.886019109987935, 2.886028932622454, 1.0898623667461111, 1.0871543469019458, 1.0898625253181906, 2.6885736469619474, 4.932885960420907, 5.672893150825859, 5.672869800451702], [3.7788356479314307, 2.3953118597041554, 2.733161599006669, 2.395311859125876, 3.7788356472690268, 1.3866681196922643, 2.5041982577734734, 0.0, 1.386668121947885, 2.504198263901776, 4.128645753489965, 4.536249381219658, 4.1286547613315685, 3.8150819372869784, 4.536249380912237, 4.128648894687892, 4.128651621143075, 3.222507687287849, 2.5917028566958837, 3.2224998213820957, 1.0819203384330935, 2.591702859925231, 3.2225132763815374, 3.2224942447589333], [2.517122786751339, 1.3956988219407322, 2.395311859192868, 2.8018855146308033, 4.30052450466646, 2.4295240749927265, 3.795378201176055, 1.386668121947885, 0.0, 1.4987634312136473, 2.8262650996420633, 3.414924368689455, 2.8262796937418324, 3.3727093853418117, 4.785493897152069, 4.799400194919422, 4.799399746409391, 4.430879285804079, 3.977809540882295, 4.430872862422332, 2.130828073944517, 2.1409636525166307, 2.141550902546261, 2.141550031703092], [2.930156017550535, 2.5171227872259276, 3.7788356477493554, 4.3005245060546935, 5.799227814696075, 3.795378204466963, 5.0045208477634375, 2.504198263901776, 1.4987634312136473, 0.0, 2.886007662226423, 4.005190838264551, 2.8860403623586413, 4.645148976313852, 6.26043233632569, 6.270799346196906, 6.270798437464077, 5.672886087246812, 4.932885962606357, 5.672876863257018, 2.6885736545993897, 1.087154346362157, 1.089862258037086, 1.0898626343428417], [1.0898622983282513, 2.1415507487328407, 3.222511115024892, 4.4308819449831525, 5.6728904724194615, 4.799400837553044, 6.270799860845843, 4.128645753489965, 2.8262650996420633, 2.886007662226423, 0.0, 1.7670196432338794, 1.7593534733385092, 3.4460680965065404, 5.636729565296531, 6.43821650018143, 6.193164400544848, 6.655460323277933, 6.643206449462362, 6.884068413236222, 4.879563292313341, 3.9347092886929986, 3.005815837108522, 2.4371897747536226], [1.0871543461943363, 2.14096365343919, 2.591702862662059, 3.9778095457408296, 4.932885966108124, 4.785493899382017, 6.26043233705646, 4.536249381219658, 3.414924368689455, 4.005190838264551, 1.7670196432338794, 0.0, 1.7670191680629035, 2.314695393454852, 4.626109085019071, 5.636723574310472, 5.636710360293866, 6.643206238223326, 6.864312929288648, 6.643213247396962, 5.494715363159256, 5.071282549257653, 3.93470407793283, 3.934734293170665], [1.089862593944093, 2.1415501852197774, 3.2224964067859507, 4.430870212603273, 5.672872484239872, 4.799399103931266, 6.270797917011218, 4.1286547613315685, 2.8262796937418324, 2.8860403623586413, 1.7593534733385092, 1.7670191680629035, 0.0, 3.446044627688747, 5.636704366531364, 6.193149910461716, 6.43819918060248, 6.884067916398506, 6.643213030062763, 6.655447963508745, 4.87957775695826, 3.934729082301683, 2.4371816967721727, 3.0059056968778797], [2.68857366075834, 2.130828076553461, 1.0819203382803089, 2.1308280695246933, 2.688573644382845, 3.372709381648927, 4.645148969846446, 3.8150819372869784, 3.3727093853418117, 4.645148976313852, 3.4460680965065404, 2.314695393454852, 3.446044627688747, 0.0, 2.3146953744321426, 3.446059894248591, 3.446052798472824, 4.879566837876039, 5.494715361020645, 4.879574205084253, 4.89700227572007, 5.494715364204601, 4.879561557204373, 4.879579500132212], [4.932885964940765, 3.977809541698489, 2.5917028577413816, 2.1409636536418164, 1.0871543473629175, 3.4149243719315616, 4.005190846174712, 4.536249380912237, 4.785493897152069, 6.26043233632569, 5.636729565296531, 4.626109085019071, 5.636704366531364, 2.3146953744321426, 0.0, 1.7670194960455043, 1.7670193162478047, 3.934712536476065, 5.0712825578732525, 3.9347258537160665, 5.494715363532014, 6.86431292782115, 6.643206824110261, 6.643212657905787], [5.672884101228206, 4.430877877059852, 3.2225059790427073, 2.141550554780073, 1.0898624010497395, 2.82627023969452, 2.886019109987935, 4.128648894687892, 4.799400194919422, 6.270799346196906, 6.43821650018143, 5.636723574310472, 6.193149910461716, 3.446059894248591, 1.7670194960455043, 0.0, 1.7593534734035723, 3.0058445994695346, 3.9347168655114064, 2.4371890998589674, 4.879568325529364, 6.643205888160491, 6.655460805194142, 6.884067227943731], [5.672878856487046, 4.430874276152014, 3.2225015349505615, 2.141550376753705, 1.0898624912201127, 2.826274560106429, 2.886028932622454, 4.128651621143075, 4.799399746409391, 6.270798437464077, 6.193164400544848, 5.636710360293866, 6.43819918060248, 3.446052798472824, 1.7670193162478047, 1.7593534734035723, 0.0, 2.437182392873315, 3.934721525398727, 3.005876953162372, 4.8795727264095845, 6.64321359558984, 6.884069105963363, 6.65544748623506], [6.270799577756735, 4.799400520865338, 4.12864800877686, 2.8262686571277467, 2.8860156914071977, 2.1415506533058695, 1.0898623667461111, 3.222507687287849, 4.430879285804079, 5.672886087246812, 6.655460323277933, 6.643206238223326, 6.884067916398506, 4.879566837876039, 3.934712536476065, 3.0058445994695346, 2.437182392873315, 0.0, 1.767019480735475, 1.759353473602349, 3.4460625617677945, 5.636726996946444, 6.438220034098932, 6.193149122380686], [6.260432335923798, 4.785493896903266, 4.53624938071556, 3.414924370997947, 4.005190846032905, 2.140963653277603, 1.0871543469019458, 2.5917028566958837, 3.977809540882295, 4.932885962606357, 6.643206449462362, 6.864312929288648, 6.643213030062763, 5.494715361020645, 5.0712825578732525, 3.9347168655114064, 3.934721525398727, 1.767019480735475, 0.0, 1.7670193299315118, 2.314695378503291, 4.626109080346273, 5.636733637370909, 5.636700290794149], [6.270798203167544, 4.799399417044189, 4.128652504446664, 2.82627613823739, 2.8860323494189415, 2.141550275452683, 1.0898625253181906, 3.2224998213820957, 4.430872862422332, 5.672876863257018, 6.884068413236222, 6.643213247396962, 6.655447963508745, 4.879574205084253, 3.9347258537160665, 2.4371890998589674, 3.005876953162372, 1.759353473602349, 1.7670193299315118, 0.0, 3.4460501353428716, 5.636706925803848, 6.193165182780161, 6.438195640833871], [4.645148973466096, 3.3727093840253244, 3.815081937439762, 3.3727093834109643, 4.645148973448408, 2.130828071586706, 2.6885736469619474, 1.0819203384330935, 2.130828073944517, 2.6885736545993897, 4.879563292313341, 5.494715363159256, 4.87957775695826, 4.89700227572007, 5.494715363532014, 4.879568325529364, 4.8795727264095845, 3.4460625617677945, 2.314695378503291, 3.4460501353428716, 0.0, 2.31469538473618, 3.44607136789335, 3.4460413451007432], [4.005190838129802, 3.414924368389976, 4.536249379771951, 4.785493897371512, 6.2604323359741985, 3.9778095417441963, 4.932885960420907, 2.591702859925231, 2.1409636525166307, 1.087154346362157, 3.9347092886929986, 5.071282549257653, 3.934729082301683, 5.494715364204601, 6.86431292782115, 6.643205888160491, 6.64321359558984, 5.636726996946444, 4.626109080346273, 5.636706925803848, 2.31469538473618, 0.0, 1.7670196324918752, 1.7670191802168453], [2.8860035463917324, 2.8262632223529063, 4.128644767382804, 4.79940138807318, 6.270800400990241, 4.430883811494237, 5.672893150825859, 3.2225132763815374, 2.141550902546261, 1.089862258037086, 3.005815837108522, 3.93470407793283, 2.4371816967721727, 4.879561557204373, 6.643206824110261, 6.655460805194142, 6.884069105963363, 6.438220034098932, 5.636733637370909, 6.193165182780161, 3.44607136789335, 1.7670196324918752, 0.0, 1.759353472755386], [2.886044478502208, 2.8262815727311827, 4.128655748341066, 4.799398554949785, 6.270797380841675, 4.4308683436505545, 5.672869800451702, 3.2224942447589333, 2.141550031703092, 1.0898626343428417, 2.4371897747536226, 3.934734293170665, 3.0059056968778797, 4.879579500132212, 6.643212657905787, 6.884067227943731, 6.65544748623506, 6.193149122380686, 5.636700290794149, 6.438195640833871, 3.4460413451007432, 1.7670191802168453, 1.759353472755386, 0.0]]}