{"total energy": -22.22081045, "HOMO-LUMO gap/eV": 4.67152513, "electronic energy": -22.63372949, "dipole": [-0.3638372, 0.00502609, -0.01684012], "partial charges": [-0.10656277, 0.00735495, -0.04121959, -0.03615388, -0.03615388, -0.04121959, 0.00735495, -0.10656277, 0.04337115, 0.03841162, 0.04337102, 0.02597511, 0.02545239, 0.02545239, 0.02597511, 0.04337115, 0.03841162, 0.04337103], "atomic dipole moments": [[0.05404827, -0.04031416, -0.00266483], [-0.0762849, 0.03794372, 0.00128572], [-0.00181052, -0.0078873, -0.00111693], [-0.00018933, -0.00033904, -5.342e-05], [-0.00018403, 0.00034421, 3.609e-05], [-0.00168784, 0.00793563, 0.000955], [-0.0768569, -0.0358282, -0.0083739], [0.05466176, 0.03881242, 0.0076965], [-0.07522811, -0.03925618, 0.09348633], [0.02301743, 0.12243751, 0.01709438], [-0.06558109, -0.01306548, -0.10709078], [0.00282266, 0.1442987, 0.01897602], [0.12720671, 0.07208572, 0.01552907], [0.12606171, -0.07558442, -0.00380642], [0.0005846, -0.14434577, -0.01881829], [-0.065162, 0.04119564, -0.0999842], [0.02111416, -0.12304714, -0.0150519], [-0.07480591, 0.0150047, 0.10059302]], "atomic quadrupole moments": [[0.11803095, -0.10474069, -0.00173861, -0.00234893, 0.01007683, -0.11629233], [-0.13313275, -0.11423115, -0.25500908, -0.04064895, -0.09127721, 0.38814183], [-0.24631179, -0.01103111, -0.22506112, -0.03662315, -0.0932801, 0.47137291], [-0.25495053, 0.00129314, -0.23454462, -0.03631955, -0.09634194, 0.48949514], [-0.25484311, 0.00821836, -0.23473599, -0.03541038, -0.09603381, 0.4895791], [-0.24582716, 0.02021621, -0.22592454, -0.03252022, -0.09189014, 0.47175169], [-0.12951973, 0.1187283, -0.26144605, -0.0100593, -0.08091493, 0.39096577], [0.12120543, 0.09994037, -0.0073942, 0.02452712, 0.01918123, -0.11381122], [-0.00875692, 0.01558265, -0.01940833, -0.05558734, -0.03858619, 0.02816525], [-0.0176776, 0.02486039, 0.07460858, 0.00526374, 0.01872388, -0.05693098], [-0.01916554, -0.00149431, -0.03541447, 0.05198537, 0.0209782, 0.05458001], [0.03790939, -0.00107723, 0.03366173, 0.00522384, 0.01395862, -0.07157113], [0.03506332, -0.00305805, 0.03567773, 0.00478779, 0.01401643, -0.07074105], [0.03513801, 0.00175796, 0.03554465, 0.00542021, 0.01423066, -0.07068266], [0.0379208, -0.00034124, 0.0336414, 0.00532053, 0.01399136, -0.0715622], [-0.01932834, -0.01201726, -0.01864367, 0.05010826, -0.04133055, 0.037972], [-0.018434, -0.02391692, 0.07595632, -0.00114216, 0.01655438, -0.05752232], [-0.00901626, -0.00110501, -0.03542723, -0.05728196, 0.02251204, 0.04444349]], "number of molecular orbitals": 42, "number of electrons": 42, "number of unpaired electrons": 0, "orbital energies/eV": [-17.37095306, -16.79238812, -16.65673503, -16.07446357, -15.93170578, -15.30984865, -15.00106906, -14.04282947, -13.68935639, -13.58548687, -13.29910913, -12.84900027, -12.76080514, -12.67886454, -12.50981609, -12.33285583, -12.29290938, -11.29390402, -11.26837063, -10.63074444, -10.4239625, -5.75243737, -5.74475035, -2.2787727, 2.9530018, 3.11365929, 3.90106621, 4.08441536, 4.35458539, 5.26679127, 5.32062941, 5.32353178, 5.95283386, 6.36808805, 6.5360119, 7.01182857, 11.01887411, 11.35332251, 12.7205438, 12.87824171, 17.5826396, 18.10574972], "fractional occupation": [2.0, 2.0, 2.0, 2.0, 2.0, 2.0, 2.0, 2.0, 2.0, 2.0, 2.0, 2.0, 2.0, 2.0, 2.0, 2.0, 2.0, 2.0, 2.0, 2.0, 2.0, 0.0, 0.0, 0.0, 0.0, 0.0, 0.0, 0.0, 0.0, 0.0, 0.0, 0.0, 0.0, 0.0, 0.0, 0.0, 0.0, 0.0, 0.0, 0.0, 0.0, 0.0], "program call": "xtb /tmp/scratch/tmpx69ltdx0/2663_0_xyzopt.xyz --pop --wbo --acc 0.2 --gfn 2 --chrg 0 --uhf 0 --etemp 300 --input /tmp/scratch/tmpx69ltdx0/2663_0_xtb.inp", "method": "GFN2-xTB", "xtb version": "6.3.3 (7355c4f)", "Dipole module/D": 0.926, "Total charge": 0, "Transition dipole module/D": NaN, "HOMO": -10.424, "LUMO": -5.7524, "HOMO occupancy": 2.0, "LUMO occupancy": 0, "mulliken charges": [-0.08888, 0.00118, -0.04219, -0.03253, -0.03253, -0.04219, 0.00118, -0.08888, 0.03728, 0.03384, 0.03728, 0.02693, 0.02709, 0.02709, 0.02693, 0.03728, 0.03384, 0.03728], "cm5 charges": [-0.2347, -0.0149, -0.09651, -0.08887, -0.08887, -0.09651, -0.0149, -0.2347, 0.09015, 0.08692, 0.09015, 0.08424, 0.08353, 0.08353, 0.08424, 0.09015, 0.08692, 0.09015], "FUKUI+": [0.033, -0.076, -0.049, -0.059, -0.059, -0.049, -0.076, 0.033, -0.057, -0.049, -0.057, -0.092, -0.095, -0.095, -0.092, -0.057, -0.049, -0.057], "FUKUI-": [0.029, -0.065, -0.025, -0.057, -0.057, -0.025, -0.065, 0.029, -0.085, -0.06, -0.085, -0.072, -0.081, -0.081, -0.072, -0.085, -0.06, -0.085], "FUKUIrad": [0.031, -0.07, -0.037, -0.058, -0.058, -0.037, -0.07, 0.031, -0.071, -0.054, -0.071, -0.082, -0.088, -0.088, -0.082, -0.071, -0.054, -0.071], "s proportion": [1.005, 1.082, 1.057, 1.054, 1.054, 1.057, 1.082, 1.005, 0.963, 0.966, 0.963, 0.973, 0.973, 0.973, 0.973, 0.963, 0.966, 0.963], "p proportion": [3.084, 2.917, 2.985, 2.979, 2.979, 2.985, 2.917, 3.084, 0.0, 0.0, 0.0, 0.0, 0.0, 0.0, 0.0, 0.0, 0.0, 0.0], "d proportion": [0.0, 0.0, 0.0, 0.0, 0.0, 0.0, 0.0, 0.0, 0.0, 0.0, 0.0, 0.0, 0.0, 0.0, 0.0, 0.0, 0.0, 0.0], "Fermi-level/eV": -8.0882, "Coordination numbers": [3.758, 2.97, 2.925, 2.919, 2.919, 2.925, 2.97, 3.758, 0.925, 0.925, 0.925, 0.925, 0.926, 0.926, 0.925, 0.925, 0.925, 0.925], "Dispersion coefficient C6": [22.588, 27.852, 29.024, 28.9, 28.9, 29.024, 27.852, 22.588, 2.404, 2.47, 2.404, 2.644, 2.652, 2.652, 2.644, 2.404, 2.47, 2.404], "Total dispersion C6": 3293.096947, "Total dispersion C8": 77561.561615, "Polarizability alpha": [6.776, 8.657, 8.835, 8.816, 8.816, 8.835, 8.657, 6.776, 2.425, 2.458, 2.425, 2.543, 2.547, 2.547, 2.543, 2.425, 2.458, 2.425], "Total polarizability alpha": 90.960317, "Wiberg matrix": [[0.0, 1.0277450207616077, 0.0, 0.0, 0.0, 0.0, 0.0, 0.0, 0.9707466100533065, 0.9856087751289675, 0.9707461341653718, 0.0, 0.0, 0.0, 0.0, 0.0, 0.0, 0.0], [1.0277450207616077, 0.0, 1.422063202273508, 0.0, 0.10765684509125868, 0.0, 1.375934990609709, 0.0, 0.0, 0.0, 0.0, 0.0, 0.0, 0.0, 0.0, 0.0, 0.0, 0.0], [0.0, 1.422063202273508, 0.0, 1.4383878055136257, 0.0, 0.1072915733582622, 0.0, 0.0, 0.0, 0.0, 0.0, 0.9688502531725235, 0.0, 0.0, 0.0, 0.0, 0.0, 0.0], [0.0, 0.0, 1.4383878055136257, 0.0, 1.439599662611312, 0.0, 0.1076568450809496, 0.0, 0.0, 0.0, 0.0, 0.0, 0.9715082380131059, 0.0, 0.0, 0.0, 0.0, 0.0], [0.0, 0.10765684509125868, 0.0, 1.439599662611312, 0.0, 1.4383878053167636, 0.0, 0.0, 0.0, 0.0, 0.0, 0.0, 0.0, 0.9715082382907922, 0.0, 0.0, 0.0, 0.0], [0.0, 0.0, 0.1072915733582622, 0.0, 1.4383878053167636, 0.0, 1.4220632019745754, 0.0, 0.0, 0.0, 0.0, 0.0, 0.0, 0.0, 0.9688502535366182, 0.0, 0.0, 0.0], [0.0, 1.375934990609709, 0.0, 0.1076568450809496, 0.0, 1.4220632019745754, 0.0, 1.0277450211156336, 0.0, 0.0, 0.0, 0.0, 0.0, 0.0, 0.0, 0.0, 0.0, 0.0], [0.0, 0.0, 0.0, 0.0, 0.0, 0.0, 1.0277450211156336, 0.0, 0.0, 0.0, 0.0, 0.0, 0.0, 0.0, 0.0, 0.9707466184156854, 0.9856087751320821, 0.9707461255457581], [0.9707466100533065, 0.0, 0.0, 0.0, 0.0, 0.0, 0.0, 0.0, 0.0, 0.0, 0.0, 0.0, 0.0, 0.0, 0.0, 0.0, 0.0, 0.0], [0.9856087751289675, 0.0, 0.0, 0.0, 0.0, 0.0, 0.0, 0.0, 0.0, 0.0, 0.0, 0.0, 0.0, 0.0, 0.0, 0.0, 0.0, 0.0], [0.9707461341653718, 0.0, 0.0, 0.0, 0.0, 0.0, 0.0, 0.0, 0.0, 0.0, 0.0, 0.0, 0.0, 0.0, 0.0, 0.0, 0.0, 0.0], [0.0, 0.0, 0.9688502531725235, 0.0, 0.0, 0.0, 0.0, 0.0, 0.0, 0.0, 0.0, 0.0, 0.0, 0.0, 0.0, 0.0, 0.0, 0.0], [0.0, 0.0, 0.0, 0.9715082380131059, 0.0, 0.0, 0.0, 0.0, 0.0, 0.0, 0.0, 0.0, 0.0, 0.0, 0.0, 0.0, 0.0, 0.0], [0.0, 0.0, 0.0, 0.0, 0.9715082382907922, 0.0, 0.0, 0.0, 0.0, 0.0, 0.0, 0.0, 0.0, 0.0, 0.0, 0.0, 0.0, 0.0], [0.0, 0.0, 0.0, 0.0, 0.0, 0.9688502535366182, 0.0, 0.0, 0.0, 0.0, 0.0, 0.0, 0.0, 0.0, 0.0, 0.0, 0.0, 0.0], [0.0, 0.0, 0.0, 0.0, 0.0, 0.0, 0.0, 0.9707466184156854, 0.0, 0.0, 0.0, 0.0, 0.0, 0.0, 0.0, 0.0, 0.0, 0.0], [0.0, 0.0, 0.0, 0.0, 0.0, 0.0, 0.0, 0.9856087751320821, 0.0, 0.0, 0.0, 0.0, 0.0, 0.0, 0.0, 0.0, 0.0, 0.0], [0.0, 0.0, 0.0, 0.0, 0.0, 0.0, 0.0, 0.9707461255457581, 0.0, 0.0, 0.0, 0.0, 0.0, 0.0, 0.0, 0.0, 0.0, 0.0]], "Born radii": [], "Atomic SASAs": [], "Solvent H bonds": [], "Total SASA": NaN, "Total FOD": 0.0, "FOD": [0.0, 0.0, 0.0, 0.0, 0.0, 0.0, 0.0, 0.0, 0.0, 0.0, 0.0, 0.0, 0.0, 0.0, 0.0, 0.0, 0.0, 0.0], "FOD s proportion": [0.0, 0.0, 0.0, 0.0, 0.0, 0.0, 0.0, 0.0, 0.0, 0.0, 0.0, 0.0, 0.0, 0.0, 0.0, 0.0, 0.0, 0.0], "FOD p proportion": [0.0, 0.0, 0.0, 0.0, 0.0, 0.0, 0.0, 0.0, 0.0, 0.0, 0.0, 0.0, 0.0, 0.0, 0.0, 0.0, 0.0, 0.0], "FOD d proportion": [0.0, 0.0, 0.0, 0.0, 0.0, 0.0, 0.0, 0.0, 0.0, 0.0, 0.0, 0.0, 0.0, 0.0, 0.0, 0.0, 0.0, 0.0], "coordinates": [["-1.50212964933924", "1.46966986066789", "0.11965078706366"], ["-0.21918230998713", "0.69620828871477", "0.08035994418615"], ["0.99643037931341", "1.35018376858610", "0.22420304823700"], ["2.19237979273907", "0.65530474310164", "0.19098823928286"], ["2.18174916980911", "-0.71572970396766", "0.01146890867612"], ["0.97528130449738", "-1.37742132532266", "-0.13294221899361"], ["-0.22993059065963", "-0.69000416261764", "-0.10114738617516"], ["-1.52459627027952", "-1.42785814746497", "-0.25974347841701"], ["-2.13854553145716", "1.11741242573591", "0.93118028281284"], ["-1.30894219327895", "2.52925181163172", "0.26729764370653"], ["-2.05473640831667", "1.34494439048401", "-0.81134885650776"], ["1.00595359851386", "2.42225211605653", "0.36463506120824"], ["3.12777560179329", "1.18338272971566", "0.30491852833874"], ["3.10875634454084", "-1.26953528402423", "-0.01625941085408"], ["0.96817924119380", "-2.44952312740516", "-0.27326207759684"], ["-2.07339173636621", "-1.05922715661472", "-1.12612983083394"], ["-1.34787857199781", "-2.49254986120347", "-0.39027048393027"], ["-2.15717417071844", "-1.28676136607370", "0.61640029979653"]], "bond_dist": [[0.0, 1.4985794770958512, 2.503599472419294, 3.783870980147659, 4.28469809089165, 3.782498708822489, 2.5162341236588444, 2.922347227084843, 1.0898121847124427, 1.0871223014288147, 1.0898123734433558, 2.694051192167812, 4.642446240051747, 5.364884533255615, 4.64939568241113, 2.8763918098938848, 3.9978742128610567, 2.876413828214813], [1.4985794770958512, 0.0, 1.387836077223968, 2.4144447591578775, 2.7861778192768485, 2.402536350475802, 1.3980863337939162, 2.516234124857611, 2.141322803688498, 2.1406940144826763, 2.141322479886692, 2.1356492292417917, 3.389674432288549, 3.866349542117799, 3.380902561428911, 2.824050951526939, 3.41520523401097, 2.824060970821206], [2.503599472419294, 1.387836077223968, 0.0, 1.3835660747016285, 2.391283112748474, 2.7509688427148378, 2.4025363532056687, 3.7824987106349335, 3.2221224789527403, 2.589749272178916, 3.2221132761652345, 1.0812688766532925, 2.1393854334093523, 3.373821437512022, 3.832237228260989, 4.129463368610113, 4.5431227069547395, 4.129469697832692], [3.783870980147659, 2.4144447591578775, 1.3835660747016285, 0.0, 1.3827782379166924, 2.3912831160552948, 2.786177824366297, 4.284698094735227, 4.4179567602477645, 3.971996524498624, 4.417949583473061, 2.1353836544988085, 1.0801906268371675, 2.1418932520565317, 3.3695921789739534, 4.782387101050937, 4.772869116395889, 4.782386002265695], [4.28469809089165, 2.7861778192768485, 2.391283112748474, 1.3827782379166924, 0.0, 1.3835660756162294, 2.4144447602706385, 3.783870980915765, 4.7823869965949015, 4.772869113079311, 4.782386104437212, 3.3695921800084636, 2.1418932571590577, 1.0801906230892153, 2.135383652025665, 4.417957166328848, 3.971996526491967, 4.41794917377568], [3.782498708822489, 2.402536350475802, 2.7509688427148378, 2.3912831160552948, 1.3835660756162294, 0.0, 1.3878360779297116, 2.503599473017122, 4.129463610274639, 4.543122707399474, 4.129469457011361, 3.8322372317636706, 3.373821444926592, 2.139385430938244, 1.08126887315327, 3.2221229758346106, 2.589749273429406, 3.222112776252151], [2.5162341236588444, 1.3980863337939162, 2.4025363532056687, 2.786177824366297, 2.4144447602706385, 1.3878360779297116, 0.0, 1.4985794758420725, 2.8240513685571202, 3.415205236346979, 2.8240605543061683, 3.380902566103655, 3.866349550950213, 3.38967442984001, 2.135649227666842, 2.141322868435462, 2.140694011325276, 2.141322408792736], [2.922347227084843, 2.516234124857611, 3.7824987106349335, 4.284698094735227, 3.783870980915765, 2.503599473017122, 1.4985794758420725, 0.0, 2.8763927741469453, 3.9978742168455494, 2.876412865628471, 4.649395685513156, 5.364884540843983, 4.642446238084802, 2.6940511937157106, 1.0898121777016705, 1.087122297332581, 1.089812379240108], [1.0898121847124427, 2.141322803688498, 3.2221224789527403, 4.4179567602477645, 4.7823869965949015, 4.129463610274639, 2.8240513685571202, 2.8763927741469453, 0.0, 1.766995276957425, 1.759318778813294, 3.4512975652568008, 5.303837680834931, 5.842032036895807, 4.881131984777117, 2.9957519577200653, 3.924692864776968, 2.42476495461574], [1.0871223014288147, 2.1406940144826763, 2.589749272178916, 3.971996524498624, 4.772869113079311, 4.543122707399474, 3.415205236346979, 3.9978742168455494, 1.766995276957425, 0.0, 1.766995006046651, 2.3194107084686717, 4.636512019797723, 5.833287955550315, 5.501425881824866, 3.9246916485601244, 5.064820226361625, 3.9247072151259155], [1.0898123734433558, 2.141322479886692, 3.2221132761652345, 4.417949583473061, 4.782386104437212, 4.129469457011361, 2.8240605543061683, 2.876412865628471, 1.759318778813294, 1.766995006046651, 0.0, 3.4512828670245472, 5.303827465108217, 5.8420312053102395, 4.881141275358667, 2.4247630628458268, 3.9247059926002534, 2.9958031206326763], [2.694051192167812, 2.1356492292417917, 1.0812688766532925, 2.1353836544988085, 3.3695921800084636, 3.8322372317636706, 3.380902566103655, 4.649395685513156, 3.4512975652568008, 2.3194107084686717, 3.4512828670245472, 0.0, 2.4577412464112838, 4.2656950424217275, 4.913505234002794, 4.881131588149691, 5.5014258828684905, 4.881141672854183], [4.642446240051747, 3.389674432288549, 2.1393854334093523, 1.0801906268371675, 2.1418932571590577, 3.373821444926592, 3.866349550950213, 5.364884540843983, 5.303837680834931, 4.636512019797723, 5.303827465108217, 2.4577412464112838, 0.0, 2.4739288152451415, 4.265695045417259, 5.8420321967697815, 5.833287962987486, 5.842031054854579], [5.364884533255615, 3.866349542117799, 3.373821437512022, 2.1418932520565317, 1.0801906230892153, 2.139385430938244, 3.38967442984001, 4.642446238084802, 5.842032036895807, 5.833287955550315, 5.8420312053102395, 4.2656950424217275, 2.4739288152451415, 0.0, 2.4577412428108194, 5.303838288451995, 4.636512020699178, 5.303826848504969], [4.64939568241113, 3.380902561428911, 3.832237228260989, 3.3695921789739534, 2.135383652025665, 1.08126887315327, 2.135649227666842, 2.6940511937157106, 4.881131984777117, 5.501425881824866, 4.881141275358667, 4.913505234002794, 4.265695045417259, 2.4577412428108194, 0.0, 3.4512983502506978, 2.319410714172878, 3.451282081881361], [2.8763918098938848, 2.824050951526939, 4.129463368610113, 4.782387101050937, 4.417957166328848, 3.2221229758346106, 2.141322868435462, 1.0898121777016705, 2.9957519577200653, 3.9246916485601244, 2.4247630628458268, 4.881131588149691, 5.8420321967697815, 5.303838288451995, 3.4512983502506978, 0.0, 1.7669952760511147, 1.7593187797938017], [3.9978742128610567, 3.41520523401097, 4.5431227069547395, 4.772869116395889, 3.971996526491967, 2.589749273429406, 2.140694011325276, 1.087122297332581, 3.924692864776968, 5.064820226361625, 3.9247059926002534, 5.5014258828684905, 5.833287962987486, 4.636512020699178, 2.319410714172878, 1.7669952760511147, 0.0, 1.7669949994001197], [2.876413828214813, 2.824060970821206, 4.129469697832692, 4.782386002265695, 4.41794917377568, 3.222112776252151, 2.141322408792736, 1.089812379240108, 2.42476495461574, 3.9247072151259155, 2.9958031206326763, 4.881141672854183, 5.842031054854579, 5.303826848504969, 3.451282081881361, 1.7593187797938017, 1.7669949994001197, 0.0]]}