{"total energy": -19.99354508, "HOMO-LUMO gap/eV": 13.0810795, "electronic energy": -20.29844861, "dipole": [-0.00062923, -0.01214447, 0.00770155], "partial charges": [-0.10063507, -0.05736875, -0.01625407, -0.10444535, -0.05736874, -0.10063507, 0.03224386, 0.0313101, 0.03432481, 0.02952186, 0.02671611, 0.02786675, 0.03438767, 0.03183149, 0.03438769, 0.0267161, 0.02952184, 0.0313101, 0.03432483, 0.03224385], "atomic dipole moments": [[-0.08273883, 0.00820661, -0.05018184], [0.00764902, -0.02015768, 0.10815241], [-0.00657692, -0.0597173, -0.08148663], [0.00552442, 0.09151315, -0.03121761], [-0.00410473, -0.01933118, 0.10849534], [0.08002129, -0.00323877, -0.05493073], [0.0024107, 0.0769144, 0.09664004], [0.09402924, 0.02906657, -0.07382366], [0.01965636, -0.11494627, 0.04026], [-0.00116553, -0.08090685, -0.09202867], [-0.00458215, 0.10971704, -0.04965556], [0.00812782, 0.0755519, 0.09647769], [-0.09774968, -0.01512216, 0.07338512], [-0.00838222, -0.08023027, -0.09391513], [0.09876631, -0.02894144, 0.06765104], [0.01699027, 0.10820006, -0.05028496], [-0.01550052, -0.07989877, -0.09161043], [-0.09316421, 0.04222998, -0.06836193], [-0.03316693, -0.11123168, 0.04180137], [0.0139789, 0.07610104, 0.09630242]], "atomic quadrupole moments": [[0.1396562, -0.01769521, -0.12023911, 0.1440161, -0.02113314, -0.01941709], [0.21864292, -0.00362451, -0.21340119, -0.0009868, -0.0538546, -0.00524172], [0.08771019, -0.01260933, -0.02480982, -0.0155264, -0.15774731, -0.06290037], [-0.08806584, 0.01603965, 0.18203174, -0.00741917, -0.10343453, -0.0939659], [0.20968299, -0.05936459, -0.20551746, -0.0192995, -0.05092215, -0.00416553], [0.12206941, -0.01842594, -0.12004941, -0.15385566, -0.00012918, -0.00202], [-0.03515964, -0.01329248, 0.0058656, 0.00112045, 0.06625764, 0.02929404], [0.03079871, 0.01940907, -0.0464828, -0.0534103, -0.0280727, 0.0156841], [-0.03670779, 0.00061173, 0.072294, 0.01319475, -0.03700099, -0.03558621], [-0.01747994, -0.0006459, 0.01289554, 0.00117619, 0.05098836, 0.0045844], [-0.00610197, -0.00148734, 0.04515052, 0.00057236, -0.03461773, -0.03904855], [-0.02079062, 0.00245497, 0.00396801, 0.00278237, 0.02385551, 0.0168226], [0.04228783, -0.00118486, -0.03175108, -0.06405516, -0.00814573, -0.01053676], [-0.05487102, 0.00612989, 0.00891306, 0.00681706, 0.05484288, 0.04595796], [0.04820508, -0.01034353, -0.03049228, 0.05882695, -0.01653192, -0.0177128], [-0.00542698, 0.00656868, 0.04401419, -0.0073427, -0.03429755, -0.03858721], [-0.01594076, 0.00773431, 0.0117093, 0.00720173, 0.05031698, 0.00423146], [0.02954199, -0.03155905, -0.03930847, 0.04801786, -0.03371538, 0.00976648], [-0.03685561, 0.01256057, 0.07061415, -0.0181223, -0.03514723, -0.03375854], [-0.02951948, 0.02219727, 0.00084656, 0.01167983, 0.06446805, 0.02867292]], "number of molecular orbitals": 38, "number of electrons": 38, "number of unpaired electrons": 0, "orbital energies/eV": [-16.96640217, -16.49791633, -16.08920206, -15.72421285, -15.11956553, -14.83464214, -13.90686294, -13.77673805, -13.36730762, -13.22405212, -12.80505678, -12.71978636, -12.36479447, -12.16217629, -12.11680304, -11.64836425, -11.37276767, -11.36443131, -11.3340151, 1.7470644, 2.7122878, 2.85559867, 3.6953365, 3.72806464, 4.04405016, 4.2329644, 4.79195595, 4.95557531, 5.33376829, 5.6713532, 5.78594029, 6.30832389, 7.09515824, 7.16104171, 7.62363209, 8.04199413, 8.20995026, 8.47186323], "fractional occupation": [2.0, 2.0, 2.0, 2.0, 2.0, 2.0, 2.0, 2.0, 2.0, 2.0, 2.0, 2.0, 2.0, 2.0, 2.0, 2.0, 2.0, 2.0, 2.0, 0.0, 0.0, 0.0, 0.0, 0.0, 0.0, 0.0, 0.0, 0.0, 0.0, 0.0, 0.0, 0.0, 0.0, 0.0, 0.0, 0.0, 0.0, 0.0], "program call": "xtb /tmp/scratch/tmpibqwktr2/2861_0_xyzopt.xyz --pop --wbo --acc 0.2 --gfn 2 --chrg 0 --uhf 0 --etemp 300 --input /tmp/scratch/tmpibqwktr2/2861_0_xtb.inp", "method": "GFN2-xTB", "xtb version": "6.3.3 (7355c4f)", "Dipole module/D": 0.037, "Total charge": 0, "Transition dipole module/D": NaN, "HOMO": -11.334, "LUMO": 1.7471, "HOMO occupancy": 2.0, "LUMO occupancy": 0, "mulliken charges": [-0.08561, -0.04682, -0.00814, -0.09403, -0.04682, -0.08561, 0.02735, 0.02892, 0.02793, 0.02277, 0.02323, 0.01913, 0.02992, 0.02764, 0.02992, 0.02323, 0.02277, 0.02892, 0.02793, 0.02735], "cm5 charges": [-0.2386, -0.15872, -0.08189, -0.24539, -0.15872, -0.2386, 0.07962, 0.08052, 0.08059, 0.07872, 0.07892, 0.0783, 0.08309, 0.0807, 0.08309, 0.07892, 0.07872, 0.08052, 0.08059, 0.07962], "FUKUI+": [0.005, -0.032, -0.048, 0.03, -0.032, 0.005, -0.059, -0.098, -0.059, -0.07, -0.067, -0.078, -0.046, -0.051, -0.046, -0.067, -0.07, -0.098, -0.059, -0.059], "FUKUI-": [0.018, 0.006, -0.014, 0.013, 0.006, 0.018, -0.072, -0.081, -0.076, -0.078, -0.086, -0.068, -0.067, -0.056, -0.067, -0.086, -0.078, -0.081, -0.076, -0.072], "FUKUIrad": [0.011, -0.013, -0.031, 0.022, -0.013, 0.011, -0.066, -0.089, -0.068, -0.074, -0.077, -0.073, -0.057, -0.053, -0.057, -0.077, -0.074, -0.089, -0.068, -0.066], "s proportion": [1.005, 1.031, 1.054, 1.008, 1.031, 1.005, 0.973, 0.971, 0.972, 0.977, 0.977, 0.981, 0.97, 0.972, 0.97, 0.977, 0.977, 0.971, 0.972, 0.973], "p proportion": [3.081, 3.016, 2.954, 3.086, 3.016, 3.081, 0.0, 0.0, 0.0, 0.0, 0.0, 0.0, 0.0, 0.0, 0.0, 0.0, 0.0, 0.0, 0.0, 0.0], "d proportion": [0.0, 0.0, 0.0, 0.0, 0.0, 0.0, 0.0, 0.0, 0.0, 0.0, 0.0, 0.0, 0.0, 0.0, 0.0, 0.0, 0.0, 0.0, 0.0, 0.0], "Fermi-level/eV": -4.7935, "Coordination numbers": [3.751, 3.804, 3.85, 3.755, 3.804, 3.751, 0.925, 0.925, 0.925, 0.924, 0.924, 0.924, 0.925, 0.925, 0.925, 0.924, 0.924, 0.925, 0.925, 0.925], "Dispersion coefficient C6": [22.484, 21.603, 20.83, 22.552, 21.603, 22.484, 2.555, 2.568, 2.526, 2.593, 2.634, 2.617, 2.525, 2.561, 2.525, 2.634, 2.593, 2.568, 2.526, 2.555], "Total dispersion C6": 2545.78073, "Total dispersion C8": 52340.259433, "Polarizability alpha": [6.762, 6.617, 6.492, 6.771, 6.617, 6.762, 2.5, 2.506, 2.485, 2.518, 2.538, 2.53, 2.485, 2.502, 2.485, 2.538, 2.518, 2.506, 2.485, 2.5], "Total polarizability alpha": 75.117497, "Wiberg matrix": [[0.0, 0.988334122636654, 0.0, 0.0, 0.0, 0.0, 0.9034821794171368, 0.0, 0.0, 0.0, 0.0, 0.0, 0.0, 0.0, 0.0, 0.0, 0.0, 0.0, 0.0, 0.0], [0.988334122636654, 0.0, 0.9886530528291082, 0.0, 0.0, 0.983268875479418, 0.0, 0.967325819642419, 0.0, 0.0, 0.0, 0.0, 0.0, 0.0, 0.0, 0.0, 0.0, 0.0, 0.0, 0.0], [0.0, 0.9886530528291082, 0.0, 1.0065467348508128, 0.0, 0.0, 0.0, 0.0, 0.9819482237586387, 0.9754115934983358, 0.0, 0.0, 0.0, 0.0, 0.0, 0.0, 0.0, 0.0, 0.0, 0.0], [0.0, 0.0, 1.0065467348508128, 0.0, 1.0079522333693667, 0.0, 0.0, 0.0, 0.0, 0.0, 0.9799760713667797, 0.9806068126454837, 0.0, 0.0, 0.0, 0.0, 0.0, 0.0, 0.0, 0.0], [0.0, 0.0, 0.0, 1.0079522333693667, 0.0, 1.0082877942941235, 0.0, 0.0, 0.0, 0.0, 0.0, 0.0, 0.9792322121476811, 0.9795030748503027, 0.0, 0.0, 0.0, 0.0, 0.0, 0.0], [0.0, 0.983268875479418, 0.0, 0.0, 1.0082877942941235, 0.0, 0.0, 0.0, 0.0, 0.0, 0.0, 0.0, 0.0, 0.0, 0.9772980992833504, 0.9802206511675958, 0.0, 0.0, 0.0, 0.0], [0.9034821794171368, 0.0, 0.0, 0.0, 0.0, 0.0, 0.0, 0.0, 0.0, 0.0, 0.0, 0.0, 0.0, 0.0, 0.0, 0.0, 0.0, 0.0, 0.0, 0.0], [0.0, 0.967325819642419, 0.0, 0.0, 0.0, 0.0, 0.0, 0.0, 0.0, 0.0, 0.0, 0.0, 0.0, 0.0, 0.0, 0.0, 0.0, 0.0, 0.0, 0.0], [0.0, 0.0, 0.9819482237586387, 0.0, 0.0, 0.0, 0.0, 0.0, 0.0, 0.0, 0.0, 0.0, 0.0, 0.0, 0.0, 0.0, 0.0, 0.0, 0.0, 0.0], [0.0, 0.0, 0.9754115934983358, 0.0, 0.0, 0.0, 0.0, 0.0, 0.0, 0.0, 0.0, 0.0, 0.0, 0.0, 0.0, 0.0, 0.0, 0.0, 0.0, 0.0], [0.0, 0.0, 0.0, 0.9799760713667797, 0.0, 0.0, 0.0, 0.0, 0.0, 0.0, 0.0, 0.0, 0.0, 0.0, 0.0, 0.0, 0.0, 0.0, 0.0, 0.0], [0.0, 0.0, 0.0, 0.9806068126454837, 0.0, 0.0, 0.0, 0.0, 0.0, 0.0, 0.0, 0.0, 0.0, 0.0, 0.0, 0.0, 0.0, 0.0, 0.0, 0.0], [0.0, 0.0, 0.0, 0.0, 0.9792322121476811, 0.0, 0.0, 0.0, 0.0, 0.0, 0.0, 0.0, 0.0, 0.0, 0.0, 0.0, 0.0, 0.0, 0.0, 0.0], [0.0, 0.0, 0.0, 0.0, 0.9795030748503027, 0.0, 0.0, 0.0, 0.0, 0.0, 0.0, 0.0, 0.0, 0.0, 0.0, 0.0, 0.0, 0.0, 0.0, 0.0], [0.0, 0.0, 0.0, 0.0, 0.0, 0.9772980992833504, 0.0, 0.0, 0.0, 0.0, 0.0, 0.0, 0.0, 0.0, 0.0, 0.0, 0.0, 0.0, 0.0, 0.0], [0.0, 0.0, 0.0, 0.0, 0.0, 0.9802206511675958, 0.0, 0.0, 0.0, 0.0, 0.0, 0.0, 0.0, 0.0, 0.0, 0.0, 0.0, 0.0, 0.0, 0.0], [0.0, 0.0, 0.0, 0.0, 0.0, 0.0, 0.0, 0.0, 0.0, 0.0, 0.0, 0.0, 0.0, 0.0, 0.0, 0.0, 0.0, 0.0, 0.0, 0.0], [0.0, 0.0, 0.0, 0.0, 0.0, 0.0, 0.0, 0.0, 0.0, 0.0, 0.0, 0.0, 0.0, 0.0, 0.0, 0.0, 0.0, 0.0, 0.0, 0.0], [0.0, 0.0, 0.0, 0.0, 0.0, 0.0, 0.0, 0.0, 0.0, 0.0, 0.0, 0.0, 0.0, 0.0, 0.0, 0.0, 0.0, 0.0, 0.0, 0.0], [0.0, 0.0, 0.0, 0.0, 0.0, 0.0, 0.0, 0.0, 0.0, 0.0, 0.0, 0.0, 0.0, 0.0, 0.0, 0.0, 0.0, 0.0, 0.0, 0.0]], "Born radii": [], "Atomic SASAs": [], "Solvent H bonds": [], "Total SASA": NaN, "Total FOD": 0.0, "FOD": [0.0, 0.0, 0.0, 0.0, 0.0, 0.0, 0.0, 0.0, 0.0, 0.0, 0.0, 0.0, 0.0, 0.0, 0.0, 0.0, 0.0, 0.0, 0.0, 0.0], "FOD s proportion": [0.0, 0.0, 0.0, 0.0, 0.0, 0.0, 0.0, 0.0, 0.0, 0.0, 0.0, 0.0, 0.0, 0.0, 0.0, 0.0, 0.0, 0.0, 0.0, 0.0], "FOD p proportion": [0.0, 0.0, 0.0, 0.0, 0.0, 0.0, 0.0, 0.0, 0.0, 0.0, 0.0, 0.0, 0.0, 0.0, 0.0, 0.0, 0.0, 0.0, 0.0, 0.0], "FOD d proportion": [0.0, 0.0, 0.0, 0.0, 0.0, 0.0, 0.0, 0.0, 0.0, 0.0, 0.0, 0.0, 0.0, 0.0, 0.0, 0.0, 0.0, 0.0, 0.0, 0.0], "coordinates": [["2.57110211488285", "0.16851535531240", "-0.00870134565036"], ["1.25622377034557", "0.29330764840358", "-0.77022753541082"], ["0.01151524744089", "0.09398388035608", "0.10477407431101"], ["-0.07414345083189", "-1.33931310486544", "0.62339916382817"], ["-1.24174120964456", "0.46896665855127", "-0.69734390503941"], ["-2.51473205365561", "0.52615520668528", "0.13968898828021"], ["2.58400306728316", "0.84621824880269", "0.84247693455778"], ["3.40570929235727", "0.42094239159764", "-0.65929755831921"], ["2.72389774880858", "-0.84413680413532", "0.35469156758880"], ["1.23884098925071", "-0.43353490492850", "-1.58577160806759"], ["1.21019275123165", "1.28950939511860", "-1.21764989017850"], ["0.08424342187406", "0.77199139504537", "0.96332441794714"], ["-0.94444767181026", "-1.46849585756701", "1.26095444053992"], ["-0.14752350338775", "-2.03784197525770", "-0.20798334718608"], ["0.80505708687544", "-1.59152341923179", "1.20990637267850"], ["-1.08289937832896", "1.45076166201256", "-1.15074370549013"], ["-1.37351021011121", "-0.24983202769326", "-1.50955064090185"], ["-3.34216923568414", "0.89545705180013", "-0.46241386103107"], ["-2.78628253004447", "-0.45665635920022", "0.51546426694581"], ["-2.38333724685133", "1.19552655919361", "0.98740917059766"]], "bond_dist": [[0.0, 1.5245984110706456, 2.5631848438370417, 3.109730184813272, 3.8861644043469226, 5.100552435213986, 1.0880956350964897, 1.0879172676626743, 1.0866762678798778, 2.1504731654516185, 2.1378162962872294, 2.7374227979291907, 4.0805541081104835, 3.5069432899055704, 2.775185813602285, 4.03734358893428, 4.241170774022148, 5.9750378527790025, 5.4191474879133885, 5.156884482182863], [1.5245984110706456, 0.0, 1.5344891946559929, 2.525375782734107, 2.5051940349360713, 3.886164419070832, 2.16090807321054, 2.1561271059067155, 2.1710112339558325, 1.092572374197005, 1.0930340975580675, 2.1465969443502018, 3.474565672051348, 2.7786477832935854, 2.770752573537018, 2.637420985352246, 2.7851571176564778, 4.6478544942853945, 4.307819240873665, 4.141218437995613], [2.5631848438370417, 1.5344891946559929, 0.0, 1.5266465353550465, 1.5344891931735976, 2.5631848417185927, 2.7798841051967202, 3.494461409489211, 2.8808936123783733, 2.154657571296671, 2.148235125957675, 1.0963996852832667, 2.1660935052893273, 2.160507349589459, 2.1660934663103006, 2.148235140130713, 2.1546575558176935, 3.4944614765219257, 2.8808928323433083, 2.7798847918421323], [3.109730184813272, 2.525375782734107, 1.5266465353550465, 0.0, 2.525375711281099, 3.109729937399962, 3.448229296212981, 4.105263135064211, 2.8541965412295958, 2.724848213530165, 3.4568321966234046, 2.144351247155431, 1.0865515871376372, 1.0883584402690811, 1.0865515791765414, 3.45683216931091, 2.7248482273576498, 4.105262489602363, 2.8541953783203744, 3.448230183019979], [3.8861644043469226, 2.5051940349360713, 1.5344891931735976, 2.525375711281099, 0.0, 1.5245984007182536, 4.141217967319545, 4.64785434617655, 4.307819830051958, 2.7851572488941176, 2.6374208706998323, 2.146596960987751, 2.7707538431445244, 2.7786463738316236, 3.4745656202084687, 1.0930340961040514, 1.092572378660179, 2.156127100540192, 2.1710111753393173, 2.160908079316697], [5.100552435213986, 3.886164419070832, 2.5631848417185927, 3.109729937399962, 1.5245984007182536, 0.0, 5.156883853826551, 5.975037654248242, 5.419148319735687, 4.241170825174481, 4.0373435883063795, 2.7374229258400535, 2.7751868626132903, 3.506940821046371, 4.080554858119446, 2.137816279411616, 2.150473166204571, 1.0879172689857022, 1.0866762605861668, 1.0880956347317525], [1.0880956350964897, 2.16090807321054, 2.7798841051967202, 3.448229296212981, 4.141217967319545, 5.156883853826551, 0.0, 1.7639124985392485, 1.764881098301306, 3.056733572855793, 2.5155485204800985, 2.503779547978632, 4.240635499008234, 4.108832873920505, 3.0401048720855046, 4.217176164687051, 4.732364236307481, 6.068334418321874, 5.535737252238586, 4.981715713002641], [1.0879172676626743, 2.1561271059067155, 3.494461409489211, 4.105263135064211, 4.64785434617655, 5.975037654248242, 1.7639124985392485, 0.0, 1.7588252613185569, 2.506751654660606, 2.426202557177428, 3.71325638886799, 5.116757786863095, 4.344510142768791, 3.782503650929124, 4.631377208114953, 4.900388523249089, 6.767406592056313, 6.363254485103671, 6.068334492830262], [1.0866762678798778, 2.1710112339558325, 2.8808936123783733, 2.8541965412295958, 4.307819830051958, 5.419148319735687, 1.764881098301306, 1.7588252613185569, 0.0, 2.4777782053321986, 3.052213390818845, 3.1543746239827746, 3.829868763739425, 3.160157449059456, 2.2297821869317156, 4.693037257314367, 4.540633123369382, 6.3632551988303145, 5.526126641828498, 5.535739110702097], [2.1504731654516185, 1.092572374197005, 2.154657571296671, 2.724848213530165, 2.7851572488941176, 4.241170825174481, 3.056733572855793, 2.506751654660606, 2.4777782053321986, 0.0, 1.7621623025839626, 3.0470116101460554, 3.7338643182130156, 2.5286573856851096, 3.056946392275598, 3.021638820682543, 2.6199112908165136, 4.900388446830925, 4.540632791767485, 4.7323647099173645], [2.1378162962872294, 1.0930340975580675, 2.148235125957675, 3.4568321966234046, 2.6374208706998323, 4.0373435883063795, 2.5155485204800985, 2.426202557177428, 3.052213390818845, 1.7621623025839626, 0.0, 2.5084329182548846, 4.288653373111861, 3.7328390131428173, 3.7891310868368384, 2.29972829825195, 3.021638472204966, 4.631377588678452, 4.6930367777198985, 4.217176316219398], [2.7374227979291907, 2.1465969443502018, 1.0963996852832667, 2.144351247155431, 2.146596960987751, 2.7374229258400535, 2.503779547978632, 3.71325638886799, 3.1543746239827746, 3.0470116101460554, 2.5084329182548846, 0.0, 2.483258368694766, 3.053005299238015, 2.4832594059742243, 2.508432861752141, 3.047011620506382, 3.71325694080233, 3.1543736715084103, 2.503780435111585], [4.0805541081104835, 3.474565672051348, 2.1660935052893273, 1.0865515871376372, 2.7707538431445244, 2.7751868626132903, 4.240635499008234, 5.116757786863095, 3.829868763739425, 3.7338643182130156, 4.288653373111861, 2.483258368694766, 0.0, 1.7655088094242761, 1.7545679202656916, 3.789131996674777, 3.056948576327459, 3.7825045087125604, 2.22978259352502, 3.0401061923677517], [3.5069432899055704, 2.7786477832935854, 2.160507349589459, 1.0883584402690811, 2.7786463738316236, 3.506940821046371, 4.108832873920505, 4.344510142768791, 3.160157449059456, 2.5286573856851096, 3.7328390131428173, 3.053005299238015, 1.7655088094242761, 0.0, 1.765508791282807, 3.7328381238123494, 2.5286558480193824, 4.344506810144666, 3.1601540474449212, 4.108831761780201], [2.775185813602285, 2.770752573537018, 2.1660934663103006, 1.0865515791765414, 3.4745656202084687, 4.080554858119446, 3.0401048720855046, 3.782503650929124, 2.2297821869317156, 3.056946392275598, 3.7891310868368384, 2.4832594059742243, 1.7545679202656916, 1.765508791282807, 0.0, 4.2886532759861336, 3.7338636432440424, 5.116758055438975, 3.829868578191371, 4.240638043327419], [4.03734358893428, 2.637420985352246, 2.148235140130713, 3.45683216931091, 1.0930340961040514, 2.137816279411616, 4.217176164687051, 4.631377208114953, 4.693037257314367, 3.021638820682543, 2.29972829825195, 2.508432861752141, 3.789131996674777, 3.7328381238123494, 4.2886532759861336, 0.0, 1.7621622995388297, 2.4262030981040947, 3.0522134061373607, 2.5155479182715825], [4.241170774022148, 2.7851571176564778, 2.1546575558176935, 2.7248482273576498, 1.092572378660179, 2.150473166204571, 4.732364236307481, 4.900388523249089, 4.540633123369382, 2.6199112908165136, 3.021638472204966, 3.047011620506382, 3.056948576327459, 2.5286558480193824, 3.7338636432440424, 1.7621622995388297, 0.0, 2.506751058708208, 2.4777787046219792, 3.0567336143443393], [5.9750378527790025, 4.6478544942853945, 3.4944614765219257, 4.105262489602363, 2.156127100540192, 1.0879172689857022, 6.068334418321874, 6.767406592056313, 6.3632551988303145, 4.900388446830925, 4.631377588678452, 3.71325694080233, 3.7825045087125604, 4.344506810144666, 5.116758055438975, 2.4262030981040947, 2.506751058708208, 0.0, 1.7588252724160787, 1.763912502114991], [5.4191474879133885, 4.307819240873665, 2.8808928323433083, 2.8541953783203744, 2.1710111753393173, 1.0866762605861668, 5.535737252238586, 6.363254485103671, 5.526126641828498, 4.540632791767485, 4.6930367777198985, 3.1543736715084103, 2.22978259352502, 3.1601540474449212, 3.829868578191371, 3.0522134061373607, 2.4777787046219792, 1.7588252724160787, 0.0, 1.7648810977408382], [5.156884482182863, 4.141218437995613, 2.7798847918421323, 3.448230183019979, 2.160908079316697, 1.0880956347317525, 4.981715713002641, 6.068334492830262, 5.535739110702097, 4.7323647099173645, 4.217176316219398, 2.503780435111585, 3.0401061923677517, 4.108831761780201, 4.240638043327419, 2.5155479182715825, 3.0567336143443393, 1.763912502114991, 1.7648810977408382, 0.0]]}