{"total energy": -24.04821469, "HOMO-LUMO gap/eV": 12.14327804, "electronic energy": -24.35633859, "dipole": [-0.05045771, 0.36662789, 0.50345021], "partial charges": [-0.10158929, -0.05937119, -0.0202408, -0.05937117, -0.10158929, 0.08756187, -0.43931472, 0.03056129, 0.03414529, 0.03344769, 0.02986621, 0.05123017, 0.02716208, 0.02986624, 0.05123019, 0.03414529, 0.0334477, 0.03056129, 0.01354109, 0.0135411, 0.28116894], "atomic dipole moments": [[0.08472228, -0.00065734, -0.04915526], [-0.00376704, 0.03861788, 0.11582536], [-0.00324293, 0.0586799, -0.07844405], [-0.01061017, 0.03796144, 0.11561732], [-0.07994224, -0.01644762, -0.05415951], [0.00373012, 0.02650591, -0.20637886], [-0.01112799, 0.03969561, 0.24090728], [0.01099637, -0.0571689, 0.10828849], [-0.08699224, -0.05765107, -0.06472462], [-0.04038856, 0.11473308, 0.01984758], [0.02573479, -0.11413975, -0.02862767], [-0.01054344, 0.06682854, -0.10630879], [0.00099844, -0.04599132, 0.11226572], [-0.00182515, -0.11678266, -0.02946532], [0.00404053, 0.06822711, -0.10586552], [0.10008991, -0.03971103, -0.05903907], [0.01660111, 0.12019808, 0.02157952], [-0.00643761, -0.05884069, 0.10775866], [0.08876134, 0.04181044, 0.06335514], [-0.09873363, 0.02383096, 0.0576571], [-0.00777409, 0.07495481, 0.01929385]], "atomic quadrupole moments": [[0.13670214, 0.0027705, -0.11482546, -0.14646878, 0.0107733, -0.02187668], [0.21587228, 0.07698144, -0.17803749, -0.01569451, 0.10187447, -0.03783478], [0.05926613, -0.00540316, 0.0737629, -0.00662382, 0.1297897, -0.13302903], [0.2298773, -0.00412448, -0.19372174, 0.01214486, 0.10203817, -0.03615556], [0.11106421, 0.04114014, -0.10723095, 0.14999976, 0.04044361, -0.00383326], [-0.31732104, -0.03143622, 0.08256229, 0.00579755, -0.23632261, 0.23475875], [-0.12252332, -0.00795281, -0.0153492, -0.0003682, -0.07893057, 0.13787251], [-0.02930699, -0.0178627, -0.02199486, 0.01380112, -0.05641939, 0.05130185], [0.02136917, 0.04032508, -0.0221631, 0.04145362, 0.04423843, 0.00079394], [-0.03375413, -0.02182406, 0.07767402, -0.01609742, 0.01292778, -0.04391988], [-0.00320972, -0.01060589, 0.05374053, -0.00553661, 0.01859114, -0.05053081], [-0.01608844, -0.00330633, -0.00646664, 0.01156714, -0.04214372, 0.02255508], [-0.01936339, -0.00029092, -0.00695628, 0.00144357, -0.02952652, 0.02631967], [-0.0055029, -0.00198316, 0.05541531, 0.00460228, 0.01983203, -0.04991241], [-0.01643087, 0.00392286, -0.00507708, -0.00566731, -0.04357569, 0.02150796], [0.04063106, -0.03109328, -0.03603742, -0.04689051, 0.03354016, -0.00459364], [-0.03949836, -0.00158873, 0.08160773, 0.01360208, 0.01640743, -0.04210938], [-0.03506022, 0.01871408, -0.01492702, -0.00791556, -0.05737349, 0.04998724], [0.01568373, 0.02590037, -0.00924831, 0.03090341, -0.00717649, -0.00643542], [0.02782368, -0.01840167, -0.01785662, -0.02701572, -0.01411244, -0.00996707], [-0.09054337, -0.02220246, 0.13336473, -0.00315122, 0.01703209, -0.04282136]], "number of molecular orbitals": 42, "number of electrons": 44, "number of unpaired electrons": 0, "orbital energies/eV": [-18.54986313, -17.15985367, -16.45713743, -16.43605481, -15.8525973, -15.40989128, -15.08737795, -14.91508057, -14.29284509, -13.90294015, -13.38457289, -13.35056752, -13.10076005, -12.91390237, -12.68154167, -12.38347008, -12.05343962, -11.57565131, -11.54533339, -11.4031536, -11.31878433, -10.90713189, 1.23614614, 2.12715228, 2.48257731, 2.78741134, 3.3015841, 3.7769257, 4.08992553, 4.1762638, 4.96052371, 5.06295409, 5.35747899, 5.39295842, 5.55342469, 6.62379504, 6.73400968, 7.11596999, 7.65083988, 7.94069233, 8.13972189, 8.56606539], "fractional occupation": [2.0, 2.0, 2.0, 2.0, 2.0, 2.0, 2.0, 2.0, 2.0, 2.0, 2.0, 2.0, 2.0, 2.0, 2.0, 2.0, 2.0, 2.0, 2.0, 2.0, 2.0, 2.0, 0.0, 0.0, 0.0, 0.0, 0.0, 0.0, 0.0, 0.0, 0.0, 0.0, 0.0, 0.0, 0.0, 0.0, 0.0, 0.0, 0.0, 0.0, 0.0, 0.0], "program call": "xtb /tmp/scratch/tmpu6kdwpwr/2929_0_xyzopt.xyz --pop --wbo --acc 0.2 --gfn 2 --chrg 0 --uhf 0 --etemp 300 --input /tmp/scratch/tmpu6kdwpwr/2929_0_xtb.inp", "method": "GFN2-xTB", "xtb version": "6.3.3 (7355c4f)", "Dipole module/D": 1.588, "Total charge": 0, "Transition dipole module/D": NaN, "HOMO": -10.9071, "LUMO": 1.2361, "HOMO occupancy": 2.0, "LUMO occupancy": 0, "mulliken charges": [-0.08767, -0.04274, -0.0188, -0.04274, -0.08767, 0.19496, -0.56766, 0.02368, 0.02977, 0.0278, 0.0215, 0.03984, 0.0157, 0.0215, 0.03984, 0.02977, 0.0278, 0.02368, 0.00674, 0.00674, 0.33793], "cm5 charges": [-0.24042, -0.15368, -0.08777, -0.15368, -0.24042, 0.11067, -0.78985, 0.0759, 0.08143, 0.08082, 0.07745, 0.09983, 0.07537, 0.07745, 0.09983, 0.08143, 0.08082, 0.0759, 0.06922, 0.06922, 0.5105], "FUKUI+": [0.011, -0.017, -0.025, -0.017, 0.011, -0.003, -0.094, -0.044, -0.069, -0.036, -0.058, -0.045, -0.094, -0.058, -0.045, -0.069, -0.036, -0.044, -0.077, -0.077, -0.116], "FUKUI-": [0.017, 0.002, -0.003, 0.002, 0.017, 0.025, -0.102, -0.076, -0.066, -0.055, -0.065, -0.069, -0.046, -0.065, -0.069, -0.066, -0.055, -0.076, -0.096, -0.096, -0.056], "FUKUIrad": [0.014, -0.007, -0.014, -0.007, 0.014, 0.011, -0.098, -0.06, -0.067, -0.046, -0.062, -0.057, -0.07, -0.062, -0.057, -0.067, -0.046, -0.06, -0.087, -0.087, -0.086], "s proportion": [1.006, 1.029, 1.058, 1.029, 1.006, 0.99, 1.689, 0.976, 0.97, 0.972, 0.978, 0.96, 0.984, 0.978, 0.96, 0.97, 0.972, 0.976, 0.993, 0.993, 0.662], "p proportion": [3.082, 3.014, 2.961, 3.014, 3.082, 2.815, 4.879, 0.0, 0.0, 0.0, 0.0, 0.0, 0.0, 0.0, 0.0, 0.0, 0.0, 0.0, 0.0, 0.0, 0.0], "d proportion": [0.0, 0.0, 0.0, 0.0, 0.0, 0.0, 0.0, 0.0, 0.0, 0.0, 0.0, 0.0, 0.0, 0.0, 0.0, 0.0, 0.0, 0.0, 0.0, 0.0, 0.0], "Fermi-level/eV": -4.8355, "Coordination numbers": [3.751, 3.804, 3.85, 3.804, 3.751, 3.676, 1.655, 0.925, 0.925, 0.925, 0.924, 0.924, 0.924, 0.924, 0.924, 0.925, 0.925, 0.925, 0.923, 0.923, 0.805], "Dispersion coefficient C6": [22.503, 21.64, 20.901, 21.64, 22.503, 19.341, 21.627, 2.578, 2.528, 2.538, 2.588, 2.305, 2.627, 2.588, 2.305, 2.528, 2.538, 2.578, 2.834, 2.834, 0.78], "Total dispersion C6": 2916.279175, "Total dispersion C8": 60121.630483, "Polarizability alpha": [6.765, 6.623, 6.503, 6.623, 6.765, 6.301, 6.278, 2.511, 2.487, 2.491, 2.516, 2.374, 2.535, 2.516, 2.374, 2.487, 2.491, 2.511, 2.633, 2.633, 1.388], "Total polarizability alpha": 79.802096, "Wiberg matrix": [[0.0, 1.8785917353704802, 0.0, 0.0, 0.0, 0.0, 0.0, 0.0, 0.9742405880540858, 0.9724865748137697, 0.0, 0.0, 0.0, 0.0, 0.0, 0.0, 0.0, 0.0, 0.0, 0.0, 0.0], [1.8785917353704802, 0.0, 1.0298234409669822, 0.9928940822148901, 0.0, 0.0, 0.0, 0.0, 0.0, 0.0, 0.0, 0.0, 0.0, 0.0, 0.0, 0.0, 0.0, 0.0, 0.0, 0.0, 0.0], [0.0, 1.0298234409669822, 0.0, 0.0, 0.0, 0.0, 0.0, 0.0, 0.0, 0.0, 0.9666224410155926, 0.9848184949628801, 0.9666224348262501, 0.0, 0.0, 0.0, 0.0, 0.0, 0.0, 0.0, 0.0], [0.0, 0.9928940822148901, 0.0, 0.0, 1.7255323206024509, 1.1243373636530594, 0.0, 0.0, 0.0, 0.0, 0.0, 0.0, 0.0, 0.0, 0.0, 0.0, 0.0, 0.0, 0.0, 0.0, 0.0], [0.0, 0.0, 0.0, 1.7255323206024509, 0.0, 0.170860057753692, 0.0, 0.0, 0.0, 0.0, 0.0, 0.0, 0.0, 0.0, 0.0, 0.0, 0.0, 0.0, 0.0, 0.0, 0.0], [0.0, 0.0, 0.0, 1.1243373636530594, 0.170860057753692, 0.0, 0.9395782385981198, 0.0, 0.0, 0.0, 0.0, 0.0, 0.0, 0.0, 0.0, 0.0, 0.0, 0.0, 0.0, 0.9682283020728374, 0.0], [0.0, 0.0, 0.0, 0.0, 0.0, 0.9395782385981198, 0.0, 1.0194532371919889, 0.0, 0.0, 0.0, 0.0, 0.0, 0.9682749825335055, 0.968274969681523, 0.0, 0.0, 0.0, 0.0, 0.0, 0.9072426403298189], [0.0, 0.0, 0.0, 0.0, 0.0, 0.0, 1.0194532371919889, 0.0, 0.0, 0.0, 0.0, 0.0, 0.0, 0.0, 0.0, 0.9837993924846363, 0.9854069672359577, 0.9854069539060584, 0.0, 0.0, 0.0], [0.9742405880540858, 0.0, 0.0, 0.0, 0.0, 0.0, 0.0, 0.0, 0.0, 0.0, 0.0, 0.0, 0.0, 0.0, 0.0, 0.0, 0.0, 0.0, 0.0, 0.0, 0.0], [0.9724865748137697, 0.0, 0.0, 0.0, 0.0, 0.0, 0.0, 0.0, 0.0, 0.0, 0.0, 0.0, 0.0, 0.0, 0.0, 0.0, 0.0, 0.0, 0.0, 0.0, 0.0], [0.0, 0.0, 0.9666224410155926, 0.0, 0.0, 0.0, 0.0, 0.0, 0.0, 0.0, 0.0, 0.0, 0.0, 0.0, 0.0, 0.0, 0.0, 0.0, 0.0, 0.0, 0.0], [0.0, 0.0, 0.9848184949628801, 0.0, 0.0, 0.0, 0.0, 0.0, 0.0, 0.0, 0.0, 0.0, 0.0, 0.0, 0.0, 0.0, 0.0, 0.0, 0.0, 0.0, 0.0], [0.0, 0.0, 0.9666224348262501, 0.0, 0.0, 0.0, 0.0, 0.0, 0.0, 0.0, 0.0, 0.0, 0.0, 0.0, 0.0, 0.0, 0.0, 0.0, 0.0, 0.0, 0.0], [0.0, 0.0, 0.0, 0.0, 0.0, 0.0, 0.9682749825335055, 0.0, 0.0, 0.0, 0.0, 0.0, 0.0, 0.0, 0.0, 0.0, 0.0, 0.0, 0.0, 0.0, 0.0], [0.0, 0.0, 0.0, 0.0, 0.0, 0.0, 0.968274969681523, 0.0, 0.0, 0.0, 0.0, 0.0, 0.0, 0.0, 0.0, 0.0, 0.0, 0.0, 0.0, 0.0, 0.0], [0.0, 0.0, 0.0, 0.0, 0.0, 0.0, 0.0, 0.9837993924846363, 0.0, 0.0, 0.0, 0.0, 0.0, 0.0, 0.0, 0.0, 0.0, 0.0, 0.0, 0.0, 0.0], [0.0, 0.0, 0.0, 0.0, 0.0, 0.0, 0.0, 0.9854069672359577, 0.0, 0.0, 0.0, 0.0, 0.0, 0.0, 0.0, 0.0, 0.0, 0.0, 0.0, 0.0, 0.0], [0.0, 0.0, 0.0, 0.0, 0.0, 0.0, 0.0, 0.9854069539060584, 0.0, 0.0, 0.0, 0.0, 0.0, 0.0, 0.0, 0.0, 0.0, 0.0, 0.0, 0.0, 0.0], [0.0, 0.0, 0.0, 0.0, 0.0, 0.0, 0.0, 0.0, 0.0, 0.0, 0.0, 0.0, 0.0, 0.0, 0.0, 0.0, 0.0, 0.0, 0.0, 0.0, 0.0], [0.0, 0.0, 0.0, 0.0, 0.0, 0.9682283020728374, 0.0, 0.0, 0.0, 0.0, 0.0, 0.0, 0.0, 0.0, 0.0, 0.0, 0.0, 0.0, 0.0, 0.0, 0.0], [0.0, 0.0, 0.0, 0.0, 0.0, 0.0, 0.9072426403298189, 0.0, 0.0, 0.0, 0.0, 0.0, 0.0, 0.0, 0.0, 0.0, 0.0, 0.0, 0.0, 0.0, 0.0]], "Born radii": [], "Atomic SASAs": [], "Solvent H bonds": [], "Total SASA": NaN, "Total FOD": 0.0, "FOD": [0.0, 0.0, 0.0, 0.0, 0.0, 0.0, 0.0, 0.0, 0.0, 0.0, 0.0, 0.0, 0.0, 0.0, 0.0, 0.0, 0.0, 0.0, 0.0, 0.0, 0.0], "FOD s proportion": [0.0, 0.0, 0.0, 0.0, 0.0, 0.0, 0.0, 0.0, 0.0, 0.0, 0.0, 0.0, 0.0, 0.0, 0.0, 0.0, 0.0, 0.0, 0.0, 0.0, 0.0], "FOD p proportion": [0.0, 0.0, 0.0, 0.0, 0.0, 0.0, 0.0, 0.0, 0.0, 0.0, 0.0, 0.0, 0.0, 0.0, 0.0, 0.0, 0.0, 0.0, 0.0, 0.0, 0.0], "FOD d proportion": [0.0, 0.0, 0.0, 0.0, 0.0, 0.0, 0.0, 0.0, 0.0, 0.0, 0.0, 0.0, 0.0, 0.0, 0.0, 0.0, 0.0, 0.0, 0.0, 0.0, 0.0], "coordinates": [["-2.48954235813988", "-0.74078944387459", "0.20157767434114"], ["-1.17299273080393", "-0.76596264889285", "-0.56689626318457"], ["0.01131734308695", "-0.18712744228411", "0.21806415340774"], ["1.32903343628101", "-0.52603364070551", "-0.49085784623260"], ["2.56818404813068", "-0.25578335692478", "0.35528595099436"], ["-0.13924267113309", "1.32823953356429", "0.39064536753990"], ["-0.16033922632009", "1.95031207533086", "-0.87803656427008"], ["-2.38336826668629", "-1.24662363520176", "1.15965951963277"], ["-3.26367482785034", "-1.24856119475675", "-0.36941773091054"], ["-2.82306960569003", "0.27720673221121", "0.38472600575643"], ["-0.94227970298305", "-1.80162046246878", "-0.82640046198836"], ["-1.27750620378037", "-0.20281875305156", "-1.49483375899811"], ["0.02324059638184", "-0.62941694267072", "1.22131652879964"], ["1.31519520795452", "-1.58514251781445", "-0.75779419246989"], ["1.38036693749261", "0.05205518246122", "-1.41405892343705"], ["3.45757342673127", "-0.60403347264066", "-0.16515361093494"], ["2.69072469047722", "0.80594709041821", "0.55229418484739"], ["2.50252791924670", "-0.77809474403258", "1.30814588898442"], ["0.69632701147423", "1.71398468854892", "0.99100105745308"], ["-1.06743623256862", "1.54485060557534", "0.93739891262599"], ["-0.25504079130139", "2.89941034720919", "-0.75666689195671"]], "bond_dist": [[0.0, 1.5246274312584005, 2.5614668963735485, 3.8867863464415113, 5.083252260057195, 3.136962881648027, 3.7192447513118956, 1.0886055250130884, 1.0877265209934346, 1.0867842245284456, 2.139187514648032, 2.15319665957927, 2.7141019402099924, 4.013646028133287, 4.267913093540285, 5.959981559529523, 5.4176159583571355, 5.11337956281804, 4.098642331219559, 2.790693312198212, 4.377474662410899], [1.5246274312584005, 0.0, 1.5342110034626844, 2.5146535965416943, 3.8867861579125416, 2.524125183394871, 2.9155486249691633, 2.1626462477256796, 2.154727536856906, 2.171759883930846, 1.092317736386236, 1.0904687568168134, 2.1557652683846635, 2.626514210057668, 2.8118469625893034, 4.650780703932253, 4.318772950621323, 4.126182534630721, 3.4744120591843135, 2.7593303621191305, 3.7833329030545397], [2.5614668963735485, 1.5342110034626844, 0.0, 1.5342110399697688, 2.561466533786696, 1.5325761530329234, 2.4082255817461418, 2.7827420265196117, 3.4924705145485264, 2.877000482104552, 2.1463553692976776, 2.1436724587766616, 1.096484151664246, 2.1463557834433553, 2.143672283230735, 3.4924701125580078, 2.877000256285537, 2.7827415756307534, 2.163538083191454, 2.1635387057032944, 3.247731945915841], [3.8867863464415113, 2.5146535965416943, 1.5342110399697688, 0.0, 1.5246274234437198, 2.5241259176813955, 2.915549072325197, 4.1261827297619496, 4.650780898665631, 4.31877318803529, 2.6265136518658907, 2.8118471495132518, 2.155765325441109, 1.0923177756846634, 1.0904687270932591, 2.154727294489662, 2.1717600925943996, 2.1626461894369506, 2.7593305974130957, 3.4744130158108293, 3.7833334668808276], [5.083252260057195, 3.8867861579125416, 2.561466533786696, 1.5246274234437198, 0.0, 3.1369632203956694, 3.719244646712146, 5.11337966724058, 5.959981645207932, 5.417615814339066, 4.013645585174169, 4.26791303850134, 2.71410172813961, 2.1391877472586835, 2.153196539875675, 1.0877265039911592, 1.0867842453991219, 1.0886055179857048, 2.7906932141009997, 4.098642823233136, 4.377474720605459], [3.136962881648027, 2.524125183394871, 1.5325761530329234, 2.5241259176813955, 3.1369632203956694, 0.0, 1.413143006196394, 3.501057382078172, 4.120640024199, 2.8822963072899586, 3.452838342648357, 2.6823152095494414, 2.132799631778806, 3.452839113601463, 2.6823156858391095, 4.120640425569572, 2.882296827893344, 3.50105743283741, 1.098818899317692, 1.098818949177869, 1.948925948073786], [3.7192447513118956, 2.9155486249691633, 2.4082255817461418, 2.915549072325197, 3.719244646712146, 1.413143006196394, 0.0, 4.394822110386629, 4.48577475710207, 3.3888027193472126, 3.8328964197199995, 2.502892965966158, 3.3310639091743752, 3.832896982035716, 2.5028932626191773, 4.48577476571293, 3.388802550788212, 4.394821830951263, 2.0695480927333922, 2.0695482485253183, 0.9615022170800203], [1.0886055250130884, 2.1626462477256796, 2.7827420265196117, 4.1261827297619496, 5.11337966724058, 3.501057382078172, 4.394822110386629, 0.0, 1.7643754231723452, 1.7651963650258176, 2.515788539863724, 3.05921462151181, 2.4852589216986196, 4.17978415087295, 4.740917209023992, 6.023674278532041, 5.507118899343592, 4.910554863094189, 4.275297689032991, 3.094092004573583, 5.039016029101324], [1.0877265209934346, 2.154727536856906, 3.4924705145485264, 4.650780898665631, 5.959981645207932, 4.120640024199, 4.48577475710207, 1.7643754231723452, 0.0, 1.7580766491575566, 2.4297290169611774, 2.5109767609239104, 3.7037262447381654, 4.607621302550399, 4.934572129380668, 6.755169717705241, 6.365958747381433, 6.023674335543177, 5.129233076969508, 3.7860775472068284, 5.1388236583454665], [1.0867842245284456, 2.171759883930846, 2.877000482104552, 4.31877318803529, 5.417615814339066, 2.8822963072899586, 3.3888027193472126, 1.7651963650258176, 1.7580766491575566, 0.0, 3.0538042642477237, 2.480309578481779, 3.102149570462478, 4.679629558017901, 4.5776849186473765, 6.365958591775652, 5.541621874639881, 5.507118528242818, 3.8494224090160567, 2.234863949434713, 3.843631295661538], [2.139187514648032, 1.092317736386236, 2.1463553692976776, 2.6265136518658907, 4.013645585174169, 3.452838342648357, 3.8328964197199995, 2.515788539863724, 2.4297290169611774, 3.0538042642477237, 0.0, 1.765034499782813, 2.549399030099935, 2.268868108606491, 3.0292149610801413, 4.60762081331467, 4.679629087329917, 4.17978379523675, 4.283393494111266, 3.784907000184315, 4.751510366826559], [2.15319665957927, 1.0904687568168134, 2.1436724587766616, 2.8118471495132518, 4.26791303850134, 2.6823152095494414, 2.502892965966158, 3.05921462151181, 2.5109767609239104, 2.480309578481779, 1.765034499782813, 0.0, 3.041611520135728, 3.029215562430057, 2.671287130235907, 4.934572084249504, 4.577684761488582, 4.740917141656506, 3.7080355621345755, 3.002371287633155, 3.3487536836587646], [2.7141019402099924, 2.1557652683846635, 1.096484151664246, 2.155765325441109, 2.71410172813961, 2.132799631778806, 3.3310639091743752, 2.4852589216986196, 3.7037262447381654, 3.102149570462478, 2.549399030099935, 3.041611520135728, 0.0, 2.5493994077805318, 3.0416114047195912, 3.7037259291883786, 3.1021496089719034, 2.4852585490701564, 2.4490042351385153, 2.4490048038619876, 4.054932919953065], [4.013646028133287, 2.626514210057668, 2.1463557834433553, 1.0923177756846634, 2.1391877472586835, 3.452839113601463, 3.832896982035716, 4.17978415087295, 4.607621302550399, 4.679629558017901, 2.268868108606491, 3.029215562430057, 2.5493994077805318, 0.0, 1.7650345779135115, 2.4297288428326627, 3.0538045825280316, 2.5157888418208216, 3.7849072636637855, 4.283394588104318, 4.751510997920282], [4.267913093540285, 2.8118469625893034, 2.143672283230735, 1.0904687270932591, 2.153196539875675, 2.6823156858391095, 2.5028932626191773, 4.740917209023992, 4.934572129380668, 4.5776849186473765, 3.0292149610801413, 2.671287130235907, 3.0416114047195912, 1.7650345779135115, 0.0, 2.5109766231258672, 2.4803094557231735, 3.059214476005168, 3.0023713653163178, 3.7080362038974948, 3.3487541200676314], [5.959981559529523, 4.650780703932253, 3.4924701125580078, 2.154727294489662, 1.0877265039911592, 4.120640425569572, 4.48577476571293, 6.023674278532041, 6.755169717705241, 6.365958591775652, 4.60762081331467, 4.934572084249504, 3.7037259291883786, 2.4297288428326627, 2.5109766231258672, 0.0, 1.7580766513924144, 1.7643754317116491, 3.7860775980703285, 5.1292335943665215, 5.138823882213469], [5.4176159583571355, 4.318772950621323, 2.877000256285537, 2.1717600925943996, 1.0867842453991219, 2.882296827893344, 3.388802550788212, 5.507118899343592, 6.365958747381433, 5.541621874639881, 4.679629087329917, 4.577684761488582, 3.1021496089719034, 3.0538045825280316, 2.4803094557231735, 1.7580766513924144, 0.0, 1.765196407383232, 2.234864224444735, 3.8494230190481473, 3.843631327502732], [5.11337956281804, 4.126182534630721, 2.7827415756307534, 2.1626461894369506, 1.0886055179857048, 3.50105743283741, 4.394821830951263, 4.910554863094189, 6.023674335543177, 5.507118528242818, 4.17978379523675, 4.740917141656506, 2.4852585490701564, 2.5157888418208216, 3.059214476005168, 1.7643754317116491, 1.765196407383232, 0.0, 3.094091540614283, 4.275297938505626, 5.039015847349642], [4.098642331219559, 3.4744120591843135, 2.163538083191454, 2.7593305974130957, 2.7906932141009997, 1.098818899317692, 2.0695480927333922, 4.275297689032991, 5.129233076969508, 3.8494224090160567, 4.283393494111266, 3.7080355621345755, 2.4490042351385153, 3.7849072636637855, 3.0023713653163178, 3.7860775980703285, 2.234864224444735, 3.094091540614283, 0.0, 1.7726647480530366, 2.3161774434966045], [2.790693312198212, 2.7593303621191305, 2.1635387057032944, 3.4744130158108293, 4.098642823233136, 1.098818949177869, 2.0695482485253183, 3.094092004573583, 3.7860775472068284, 2.234863949434713, 3.784907000184315, 3.002371287633155, 2.4490048038619876, 4.283394588104318, 3.7080362038974948, 5.1292335943665215, 3.8494230190481473, 4.275297938505626, 1.7726647480530366, 0.0, 2.316177324149291], [4.377474662410899, 3.7833329030545397, 3.247731945915841, 3.7833334668808276, 4.377474720605459, 1.948925948073786, 0.9615022170800203, 5.039016029101324, 5.1388236583454665, 3.843631295661538, 4.751510366826559, 3.3487536836587646, 4.054932919953065, 4.751510997920282, 3.3487541200676314, 5.138823882213469, 3.843631327502732, 5.039015847349642, 2.3161774434966045, 2.316177324149291, 0.0]]}