{"total energy": -26.06202108, "HOMO-LUMO gap/eV": 3.84230143, "electronic energy": -26.39038887, "dipole": [0.19039814, 0.81995363, -0.23533273], "partial charges": [-0.08233614, -0.00760037, -0.11002379, 0.34922851, -0.41752853, -0.26838209, 0.08624802, -0.11545873, 0.05477597, 0.06241022, 0.06509462, 0.04993776, 0.06509458, 0.05058301, 0.05058297, 0.05221152, 0.05758122, 0.05758126], "atomic dipole moments": [[0.00083891, 0.04318776, -0.01244059], [0.01600428, -0.14683493, 0.04239598], [0.0778578, 0.05060291, -0.01418911], [0.16385433, 0.05381316, -0.0146802], [-0.01238611, 0.18988558, -0.05478362], [0.03319125, -0.23012355, 0.06648465], [-0.17503137, 0.16539576, -0.04854871], [-0.08774083, -0.09042644, 0.02561555], [-0.12851553, 0.06713736, -0.01999812], [0.12991211, 0.07352085, -0.02053095], [0.00098121, -0.04745409, 0.121102], [-0.10355636, 0.06805327, -0.02013507], [0.00198406, -0.10461862, -0.07726295], [0.00294502, -0.09936299, -0.07736481], [0.00195535, -0.04294723, 0.11840062], [0.1119447, -0.05452038, 0.01627779], [-0.01078033, 0.04193616, -0.11946859], [-0.01178247, 0.09905171, 0.07872441]], "atomic quadrupole moments": [[-0.30498215, -0.00233397, -0.28402358, -0.00424745, 0.27436974, 0.58900573], [-0.04226613, 0.00493622, -0.30448219, -0.00368726, 0.2047002, 0.34674832], [0.12008998, 0.14094103, -0.00087539, -0.03935447, -0.03635185, -0.11921459], [-0.16166587, 0.17085954, -0.22513066, -0.05229355, 0.193341, 0.38679653], [-0.11840188, 0.00798356, -0.05607232, -0.0038871, 0.07250647, 0.1744742], [0.06681675, -0.03593738, 0.01076939, 0.01112749, -0.02798421, -0.07758614], [0.43341997, -0.14287625, -0.06894265, 0.04534583, -0.0937407, -0.36447732], [0.09614022, 0.19912168, 0.04310052, -0.05611263, -0.0561194, -0.13924075], [0.04193077, -0.0214106, 0.0180375, 0.00672095, -0.02464414, -0.05996827], [0.03647733, 0.0146756, 0.02121248, -0.00371686, -0.0247104, -0.05768981], [-0.03194768, 0.00061593, -0.03853141, 0.00402718, -0.03904058, 0.07047908], [0.04807488, -0.05299916, 0.00572695, 0.0158164, -0.01902595, -0.05380184], [-0.03186222, -0.00239808, 0.0275087, -0.00425397, 0.06601352, 0.00435352], [0.00015471, -0.00993849, -0.0020258, -0.00474622, 0.03823957, 0.00187109], [1.469e-05, -0.00565455, -0.03541122, 0.00901827, -0.0148541, 0.03539653], [0.06655898, -0.04890972, -0.01489136, 0.01471029, -0.01185123, -0.05166762], [-0.04360089, 0.00696303, -0.02669443, 0.01828505, -0.03347138, 0.07029533], [-0.04321361, -0.00457865, 0.0309119, -0.0198647, 0.05812035, 0.01230171]], "number of molecular orbitals": 42, "number of electrons": 46, "number of unpaired electrons": 0, "orbital energies/eV": [-20.06766598, -19.28700706, -18.35366749, -17.45249572, -16.64561347, -16.3820466, -16.34456252, -15.84903687, -15.80501384, -15.0199612, -14.54791453, -14.2411362, -13.71780418, -13.4113289, -13.29076125, -13.11103171, -12.84541944, -12.77205538, -12.64097701, -12.3518671, -11.89185242, -11.31370574, -11.11107146, -7.26877003, -4.3349319, 0.17150317, 2.67339062, 3.08863041, 3.24685568, 3.91777996, 3.94160395, 4.63316123, 4.91752792, 5.09727424, 6.01816765, 6.22253386, 6.63746462, 7.18647334, 7.90122528, 10.54910578, 14.8843314, 19.07362099], "fractional occupation": [2.0, 2.0, 2.0, 2.0, 2.0, 2.0, 2.0, 2.0, 2.0, 2.0, 2.0, 2.0, 2.0, 2.0, 2.0, 2.0, 2.0, 2.0, 2.0, 2.0, 2.0, 2.0, 2.0, 0.0, 0.0, 0.0, 0.0, 0.0, 0.0, 0.0, 0.0, 0.0, 0.0, 0.0, 0.0, 0.0, 0.0, 0.0, 0.0, 0.0, 0.0, 0.0], "program call": "xtb /tmp/scratch/tmpnw4gzsfu/2988_0_xyzopt.xyz --pop --wbo --acc 0.2 --gfn 2 --chrg 0 --uhf 0 --etemp 300 --input /tmp/scratch/tmpnw4gzsfu/2988_0_xtb.inp", "method": "GFN2-xTB", "xtb version": "6.3.3 (7355c4f)", "Dipole module/D": 2.222, "Total charge": 0, "Transition dipole module/D": NaN, "HOMO": -11.1111, "LUMO": -7.2688, "HOMO occupancy": 2.0, "LUMO occupancy": 0, "mulliken charges": [-0.05601, -0.0153, -0.0823, 0.57129, -0.53776, -0.42119, 0.20687, -0.09722, 0.03922, 0.05114, 0.05369, 0.03372, 0.05369, 0.03929, 0.03929, 0.03509, 0.04326, 0.04326], "cm5 charges": [-0.15541, -0.02999, -0.22656, 0.62954, -0.58851, -0.5071, 0.12459, -0.24639, 0.09354, 0.11075, 0.1084, 0.08687, 0.1084, 0.10466, 0.10466, 0.08737, 0.0976, 0.0976], "FUKUI+": [-0.091, -0.082, 0.038, -0.081, -0.192, -0.076, 0.019, 0.014, -0.119, -0.104, -0.062, -0.06, -0.062, -0.033, -0.033, -0.037, -0.02, -0.02], "FUKUI-": [-0.045, -0.053, 0.019, -0.01, -0.128, -0.071, 0.014, 0.015, -0.088, -0.068, -0.082, -0.065, -0.082, -0.08, -0.08, -0.06, -0.068, -0.068], "FUKUIrad": [-0.068, -0.067, 0.029, -0.046, -0.16, -0.073, 0.017, 0.014, -0.103, -0.086, -0.072, -0.062, -0.072, -0.057, -0.057, -0.049, -0.044, -0.044], "s proportion": [1.055, 1.094, 1.003, 0.975, 1.723, 1.687, 0.994, 1.008, 0.961, 0.949, 0.946, 0.966, 0.946, 0.961, 0.961, 0.965, 0.957, 0.957], "p proportion": [3.001, 2.922, 3.079, 2.453, 4.815, 4.734, 2.799, 3.089, 0.0, 0.0, 0.0, 0.0, 0.0, 0.0, 0.0, 0.0, 0.0, 0.0], "d proportion": [0.0, 0.0, 0.0, 0.0, 0.0, 0.0, 0.0, 0.0, 0.0, 0.0, 0.0, 0.0, 0.0, 0.0, 0.0, 0.0, 0.0, 0.0], "Fermi-level/eV": -9.1899, "Coordination numbers": [2.844, 2.937, 3.759, 2.73, 0.856, 1.704, 3.704, 3.751, 0.926, 0.926, 0.925, 0.925, 0.925, 0.924, 0.924, 0.925, 0.925, 0.925], "Dispersion coefficient C6": [30.052, 28.209, 22.653, 21.069, 22.035, 18.45, 19.292, 22.772, 2.261, 2.171, 2.14, 2.321, 2.14, 2.313, 2.313, 2.292, 2.227, 2.227], "Total dispersion C6": 2821.685896, "Total dispersion C8": 62194.759949, "Polarizability alpha": [8.984, 8.711, 6.785, 7.515, 6.294, 5.799, 6.28, 6.805, 2.351, 2.304, 2.288, 2.382, 2.288, 2.378, 2.378, 2.368, 2.334, 2.334], "Total polarizability alpha": 80.578192, "Wiberg matrix": [[0.0, 1.8785917353704757, 0.0, 0.0, 0.0, 0.0, 0.0, 0.0, 0.9742405880540849, 0.9724865748137698, 0.0, 0.0, 0.0, 0.0, 0.0, 0.0, 0.0, 0.0], [1.8785917353704757, 0.0, 1.029823440966979, 0.9928940822148883, 0.0, 0.0, 0.0, 0.0, 0.0, 0.0, 0.0, 0.0, 0.0, 0.0, 0.0, 0.0, 0.0, 0.0], [0.0, 1.029823440966979, 0.0, 0.0, 0.0, 0.0, 0.0, 0.0, 0.0, 0.0, 0.9666224410155899, 0.9848184949628777, 0.9666224348262483, 0.0, 0.0, 0.0, 0.0, 0.0], [0.0, 0.9928940822148883, 0.0, 0.0, 1.7255323206024478, 1.1243373636530591, 0.0, 0.0, 0.0, 0.0, 0.0, 0.0, 0.0, 0.0, 0.0, 0.0, 0.0, 0.0], [0.0, 0.0, 0.0, 1.7255323206024478, 0.0, 0.17086005775369228, 0.0, 0.0, 0.0, 0.0, 0.0, 0.0, 0.0, 0.0, 0.0, 0.0, 0.0, 0.0], [0.0, 0.0, 0.0, 1.1243373636530591, 0.17086005775369228, 0.0, 0.9395782385981194, 0.0, 0.0, 0.0, 0.0, 0.0, 0.0, 0.0, 0.0, 0.0, 0.0, 0.0], [0.0, 0.0, 0.0, 0.0, 0.0, 0.9395782385981194, 0.0, 1.0194532371919884, 0.0, 0.0, 0.0, 0.0, 0.0, 0.9682749825335062, 0.9682749696815232, 0.0, 0.0, 0.0], [0.0, 0.0, 0.0, 0.0, 0.0, 0.0, 1.0194532371919884, 0.0, 0.0, 0.0, 0.0, 0.0, 0.0, 0.0, 0.0, 0.9837993924846352, 0.9854069672359567, 0.9854069539060607], [0.9742405880540849, 0.0, 0.0, 0.0, 0.0, 0.0, 0.0, 0.0, 0.0, 0.0, 0.0, 0.0, 0.0, 0.0, 0.0, 0.0, 0.0, 0.0], [0.9724865748137698, 0.0, 0.0, 0.0, 0.0, 0.0, 0.0, 0.0, 0.0, 0.0, 0.0, 0.0, 0.0, 0.0, 0.0, 0.0, 0.0, 0.0], [0.0, 0.0, 0.9666224410155899, 0.0, 0.0, 0.0, 0.0, 0.0, 0.0, 0.0, 0.0, 0.0, 0.0, 0.0, 0.0, 0.0, 0.0, 0.0], [0.0, 0.0, 0.9848184949628777, 0.0, 0.0, 0.0, 0.0, 0.0, 0.0, 0.0, 0.0, 0.0, 0.0, 0.0, 0.0, 0.0, 0.0, 0.0], [0.0, 0.0, 0.9666224348262483, 0.0, 0.0, 0.0, 0.0, 0.0, 0.0, 0.0, 0.0, 0.0, 0.0, 0.0, 0.0, 0.0, 0.0, 0.0], [0.0, 0.0, 0.0, 0.0, 0.0, 0.0, 0.9682749825335062, 0.0, 0.0, 0.0, 0.0, 0.0, 0.0, 0.0, 0.0, 0.0, 0.0, 0.0], [0.0, 0.0, 0.0, 0.0, 0.0, 0.0, 0.9682749696815232, 0.0, 0.0, 0.0, 0.0, 0.0, 0.0, 0.0, 0.0, 0.0, 0.0, 0.0], [0.0, 0.0, 0.0, 0.0, 0.0, 0.0, 0.0, 0.9837993924846352, 0.0, 0.0, 0.0, 0.0, 0.0, 0.0, 0.0, 0.0, 0.0, 0.0], [0.0, 0.0, 0.0, 0.0, 0.0, 0.0, 0.0, 0.9854069672359567, 0.0, 0.0, 0.0, 0.0, 0.0, 0.0, 0.0, 0.0, 0.0, 0.0], [0.0, 0.0, 0.0, 0.0, 0.0, 0.0, 0.0, 0.9854069539060607, 0.0, 0.0, 0.0, 0.0, 0.0, 0.0, 0.0, 0.0, 0.0, 0.0]], "Born radii": [], "Atomic SASAs": [], "Solvent H bonds": [], "Total SASA": NaN, "Total FOD": 0.0, "FOD": [0.0, 0.0, 0.0, 0.0, 0.0, 0.0, 0.0, 0.0, 0.0, 0.0, 0.0, 0.0, 0.0, 0.0, 0.0, 0.0, 0.0, 0.0], "FOD s proportion": [0.0, 0.0, 0.0, 0.0, 0.0, 0.0, 0.0, 0.0, 0.0, 0.0, 0.0, 0.0, 0.0, 0.0, 0.0, 0.0, 0.0, 0.0], "FOD p proportion": [0.0, 0.0, 0.0, 0.0, 0.0, 0.0, 0.0, 0.0, 0.0, 0.0, 0.0, 0.0, 0.0, 0.0, 0.0, 0.0, 0.0, 0.0], "FOD d proportion": [0.0, 0.0, 0.0, 0.0, 0.0, 0.0, 0.0, 0.0, 0.0, 0.0, 0.0, 0.0, 0.0, 0.0, 0.0, 0.0, 0.0, 0.0], "coordinates": [["-1.68024903472878", "1.39608180453344", "-0.58218998279394"], ["-1.65494169592539", "0.11976563671445", "-0.21425516049984"], ["-2.87648852629970", "-0.71040574254435", "0.01880593347131"], ["-0.37122612862217", "-0.60320740093999", "0.00057916570694"], ["-0.29720694313466", "-1.76163878527463", "0.33479002400245"], ["0.70469183220887", "0.16339883708592", "-0.21490016610904"], ["1.97173555918271", "-0.46634093650986", "-0.02701559116069"], ["3.05945335024393", "0.55111484049686", "-0.31472763888626"], ["-2.61108960975322", "1.91611796796535", "-0.73676254615792"], ["-0.77524260861316", "1.95572436463866", "-0.73889383428894"], ["-2.87533216995968", "-1.08945848822486", "1.03936536579539"], ["-3.77917864144613", "-0.13141559569112", "-0.15261049896976"], ["-2.86682385924393", "-1.57441660630503", "-0.64347476279963"], ["2.04190161717536", "-1.32824098762337", "-0.70064189141414"], ["2.03329072567750", "-0.83740195796200", "1.00259214292298"], ["4.03420094337034", "0.09220017288880", "-0.17754831497497"], ["2.97554154493211", "0.90961709671562", "-1.33716236081908"], ["2.96696364493600", "1.39850578003610", "0.35929911697513"]], "bond_dist": [[0.0, 1.3285328204790625, 2.4958915838944535, 2.459739452925617, 3.5671917642990785, 2.7096774801560723, 4.1368863346298825, 4.821854827121798, 1.0774017192921692, 1.0755428970827055, 3.1993086746322237, 2.6312149920844723, 3.1993087452178446, 4.61414900127762, 4.614147988029964, 5.8752685675526894, 4.741626000138802, 4.741623486811064], [1.3285328204790625, 0.0, 1.4952185964804647, 1.4888819491916199, 2.384235070759786, 2.3600370037993534, 3.678500711461325, 4.73515337722683, 2.100979414267331, 2.1023464683287196, 2.126767574841597, 2.1399239884919328, 2.1267678099243765, 3.9999932147134247, 3.999993194982812, 5.689327835303315, 4.829716446465253, 4.829715296291817], [2.4958915838944535, 1.4952185964804647, 0.0, 2.5076210600333595, 2.8031465072042003, 3.693643965588923, 4.854579695989757, 6.0776710002294925, 2.745896413593002, 3.4781594404348364, 1.0886798776837787, 1.0860306751869506, 1.0886798882770345, 5.008980651412708, 5.008981498047631, 6.959910932805072, 6.221686264144641, 6.2216860010454065], [2.459739452925617, 1.4888819491916199, 2.5076210600333595, 0.0, 1.2079482645520567, 1.3385499337189193, 2.3471180989063334, 3.6333785798911102, 3.4507479665386076, 2.694101225773576, 2.7542810233603494, 3.4438633698982444, 2.7542804534932563, 2.6154483727091304, 2.6154499421054243, 4.463530976677212, 3.9088417994652893, 3.908842108172139], [3.5671917642990785, 2.384235070759786, 2.8031465072042003, 1.2079482645520567, 0.0, 2.238689417637746, 2.6375746243472293, 4.127695586288798, 4.475284643628536, 3.8987310645078117, 2.755899571681834, 3.875475948253514, 2.7559000767353594, 2.594490655097421, 2.5944927765046053, 4.739230289368551, 4.5433374770449575, 4.543338419854595], [2.7096774801560723, 2.3600370037993534, 3.693643965588923, 1.3385499337189193, 2.238689417637746, 0.0, 1.4273305860997112, 2.388554171552493, 3.7866570040500402, 2.382688840394618, 3.9949224470834603, 4.493983753522156, 3.994922156251628, 2.0613258838357567, 2.0613259746208836, 3.3304797450027883, 2.640657596595097, 2.640656685727588], [4.1368863346298825, 3.678500711461325, 4.854579695989757, 2.3471180989063334, 2.6375746243472293, 1.4273305860997112, 0.0, 1.516945771463795, 5.213649173148658, 3.730825647281603, 5.001950559482513, 5.762027699324654, 5.0019507040688564, 1.0961602830776394, 1.096160301346576, 2.1420531582571574, 2.14880700023766, 2.1488069416786773], [4.821854827121798, 4.73515337722683, 6.0776710002294925, 3.6333785798911102, 4.127695586288798, 2.388554171552493, 1.516945771463795, 0.0, 5.8477691868034425, 4.1058175767448715, 6.304500605365922, 6.87451942183193, 6.304499993379353, 2.1717089281173196, 2.1717090134742842, 1.0860726077755138, 1.0867096297532624, 1.0867096289341387], [1.0774017192921692, 2.100979414267331, 2.745896413593002, 3.4507479665386076, 4.475284643628536, 3.7866570040500402, 5.213649173148658, 5.8477691868034425, 0.0, 1.8362754206930652, 3.5011347195229416, 2.4285920395354923, 3.5011332781063023, 5.672521228896564, 5.672521081233832, 6.91370256917288, 5.708237170946243, 5.708235424247312], [1.0755428970827055, 2.1023464683287196, 3.4781594404348364, 2.694101225773576, 3.8987310645078117, 2.382688840394618, 3.730825647281603, 4.1058175767448715, 1.8362754206930652, 0.0, 4.104353853621199, 3.704526022668846, 4.104352835944946, 4.326914978929534, 4.32691432231472, 5.188311718180251, 3.9396252883141383, 3.9396228186636097], [3.1993086746322237, 2.126767574841597, 1.0886798776837787, 2.7542810233603494, 2.755899571681834, 3.9949224470834603, 5.001950559482513, 6.304500605365922, 3.5011347195229416, 4.104353853621199, 0.0, 1.7763983478194154, 1.7513445309398148, 5.221477803697267, 4.915227715573522, 7.114692118569506, 6.623964859303235, 6.386303836467173], [2.6312149920844723, 2.1399239884919328, 1.0860306751869506, 3.4438633698982444, 3.875475948253514, 4.493983753522156, 5.762027699324654, 6.87451942183193, 2.4285920395354923, 3.704526022668846, 1.7763983478194154, 0.0, 1.7763982916973404, 5.968057037528307, 5.968057475535821, 7.816618606728328, 6.93636482433962, 6.936364077736766], [3.1993087452178446, 2.1267678099243765, 1.0886798882770345, 2.7542804534932563, 2.7559000767353594, 3.994922156251628, 5.0019507040688564, 6.304499993379353, 3.5011332781063023, 4.104352835944946, 1.7513445309398148, 1.7763982916973404, 0.0, 4.915226985468231, 5.22147965574387, 7.114692001047568, 6.38630248557814, 6.623964040745742], [4.61414900127762, 3.9999932147134247, 5.008980651412708, 2.6154483727091304, 2.594490655097421, 2.0613258838357567, 1.0961602830776394, 2.1717089281173196, 5.672521228896564, 4.326914978929534, 5.221477803697267, 5.968057037528307, 4.915226985468231, 0.0, 1.772569681624845, 2.502106429660029, 2.5069604361286775, 3.068283336234002], [4.614147988029964, 3.999993194982812, 5.008981498047631, 2.6154499421054243, 2.5944927765046053, 2.0613259746208836, 1.096160301346576, 2.1717090134742842, 5.672521081233832, 4.32691432231472, 4.915227715573522, 5.968057475535821, 5.22147965574387, 1.772569681624845, 0.0, 2.502105777403813, 3.0682834487012314, 2.506961198389319], [5.8752685675526894, 5.689327835303315, 6.959910932805072, 4.463530976677212, 4.739230289368551, 3.3304797450027883, 2.1420531582571574, 1.0860726077755138, 6.91370256917288, 5.188311718180251, 7.114692118569506, 7.816618606728328, 7.114692001047568, 2.502106429660029, 2.502105777403813, 0.0, 1.7702075823414165, 1.7702076024086335], [4.741626000138802, 4.829716446465253, 6.221686264144641, 3.9088417994652893, 4.5433374770449575, 2.640657596595097, 2.14880700023766, 1.0867096297532624, 5.708237170946243, 3.9396252883141383, 6.623964859303235, 6.93636482433962, 6.38630248557814, 2.5069604361286775, 3.0682834487012314, 1.7702075823414165, 0.0, 1.7655218125774856], [4.741623486811064, 4.829715296291817, 6.2216860010454065, 3.908842108172139, 4.543338419854595, 2.640656685727588, 2.1488069416786773, 1.0867096289341387, 5.708235424247312, 3.9396228186636097, 6.386303836467173, 6.936364077736766, 6.623964040745742, 3.068283336234002, 2.506961198389319, 1.7702076024086335, 1.7655218125774856, 0.0]]}