{"total energy": -28.48107425, "HOMO-LUMO gap/eV": 12.4969406, "electronic energy": -28.90328049, "dipole": [0.0143851, -0.02337273, -0.00533134], "partial charges": [-0.10456137, -0.0145625, -0.10430714, -0.02355617, -0.05801583, -0.05422305, -0.05486283, -0.05403846, -0.05751153, 0.03057736, 0.03400909, 0.03282439, 0.02516669, 0.03283069, 0.03140247, 0.03572856, 0.02895612, 0.02708765, 0.03421526, 0.02817236, 0.02396765, 0.02993886, 0.02383132, 0.0244184, 0.02845911, 0.02301954, 0.03103336], "atomic dipole moments": [[-0.05606884, 0.0215115, -0.07409861], [-0.02386861, -0.08312941, 0.03675879], [-0.01306449, 0.06869882, 0.06622754], [-5.714e-05, -0.05602095, -0.08032769], [-0.04605788, 0.10324781, 0.01383259], [0.0325987, 0.02224799, -0.10073578], [0.09064345, 0.04168116, 0.04473531], [0.04337286, -0.09886802, -0.00961594], [-0.03696655, -0.01933241, 0.10195554], [-0.01192331, 0.08560993, 0.08814195], [-0.02541605, -0.11019634, 0.04900567], [0.11795056, -0.00253856, -0.03491751], [0.03599896, 0.10541379, -0.04460974], [-0.07046726, 0.02104181, -0.09905995], [0.11673412, 0.00259646, -0.03778303], [-0.02318634, -0.11449511, 0.04329746], [0.0004617, 0.07263874, 0.09591103], [0.06195811, -0.05632101, 0.08848911], [-0.0077417, -0.07602266, -0.09727916], [0.00530751, 0.07070575, 0.09990411], [-0.05333744, -0.10504864, 0.03216373], [-0.01191179, -0.07388919, -0.09679952], [-0.11230226, 0.02377206, 0.04265882], [-0.06507949, 0.0540539, -0.08823019], [0.00453498, 0.07702252, 0.09496479], [0.05255178, 0.10489087, -0.03293546], [-0.00833003, -0.07037967, -0.09955295]], "atomic quadrupole moments": [[0.00298203, -0.04903772, -0.10444906, 0.14699717, -0.04887919, 0.10146703], [0.05924082, -0.09555123, -0.12967324, 0.03455152, 0.09825123, 0.07043242], [-0.09078696, -0.02812035, 0.04150485, -0.01997157, 0.1677834, 0.04928211], [0.10474469, 0.00876519, -0.01907551, -0.0009405, -0.15610905, -0.08566917], [0.13458616, 0.03905493, 0.03553879, -0.13530472, -0.05324932, -0.17012494], [0.15336176, -0.12901972, -0.1343333, 0.02027713, -0.09522879, -0.01902846], [-0.04192223, 0.04315964, 0.08009334, 0.08191798, -0.18446013, -0.03817111], [0.12614766, 0.06111382, 0.03274053, -0.13447797, -0.06605766, -0.15888819], [0.16027572, -0.12206627, -0.14615334, 0.00424741, -0.0917002, -0.01412238], [-0.04197962, -0.02340488, 0.0241863, -0.00455622, 0.06139951, 0.01779333], [-0.03047003, 0.03860781, 0.05707629, -0.0023832, -0.04034721, -0.02660626], [0.07084774, -0.00310281, -0.05357341, -0.03805224, -0.00684696, -0.01727433], [-0.00641247, 0.00987631, 0.02025904, -0.00781792, -0.01745678, -0.01384657], [0.00337341, -0.02663843, -0.03185111, 0.06150444, -0.01490225, 0.0284777], [0.07442097, 0.01107859, -0.03793378, -0.03444988, 0.01111265, -0.03648719], [-0.04241859, 0.02784557, 0.05410578, -0.01998514, -0.04211623, -0.01168719], [-0.01244332, -0.00087901, -0.00219115, 0.00114111, 0.02561239, 0.01463447], [0.00533881, -0.01418277, -0.02251274, 0.0340852, -0.03348705, 0.01717394], [-0.02144762, 0.01153254, -0.00963155, -0.0058031, 0.04241472, 0.03107917], [-0.01904735, -0.00509671, 0.00128636, 0.01264331, 0.04778717, 0.01776099], [-0.00458782, 0.03111372, 0.04169152, -0.00380241, -0.01937711, -0.0371037], [-0.04529544, -0.00055419, 0.01266842, 0.00260861, 0.03509692, 0.03262702], [0.03940273, -0.02224505, -0.02214893, -0.03562198, -0.00031854, -0.0172538], [0.00179081, -0.01284749, -0.02316503, 0.03405487, -0.03300025, 0.02137422], [-0.02215481, 0.01548723, -0.00585947, -0.00269094, 0.04390436, 0.02801428], [-0.00399336, 0.03118037, 0.04070643, -0.00376544, -0.02058093, -0.03671307], [-0.02152376, -0.00543812, 0.00516063, 0.01011958, 0.04795667, 0.01636313]], "number of molecular orbitals": 54, "number of electrons": 54, "number of unpaired electrons": 0, "orbital energies/eV": [-17.14490533, -16.85526105, -16.43633446, -16.30720724, -15.88000081, -15.51756936, -15.35468317, -14.90657016, -14.67807786, -14.0443633, -13.73548219, -13.51274177, -13.42699262, -13.41307292, -13.01015768, -12.78191523, -12.56137706, -12.48519321, -12.37088573, -12.05965307, -11.9552657, -11.75196945, -11.56516599, -11.49751181, -11.21345485, -10.97780151, -10.94457643, 1.55236417, 2.11570782, 2.34062446, 2.90028818, 2.9505128, 3.1251183, 3.41258409, 3.59572874, 3.81476768, 4.10823671, 4.57353663, 4.84139706, 5.02789828, 5.3664228, 5.43275592, 5.71987312, 6.13333161, 6.21684416, 6.43573322, 7.04941146, 7.34355971, 7.40701078, 7.96074088, 8.03648415, 8.21757261, 8.56374247, 8.78348788], "fractional occupation": [2.0, 2.0, 2.0, 2.0, 2.0, 2.0, 2.0, 2.0, 2.0, 2.0, 2.0, 2.0, 2.0, 2.0, 2.0, 2.0, 2.0, 2.0, 2.0, 2.0, 2.0, 2.0, 2.0, 2.0, 2.0, 2.0, 2.0, 0.0, 0.0, 0.0, 0.0, 0.0, 0.0, 0.0, 0.0, 0.0, 0.0, 0.0, 0.0, 0.0, 0.0, 0.0, 0.0, 0.0, 0.0, 0.0, 0.0, 0.0, 0.0, 0.0, 0.0, 0.0, 0.0, 0.0], "program call": "xtb /tmp/scratch/tmpttaedk69/3160_0_xyzopt.xyz --pop --wbo --acc 0.2 --gfn 2 --chrg 0 --uhf 0 --etemp 300 --input /tmp/scratch/tmpttaedk69/3160_0_xtb.inp", "method": "GFN2-xTB", "xtb version": "6.3.3 (7355c4f)", "Dipole module/D": 0.071, "Total charge": 0, "Transition dipole module/D": NaN, "HOMO": -10.9446, "LUMO": 1.5524, "HOMO occupancy": 2.0, "LUMO occupancy": 0, "mulliken charges": [-0.09273, -0.00548, -0.0938, -0.02049, -0.05245, -0.04479, -0.04668, -0.04477, -0.05175, 0.02888, 0.02834, 0.0297, 0.01996, 0.02975, 0.02938, 0.02861, 0.02142, 0.02487, 0.02431, 0.02269, 0.02378, 0.0231, 0.02387, 0.02398, 0.02276, 0.02372, 0.02383], "cm5 charges": [-0.24403, -0.07886, -0.24516, -0.08947, -0.16198, -0.15567, -0.15748, -0.15563, -0.16115, 0.08128, 0.08169, 0.08208, 0.07889, 0.08288, 0.08177, 0.08221, 0.08231, 0.0812, 0.08217, 0.07881, 0.07839, 0.07921, 0.07849, 0.0786, 0.07889, 0.07927, 0.08129], "FUKUI+": [0.016, -0.047, 0.026, -0.042, 0.004, 0.003, 0.018, 0.0, -0.007, -0.043, -0.043, -0.076, -0.055, -0.03, -0.058, -0.035, -0.073, -0.045, -0.052, -0.045, -0.058, -0.055, -0.066, -0.073, -0.053, -0.051, -0.059], "FUKUI-": [0.015, -0.008, 0.022, -0.019, -0.0, 0.002, 0.002, 0.003, 0.001, -0.039, -0.05, -0.059, -0.084, -0.038, -0.058, -0.047, -0.043, -0.073, -0.044, -0.045, -0.085, -0.041, -0.069, -0.089, -0.047, -0.064, -0.043], "FUKUIrad": [0.016, -0.028, 0.024, -0.031, 0.002, 0.002, 0.01, 0.002, -0.003, -0.041, -0.046, -0.068, -0.07, -0.034, -0.058, -0.041, -0.058, -0.059, -0.048, -0.045, -0.072, -0.048, -0.068, -0.081, -0.05, -0.058, -0.051], "s proportion": [1.01, 1.055, 1.009, 1.06, 1.03, 1.028, 1.027, 1.027, 1.032, 0.971, 0.972, 0.97, 0.98, 0.97, 0.971, 0.971, 0.979, 0.975, 0.976, 0.977, 0.976, 0.977, 0.976, 0.976, 0.977, 0.976, 0.976], "p proportion": [3.083, 2.951, 3.085, 2.961, 3.023, 3.017, 3.02, 3.017, 3.02, 0.0, 0.0, 0.0, 0.0, 0.0, 0.0, 0.0, 0.0, 0.0, 0.0, 0.0, 0.0, 0.0, 0.0, 0.0, 0.0, 0.0, 0.0], "d proportion": [0.0, 0.0, 0.0, 0.0, 0.0, 0.0, 0.0, 0.0, 0.0, 0.0, 0.0, 0.0, 0.0, 0.0, 0.0, 0.0, 0.0, 0.0, 0.0, 0.0, 0.0, 0.0, 0.0, 0.0, 0.0, 0.0, 0.0], "Fermi-level/eV": -4.6961, "Coordination numbers": [3.755, 3.85, 3.755, 3.856, 3.807, 3.805, 3.806, 3.805, 3.808, 0.925, 0.925, 0.925, 0.924, 0.925, 0.925, 0.925, 0.924, 0.924, 0.924, 0.924, 0.924, 0.924, 0.924, 0.924, 0.924, 0.924, 0.924], "Dispersion coefficient C6": [22.553, 20.801, 22.549, 20.956, 21.612, 21.544, 21.555, 21.541, 21.602, 2.578, 2.53, 2.547, 2.656, 2.547, 2.567, 2.506, 2.602, 2.628, 2.527, 2.613, 2.674, 2.587, 2.676, 2.667, 2.609, 2.688, 2.572], "Total dispersion C6": 5007.474017, "Total dispersion C8": 105978.823677, "Polarizability alpha": [6.771, 6.487, 6.771, 6.511, 6.618, 6.608, 6.609, 6.607, 6.616, 2.511, 2.487, 2.496, 2.549, 2.495, 2.505, 2.476, 2.522, 2.535, 2.486, 2.528, 2.557, 2.515, 2.558, 2.554, 2.526, 2.564, 2.508], "Total polarizability alpha": 104.971589, "Wiberg matrix": [[0.0, 1.0085763470268398, 0.0, 0.0, 0.0, 0.0, 0.0, 0.0, 0.0, 0.9866514975118106, 0.9843677667762689, 0.9865559673522726, 0.0, 0.0, 0.0, 0.0, 0.0, 0.0, 0.0, 0.0, 0.0, 0.0, 0.0, 0.0, 0.0, 0.0, 0.0], [1.0085763470268398, 0.0, 1.0098680192179137, 0.9821746827059825, 0.0, 0.0, 0.0, 0.0, 0.0, 0.0, 0.0, 0.0, 0.9677095558660374, 0.0, 0.0, 0.0, 0.0, 0.0, 0.0, 0.0, 0.0, 0.0, 0.0, 0.0, 0.0, 0.0, 0.0], [0.0, 1.0098680192179137, 0.0, 0.0, 0.0, 0.0, 0.0, 0.0, 0.0, 0.0, 0.0, 0.0, 0.0, 0.9838883700127092, 0.9864969103508522, 0.9853573107010623, 0.0, 0.0, 0.0, 0.0, 0.0, 0.0, 0.0, 0.0, 0.0, 0.0, 0.0], [0.0, 0.9821746827059825, 0.0, 0.0, 0.998976881460867, 0.0, 0.0, 0.0, 0.9974825506137266, 0.0, 0.0, 0.0, 0.0, 0.0, 0.0, 0.0, 0.965172620390512, 0.0, 0.0, 0.0, 0.0, 0.0, 0.0, 0.0, 0.0, 0.0, 0.0], [0.0, 0.0, 0.0, 0.998976881460867, 0.0, 1.0072642137991141, 0.0, 0.0, 0.0, 0.0, 0.0, 0.0, 0.0, 0.0, 0.0, 0.0, 0.0, 0.9742969185278229, 0.9748971867259753, 0.0, 0.0, 0.0, 0.0, 0.0, 0.0, 0.0, 0.0], [0.0, 0.0, 0.0, 0.0, 1.0072642137991141, 0.0, 1.0090975085640252, 0.0, 0.0, 0.0, 0.0, 0.0, 0.0, 0.0, 0.0, 0.0, 0.0, 0.0, 0.0, 0.9776204046127692, 0.9778150383919584, 0.0, 0.0, 0.0, 0.0, 0.0, 0.0], [0.0, 0.0, 0.0, 0.0, 0.0, 1.0090975085640252, 0.0, 1.0090014807817127, 0.0, 0.0, 0.0, 0.0, 0.0, 0.0, 0.0, 0.0, 0.0, 0.0, 0.0, 0.0, 0.0, 0.9776681835938656, 0.977883859248037, 0.0, 0.0, 0.0, 0.0], [0.0, 0.0, 0.0, 0.0, 0.0, 0.0, 1.0090014807817127, 0.0, 1.007700865620888, 0.0, 0.0, 0.0, 0.0, 0.0, 0.0, 0.0, 0.0, 0.0, 0.0, 0.0, 0.0, 0.0, 0.0, 0.9777019588215532, 0.977629238698621, 0.0, 0.0], [0.0, 0.0, 0.0, 0.9974825506137266, 0.0, 0.0, 0.0, 1.007700865620888, 0.0, 0.0, 0.0, 0.0, 0.0, 0.0, 0.0, 0.0, 0.0, 0.0, 0.0, 0.0, 0.0, 0.0, 0.0, 0.0, 0.0, 0.9765633253918901, 0.9740310178351876], [0.9866514975118106, 0.0, 0.0, 0.0, 0.0, 0.0, 0.0, 0.0, 0.0, 0.0, 0.0, 0.0, 0.0, 0.0, 0.0, 0.0, 0.0, 0.0, 0.0, 0.0, 0.0, 0.0, 0.0, 0.0, 0.0, 0.0, 0.0], [0.9843677667762689, 0.0, 0.0, 0.0, 0.0, 0.0, 0.0, 0.0, 0.0, 0.0, 0.0, 0.0, 0.0, 0.0, 0.0, 0.0, 0.0, 0.0, 0.0, 0.0, 0.0, 0.0, 0.0, 0.0, 0.0, 0.0, 0.0], [0.9865559673522726, 0.0, 0.0, 0.0, 0.0, 0.0, 0.0, 0.0, 0.0, 0.0, 0.0, 0.0, 0.0, 0.0, 0.0, 0.0, 0.0, 0.0, 0.0, 0.0, 0.0, 0.0, 0.0, 0.0, 0.0, 0.0, 0.0], [0.0, 0.9677095558660374, 0.0, 0.0, 0.0, 0.0, 0.0, 0.0, 0.0, 0.0, 0.0, 0.0, 0.0, 0.0, 0.0, 0.0, 0.0, 0.0, 0.0, 0.0, 0.0, 0.0, 0.0, 0.0, 0.0, 0.0, 0.0], [0.0, 0.0, 0.9838883700127092, 0.0, 0.0, 0.0, 0.0, 0.0, 0.0, 0.0, 0.0, 0.0, 0.0, 0.0, 0.0, 0.0, 0.0, 0.0, 0.0, 0.0, 0.0, 0.0, 0.0, 0.0, 0.0, 0.0, 0.0], [0.0, 0.0, 0.9864969103508522, 0.0, 0.0, 0.0, 0.0, 0.0, 0.0, 0.0, 0.0, 0.0, 0.0, 0.0, 0.0, 0.0, 0.0, 0.0, 0.0, 0.0, 0.0, 0.0, 0.0, 0.0, 0.0, 0.0, 0.0], [0.0, 0.0, 0.9853573107010623, 0.0, 0.0, 0.0, 0.0, 0.0, 0.0, 0.0, 0.0, 0.0, 0.0, 0.0, 0.0, 0.0, 0.0, 0.0, 0.0, 0.0, 0.0, 0.0, 0.0, 0.0, 0.0, 0.0, 0.0], [0.0, 0.0, 0.0, 0.965172620390512, 0.0, 0.0, 0.0, 0.0, 0.0, 0.0, 0.0, 0.0, 0.0, 0.0, 0.0, 0.0, 0.0, 0.0, 0.0, 0.0, 0.0, 0.0, 0.0, 0.0, 0.0, 0.0, 0.0], [0.0, 0.0, 0.0, 0.0, 0.9742969185278229, 0.0, 0.0, 0.0, 0.0, 0.0, 0.0, 0.0, 0.0, 0.0, 0.0, 0.0, 0.0, 0.0, 0.0, 0.0, 0.0, 0.0, 0.0, 0.0, 0.0, 0.0, 0.0], [0.0, 0.0, 0.0, 0.0, 0.9748971867259753, 0.0, 0.0, 0.0, 0.0, 0.0, 0.0, 0.0, 0.0, 0.0, 0.0, 0.0, 0.0, 0.0, 0.0, 0.0, 0.0, 0.0, 0.0, 0.0, 0.0, 0.0, 0.0], [0.0, 0.0, 0.0, 0.0, 0.0, 0.9776204046127692, 0.0, 0.0, 0.0, 0.0, 0.0, 0.0, 0.0, 0.0, 0.0, 0.0, 0.0, 0.0, 0.0, 0.0, 0.0, 0.0, 0.0, 0.0, 0.0, 0.0, 0.0], [0.0, 0.0, 0.0, 0.0, 0.0, 0.9778150383919584, 0.0, 0.0, 0.0, 0.0, 0.0, 0.0, 0.0, 0.0, 0.0, 0.0, 0.0, 0.0, 0.0, 0.0, 0.0, 0.0, 0.0, 0.0, 0.0, 0.0, 0.0], [0.0, 0.0, 0.0, 0.0, 0.0, 0.0, 0.9776681835938656, 0.0, 0.0, 0.0, 0.0, 0.0, 0.0, 0.0, 0.0, 0.0, 0.0, 0.0, 0.0, 0.0, 0.0, 0.0, 0.0, 0.0, 0.0, 0.0, 0.0], [0.0, 0.0, 0.0, 0.0, 0.0, 0.0, 0.977883859248037, 0.0, 0.0, 0.0, 0.0, 0.0, 0.0, 0.0, 0.0, 0.0, 0.0, 0.0, 0.0, 0.0, 0.0, 0.0, 0.0, 0.0, 0.0, 0.0, 0.0], [0.0, 0.0, 0.0, 0.0, 0.0, 0.0, 0.0, 0.9777019588215532, 0.0, 0.0, 0.0, 0.0, 0.0, 0.0, 0.0, 0.0, 0.0, 0.0, 0.0, 0.0, 0.0, 0.0, 0.0, 0.0, 0.0, 0.0, 0.0], [0.0, 0.0, 0.0, 0.0, 0.0, 0.0, 0.0, 0.977629238698621, 0.0, 0.0, 0.0, 0.0, 0.0, 0.0, 0.0, 0.0, 0.0, 0.0, 0.0, 0.0, 0.0, 0.0, 0.0, 0.0, 0.0, 0.0, 0.0], [0.0, 0.0, 0.0, 0.0, 0.0, 0.0, 0.0, 0.0, 0.9765633253918901, 0.0, 0.0, 0.0, 0.0, 0.0, 0.0, 0.0, 0.0, 0.0, 0.0, 0.0, 0.0, 0.0, 0.0, 0.0, 0.0, 0.0, 0.0], [0.0, 0.0, 0.0, 0.0, 0.0, 0.0, 0.0, 0.0, 0.9740310178351876, 0.0, 0.0, 0.0, 0.0, 0.0, 0.0, 0.0, 0.0, 0.0, 0.0, 0.0, 0.0, 0.0, 0.0, 0.0, 0.0, 0.0, 0.0]], "Born radii": [], "Atomic SASAs": [], "Solvent H bonds": [], "Total SASA": NaN, "Total FOD": 0.0, "FOD": [0.0, 0.0, 0.0, 0.0, 0.0, 0.0, 0.0, 0.0, 0.0, 0.0, 0.0, 0.0, 0.0, 0.0, 0.0, 0.0, 0.0, 0.0, 0.0, 0.0, 0.0, 0.0, 0.0, 0.0, 0.0, 0.0, 0.0], "FOD s proportion": [0.0, 0.0, 0.0, 0.0, 0.0, 0.0, 0.0, 0.0, 0.0, 0.0, 0.0, 0.0, 0.0, 0.0, 0.0, 0.0, 0.0, 0.0, 0.0, 0.0, 0.0, 0.0, 0.0, 0.0, 0.0, 0.0, 0.0], "FOD p proportion": [0.0, 0.0, 0.0, 0.0, 0.0, 0.0, 0.0, 0.0, 0.0, 0.0, 0.0, 0.0, 0.0, 0.0, 0.0, 0.0, 0.0, 0.0, 0.0, 0.0, 0.0, 0.0, 0.0, 0.0, 0.0, 0.0, 0.0], "FOD d proportion": [0.0, 0.0, 0.0, 0.0, 0.0, 0.0, 0.0, 0.0, 0.0, 0.0, 0.0, 0.0, 0.0, 0.0, 0.0, 0.0, 0.0, 0.0, 0.0, 0.0, 0.0, 0.0, 0.0, 0.0, 0.0, 0.0, 0.0], "coordinates": [["2.63397261031390", "-0.11127182424737", "0.96691285487907"], ["1.73854882276315", "0.20405437825725", "-0.23139373656094"], ["1.94345346260467", "-0.85142761449038", "-1.31643913098289"], ["0.26711391720353", "0.37471356505319", "0.19773097605972"], ["-0.41920216298258", "-0.93127606844850", "0.60217752384988"], ["-1.83149061497795", "-0.65705061019821", "1.11277767317905"], ["-2.66024943308485", "0.04163689127464", "0.03998773704475"], ["-1.98185261478644", "1.33788079676333", "-0.39043202882640"], ["-0.56682409898618", "1.05897042285501", "-0.88919603095410"], ["2.52285864053377", "0.64394489320350", "1.74231759087977"], ["2.38682720856100", "-1.08104898368468", "1.39239153172160"], ["3.67760657936067", "-0.13454544905732", "0.66013813845097"], ["2.06033200639006", "1.17079182167255", "-0.63927114133177"], ["1.30633587603208", "-0.66140345612031", "-2.17642864259620"], ["2.97795538105821", "-0.83588579037032", "-1.65420682596676"], ["1.72939233037204", "-1.84676780369422", "-0.93475555497018"], ["0.26830732648167", "1.03617313171249", "1.07354441640736"], ["0.15544970307273", "-1.43337463933259", "1.38209518191653"], ["-0.47919350488208", "-1.59849601385953", "-0.25908633494060"], ["-1.78065773022291", "-0.02248183596599", "2.00107246110758"], ["-2.30979040419304", "-1.59611515870210", "1.40101553208775"], ["-2.76148754263081", "-0.61815039637298", "-0.82518414237949"], ["-3.66279216434618", "0.25214776671519", "0.41901374669602"], ["-2.56442728466160", "1.82135093566276", "-1.17792731657706"], ["-1.93812548532700", "2.02244104215842", "0.46012650551933"], ["-0.09007366336770", "1.99658642885982", "-1.18531886594415"], ["-0.62199016029818", "0.41860257035637", "-1.77166311776876"]], "bond_dist": [[0.0, 1.5287750195454821, 2.497667627712521, 2.5357134369778085, 3.182344264611051, 4.501056858655036, 5.376928332623003, 5.024765761801857, 3.8806837911943175, 1.0880951747020489, 1.0874652606044801, 1.0880368787865833, 2.13367705249492, 3.4562783279637292, 2.741105238364027, 2.7288375764333153, 2.631420234778305, 2.8396140618153947, 3.6615178634564196, 4.53501166445709, 5.180154206762684, 5.707847912872013, 6.330996276988573, 5.946320842445007, 5.070862253732212, 4.061477058468801, 4.287407001397532], [1.5287750195454821, 0.0, 1.527531229271394, 1.542204026164782, 2.576762617294544, 3.910687940367022, 4.410153448571325, 3.892588134163451, 2.545256295573125, 2.1689126214439414, 2.1698926503075024, 2.1608849832049635, 1.0974924505839698, 2.1723227384767307, 2.1545304032327968, 2.168103620893856, 2.1346885628382015, 2.791186683197562, 2.858030060715712, 4.173731992194416, 4.721696821978179, 4.612909605372187, 5.440572334535881, 4.693311981294457, 4.159647133162928, 2.732582021036075, 2.8267658169667222], [2.497667627712521, 1.527531229271394, 0.0, 2.570262161085835, 3.044602970654839, 4.493225955846917, 4.881755668972452, 4.588963747300046, 3.183339561504841, 3.4536707979362684, 2.7544636158428486, 2.7254476280994937, 2.135787566262303, 1.0870188406689345, 1.088357837917176, 1.0872932505883137, 3.47579811140255, 3.2890283096559982, 2.746875399013792, 5.055891458875647, 5.101882277630559, 4.736266418505885, 5.971571429896201, 5.24251080422946, 5.146062732370764, 3.5019436156353563, 2.8985697388298237], [2.5357134369778085, 1.542204026164782, 2.570262161085835, 0.0, 1.5297763544895326, 2.511172784523965, 2.9504710106493044, 2.516242694687426, 1.5313622631080048, 2.747110768711568, 2.8354264016404387, 3.47917020651638, 2.133059832861176, 2.791084852908152, 3.4991264429969187, 2.8906337319478266, 1.0975333092186237, 2.1643406440926243, 2.1585209904475207, 2.757385250248685, 3.4601293997171254, 3.34732146468502, 3.9380388836709197, 3.4645087671998085, 2.7653097611589854, 2.1612222050343592, 2.1612370074156995], [3.182344264611051, 2.576762617294544, 3.044602970654839, 1.5297763544895326, 0.0, 1.5265879555685715, 2.5069722476361944, 2.928518915343555, 2.4913988865904315, 3.5266077499577473, 2.9190188314466714, 4.17396466013555, 3.4796514049608085, 3.2819148342368027, 4.079344189729833, 2.795844541985181, 2.1367527701437075, 1.0911458634888662, 1.0911264139025636, 2.1532243877609196, 2.1574237129358576, 2.7607444308460862, 3.457588327120613, 3.917616557213929, 3.3244174407650204, 3.446135185382307, 2.7383233379492196], [4.501056858655036, 3.910687940367022, 4.493225955846917, 2.511172784523965, 1.5265879555685715, 0.0, 1.52508480104398, 2.502398740742824, 2.92438169440865, 4.5879480431697965, 4.248783801394771, 5.552300972433625, 4.642948020424927, 4.545860999050426, 5.551482327177907, 4.276412827517901, 2.6977207571513113, 2.1501494706692688, 2.1440703763689237, 1.092853668916426, 1.0925630315584938, 2.1499077911953246, 2.1590774509011, 3.453548860865667, 2.7598913125829463, 3.91861840927976, 3.30755495663963], [5.376928332623003, 4.410153448571325, 4.881755668972452, 2.9504710106493044, 2.5069722476361944, 1.52508480104398, 0.0, 1.5250349767944844, 2.506148363253153, 5.488652946147717, 5.344380434094926, 6.3705608522249415, 4.901048113149906, 4.597887157435267, 5.952284838645165, 4.877002315848687, 3.2609487019887444, 3.450372883379865, 2.7452661453830296, 2.1502665113606527, 2.1581125936832897, 1.092744618249074, 1.092276280377743, 2.1586757611460277, 2.149782469195228, 3.4538395233527934, 2.7529407560012835], [5.024765761801857, 3.892588134163451, 4.588963747300046, 2.516242694687426, 2.928518915343555, 2.502398740742824, 1.5250349767944844, 0.0, 1.5260610168076523, 5.032155748028353, 5.30236216508325, 5.9414825671688165, 4.053282144285683, 4.242535206616094, 5.5607628315610045, 4.920529834527396, 2.7013837766295645, 3.922979811679061, 3.3011429635574077, 2.7586880214107508, 3.4532824709128045, 2.1500925676528513, 2.158605208305286, 1.0923760567758158, 1.0926960289918257, 2.1551254707347516, 2.14525002592557], [3.8806837911943175, 2.545256295573125, 3.183339561504841, 1.5313622631080048, 2.4913988865904315, 2.92438169440865, 2.506148363253153, 1.5260610168076523, 0.0, 4.07961389877121, 4.302253004310427, 4.673340163981716, 2.6413851816238196, 2.850505634435045, 4.0915990941719, 3.7037818782850387, 2.133146567396639, 3.4485108565603912, 2.7325528745657492, 3.316109622529823, 3.915671077857473, 2.762857107241878, 3.4565002361534463, 2.1575468219779332, 2.1516074070044104, 1.0927504225491596, 1.091724525759842], [1.0880951747020489, 2.1689126214439414, 3.4536707979362684, 2.747110768711568, 3.5266077499577473, 4.5879480431697965, 5.488652946147717, 5.032155748028353, 4.07961389877121, 0.0, 1.7653772040740308, 1.7636899904681207, 2.4826323656003826, 4.305860424121447, 3.7327456395416485, 3.741651928237063, 2.3841355199887064, 3.17011698543534, 4.248114402856255, 4.362491469514743, 5.337495004304729, 6.009098455990425, 6.337737288044367, 5.982858296252556, 4.841967057224068, 4.150675797033424, 4.7211135935618325], [1.0874652606044801, 2.1698926503075024, 2.7544636158428486, 2.8354264016404387, 2.9190188314466714, 4.248783801394771, 5.344380434094926, 5.30236216508325, 4.302253004310427, 1.7653772040740308, 0.0, 1.7601634461323274, 3.0504162579541347, 3.752338114441798, 3.1130851354798184, 2.5365645060739483, 3.012045726684191, 2.2590451421886395, 3.348015128848238, 4.34269358751204, 4.724784073210208, 5.624683257734542, 6.27078722687287, 6.288512171444399, 5.404256121239683, 4.717146230099638, 4.616619820566556], [1.0880368787865833, 2.1608849832049635, 2.7254476280994937, 3.47917020651638, 4.17396466013555, 5.552300972433625, 6.3705608522249415, 5.9414825671688165, 4.673340163981716, 1.7636899904681207, 1.7601634461323274, 0.0, 2.451111362447507, 3.734516730637467, 2.517455598012566, 3.04482019912428, 3.6283340725041766, 3.82279587465811, 4.501900912839737, 5.621682344666189, 6.207576658183226, 6.625857615046131, 7.354531006939652, 6.794630383201817, 6.019056570506412, 4.705618880401531, 4.970529368670721], [2.13367705249492, 1.0974924505839698, 2.135787566262303, 2.133059832861176, 3.4796514049608085, 4.642948020424927, 4.901048113149906, 4.053282144285683, 2.6413851816238196, 2.4826323656003826, 3.0504162579541347, 2.451111362447507, 0.0, 2.5076488757907813, 2.4287614416317087, 3.0499997050015906, 2.4825816763845934, 3.8073851077712013, 3.7765970695109465, 4.811290733028159, 5.560262029010855, 5.146340609285791, 5.892200274736244, 4.7012526135163455, 4.233396259945933, 2.3673507123660946, 3.007150223051978], [3.4562783279637292, 2.1723227384767307, 1.0870188406689345, 2.791084852908152, 3.2819148342368027, 4.545860999050426, 4.597887157435267, 4.242535206616094, 2.850505634435045, 4.305860424121447, 3.752338114441798, 3.734516730637467, 2.5076488757907813, 0.0, 1.7599634883465305, 1.7679981494879324, 3.8107209849959807, 3.818844105281583, 2.782527476343053, 5.233475502303045, 5.1718625334069195, 4.286597705869498, 5.680064305494493, 4.705728606088905, 4.967994954239338, 3.161829916323563, 2.2469288928900157], [2.741105238364027, 2.1545304032327968, 1.088357837917176, 3.4991264429969187, 4.079344189729833, 5.551482327177907, 5.952284838645165, 5.5607628315610045, 4.0915990941719, 3.7327456395416485, 3.1130851354798184, 2.517455598012566, 2.4287614416317087, 1.7599634883465305, 0.0, 1.760227902215827, 4.276379780573031, 4.188396006822973, 3.8052350725033435, 6.055335779493311, 6.154070834746108, 5.803093346309827, 7.041419496525594, 6.164880761419066, 6.066983501133459, 4.201851616752505, 3.8140719616198075], [2.7288375764333153, 2.168103620893856, 1.0872932505883137, 2.8906337319478266, 2.795844541985181, 4.276412827517901, 4.877002315848687, 4.920529834527396, 3.7037818782850387, 3.741651928237063, 2.5365645060739483, 3.04482019912428, 3.0499997050015906, 1.7679981494879324, 1.760227902215827, 0.0, 3.8051789183522065, 2.831251779581475, 2.322933311183995, 4.926211207400654, 4.6726491932078495, 4.657199658783374, 5.942540830227457, 5.652531687493001, 5.510640614662658, 4.259649073817306, 3.370655250500421], [2.631420234778305, 2.1346885628382015, 3.47579811140255, 1.0975333092186237, 2.1367527701437075, 2.6977207571513113, 3.2609487019887444, 2.7013837766295645, 2.133146567396639, 2.3841355199887064, 3.012045726684191, 3.6283340725041766, 2.4825816763845934, 3.8107209849959807, 4.276379780573031, 3.8051789183522065, 0.0, 2.4913062058951185, 3.0456762334425704, 2.4858230866037387, 3.699022422798869, 3.9397478884352806, 4.061606748238793, 3.7027036777756126, 2.4934617858711072, 2.4805833917807836, 3.0445408398891267], [2.8396140618153947, 2.791186683197562, 3.2890283096559982, 2.1643406440926243, 1.0911458634888662, 2.1501494706692688, 3.450372883379865, 3.922979811679061, 3.4485108565603912, 3.17011698543534, 2.2590451421886395, 3.82279587465811, 3.8073851077712013, 3.818844105281583, 4.188396006822973, 2.831251779581475, 2.4913062058951185, 0.0, 1.7673465537359412, 2.474320789228642, 2.4706782960893565, 3.7476920200499824, 4.283396151451106, 4.954259237235062, 4.144363079434491, 4.291448420514479, 3.739040483760417], [3.6615178634564196, 2.858030060715712, 2.746875399013792, 2.1585209904475207, 1.0911264139025636, 2.1440703763689237, 2.7452661453830296, 3.3011429635574077, 2.7325528745657492, 4.248114402856255, 3.348015128848238, 4.501900912839737, 3.7765970695109465, 2.782527476343053, 3.8052350725033435, 2.322933311183995, 3.0456762334425704, 1.7673465537359412, 0.0, 3.0472852840056537, 2.471240353577368, 2.547628374008973, 3.744329385595917, 4.109479507677967, 3.96950057275362, 3.732819138733934, 2.5252655518171943], [4.53501166445709, 4.173731992194416, 5.055891458875647, 2.757385250248685, 2.1532243877609196, 1.092853668916426, 2.1502665113606527, 2.7586880214107508, 3.316109622529823, 4.362491469514743, 4.34269358751204, 5.621682344666189, 4.811290733028159, 5.233475502303045, 6.055335779493311, 4.926211207400654, 2.4858230866037387, 2.474320789228642, 3.0472852840056537, 0.0, 1.7653247687473768, 3.050340070142954, 2.4740172235914004, 3.757665976469459, 2.565349899997645, 4.1337393282888435, 3.971221441724878], [5.180154206762684, 4.721696821978179, 5.101882277630559, 3.4601293997171254, 2.1574237129358576, 1.0925630315584938, 2.1581125936832897, 3.4532824709128045, 3.915671077857473, 5.337495004304729, 4.724784073210208, 6.207576658183226, 5.560262029010855, 5.1718625334069195, 6.154070834746108, 4.6726491932078495, 3.699022422798869, 2.4706782960893565, 2.471240353577368, 1.7653247687473768, 0.0, 2.473137758360494, 2.4921912268046604, 4.2889230190932, 3.7573070078207196, 4.952148293944077, 4.119908616259516], [5.707847912872013, 4.612909605372187, 4.736266418505885, 3.34732146468502, 2.7607444308460862, 2.1499077911953246, 1.092744618249074, 2.1500925676528513, 2.762857107241878, 6.009098455990425, 5.624683257734542, 6.625857615046131, 5.146340609285791, 4.286597705869498, 5.803093346309827, 4.657199658783374, 3.9397478884352806, 3.7476920200499824, 2.547628374008973, 3.050340070142954, 2.473137758360494, 0.0, 1.7657285467987665, 2.472736791738664, 3.0500281448299744, 3.755395824499073, 2.558931068607399], [6.330996276988573, 5.440572334535881, 5.971571429896201, 3.9380388836709197, 3.457588327120613, 2.1590774509011, 1.092276280377743, 2.158605208305286, 3.4565002361534463, 6.337737288044367, 6.27078722687287, 7.354531006939652, 5.892200274736244, 5.680064305494493, 7.041419496525594, 5.942540830227457, 4.061606748238793, 4.283396151451106, 3.744329385595917, 2.4740172235914004, 2.4921912268046604, 1.7657285467987665, 0.0, 2.493797255978796, 2.4718623937704605, 4.287337969556365, 3.7514329467523204], [5.946320842445007, 4.693311981294457, 5.24251080422946, 3.4645087671998085, 3.917616557213929, 3.453548860865667, 2.1586757611460277, 1.0923760567758158, 2.1575468219779332, 5.982858296252556, 6.288512171444399, 6.794630383201817, 4.7012526135163455, 4.705728606088905, 6.164880761419066, 5.652531687493001, 3.7027036777756126, 4.954259237235062, 4.109479507677967, 3.757665976469459, 4.2889230190932, 2.472736791738664, 2.493797255978796, 0.0, 1.7651944648861737, 2.4805620242776225, 2.4684584582471163], [5.070862253732212, 4.159647133162928, 5.146062732370764, 2.7653097611589854, 3.3244174407650204, 2.7598913125829463, 2.149782469195228, 1.0926960289918257, 2.1516074070044104, 4.841967057224068, 5.404256121239683, 6.019056570506412, 4.233396259945933, 4.967994954239338, 6.066983501133459, 5.510640614662658, 2.4934617858711072, 4.144363079434491, 3.96950057275362, 2.565349899997645, 3.7573070078207196, 3.0500281448299744, 2.4718623937704605, 1.7651944648861737, 0.0, 2.4745614698662264, 3.04719460488454], [4.061477058468801, 2.732582021036075, 3.5019436156353563, 2.1612222050343592, 3.446135185382307, 3.91861840927976, 3.4538395233527934, 2.1551254707347516, 1.0927504225491596, 4.150675797033424, 4.717146230099638, 4.705618880401531, 2.3673507123660946, 3.161829916323563, 4.201851616752505, 4.259649073817306, 2.4805833917807836, 4.291448420514479, 3.732819138733934, 4.1337393282888435, 4.952148293944077, 3.755395824499073, 4.287337969556365, 2.4805620242776225, 2.4745614698662264, 0.0, 1.7654369994570724], [4.287407001397532, 2.8267658169667222, 2.8985697388298237, 2.1612370074156995, 2.7383233379492196, 3.30755495663963, 2.7529407560012835, 2.14525002592557, 1.091724525759842, 4.7211135935618325, 4.616619820566556, 4.970529368670721, 3.007150223051978, 2.2469288928900157, 3.8140719616198075, 3.370655250500421, 3.0445408398891267, 3.739040483760417, 2.5252655518171943, 3.971221441724878, 4.119908616259516, 2.558931068607399, 3.7514329467523204, 2.4684584582471163, 3.04719460488454, 1.7654369994570724, 0.0]]}