{"total energy": -28.48125835, "HOMO-LUMO gap/eV": 12.44777814, "electronic energy": -28.90300979, "dipole": [0.0122951, -0.0039354, -0.00842154], "partial charges": [-0.10188401, -0.0521479, -0.06318621, -0.01907318, -0.05854849, -0.05433608, -0.05515166, -0.0542593, -0.05842344, 0.03207656, 0.03254432, 0.03298765, 0.02915056, 0.02806899, 0.03000117, 0.02908158, 0.02744895, 0.02714848, 0.03052295, 0.02884331, 0.02490494, 0.02446272, 0.03048272, 0.02925891, 0.02522466, 0.02444435, 0.03035749], "atomic dipole moments": [[-0.09153525, 0.02895638, 0.00678267], [0.03550344, -0.10671406, -0.00740175], [-0.03467536, 0.10468144, 0.01498521], [0.00638747, -0.06022348, -0.08106053], [-0.05488614, -0.0209393, 0.09435514], [0.03973644, -0.10129171, -0.0054792], [0.0830318, 0.03478802, 0.0623995], [0.05332478, 0.02236344, -0.09271906], [-0.04169233, 0.10167911, 0.00665302], [0.07406335, 0.09872601, -0.00218484], [0.03231864, -0.07026055, 0.09603746], [0.01915539, -0.0649814, -0.10314004], [-0.02473704, 0.07308685, -0.09466331], [-0.01523219, 0.06428801, 0.10265636], [0.03541694, -0.07587327, 0.08682069], [0.01123842, -0.0601741, -0.10610274], [-0.00733615, 0.0709996, 0.10011703], [0.06013258, 0.10423952, -0.01931042], [0.00846352, -0.06819677, -0.1015065], [-0.00837747, 0.07389267, 0.09727979], [-0.04611855, 0.05988168, -0.09591958], [-0.11683906, 0.0284475, 0.02325474], [0.00201053, -0.07066381, -0.10004409], [-0.00930779, 0.06770984, 0.10160195], [-0.06267421, -0.10327582, 0.01843634], [0.04569186, -0.06017257, 0.09539659], [0.00864661, -0.07398594, -0.09718672]], "atomic quadrupole moments": [[0.20645506, -0.09020487, -0.08133399, -0.02473012, 0.00555339, -0.12512106], [0.20079406, 0.04835319, 0.03448154, -0.02147758, 0.00863784, -0.2352756], [0.1885983, 0.07006347, 0.03765399, -0.05644911, 0.0079557, -0.22625229], [0.1035855, 0.00030124, 0.00950998, 0.00878233, -0.14613583, -0.11309548], [0.14669061, -0.11812751, -0.13153144, 0.02723068, -0.11832281, -0.01515917], [0.16920018, 0.06952232, 0.03210499, -0.07874285, -0.04337644, -0.20130516], [-0.06487655, 0.07900187, 0.08568143, 0.0718739, -0.17510878, -0.02080488], [0.1320489, -0.12488891, -0.11715791, 0.03914956, -0.12354202, -0.01489099], [0.18181362, 0.05918765, 0.02848107, -0.07402329, -0.04123279, -0.21029469], [0.00381511, 0.05262957, 0.05196963, -0.00184345, -0.00073756, -0.05578475], [-0.02881638, -0.0194723, -0.01070408, 0.01208788, -0.06109846, 0.03952047], [-0.03131255, -0.01066545, -0.01730046, -0.00377913, 0.05987498, 0.04861301], [-0.01408516, -0.00447313, -0.0114135, 0.01875393, -0.04164223, 0.02549866], [-0.01888368, 0.0016474, -0.01834053, -0.0105681, 0.03990577, 0.03722421], [-0.00759459, -0.00454305, -0.00933855, 0.02150395, -0.04802808, 0.01693314], [-0.02393495, 0.00588623, -0.0199523, -0.00700515, 0.03618952, 0.04388725], [-0.01982136, -0.00171974, 0.00207603, -0.00194062, 0.02361508, 0.01774533], [0.00211981, 0.03594868, 0.03688873, 0.00296959, -0.01121032, -0.03900854], [-0.02636004, -0.0119888, 0.0013159, 0.0059113, 0.0454392, 0.02504414], [-0.01912734, 0.00903648, -0.01012641, -0.00905105, 0.0450085, 0.02925375], [-0.00939429, -0.00821328, -0.01991048, 0.02677804, -0.03853721, 0.02930478], [0.04792063, -0.02419458, -0.01991748, -0.02437275, -0.00289784, -0.02800315], [-0.04419316, -0.003734, 0.01068533, -0.00970938, 0.03434869, 0.03350782], [-0.02392715, -0.01339253, -0.00053478, 0.00727224, 0.04517288, 0.02446193], [-0.00140129, 0.0360066, 0.03943338, 0.00245894, -0.01097434, -0.03803209], [-0.00875593, -0.00791715, -0.02013272, 0.02629207, -0.03883874, 0.02888865], [-0.02105734, 0.00792614, -0.00998204, -0.00783039, 0.04482894, 0.03103938]], "number of molecular orbitals": 54, "number of electrons": 54, "number of unpaired electrons": 0, "orbital energies/eV": [-17.15122122, -16.82315079, -16.50612688, -16.44622397, -15.88478651, -15.44567643, -15.25178815, -14.96268714, -14.84849843, -14.05116483, -13.89972983, -13.50356238, -13.43898551, -13.3864549, -13.06903394, -12.91512826, -12.61816221, -12.52138896, -12.25206824, -12.02550949, -11.84285328, -11.76696941, -11.65973803, -11.45019754, -11.29913817, -11.0577395, -10.95105728, 1.49672086, 2.17238826, 2.50278888, 2.87291517, 3.03800043, 3.19131605, 3.50230755, 3.78472917, 4.0573122, 4.28653654, 4.38055638, 4.79356855, 5.12542049, 5.17945024, 5.3445345, 5.56840832, 5.61128599, 5.94485131, 6.59185262, 6.8323697, 7.03153754, 7.40452442, 7.83400272, 7.99138464, 8.16976982, 8.561703, 8.82354811], "fractional occupation": [2.0, 2.0, 2.0, 2.0, 2.0, 2.0, 2.0, 2.0, 2.0, 2.0, 2.0, 2.0, 2.0, 2.0, 2.0, 2.0, 2.0, 2.0, 2.0, 2.0, 2.0, 2.0, 2.0, 2.0, 2.0, 2.0, 2.0, 0.0, 0.0, 0.0, 0.0, 0.0, 0.0, 0.0, 0.0, 0.0, 0.0, 0.0, 0.0, 0.0, 0.0, 0.0, 0.0, 0.0, 0.0, 0.0, 0.0, 0.0, 0.0, 0.0, 0.0, 0.0, 0.0, 0.0], "program call": "xtb /tmp/scratch/tmpy1exdhd4/34801_0_xyzopt.xyz --pop --wbo --acc 0.2 --gfn 2 --chrg 0 --uhf 0 --etemp 300 --input /tmp/scratch/tmpy1exdhd4/34801_0_xtb.inp", "method": "GFN2-xTB", "xtb version": "6.3.3 (7355c4f)", "Dipole module/D": 0.039, "Total charge": 0, "Transition dipole module/D": NaN, "HOMO": -10.9511, "LUMO": 1.4967, "HOMO occupancy": 2.0, "LUMO occupancy": 0, "mulliken charges": [-0.08542, -0.03935, -0.05406, -0.01241, -0.05288, -0.04493, -0.04672, -0.04497, -0.05169, 0.02891, 0.02734, 0.02753, 0.02229, 0.02205, 0.02452, 0.02327, 0.01967, 0.0247, 0.02349, 0.02285, 0.02403, 0.02401, 0.02323, 0.0229, 0.02416, 0.02399, 0.02349], "cm5 charges": [-0.23816, -0.15324, -0.16403, -0.08341, -0.1621, -0.15568, -0.15747, -0.15568, -0.16082, 0.08046, 0.07947, 0.07971, 0.07808, 0.07739, 0.08105, 0.07989, 0.07983, 0.0809, 0.08048, 0.07899, 0.07867, 0.07862, 0.07934, 0.07902, 0.07879, 0.07946, 0.08043], "FUKUI+": [0.007, -0.014, -0.029, -0.033, 0.007, 0.006, 0.017, -0.0, -0.007, -0.073, -0.042, -0.042, -0.045, -0.051, -0.056, -0.06, -0.069, -0.039, -0.05, -0.041, -0.052, -0.06, -0.05, -0.05, -0.068, -0.047, -0.056], "FUKUI-": [0.017, 0.001, 0.008, -0.014, 0.003, -0.0, -0.0, 0.005, -0.003, -0.061, -0.063, -0.042, -0.07, -0.051, -0.064, -0.047, -0.039, -0.081, -0.043, -0.041, -0.071, -0.064, -0.04, -0.045, -0.096, -0.058, -0.042], "FUKUIrad": [0.012, -0.006, -0.011, -0.024, 0.005, 0.003, 0.008, 0.002, -0.005, -0.067, -0.052, -0.042, -0.058, -0.051, -0.06, -0.054, -0.054, -0.06, -0.046, -0.041, -0.062, -0.062, -0.045, -0.047, -0.082, -0.053, -0.049], "s proportion": [1.005, 1.026, 1.034, 1.055, 1.031, 1.027, 1.027, 1.027, 1.032, 0.971, 0.973, 0.972, 0.978, 0.978, 0.975, 0.977, 0.98, 0.975, 0.977, 0.977, 0.976, 0.976, 0.977, 0.977, 0.976, 0.976, 0.977], "p proportion": [3.08, 3.014, 3.02, 2.957, 3.022, 3.018, 3.02, 3.018, 3.02, 0.0, 0.0, 0.0, 0.0, 0.0, 0.0, 0.0, 0.0, 0.0, 0.0, 0.0, 0.0, 0.0, 0.0, 0.0, 0.0, 0.0, 0.0], "d proportion": [0.0, 0.0, 0.0, 0.0, 0.0, 0.0, 0.0, 0.0, 0.0, 0.0, 0.0, 0.0, 0.0, 0.0, 0.0, 0.0, 0.0, 0.0, 0.0, 0.0, 0.0, 0.0, 0.0, 0.0, 0.0, 0.0, 0.0], "Fermi-level/eV": -4.7272, "Coordination numbers": [3.752, 3.8, 3.806, 3.854, 3.808, 3.805, 3.806, 3.805, 3.809, 0.925, 0.925, 0.925, 0.924, 0.924, 0.924, 0.924, 0.924, 0.924, 0.924, 0.924, 0.924, 0.924, 0.924, 0.924, 0.924, 0.924, 0.924], "Dispersion coefficient C6": [22.506, 21.511, 21.709, 20.878, 21.621, 21.546, 21.561, 21.545, 21.618, 2.557, 2.551, 2.544, 2.599, 2.614, 2.586, 2.6, 2.623, 2.627, 2.579, 2.603, 2.66, 2.667, 2.58, 2.597, 2.655, 2.667, 2.581], "Total dispersion C6": 5009.652459, "Total dispersion C8": 105986.805826, "Polarizability alpha": [6.765, 6.604, 6.633, 6.499, 6.619, 6.608, 6.61, 6.608, 6.618, 2.501, 2.497, 2.494, 2.521, 2.528, 2.515, 2.521, 2.533, 2.535, 2.511, 2.523, 2.551, 2.554, 2.512, 2.52, 2.548, 2.554, 2.513], "Total polarizability alpha": 104.995411, "Wiberg matrix": [[0.0, 1.0186490856769337, 0.0, 0.0, 0.0, 0.0, 0.0, 0.0, 0.0, 0.9875927065532165, 0.9879121299705331, 0.9880683835658741, 0.0, 0.0, 0.0, 0.0, 0.0, 0.0, 0.0, 0.0, 0.0, 0.0, 0.0, 0.0, 0.0, 0.0, 0.0], [1.0186490856769337, 0.0, 1.008057011885567, 0.0, 0.0, 0.0, 0.0, 0.0, 0.0, 0.0, 0.0, 0.0, 0.9764351746164228, 0.9783561044514456, 0.0, 0.0, 0.0, 0.0, 0.0, 0.0, 0.0, 0.0, 0.0, 0.0, 0.0, 0.0, 0.0], [0.0, 1.008057011885567, 0.0, 0.9951155191699236, 0.0, 0.0, 0.0, 0.0, 0.0, 0.0, 0.0, 0.0, 0.0, 0.0, 0.9752194871365811, 0.97687413955637, 0.0, 0.0, 0.0, 0.0, 0.0, 0.0, 0.0, 0.0, 0.0, 0.0, 0.0], [0.0, 0.0, 0.9951155191699236, 0.0, 0.9983954612419585, 0.0, 0.0, 0.0, 0.9964863252893845, 0.0, 0.0, 0.0, 0.0, 0.0, 0.0, 0.0, 0.9669486547915644, 0.0, 0.0, 0.0, 0.0, 0.0, 0.0, 0.0, 0.0, 0.0, 0.0], [0.0, 0.0, 0.0, 0.9983954612419585, 0.0, 1.0077276195203304, 0.0, 0.0, 0.0, 0.0, 0.0, 0.0, 0.0, 0.0, 0.0, 0.0, 0.0, 0.9744336493934538, 0.9764228507072688, 0.0, 0.0, 0.0, 0.0, 0.0, 0.0, 0.0, 0.0], [0.0, 0.0, 0.0, 0.0, 1.0077276195203304, 0.0, 1.0091392744734469, 0.0, 0.0, 0.0, 0.0, 0.0, 0.0, 0.0, 0.0, 0.0, 0.0, 0.0, 0.0, 0.9777140364294903, 0.9777260888696914, 0.0, 0.0, 0.0, 0.0, 0.0, 0.0], [0.0, 0.0, 0.0, 0.0, 0.0, 1.0091392744734469, 0.0, 1.008988494529553, 0.0, 0.0, 0.0, 0.0, 0.0, 0.0, 0.0, 0.0, 0.0, 0.0, 0.0, 0.0, 0.0, 0.9778601186852444, 0.977658857006986, 0.0, 0.0, 0.0, 0.0], [0.0, 0.0, 0.0, 0.0, 0.0, 0.0, 1.008988494529553, 0.0, 1.008090886476829, 0.0, 0.0, 0.0, 0.0, 0.0, 0.0, 0.0, 0.0, 0.0, 0.0, 0.0, 0.0, 0.0, 0.0, 0.9776966580552502, 0.9776168665123124, 0.0, 0.0], [0.0, 0.0, 0.0, 0.9964863252893845, 0.0, 0.0, 0.0, 1.008090886476829, 0.0, 0.0, 0.0, 0.0, 0.0, 0.0, 0.0, 0.0, 0.0, 0.0, 0.0, 0.0, 0.0, 0.0, 0.0, 0.0, 0.0, 0.9767178802987968, 0.9767564711394915], [0.9875927065532165, 0.0, 0.0, 0.0, 0.0, 0.0, 0.0, 0.0, 0.0, 0.0, 0.0, 0.0, 0.0, 0.0, 0.0, 0.0, 0.0, 0.0, 0.0, 0.0, 0.0, 0.0, 0.0, 0.0, 0.0, 0.0, 0.0], [0.9879121299705331, 0.0, 0.0, 0.0, 0.0, 0.0, 0.0, 0.0, 0.0, 0.0, 0.0, 0.0, 0.0, 0.0, 0.0, 0.0, 0.0, 0.0, 0.0, 0.0, 0.0, 0.0, 0.0, 0.0, 0.0, 0.0, 0.0], [0.9880683835658741, 0.0, 0.0, 0.0, 0.0, 0.0, 0.0, 0.0, 0.0, 0.0, 0.0, 0.0, 0.0, 0.0, 0.0, 0.0, 0.0, 0.0, 0.0, 0.0, 0.0, 0.0, 0.0, 0.0, 0.0, 0.0, 0.0], [0.0, 0.9764351746164228, 0.0, 0.0, 0.0, 0.0, 0.0, 0.0, 0.0, 0.0, 0.0, 0.0, 0.0, 0.0, 0.0, 0.0, 0.0, 0.0, 0.0, 0.0, 0.0, 0.0, 0.0, 0.0, 0.0, 0.0, 0.0], [0.0, 0.9783561044514456, 0.0, 0.0, 0.0, 0.0, 0.0, 0.0, 0.0, 0.0, 0.0, 0.0, 0.0, 0.0, 0.0, 0.0, 0.0, 0.0, 0.0, 0.0, 0.0, 0.0, 0.0, 0.0, 0.0, 0.0, 0.0], [0.0, 0.0, 0.9752194871365811, 0.0, 0.0, 0.0, 0.0, 0.0, 0.0, 0.0, 0.0, 0.0, 0.0, 0.0, 0.0, 0.0, 0.0, 0.0, 0.0, 0.0, 0.0, 0.0, 0.0, 0.0, 0.0, 0.0, 0.0], [0.0, 0.0, 0.97687413955637, 0.0, 0.0, 0.0, 0.0, 0.0, 0.0, 0.0, 0.0, 0.0, 0.0, 0.0, 0.0, 0.0, 0.0, 0.0, 0.0, 0.0, 0.0, 0.0, 0.0, 0.0, 0.0, 0.0, 0.0], [0.0, 0.0, 0.0, 0.9669486547915644, 0.0, 0.0, 0.0, 0.0, 0.0, 0.0, 0.0, 0.0, 0.0, 0.0, 0.0, 0.0, 0.0, 0.0, 0.0, 0.0, 0.0, 0.0, 0.0, 0.0, 0.0, 0.0, 0.0], [0.0, 0.0, 0.0, 0.0, 0.9744336493934538, 0.0, 0.0, 0.0, 0.0, 0.0, 0.0, 0.0, 0.0, 0.0, 0.0, 0.0, 0.0, 0.0, 0.0, 0.0, 0.0, 0.0, 0.0, 0.0, 0.0, 0.0, 0.0], [0.0, 0.0, 0.0, 0.0, 0.9764228507072688, 0.0, 0.0, 0.0, 0.0, 0.0, 0.0, 0.0, 0.0, 0.0, 0.0, 0.0, 0.0, 0.0, 0.0, 0.0, 0.0, 0.0, 0.0, 0.0, 0.0, 0.0, 0.0], [0.0, 0.0, 0.0, 0.0, 0.0, 0.9777140364294903, 0.0, 0.0, 0.0, 0.0, 0.0, 0.0, 0.0, 0.0, 0.0, 0.0, 0.0, 0.0, 0.0, 0.0, 0.0, 0.0, 0.0, 0.0, 0.0, 0.0, 0.0], [0.0, 0.0, 0.0, 0.0, 0.0, 0.9777260888696914, 0.0, 0.0, 0.0, 0.0, 0.0, 0.0, 0.0, 0.0, 0.0, 0.0, 0.0, 0.0, 0.0, 0.0, 0.0, 0.0, 0.0, 0.0, 0.0, 0.0, 0.0], [0.0, 0.0, 0.0, 0.0, 0.0, 0.0, 0.9778601186852444, 0.0, 0.0, 0.0, 0.0, 0.0, 0.0, 0.0, 0.0, 0.0, 0.0, 0.0, 0.0, 0.0, 0.0, 0.0, 0.0, 0.0, 0.0, 0.0, 0.0], [0.0, 0.0, 0.0, 0.0, 0.0, 0.0, 0.977658857006986, 0.0, 0.0, 0.0, 0.0, 0.0, 0.0, 0.0, 0.0, 0.0, 0.0, 0.0, 0.0, 0.0, 0.0, 0.0, 0.0, 0.0, 0.0, 0.0, 0.0], [0.0, 0.0, 0.0, 0.0, 0.0, 0.0, 0.0, 0.9776966580552502, 0.0, 0.0, 0.0, 0.0, 0.0, 0.0, 0.0, 0.0, 0.0, 0.0, 0.0, 0.0, 0.0, 0.0, 0.0, 0.0, 0.0, 0.0, 0.0], [0.0, 0.0, 0.0, 0.0, 0.0, 0.0, 0.0, 0.9776168665123124, 0.0, 0.0, 0.0, 0.0, 0.0, 0.0, 0.0, 0.0, 0.0, 0.0, 0.0, 0.0, 0.0, 0.0, 0.0, 0.0, 0.0, 0.0, 0.0], [0.0, 0.0, 0.0, 0.0, 0.0, 0.0, 0.0, 0.0, 0.9767178802987968, 0.0, 0.0, 0.0, 0.0, 0.0, 0.0, 0.0, 0.0, 0.0, 0.0, 0.0, 0.0, 0.0, 0.0, 0.0, 0.0, 0.0, 0.0], [0.0, 0.0, 0.0, 0.0, 0.0, 0.0, 0.0, 0.0, 0.9767564711394915, 0.0, 0.0, 0.0, 0.0, 0.0, 0.0, 0.0, 0.0, 0.0, 0.0, 0.0, 0.0, 0.0, 0.0, 0.0, 0.0, 0.0, 0.0]], "Born radii": [], "Atomic SASAs": [], "Solvent H bonds": [], "Total SASA": NaN, "Total FOD": 0.0, "FOD": [0.0, 0.0, 0.0, 0.0, 0.0, 0.0, 0.0, 0.0, 0.0, 0.0, 0.0, 0.0, 0.0, 0.0, 0.0, 0.0, 0.0, 0.0, 0.0, 0.0, 0.0, 0.0, 0.0, 0.0, 0.0, 0.0, 0.0], "FOD s proportion": [0.0, 0.0, 0.0, 0.0, 0.0, 0.0, 0.0, 0.0, 0.0, 0.0, 0.0, 0.0, 0.0, 0.0, 0.0, 0.0, 0.0, 0.0, 0.0, 0.0, 0.0, 0.0, 0.0, 0.0, 0.0, 0.0, 0.0], "FOD p proportion": [0.0, 0.0, 0.0, 0.0, 0.0, 0.0, 0.0, 0.0, 0.0, 0.0, 0.0, 0.0, 0.0, 0.0, 0.0, 0.0, 0.0, 0.0, 0.0, 0.0, 0.0, 0.0, 0.0, 0.0, 0.0, 0.0, 0.0], "FOD d proportion": [0.0, 0.0, 0.0, 0.0, 0.0, 0.0, 0.0, 0.0, 0.0, 0.0, 0.0, 0.0, 0.0, 0.0, 0.0, 0.0, 0.0, 0.0, 0.0, 0.0, 0.0, 0.0, 0.0, 0.0, 0.0, 0.0, 0.0], "coordinates": [["3.82368403375409", "0.36953421172991", "-0.02471853127533"], ["2.36387528930049", "0.79469062103782", "0.08135872945564"], ["1.42865134162003", "-0.41297913688198", "0.08895979225681"], ["-0.04294391883535", "-0.05725284214446", "0.32590021864939"], ["-0.65019322421885", "0.70462976834545", "-0.85338277106177"], ["-2.11690066179231", "1.03791685696263", "-0.59448385492091"], ["-2.92058849109032", "-0.23215149778241", "-0.33752373835673"], ["-2.32704286488077", "-0.99897779403752", "0.83931247277482"], ["-0.86007415456485", "-1.32704613476912", "0.57873392123088"], ["4.47644793333295", "1.23945601617247", "-0.04309825000771"], ["4.10380459766883", "-0.25178376623653", "0.82350287785294"], ["3.98837289348298", "-0.20234090591057", "-0.93556189343049"], ["2.12241867503001", "1.44731732039088", "-0.75916353312486"], ["2.21987423244801", "1.36769665561948", "1.00043538840134"], ["1.75218726555059", "-1.09422432750776", "0.88076376399945"], ["1.52120226833817", "-0.94705666051497", "-0.86000868268383"], ["-0.10620206059889", "0.57681914025923", "1.21822188846530"], ["-0.09679941183703", "1.62867117974541", "-1.02798534054211"], ["-0.57193984418374", "0.09064410500234", "-1.75404158296415"], ["-2.18967868901546", "1.69366023474108", "0.27662738753476"], ["-2.53072346763199", "1.57442511132047", "-1.45134273741817"], ["-3.96346754841971", "0.01973731278501", "-0.13261534536767"], ["-2.89710027911198", "-0.86258333223578", "-1.22958999773610"], ["-2.40667883242204", "-0.39108005953512", "1.74383825388057"], ["-2.88860296249914", "-1.92095777871618", "1.00608259931998"], ["-0.44684345311799", "-1.86680527998797", "1.43415453524223"], ["-0.78474166630577", "-1.97995901785181", "-0.29437557017433"]], "bond_dist": [[0.0, 1.5241561363597158, 2.522187839632051, 3.905879212277249, 4.562296699445553, 6.005157317626022, 6.77828036304045, 6.360095602070766, 5.017980719493376, 1.087751105951486, 1.0881098836862781, 1.0880253678463712, 2.143672015689721, 2.149296327216302, 2.693248244949735, 2.7807451235219993, 4.12696894139141, 4.238178929912426, 4.731791118068299, 6.164791182448379, 6.623104513680915, 7.795750724385347, 6.938210912973605, 6.521023586539113, 7.166847371697298, 5.036559337738145, 5.179808952794526], [1.5241561363597158, 0.0, 1.5274710644279974, 2.56483662346118, 3.1569703251956454, 4.537981415187871, 5.399576344963199, 5.079020908548985, 3.891400642305448, 2.162468259364914, 2.1617679288815235, 2.1603684604656688, 1.0911922741556026, 1.0925997094363609, 2.1403762123729555, 2.15173279421318, 2.7278577563604784, 2.8250819143450725, 3.5331835929607998, 4.645549488341161, 5.187895204537043, 6.378213301600816, 5.669480351227762, 5.1892270045087034, 5.984846552102354, 4.10045811737096, 4.213507519352494], [2.522187839632051, 1.5274710644279974, 0.0, 1.532408096109362, 2.541388183769518, 3.8914179180246347, 4.373839727216952, 3.874488681631724, 2.5127000559011106, 3.46944452701491, 2.7788455220582353, 2.7651740581493205, 2.159011161829695, 2.1511921586269125, 1.0934916705177848, 1.092861217958391, 2.1472560344933007, 2.7826071311434952, 2.766343350263693, 4.191116889206079, 4.6903045113122195, 5.413989766498373, 4.544540082938614, 4.177183241881117, 4.66409675648984, 2.7277536685015122, 2.7388830853085455], [3.905879212277249, 2.56483662346118, 1.532408096109362, 0.0, 1.5296814050245087, 2.519484090916395, 2.958303427760937, 2.523399695456497, 1.53101329494521, 4.716197244237575, 4.18102546584019, 4.226565088548957, 2.851296175832555, 2.757865977923409, 2.146084663886743, 2.1551529069413067, 1.0964884102405166, 2.162925409971192, 2.151248031750389, 2.7706668129161773, 3.4655465012211386, 3.9479956353232293, 3.348778216073624, 2.7765503101032993, 3.468979612849004, 2.160056131063678, 2.1521628633670504], [4.562296699445553, 3.1569703251956454, 2.541388183769518, 1.5296814050245087, 0.0, 1.5262174286945924, 2.5096542291765753, 2.9290477347601334, 2.49453707139472, 5.217762899819098, 5.131000645018524, 4.727118026917155, 2.871905083497192, 3.4804578249380698, 3.466204304546626, 2.7281991032700406, 2.1456485751685106, 1.091138533291558, 1.0928349746119974, 2.150609150522276, 2.1565004188308112, 3.4592441522728596, 2.765190787877745, 3.321351949303406, 3.919413168748873, 3.4476740369322663, 2.745470685490578], [6.005157317626022, 4.537981415187871, 3.8914179180246347, 2.519484090916395, 1.5262174286945924, 0.0, 1.5248003981476383, 2.4997742846316457, 2.9238848766339824, 6.619432741167535, 6.509315478365637, 6.239305949499877, 4.26222436943719, 4.632508887377866, 4.6574910581938385, 4.152880473775992, 2.746164977071774, 2.148888844959928, 2.151465481762829, 1.0927629273906787, 1.092381602802599, 2.158661939972882, 2.1503423505689834, 2.7556766610114822, 3.451416596851339, 3.9168706247691687, 3.3124443191722124], [6.77828036304045, 5.399576344963199, 4.373839727216952, 2.958303427760937, 2.5096542291765753, 1.5248003981476383, 0.0, 1.524881125482009, 2.506799093641575, 7.547745551326079, 7.119723765352083, 6.934860180265842, 5.332008712041785, 5.5474323565867625, 4.905326418700285, 4.5291925394372985, 3.315953698217703, 3.451547917298027, 2.761678886453769, 2.1494561110494956, 2.15784766462882, 1.0922601112476213, 1.0926015765672692, 2.14975095481857, 2.1583252116411074, 3.454034077092213, 2.7601692974473298], [6.360095602070766, 5.079020908548985, 3.874488681631724, 2.523399695456497, 2.9290477347601334, 2.4997742846316457, 1.524881125482009, 0.0, 1.5256235494908557, 7.216420279317964, 6.474129126380913, 6.608274021885479, 5.323269044812451, 5.128505009706049, 4.080552483267595, 4.207062965875226, 2.749334865272204, 3.9198630222094675, 3.3155916145606406, 2.7542300150836123, 3.45123015651323, 2.158775091908182, 2.15033168074517, 1.0927252315309424, 1.092341114530211, 2.1545559757510744, 2.1508755722560844], [5.017980719493376, 3.891400642305448, 2.5127000559011106, 1.53101329494521, 2.49453707139472, 2.9238848766339824, 2.506799093641575, 1.5256235494908557, 0.0, 5.954164637847714, 5.084898550628632, 5.20245061906852, 4.287461446856829, 4.114067683014971, 2.6399503303817644, 2.8079974506998804, 2.145220496768807, 3.4496956332928197, 2.7449423581806656, 3.3141791663295757, 3.9154585630712626, 3.457006507184803, 2.763193175102443, 2.150694452849535, 2.1564524242606677, 1.0926316736856947, 1.092835944076017], [1.087751105951486, 2.162468259364914, 3.46944452701491, 4.716197244237575, 5.217762899819098, 6.619432741167535, 7.547745551326079, 7.216420279317964, 5.954164637847714, 0.0, 1.7645556548501025, 1.7645075698007477, 2.469293332195127, 2.489484481498642, 3.704211272785454, 3.7658541236750525, 4.799030848819491, 4.694260570607547, 5.4528263357651845, 6.689227915137118, 7.155124588260303, 8.528065452661766, 7.758578821597031, 7.295836075225726, 8.08288132460916, 6.005824931469037, 6.173158790787607], [1.0881098836862781, 2.1617679288815235, 2.7788455220582353, 4.18102546584019, 5.131000645018524, 6.509315478365637, 7.119723765352083, 6.474129126380913, 5.084898550628632, 1.7645556548501025, 0.0, 1.763541307806224, 3.052485486525216, 2.4906255381058253, 2.498617414706817, 3.1602927654638933, 4.308891033276493, 4.960765411849297, 5.350100782228803, 6.609974057636309, 7.247546073468621, 8.12826953491231, 7.321265980645197, 6.576687247785348, 7.191191884946653, 4.867195046295367, 5.304161243766956], [1.0880253678463712, 2.1603684604656688, 2.7651740581493205, 4.226565088548957, 4.727118026917155, 6.239305949499877, 6.934860180265842, 6.608274021885479, 5.20245061906852, 1.7645075698007477, 1.763541307806224, 0.0, 2.496852777094596, 3.0562543961453765, 3.015795267276874, 2.5782243378704583, 4.69163287260408, 4.477698082223483, 4.642434865900015, 6.575145970566044, 6.776543715236709, 7.995361674605106, 6.923302203296217, 6.936244963560775, 7.349586669703363, 5.29689924824427, 5.133582438599739], [2.143672015689721, 1.0911922741556026, 2.159011161829695, 2.851296175832555, 2.871905083497192, 4.26222436943719, 5.332008712041785, 5.323269044812451, 4.287461446856829, 2.469293332195127, 3.052485486525216, 2.496852777094596, 0.0, 1.764093365036686, 3.047272023371379, 2.470760545318778, 3.103960465341804, 2.2427847207263705, 3.1764622424112674, 4.441591082008715, 4.7060599487456845, 6.282400690378869, 5.54549480340595, 5.491579654733193, 6.290604812191072, 4.7323525484163795, 4.5181669069897685], [2.149296327216302, 1.0925997094363609, 2.1511921586269125, 2.757865977923409, 3.4804578249380698, 4.632508887377866, 5.5474323565867625, 5.128505009706049, 4.114067683014971, 2.489484481498642, 2.4906255381058253, 3.0562543961453765, 1.764093365036686, 0.0, 2.50880595579947, 3.050815885894213, 2.4664851763161524, 3.09023868495221, 4.124588760264438, 4.480436055142318, 5.349965527052388, 6.429192323632387, 6.010872665345665, 5.005091069724025, 6.075509783611731, 4.214439260956932, 4.680924120899221], [2.693248244949735, 2.1403762123729555, 1.0934916705177848, 2.146084663886743, 3.466204304546626, 4.6574910581938385, 4.905326418700285, 4.080552483267595, 2.6399503303817644, 3.704211272785454, 2.498617414706817, 3.015795267276874, 3.047272023371379, 2.50880595579947, 0.0, 1.7621864550259758, 2.521879288245386, 3.804764752342071, 3.707786299255793, 4.8657567034902405, 5.559112780806223, 5.910715498804465, 5.111078675124899, 4.30528473594168, 4.715519796437604, 2.3955915293471794, 2.932829146351883], [2.7807451235219993, 2.15173279421318, 1.092861217958391, 2.1551529069413067, 2.7281991032700406, 4.152880473775992, 4.5291925394372985, 4.207062965875226, 2.8079974506998804, 3.7658541236750525, 3.1602927654638933, 2.5782243378704583, 2.470760545318778, 3.050815885894213, 1.7621864550259758, 0.0, 3.0478983928089094, 3.0463945085506263, 2.5014718884591804, 4.694248050184663, 4.80891343858509, 5.61652870132754, 4.434537573685763, 4.745248022137742, 4.886426325518916, 3.159481975775339, 2.5892480621756504], [4.12696894139141, 2.7278577563604784, 2.1472560344933007, 1.0964884102405166, 2.1456485751685106, 2.746164977071774, 3.315953698217703, 2.749334865272204, 2.145220496768807, 4.799030848819491, 4.308891033276493, 4.69163287260408, 3.103960465341804, 2.4664851763161524, 2.521879288245386, 3.0478983928089094, 0.0, 2.480308053129716, 3.047560990621748, 2.544564618095624, 3.741670351384145, 4.124754348848561, 3.9815543917109992, 2.550547941571137, 3.7450830957217356, 2.4766840277818862, 3.0472088241847817], [4.238178929912426, 2.8250819143450725, 2.7826071311434952, 2.162925409971192, 1.091138533291558, 2.148888844959928, 3.451547917298027, 3.9198630222094675, 3.4496956332928197, 4.694260570607547, 4.960765411849297, 4.477698082223483, 2.2427847207263705, 3.09023868495221, 3.804764752342071, 3.0463945085506263, 2.480308053129716, 0.0, 1.7659114870947965, 2.467059305402347, 2.471064635092863, 4.282695190528343, 3.7534888342087527, 4.134966027044919, 4.95292491283822, 4.289874040028895, 3.7461526588852663], [4.731791118068299, 3.5331835929607998, 2.766343350263693, 2.151248031750389, 1.0928349746119974, 2.151465481762829, 2.761678886453769, 3.3155916145606406, 2.7449423581806656, 5.4528263357651845, 5.350100782228803, 4.642434865900015, 3.1764622424112674, 4.124588760264438, 3.707786299255793, 2.5014718884591804, 3.047560990621748, 1.7659114870947965, 0.0, 3.051287621648792, 2.475896998926726, 3.7598551814862415, 2.56711181301233, 3.979131648823127, 4.126954766407353, 3.7432408004298696, 2.5423034391601536], [6.164791182448379, 4.645549488341161, 4.191116889206079, 2.7706668129161773, 2.150609150522276, 1.0927629273906787, 2.1494561110494956, 2.7542300150836123, 3.3141791663295757, 6.689227915137118, 6.609974057636309, 6.575145970566044, 4.441591082008715, 4.480436055142318, 4.8657567034902405, 4.694248050184663, 2.544564618095624, 2.467059305402347, 3.051287621648792, 0.0, 1.7653354662523977, 2.4730193045809465, 3.0501667645454167, 2.55850325056282, 3.753140475558438, 4.129680186012033, 3.974339042974824], [6.623104513680915, 5.187895204537043, 4.6903045113122195, 3.4655465012211386, 2.1565004188308112, 1.092381602802599, 2.15784766462882, 3.45123015651323, 3.9154585630712626, 7.155124588260303, 7.247546073468621, 6.776543715236709, 4.7060599487456845, 5.349965527052388, 5.559112780806223, 4.80891343858509, 3.741670351384145, 2.471064635092863, 2.475896998926726, 1.7653354662523977, 0.0, 2.491756747054495, 2.474351712976796, 3.7533690486469924, 4.287740496631057, 4.95082993360571, 4.125611713958837], [7.795750724385347, 6.378213301600816, 5.413989766498373, 3.9479956353232293, 3.4592441522728596, 2.158661939972882, 1.0922601112476213, 2.158775091908182, 3.457006507184803, 8.528065452661766, 8.12826953491231, 7.995361674605106, 6.282400690378869, 6.429192323632387, 5.910715498804465, 5.61652870132754, 4.124754348848561, 4.282695190528343, 3.7598551814862415, 2.4730193045809465, 2.491756747054495, 0.0, 1.7660640593193573, 2.472537184713177, 2.493644787350213, 4.28724338483245, 3.75888946614727], [6.938210912973605, 5.669480351227762, 4.544540082938614, 3.348778216073624, 2.765190787877745, 2.1503423505689834, 1.0926015765672692, 2.15033168074517, 2.763193175102443, 7.758578821597031, 7.321265980645197, 6.923302203296217, 5.54549480340595, 6.010872665345665, 5.111078675124899, 4.434537573685763, 3.9815543917109992, 3.7534888342087527, 2.56711181301233, 3.0501667645454167, 2.474351712976796, 1.7660640593193573, 0.0, 3.050262955722515, 2.473552230008453, 3.756029175958207, 2.5661670556341725], [6.521023586539113, 5.1892270045087034, 4.177183241881117, 2.7765503101032993, 3.321351949303406, 2.7556766610114822, 2.14975095481857, 1.0927252315309424, 2.150694452849535, 7.295836075225726, 6.576687247785348, 6.936244963560775, 5.491579654733193, 5.005091069724025, 4.30528473594168, 4.745248022137742, 2.550547941571137, 4.134966027044919, 3.979131648823127, 2.55850325056282, 3.7533690486469924, 2.472537184713177, 3.050262955722515, 0.0, 1.765519784265624, 2.472776505437184, 3.0511525867414933], [7.166847371697298, 5.984846552102354, 4.66409675648984, 3.468979612849004, 3.919413168748873, 3.451416596851339, 2.1583252116411074, 1.092341114530211, 2.1564524242606677, 8.08288132460916, 7.191191884946653, 7.349586669703363, 6.290604812191072, 6.075509783611731, 4.715519796437604, 4.886426325518916, 3.7450830957217356, 4.95292491283822, 4.126954766407353, 3.753140475558438, 4.287740496631057, 2.493644787350213, 2.473552230008453, 1.765519784265624, 0.0, 2.4795902034602424, 2.4740462708778264], [5.036559337738145, 4.10045811737096, 2.7277536685015122, 2.160056131063678, 3.4476740369322663, 3.9168706247691687, 3.454034077092213, 2.1545559757510744, 1.0926316736856947, 6.005824931469037, 4.867195046295367, 5.29689924824427, 4.7323525484163795, 4.214439260956932, 2.3955915293471794, 3.159481975775339, 2.4766840277818862, 4.289874040028895, 3.7432408004298696, 4.129680186012033, 4.95082993360571, 4.28724338483245, 3.756029175958207, 2.472776505437184, 2.4795902034602424, 0.0, 1.76487826668001], [5.179808952794526, 4.213507519352494, 2.7388830853085455, 2.1521628633670504, 2.745470685490578, 3.3124443191722124, 2.7601692974473298, 2.1508755722560844, 1.092835944076017, 6.173158790787607, 5.304161243766956, 5.133582438599739, 4.5181669069897685, 4.680924120899221, 2.932829146351883, 2.5892480621756504, 3.0472088241847817, 3.7461526588852663, 2.5423034391601536, 3.974339042974824, 4.125611713958837, 3.75888946614727, 2.5661670556341725, 3.0511525867414933, 2.4740462708778264, 1.76487826668001, 0.0]]}