{"total energy": -25.31676633, "HOMO-LUMO gap/eV": 12.73567518, "electronic energy": -25.6916964, "dipole": [0.01330948, 0.00531523, -0.00708696], "partial charges": [-0.10106469, -0.05697941, -0.01931379, -0.05856278, -0.05411309, -0.05509006, -0.05429089, -0.05832354, 0.03191225, 0.03275503, 0.03334355, 0.02806748, 0.02823216, 0.02863345, 0.02994805, 0.02401432, 0.02504503, 0.0292533, 0.03034424, 0.02433628, 0.02459752, 0.02882131, 0.02858215, 0.02985212], "atomic dipole moments": [[-0.06379908, -0.07277619, 0.00123525], [-0.02263393, 0.10570064, 0.01900876], [-0.00335699, -0.05854178, -0.08381785], [-0.03274172, 0.10326322, 0.01267443], [0.05034255, 0.0214512, -0.09468481], [0.08809466, 0.02534949, 0.05903953], [0.03055282, -0.10398751, -0.01099385], [-0.05195601, -0.02121901, 0.09615464], [0.11298659, -0.04583648, -0.01665383], [-6.071e-05, 0.06326693, 0.10614297], [-0.02180458, 0.07844826, -0.09288717], [0.03480932, -0.08034969, 0.08316587], [0.00010851, -0.05812086, -0.10796522], [0.00425291, 0.06732096, 0.10293368], [-0.00264114, -0.07060611, -0.09998581], [0.04567984, -0.06744137, 0.09057705], [-0.06986077, -0.09851616, 0.01826321], [0.00153327, 0.06434147, 0.10416219], [-0.00872424, -0.06673493, -0.10239387], [-0.11297403, 0.03668445, 0.03044068], [-0.04598299, 0.06689188, -0.09112808], [0.00258973, 0.0705004, 0.10007354], [0.06729306, 0.10004689, -0.01876725], [-0.00234647, -0.06451854, -0.10442328]], "atomic quadrupole moments": [[0.0438365, 0.16329895, 0.08140924, -0.0050634, -0.00418034, -0.12524574], [0.18564103, 0.06531339, 0.02366757, -0.07625878, 0.01351846, -0.2093086], [0.10307909, -0.01491787, 0.0222355, -0.01648778, -0.14078923, -0.12531459], [0.18159402, 0.04769259, 0.02132336, -0.09631187, -0.02832672, -0.20291738], [0.11229324, -0.15038505, -0.08578737, 0.01594154, -0.12140598, -0.02650587], [-0.04583817, 0.0782207, 0.08632943, 0.06179166, -0.18056835, -0.04049127], [0.16919131, 0.05953646, 0.02529882, -0.09865124, -0.03171398, -0.19449013], [0.12806899, -0.1467293, -0.1022418, 0.00496437, -0.11577893, -0.02582719], [0.06114784, -0.04416212, -0.00722054, -0.01902117, 0.00595168, -0.0539273], [-0.0439231, 0.00726649, -0.01351174, -0.01386461, 0.05170273, 0.05743484], [-0.03043472, -0.01038141, 0.00334708, 0.03547817, -0.05690228, 0.02708764], [-0.00268476, -0.00742511, -0.00764071, 0.01882482, -0.04997739, 0.01032547], [-0.02087996, 0.00908127, -0.02427507, -0.00092085, 0.03473519, 0.04515503], [-0.02046905, 0.00103469, 0.00086558, 0.00218476, 0.02285828, 0.01960347], [-0.01979989, 0.01120921, -0.01478465, -0.00097721, 0.0430581, 0.03458454], [-0.00769923, -0.01167884, -0.01560062, 0.02447181, -0.04186793, 0.02329985], [0.0048171, 0.03820455, 0.03418039, 0.00066587, -0.01048641, -0.03899749], [-0.02479507, -0.00935414, -0.00184992, 0.01320621, 0.04401479, 0.026645], [-0.04481575, 0.00266137, 0.00820724, -0.0026636, 0.0339615, 0.03660851], [0.04068067, -0.02824728, -0.01550234, -0.02918046, 0.00099153, -0.02517832], [-0.00820253, -0.01213104, -0.01526132, 0.02499015, -0.04180542, 0.02346385], [-0.01804822, 0.01226467, -0.01514699, -0.00240743, 0.04328111, 0.03319521], [0.0087641, 0.03764314, 0.03142848, 0.00111033, -0.01029133, -0.04019258], [-0.02678325, -0.00787613, -0.00068298, 0.01208658, 0.04407271, 0.02746622]], "number of molecular orbitals": 48, "number of electrons": 48, "number of unpaired electrons": 0, "orbital energies/eV": [-17.14689663, -16.76022984, -16.45420217, -16.25124037, -15.57803542, -15.37184138, -14.97585835, -14.86498457, -14.05313754, -13.75008058, -13.50611597, -13.3538833, -13.19301853, -13.04509888, -12.73961742, -12.49458073, -12.18127082, -12.08692082, -11.78893957, -11.75674306, -11.54743925, -11.29333146, -11.06388795, -10.984579, 1.75109618, 2.21504974, 2.55111789, 2.91018008, 3.1161087, 3.19684206, 3.59529948, 4.09635007, 4.35162625, 4.60748578, 4.86540585, 5.13195076, 5.29718082, 5.61110212, 5.66951006, 5.86878812, 6.15024784, 7.1079706, 7.26757696, 7.80610768, 7.84874262, 8.04262174, 8.54677545, 8.69124629], "fractional occupation": [2.0, 2.0, 2.0, 2.0, 2.0, 2.0, 2.0, 2.0, 2.0, 2.0, 2.0, 2.0, 2.0, 2.0, 2.0, 2.0, 2.0, 2.0, 2.0, 2.0, 2.0, 2.0, 2.0, 2.0, 0.0, 0.0, 0.0, 0.0, 0.0, 0.0, 0.0, 0.0, 0.0, 0.0, 0.0, 0.0, 0.0, 0.0, 0.0, 0.0, 0.0, 0.0, 0.0, 0.0, 0.0, 0.0, 0.0, 0.0], "program call": "xtb /tmp/scratch/tmp6a3kv4xz/34800_0_xyzopt.xyz --pop --wbo --acc 0.2 --gfn 2 --chrg 0 --uhf 0 --etemp 300 --input /tmp/scratch/tmp6a3kv4xz/34800_0_xtb.inp", "method": "GFN2-xTB", "xtb version": "6.3.3 (7355c4f)", "Dipole module/D": 0.041, "Total charge": 0, "Transition dipole module/D": NaN, "HOMO": -10.9846, "LUMO": 1.7511, "HOMO occupancy": 2.0, "LUMO occupancy": 0, "mulliken charges": [-0.08575, -0.04599, -0.01373, -0.05181, -0.04494, -0.0467, -0.045, -0.05268, 0.02914, 0.0275, 0.02765, 0.02371, 0.02271, 0.01978, 0.02331, 0.02386, 0.02403, 0.02288, 0.02316, 0.02395, 0.02387, 0.02282, 0.02498, 0.02325], "cm5 charges": [-0.23859, -0.1576, -0.08475, -0.16092, -0.15566, -0.15743, -0.15575, -0.16185, 0.08074, 0.07975, 0.08027, 0.07936, 0.07861, 0.0799, 0.08026, 0.0793, 0.07868, 0.07901, 0.07927, 0.07854, 0.07852, 0.07896, 0.08117, 0.08021], "FUKUI+": [0.014, -0.028, -0.031, -0.005, 0.001, 0.019, 0.007, 0.007, -0.074, -0.048, -0.041, -0.058, -0.063, -0.082, -0.066, -0.055, -0.074, -0.06, -0.062, -0.071, -0.062, -0.053, -0.05, -0.062], "FUKUI-": [0.016, 0.008, -0.017, 0.002, 0.003, -0.001, 0.001, -0.001, -0.062, -0.051, -0.061, -0.084, -0.056, -0.045, -0.045, -0.073, -0.098, -0.048, -0.045, -0.07, -0.09, -0.047, -0.085, -0.048], "FUKUIrad": [0.015, -0.01, -0.024, -0.002, 0.002, 0.009, 0.004, 0.003, -0.068, -0.05, -0.051, -0.071, -0.06, -0.064, -0.055, -0.064, -0.086, -0.054, -0.054, -0.07, -0.076, -0.05, -0.068, -0.055], "s proportion": [1.005, 1.03, 1.055, 1.032, 1.027, 1.027, 1.027, 1.031, 0.971, 0.972, 0.972, 0.976, 0.977, 0.98, 0.977, 0.976, 0.976, 0.977, 0.977, 0.976, 0.976, 0.977, 0.975, 0.977], "p proportion": [3.081, 3.016, 2.958, 3.02, 3.018, 3.02, 3.018, 3.022, 0.0, 0.0, 0.0, 0.0, 0.0, 0.0, 0.0, 0.0, 0.0, 0.0, 0.0, 0.0, 0.0, 0.0, 0.0, 0.0], "d proportion": [0.0, 0.0, 0.0, 0.0, 0.0, 0.0, 0.0, 0.0, 0.0, 0.0, 0.0, 0.0, 0.0, 0.0, 0.0, 0.0, 0.0, 0.0, 0.0, 0.0, 0.0, 0.0, 0.0, 0.0], "Fermi-level/eV": -4.6167, "Coordination numbers": [3.751, 3.803, 3.854, 3.809, 3.805, 3.805, 3.805, 3.808, 0.925, 0.925, 0.925, 0.924, 0.924, 0.924, 0.924, 0.924, 0.924, 0.924, 0.924, 0.924, 0.924, 0.924, 0.924, 0.924], "Dispersion coefficient C6": [22.492, 21.597, 20.882, 21.621, 21.542, 21.56, 21.545, 21.617, 2.559, 2.548, 2.539, 2.614, 2.612, 2.606, 2.587, 2.673, 2.658, 2.597, 2.582, 2.668, 2.665, 2.603, 2.607, 2.589], "Total dispersion C6": 3958.880896, "Total dispersion C8": 83749.336336, "Polarizability alpha": [6.763, 6.616, 6.499, 6.619, 6.607, 6.61, 6.608, 6.619, 2.502, 2.496, 2.492, 2.528, 2.527, 2.525, 2.515, 2.557, 2.55, 2.52, 2.513, 2.555, 2.553, 2.523, 2.525, 2.516], "Total polarizability alpha": 93.33809, "Wiberg matrix": [[0.0, 1.0191954696525514, 0.0, 0.0, 0.0, 0.0, 0.0, 0.0, 0.9872927483082379, 0.9877133466478585, 0.9857701153137779, 0.0, 0.0, 0.0, 0.0, 0.0, 0.0, 0.0, 0.0, 0.0, 0.0, 0.0, 0.0, 0.0], [1.0191954696525514, 0.0, 0.9956855258625209, 0.0, 0.0, 0.0, 0.0, 0.0, 0.0, 0.0, 0.0, 0.9769443851895558, 0.977702540673502, 0.0, 0.0, 0.0, 0.0, 0.0, 0.0, 0.0, 0.0, 0.0, 0.0, 0.0], [0.0, 0.9956855258625209, 0.0, 0.9967010529186676, 0.0, 0.0, 0.0, 0.9984993283224415, 0.0, 0.0, 0.0, 0.0, 0.0, 0.967035440076977, 0.0, 0.0, 0.0, 0.0, 0.0, 0.0, 0.0, 0.0, 0.0, 0.0], [0.0, 0.0, 0.9967010529186676, 0.0, 1.0081454404186552, 0.0, 0.0, 0.0, 0.0, 0.0, 0.0, 0.0, 0.0, 0.0, 0.9767335281010238, 0.9767242990854383, 0.0, 0.0, 0.0, 0.0, 0.0, 0.0, 0.0, 0.0], [0.0, 0.0, 0.0, 1.0081454404186552, 0.0, 1.0089831713394801, 0.0, 0.0, 0.0, 0.0, 0.0, 0.0, 0.0, 0.0, 0.0, 0.0, 0.9776480780234187, 0.9777059639613006, 0.0, 0.0, 0.0, 0.0, 0.0, 0.0], [0.0, 0.0, 0.0, 0.0, 1.0089831713394801, 0.0, 1.0091143104260012, 0.0, 0.0, 0.0, 0.0, 0.0, 0.0, 0.0, 0.0, 0.0, 0.0, 0.0, 0.977668031607658, 0.9778671718537137, 0.0, 0.0, 0.0, 0.0], [0.0, 0.0, 0.0, 0.0, 0.0, 1.0091143104260012, 0.0, 1.0077493448139385, 0.0, 0.0, 0.0, 0.0, 0.0, 0.0, 0.0, 0.0, 0.0, 0.0, 0.0, 0.0, 0.9777619399439861, 0.9777329870820402, 0.0, 0.0], [0.0, 0.0, 0.9984993283224415, 0.0, 0.0, 0.0, 1.0077493448139385, 0.0, 0.0, 0.0, 0.0, 0.0, 0.0, 0.0, 0.0, 0.0, 0.0, 0.0, 0.0, 0.0, 0.0, 0.0, 0.9744286000547732, 0.9764774207471834], [0.9872927483082379, 0.0, 0.0, 0.0, 0.0, 0.0, 0.0, 0.0, 0.0, 0.0, 0.0, 0.0, 0.0, 0.0, 0.0, 0.0, 0.0, 0.0, 0.0, 0.0, 0.0, 0.0, 0.0, 0.0], [0.9877133466478585, 0.0, 0.0, 0.0, 0.0, 0.0, 0.0, 0.0, 0.0, 0.0, 0.0, 0.0, 0.0, 0.0, 0.0, 0.0, 0.0, 0.0, 0.0, 0.0, 0.0, 0.0, 0.0, 0.0], [0.9857701153137779, 0.0, 0.0, 0.0, 0.0, 0.0, 0.0, 0.0, 0.0, 0.0, 0.0, 0.0, 0.0, 0.0, 0.0, 0.0, 0.0, 0.0, 0.0, 0.0, 0.0, 0.0, 0.0, 0.0], [0.0, 0.9769443851895558, 0.0, 0.0, 0.0, 0.0, 0.0, 0.0, 0.0, 0.0, 0.0, 0.0, 0.0, 0.0, 0.0, 0.0, 0.0, 0.0, 0.0, 0.0, 0.0, 0.0, 0.0, 0.0], [0.0, 0.977702540673502, 0.0, 0.0, 0.0, 0.0, 0.0, 0.0, 0.0, 0.0, 0.0, 0.0, 0.0, 0.0, 0.0, 0.0, 0.0, 0.0, 0.0, 0.0, 0.0, 0.0, 0.0, 0.0], [0.0, 0.0, 0.967035440076977, 0.0, 0.0, 0.0, 0.0, 0.0, 0.0, 0.0, 0.0, 0.0, 0.0, 0.0, 0.0, 0.0, 0.0, 0.0, 0.0, 0.0, 0.0, 0.0, 0.0, 0.0], [0.0, 0.0, 0.0, 0.9767335281010238, 0.0, 0.0, 0.0, 0.0, 0.0, 0.0, 0.0, 0.0, 0.0, 0.0, 0.0, 0.0, 0.0, 0.0, 0.0, 0.0, 0.0, 0.0, 0.0, 0.0], [0.0, 0.0, 0.0, 0.9767242990854383, 0.0, 0.0, 0.0, 0.0, 0.0, 0.0, 0.0, 0.0, 0.0, 0.0, 0.0, 0.0, 0.0, 0.0, 0.0, 0.0, 0.0, 0.0, 0.0, 0.0], [0.0, 0.0, 0.0, 0.0, 0.9776480780234187, 0.0, 0.0, 0.0, 0.0, 0.0, 0.0, 0.0, 0.0, 0.0, 0.0, 0.0, 0.0, 0.0, 0.0, 0.0, 0.0, 0.0, 0.0, 0.0], [0.0, 0.0, 0.0, 0.0, 0.9777059639613006, 0.0, 0.0, 0.0, 0.0, 0.0, 0.0, 0.0, 0.0, 0.0, 0.0, 0.0, 0.0, 0.0, 0.0, 0.0, 0.0, 0.0, 0.0, 0.0], [0.0, 0.0, 0.0, 0.0, 0.0, 0.977668031607658, 0.0, 0.0, 0.0, 0.0, 0.0, 0.0, 0.0, 0.0, 0.0, 0.0, 0.0, 0.0, 0.0, 0.0, 0.0, 0.0, 0.0, 0.0], [0.0, 0.0, 0.0, 0.0, 0.0, 0.9778671718537137, 0.0, 0.0, 0.0, 0.0, 0.0, 0.0, 0.0, 0.0, 0.0, 0.0, 0.0, 0.0, 0.0, 0.0, 0.0, 0.0, 0.0, 0.0], [0.0, 0.0, 0.0, 0.0, 0.0, 0.0, 0.9777619399439861, 0.0, 0.0, 0.0, 0.0, 0.0, 0.0, 0.0, 0.0, 0.0, 0.0, 0.0, 0.0, 0.0, 0.0, 0.0, 0.0, 0.0], [0.0, 0.0, 0.0, 0.0, 0.0, 0.0, 0.9777329870820402, 0.0, 0.0, 0.0, 0.0, 0.0, 0.0, 0.0, 0.0, 0.0, 0.0, 0.0, 0.0, 0.0, 0.0, 0.0, 0.0, 0.0], [0.0, 0.0, 0.0, 0.0, 0.0, 0.0, 0.0, 0.9744286000547732, 0.0, 0.0, 0.0, 0.0, 0.0, 0.0, 0.0, 0.0, 0.0, 0.0, 0.0, 0.0, 0.0, 0.0, 0.0, 0.0], [0.0, 0.0, 0.0, 0.0, 0.0, 0.0, 0.0, 0.9764774207471834, 0.0, 0.0, 0.0, 0.0, 0.0, 0.0, 0.0, 0.0, 0.0, 0.0, 0.0, 0.0, 0.0, 0.0, 0.0, 0.0]], "Born radii": [], "Atomic SASAs": [], "Solvent H bonds": [], "Total SASA": NaN, "Total FOD": 0.0, "FOD": [0.0, 0.0, 0.0, 0.0, 0.0, 0.0, 0.0, 0.0, 0.0, 0.0, 0.0, 0.0, 0.0, 0.0, 0.0, 0.0, 0.0, 0.0, 0.0, 0.0, 0.0, 0.0, 0.0, 0.0], "FOD s proportion": [0.0, 0.0, 0.0, 0.0, 0.0, 0.0, 0.0, 0.0, 0.0, 0.0, 0.0, 0.0, 0.0, 0.0, 0.0, 0.0, 0.0, 0.0, 0.0, 0.0, 0.0, 0.0, 0.0, 0.0], "FOD p proportion": [0.0, 0.0, 0.0, 0.0, 0.0, 0.0, 0.0, 0.0, 0.0, 0.0, 0.0, 0.0, 0.0, 0.0, 0.0, 0.0, 0.0, 0.0, 0.0, 0.0, 0.0, 0.0, 0.0, 0.0], "FOD d proportion": [0.0, 0.0, 0.0, 0.0, 0.0, 0.0, 0.0, 0.0, 0.0, 0.0, 0.0, 0.0, 0.0, 0.0, 0.0, 0.0, 0.0, 0.0, 0.0, 0.0, 0.0, 0.0, 0.0, 0.0], "coordinates": [["2.95177106084917", "0.58577543607965", "-0.08108604273921"], ["1.93127660776032", "-0.54651060638424", "-0.04095279069254"], ["0.50976869223514", "-0.08132333914209", "0.29360516197088"], ["-0.39453584601502", "-1.28996963070983", "0.54883636685049"], ["-1.81383386851848", "-0.85525369826517", "0.90119716180915"], ["-2.40350773746054", "0.00055547048469", "-0.21474260502562"], ["-1.51285699832042", "1.21153747464891", "-0.47089653699147"], ["-0.09337998012528", "0.77402793844338", "-0.82194601753359"], ["3.95165368484021", "0.18465484475593", "-0.23189492722929"], ["2.94314951869971", "1.14004853693879", "0.85541938657541"], ["2.74081284252399", "1.27757416620756", "-0.89264064098190"], ["2.24429936704237", "-1.27122909360402", "0.71539948552767"], ["1.92235581748705", "-1.06157752847798", "-1.00478554512837"], ["0.54950197245656", "0.52005768461766", "1.20957979944100"], ["-0.41959384819821", "-1.91272673801814", "-0.34893348499516"], ["0.01774394952716", "-1.89395518001880", "1.36082112833224"], ["-2.43958817543811", "-1.73492750288466", "1.06738560190308"], ["-1.79611639908093", "-0.27772757778110", "1.82856802038814"], ["-2.47651235137793", "-0.59507484697703", "-1.12783078594402"], ["-3.41082089621863", "0.32614739944112", "0.05460890845572"], ["-1.92559974797931", "1.81200445830068", "-1.28474254134318"], ["-1.48717973588838", "1.83654110851910", "0.42511061709131"], ["0.52314128369412", "1.65813737828385", "-0.99238256706438"], ["-0.11194921249447", "0.19321284554183", "-1.74769715267646"]], "bond_dist": [[0.0, 1.5248250026358732, 2.5590603437797195, 3.8875431460776544, 5.074685763944564, 5.388817819559192, 4.5250893976879585, 3.1396269474646683, 1.0878448005962251, 1.0882717585515127, 1.0870647261384103, 2.140880944270863, 2.1509738036101433, 2.7278258580918675, 4.204801626266153, 4.103251796852814, 5.980919968045478, 5.189879712279168, 5.652994140442907, 6.369332480671144, 5.171186767888092, 4.639497171206532, 2.806895809398576, 3.509712223609347], [1.5248250026358732, 0.0, 1.5326490045653967, 2.5119685788924477, 3.874122004960137, 4.372623870355021, 3.8907121426212736, 2.540276907664911, 2.1570779656832313, 2.1614466479650964, 2.1697940840842778, 1.0932835402081966, 1.0928618820590175, 2.147254251625935, 2.7364192893448345, 2.728036699386607, 4.663175706039114, 4.178613526874422, 4.540073322131184, 5.4137482187014685, 4.688827303029266, 4.193088879264412, 2.7836193070445288, 2.763139311552926], [2.5590603437797195, 1.5326490045653967, 0.0, 1.5309263613788167, 2.523344031118355, 2.958428830899374, 2.5193186808436923, 1.5296628919899464, 3.4919145236358635, 2.7800587636333716, 2.869031114436838, 2.1453164842823473, 2.1545577482211304, 1.0964704308753597, 2.1518850001383503, 2.1602482396367217, 3.4686955519993097, 2.7770112812211574, 3.3469830052257765, 3.94894597748411, 3.4650961113248826, 2.7718767557224093, 2.163253765257225, 2.151468895788821], [3.8875431460776544, 2.5119685788924477, 1.5309263613788167, 0.0, 1.5256287059528477, 2.506885706154689, 2.9237023092359964, 2.4959617718161993, 4.655472278438973, 4.139942636911399, 4.301226396264405, 2.6441531275450227, 2.7989088906479473, 2.1456906041290553, 1.092906686345814, 1.0927453621338021, 2.1561817750975414, 2.150993985467212, 2.762013336427299, 3.4574659130434062, 3.915151533895386, 3.3142492564297106, 3.4509161179499213, 2.7484089342045377], [5.074685763944564, 3.874122004960137, 2.523344031118355, 1.5256287059528477, 0.0, 1.524941365506446, 2.4989705774814848, 2.9298024933975295, 5.967089255912278, 5.158703089031691, 5.339626899381971, 4.083626043555223, 4.199339587586679, 2.7517153828688494, 2.150576922164473, 2.1551872917118904, 1.0922513688629778, 1.092642227769998, 2.1503000300111514, 2.1593489275752074, 3.450375352247405, 2.753020269132877, 3.919723428424013, 3.3184837750404546], [5.388817819559192, 4.372623870355021, 2.958428830899374, 2.506885706154689, 1.524941365506446, 0.0, 1.5249101581411275, 2.5107062548339396, 6.357850539707877, 5.570496831667307, 5.343627674719815, 4.907617667131464, 4.523868902909924, 3.3194642955180744, 2.7594510906425667, 3.4545667477245967, 2.1580212436076196, 2.1497637090665207, 1.0926276469436644, 1.0923553184854544, 2.1574622466196596, 2.1493981518990997, 3.45218426284697, 2.7637487191624293], [4.5250893976879585, 3.8907121426212736, 2.5193186808436923, 2.9237023092359964, 2.4989705774814848, 1.5249101581411275, 0.0, 1.526291367086847, 5.565293048117187, 4.649754689986113, 4.27503637982088, 4.657000326311486, 4.15364615492676, 2.748721437627946, 3.3122690367811995, 3.9168882413474546, 3.4506229114923346, 2.754211962640779, 2.1503586509170773, 2.1592448949102723, 1.0923655499195677, 1.0927569191382267, 2.1486479836990746, 2.151684801927877], [3.1396269474646683, 2.540276907664911, 1.5296628919899464, 2.4959617718161993, 2.9298024933975295, 2.5107062548339396, 1.526291367086847, 0.0, 4.13011117083259, 3.4882713734253863, 2.879445344026636, 3.465725357424646, 2.7324107540445826, 2.145901964167519, 2.7475092420498552, 3.448906328274492, 3.920347468085687, 3.321253625299743, 2.765380231994093, 3.4603987844269284, 2.1560624193052456, 2.1509909915459, 1.0912362657886978, 1.0930261445872782], [1.0878448005962251, 2.1570779656832313, 3.4919145236358635, 4.655472278438973, 5.967089255912278, 6.357850539707877, 5.565293048117187, 4.13011117083259, 0.0, 1.7641173932565057, 1.7598843958811017, 2.435574575519699, 2.503698238561654, 3.710118694420908, 4.849795101121103, 4.725781403570025, 6.7985953548751334, 6.123411304231846, 6.536971626394696, 7.369405440578712, 6.188607499012875, 5.7220008294399705, 3.808436623047091, 4.337118644131706], [1.0882717585515127, 2.1614466479650964, 2.7800587636333716, 4.139942636911399, 5.158703089031691, 5.570496831667307, 4.649754689986113, 3.4882713734253863, 1.7641173932565057, 0.0, 1.76509696310862, 2.5144098549594203, 3.0577016696030097, 2.497872460843199, 4.698717449503066, 4.244833002513654, 6.106085652027115, 5.041601810377231, 6.026331320976577, 6.455747246999671, 5.360647093379027, 4.50533959246365, 3.088564061970572, 4.123874610214777], [1.0870647261384103, 2.1697940840842778, 2.869031114436838, 4.301226396264405, 5.339626899381971, 5.343627674719815, 4.27503637982088, 2.879445344026636, 1.7598843958811017, 1.76509696310862, 0.0, 3.054294801918421, 2.480741629454501, 3.1296973223121545, 4.523472977893884, 4.748872764745587, 6.305031632433257, 5.514314738650604, 5.548207900736257, 6.296434884684024, 4.713254300606047, 4.463724192180866, 2.2522974832484657, 3.169418314849011], [2.140880944270863, 1.0932835402081966, 2.1453164842823473, 2.6441531275450227, 4.083626043555223, 4.907617667131464, 4.657000326311486, 3.465725357424646, 2.435574575519699, 2.5144098549594203, 3.054294801918421, 0.0, 1.7625657342502714, 2.515007100026983, 2.9394984201621215, 2.400397030278189, 4.71992721887682, 4.307104481212823, 5.112802135783835, 5.91342887327018, 5.558323118774627, 4.8648164972536545, 3.802642845923257, 3.709897924583791], [2.1509738036101433, 1.0928618820590175, 2.1545577482211304, 2.7989088906479473, 4.199339587586679, 4.523868902909924, 4.15364615492676, 2.7324107540445826, 2.503698238561654, 3.0577016696030097, 2.480741629454501, 1.7625657342502714, 0.0, 3.047902804609904, 2.576688793448894, 3.1490464994787937, 4.875843398637717, 4.740184468754419, 4.425246439486563, 5.611672740232214, 4.810676811870857, 4.697725764513238, 3.0585624596376535, 2.502960945434542], [2.7278258580918675, 2.147254251625935, 1.0964704308753597, 2.1456906041290553, 2.7517153828688494, 3.3194642955180744, 2.748721437627946, 2.145901964167519, 3.710118694420908, 2.497872460843199, 3.1296973223121545, 2.515007100026983, 3.047902804609904, 0.0, 3.047384192121816, 2.4765093670618126, 3.746977087988303, 2.5537292901688207, 3.9829350353404243, 4.129856678127252, 3.743914920543687, 2.5488414789018385, 2.478822006226613, 3.047922602434117], [4.204801626266153, 2.7364192893448345, 2.1518850001383503, 1.092906686345814, 2.150576922164473, 2.7594510906425667, 3.3122690367811995, 2.7475092420498552, 4.849795101121103, 4.698717449503066, 4.523472977893884, 2.9394984201621215, 2.576688793448894, 3.047384192121816, 0.0, 1.764901571902333, 2.4734488889014243, 3.0511554193470767, 2.5639425188784424, 3.7580371365255245, 4.125216945198044, 3.974404771113286, 3.748846060751623, 2.546795348964512], [4.103251796852814, 2.728036699386607, 2.1602482396367217, 1.0927453621338021, 2.1551872917118904, 3.4545667477245967, 3.9168882413474546, 3.448906328274492, 4.725781403570025, 4.244833002513654, 4.748872764745587, 2.400397030278189, 3.1490464994787937, 2.4765093670618126, 1.764901571902333, 0.0, 2.4798942281177574, 2.474079259343896, 3.755235407347765, 4.288368306030067, 4.950730117649077, 4.130006297642474, 4.290729033644567, 3.7464618757653345], [5.980919968045478, 4.663175706039114, 3.4686955519993097, 2.1561817750975414, 1.0922513688629778, 2.1580212436076196, 3.4506229114923346, 3.920347468085687, 6.7985953548751334, 6.106085652027115, 6.305031632433257, 4.71992721887682, 4.875843398637717, 3.746977087988303, 2.4734488889014243, 2.4798942281177574, 0.0, 1.765470538666916, 2.4737830263426464, 2.493399162128303, 4.286888993558237, 3.7516645684392964, 4.953110138662434, 4.130413933272875], [5.189879712279168, 4.178613526874422, 2.7770112812211574, 2.150993985467212, 1.092642227769998, 2.1497637090665207, 2.754211962640779, 3.321253625299743, 6.123411304231846, 5.041601810377231, 5.514314738650604, 4.307104481212823, 4.740184468754419, 2.5537292901688207, 3.0511554193470767, 2.474079259343896, 1.765470538666916, 0.0, 3.0502363585877204, 2.473634276120848, 3.7518593489170446, 2.556416754483275, 4.133314837280142, 3.980939158385733], [5.652994140442907, 4.540073322131184, 3.3469830052257765, 2.762013336427299, 2.1503000300111514, 1.0926276469436644, 2.1503586509170773, 2.765380231994093, 6.536971626394696, 6.026331320976577, 5.548207900736257, 5.112802135783835, 4.425246439486563, 3.9829350353404243, 2.5639425188784424, 3.755235407347765, 2.4737830263426464, 3.0502363585877204, 0.0, 1.7662804180396157, 2.4742992497800493, 3.0501085522250007, 3.7540955611789792, 2.5684218182668483], [6.369332480671144, 5.4137482187014685, 3.94894597748411, 3.4574659130434062, 2.1593489275752074, 1.0923553184854544, 2.1592448949102723, 3.4603987844269284, 7.369405440578712, 6.455747246999671, 6.296434884684024, 5.91342887327018, 5.611672740232214, 4.129856678127252, 3.7580371365255245, 4.288368306030067, 2.493399162128303, 2.473634276120848, 1.7662804180396157, 0.0, 2.4914885840835237, 2.4736523575961398, 4.283275252249508, 3.7614535912717666], [5.171186767888092, 4.688827303029266, 3.4650961113248826, 3.915151533895386, 3.450375352247405, 2.1574622466196596, 1.0923655499195677, 2.1560624193052456, 6.188607499012875, 5.360647093379027, 4.713254300606047, 5.558323118774627, 4.810676811870857, 3.743914920543687, 4.125216945198044, 4.950730117649077, 4.286888993558237, 3.7518593489170446, 2.4742992497800493, 2.4914885840835237, 0.0, 1.7653362222574354, 2.470927371064205, 2.4747002894406416], [4.639497171206532, 4.193088879264412, 2.7718767557224093, 3.3142492564297106, 2.753020269132877, 2.1493981518990997, 1.0927569191382267, 2.1509909915459, 5.7220008294399705, 4.50533959246365, 4.463724192180866, 4.8648164972536545, 4.697725764513238, 2.5488414789018385, 3.974404771113286, 4.130006297642474, 3.7516645684392964, 2.556416754483275, 3.0501085522250007, 2.4736523575961398, 1.7653362222574354, 0.0, 2.466273589824315, 3.051701226650042], [2.806895809398576, 2.7836193070445288, 2.163253765257225, 3.4509161179499213, 3.919723428424013, 3.45218426284697, 2.1486479836990746, 1.0912362657886978, 3.808436623047091, 3.088564061970572, 2.2522974832484657, 3.802642845923257, 3.0585624596376535, 2.478822006226613, 3.748846060751623, 4.290729033644567, 4.953110138662434, 4.133314837280142, 3.7540955611789792, 4.283275252249508, 2.470927371064205, 2.466273589824315, 0.0, 1.7663079992506525], [3.509712223609347, 2.763139311552926, 2.151468895788821, 2.7484089342045377, 3.3184837750404546, 2.7637487191624293, 2.151684801927877, 1.0930261445872782, 4.337118644131706, 4.123874610214777, 3.169418314849011, 3.709897924583791, 2.502960945434542, 3.047922602434117, 2.546795348964512, 3.7464618757653345, 4.130413933272875, 3.980939158385733, 2.5684218182668483, 3.7614535912717666, 2.4747002894406416, 3.051701226650042, 1.7663079992506525, 0.0]]}