{"total energy": -22.2148396, "HOMO-LUMO gap/eV": 4.73986016, "electronic energy": -22.62670698, "dipole": [0.18336643, 0.01737527, 0.00759824], "partial charges": [-0.09695293, -0.05758583, 0.01351023, -0.03766804, -0.03095407, -0.03367618, -0.03095407, -0.03766804, 0.03549232, 0.03549232, 0.03510019, 0.03487581, 0.0348758, 0.02757064, 0.02712516, 0.0267209, 0.02712516, 0.02757063], "atomic dipole moments": [[-0.04830358, 0.02059948, -0.08482494], [-0.02061346, -0.03143993, 0.09614806], [0.08633193, 0.01347556, -0.01384161], [-0.00017408, -0.00826381, -0.00180771], [-0.00028316, -0.00239056, -0.00086581], [0.00222103, 0.00050344, -0.00087179], [-0.00079337, 0.00236218, 0.00057897], [-0.00188457, 0.00766951, 0.00303572], [-0.01861068, -0.11853103, 0.03478555], [-0.03921895, 0.07343627, 0.0931396], [0.12167202, 0.01816338, -0.01678249], [0.02148862, 0.11850979, -0.0324025], [0.04217357, -0.07417167, -0.09097366], [0.05690698, 0.13255045, 0.02514469], [-0.08402237, 0.11014376, 0.04834041], [-0.14367784, -0.02252688, 0.02336545], [-0.0579879, -0.13236894, -0.02537852], [0.0829855, -0.11037255, -0.04869896]], "atomic quadrupole moments": [[-0.0250851, -0.03677209, -0.11277992, 0.15741644, -0.0640061, 0.13786502], [0.13811113, 0.00700826, -0.16755835, 0.09111422, -0.05545733, 0.02944722], [-0.06069574, 0.00059796, -0.29176322, 0.10153546, -0.20377965, 0.35245896], [-0.21326633, -0.03292956, -0.19956345, 0.1384765, -0.18714108, 0.41282979], [-0.2299063, -0.03919836, -0.20087269, 0.14507408, -0.19279702, 0.430779], [-0.2281659, -0.04066593, -0.19609891, 0.14126678, -0.18960556, 0.42426481], [-0.22906587, -0.04308089, -0.20146662, 0.14392767, -0.19329279, 0.43053249], [-0.21137287, -0.04167502, -0.20092772, 0.1358893, -0.1882188, 0.41230059], [-0.04326253, 0.02523865, 0.07287202, 0.00557051, -0.02510264, -0.02960948], [-0.02914163, -0.03692926, 0.00579127, -0.02377339, 0.05181275, 0.02335036], [0.07579952, 0.02068694, -0.04974328, -0.02172553, -0.011247, -0.02605624], [-0.01866027, 0.00958274, 0.05331956, 0.00407346, -0.01994494, -0.03465929], [-0.01233072, -0.01715241, 0.00218289, -0.01279986, 0.0459838, 0.01014784], [0.03293567, 0.00552669, 0.0276219, -0.02059339, 0.02716426, -0.06055757], [0.03342834, 0.00862668, 0.02819816, -0.02011832, 0.02669571, -0.0616265], [0.02934772, 0.00501203, 0.03104897, -0.01991462, 0.02809194, -0.06039669], [0.03446857, 0.00386722, 0.02660603, -0.02168854, 0.02736151, -0.0610746], [0.0327533, 0.0063541, 0.02803139, -0.02029508, 0.02685292, -0.0607847]], "number of molecular orbitals": 42, "number of electrons": 42, "number of unpaired electrons": 0, "orbital energies/eV": [-17.40881704, -16.9347662, -16.54127782, -16.38307087, -15.65911171, -15.45072374, -15.10734975, -14.24319732, -13.785574, -13.59635617, -13.22082047, -13.0212142, -12.96363436, -12.83937292, -12.48835058, -12.24176565, -11.87340398, -11.32038952, -11.29690089, -10.83928555, -10.63958957, -5.89972941, -5.88470683, -2.39322239, 2.80105136, 3.35065336, 3.77534786, 3.883162, 4.31228269, 4.91697097, 5.15421658, 5.26735333, 5.4360557, 5.5691019, 7.02163262, 7.3867743, 11.08078458, 11.42603026, 12.39428269, 12.66810987, 17.34408398, 18.2304642], "fractional occupation": [2.0, 2.0, 2.0, 2.0, 2.0, 2.0, 2.0, 2.0, 2.0, 2.0, 2.0, 2.0, 2.0, 2.0, 2.0, 2.0, 2.0, 2.0, 2.0, 2.0, 2.0, 0.0, 0.0, 0.0, 0.0, 0.0, 0.0, 0.0, 0.0, 0.0, 0.0, 0.0, 0.0, 0.0, 0.0, 0.0, 0.0, 0.0, 0.0, 0.0, 0.0, 0.0], "program call": "xtb /tmp/scratch/tmpazxc16q5/3607_0_xyzopt.xyz --pop --wbo --acc 0.2 --gfn 2 --chrg 0 --uhf 0 --etemp 300 --input /tmp/scratch/tmpazxc16q5/3607_0_xtb.inp", "method": "GFN2-xTB", "xtb version": "6.3.3 (7355c4f)", "Dipole module/D": 0.469, "Total charge": 0, "Transition dipole module/D": NaN, "HOMO": -10.6396, "LUMO": -5.8997, "HOMO occupancy": 2.0, "LUMO occupancy": 0, "mulliken charges": [-0.08035, -0.0429, 0.00853, -0.04177, -0.0267, -0.03382, -0.0267, -0.04177, 0.02954, 0.02954, 0.02991, 0.02874, 0.02874, 0.02779, 0.02776, 0.02791, 0.02776, 0.02779], "cm5 charges": [-0.23169, -0.14977, -0.00792, -0.09615, -0.08302, -0.09024, -0.08302, -0.09615, 0.08216, 0.08216, 0.08147, 0.08453, 0.08453, 0.08519, 0.08419, 0.08433, 0.08419, 0.08519], "FUKUI+": [0.015, 0.018, -0.084, -0.053, -0.056, -0.063, -0.056, -0.053, -0.02, -0.02, -0.047, -0.048, -0.048, -0.096, -0.097, -0.1, -0.097, -0.096], "FUKUI-": [0.005, 0.003, -0.067, -0.036, -0.036, -0.069, -0.036, -0.036, -0.055, -0.055, -0.073, -0.077, -0.077, -0.073, -0.081, -0.086, -0.081, -0.073], "FUKUIrad": [0.01, 0.011, -0.075, -0.044, -0.046, -0.066, -0.046, -0.044, -0.037, -0.037, -0.06, -0.062, -0.062, -0.085, -0.089, -0.093, -0.089, -0.085], "s proportion": [1.006, 1.025, 1.084, 1.057, 1.055, 1.055, 1.055, 1.057, 0.97, 0.97, 0.97, 0.971, 0.971, 0.972, 0.972, 0.972, 0.972, 0.972], "p proportion": [3.074, 3.017, 2.907, 2.984, 2.971, 2.979, 2.971, 2.984, 0.0, 0.0, 0.0, 0.0, 0.0, 0.0, 0.0, 0.0, 0.0, 0.0], "d proportion": [0.0, 0.0, 0.0, 0.0, 0.0, 0.0, 0.0, 0.0, 0.0, 0.0, 0.0, 0.0, 0.0, 0.0, 0.0, 0.0, 0.0, 0.0], "Fermi-level/eV": -8.2697, "Coordination numbers": [3.753, 3.806, 2.971, 2.925, 2.919, 2.92, 2.919, 2.925, 0.925, 0.925, 0.925, 0.924, 0.924, 0.926, 0.926, 0.926, 0.926, 0.926], "Dispersion coefficient C6": [22.409, 21.605, 27.708, 28.937, 28.772, 28.839, 28.772, 28.937, 2.51, 2.51, 2.515, 2.518, 2.518, 2.621, 2.627, 2.633, 2.627, 2.621], "Total dispersion C6": 3303.600091, "Total dispersion C8": 77649.341243, "Polarizability alpha": [6.75, 6.617, 8.634, 8.822, 8.796, 8.806, 8.796, 8.822, 2.477, 2.477, 2.48, 2.482, 2.482, 2.532, 2.535, 2.538, 2.535, 2.532], "Total polarizability alpha": 91.112401, "Wiberg matrix": [[0.0, 1.0012809973185781, 0.0, 0.0, 0.0, 0.0, 0.0, 0.0, 0.9884270012692095, 0.9884270012157348, 0.9864633190091878, 0.0, 0.0, 0.0, 0.0, 0.0, 0.0, 0.0], [1.0012809973185781, 0.0, 1.0118835354864444, 0.0, 0.0, 0.0, 0.0, 0.0, 0.0, 0.0, 0.0, 0.9744799140524277, 0.9744799197334761, 0.0, 0.0, 0.0, 0.0, 0.0], [0.0, 1.0118835354864444, 0.0, 1.4128744551439372, 0.0, 0.11001059213660902, 0.0, 1.4128744569854814, 0.0, 0.0, 0.0, 0.0, 0.0, 0.0, 0.0, 0.0, 0.0, 0.0], [0.0, 0.0, 1.4128744551439372, 0.0, 1.4458465261334714, 0.0, 0.11103378683070714, 0.0, 0.0, 0.0, 0.0, 0.0, 0.0, 0.969602114481618, 0.0, 0.0, 0.0, 0.0], [0.0, 0.0, 0.0, 1.4458465261334714, 0.0, 1.4382972019681481, 0.0, 0.11103378604440123, 0.0, 0.0, 0.0, 0.0, 0.0, 0.0, 0.9713968021308257, 0.0, 0.0, 0.0], [0.0, 0.0, 0.11001059213660902, 0.0, 1.4382972019681481, 0.0, 1.4382972079922351, 0.0, 0.0, 0.0, 0.0, 0.0, 0.0, 0.0, 0.0, 0.9717366313244243, 0.0, 0.0], [0.0, 0.0, 0.0, 0.11103378683070714, 0.0, 1.4382972079922351, 0.0, 1.4458465197814394, 0.0, 0.0, 0.0, 0.0, 0.0, 0.0, 0.0, 0.0, 0.9713968019851185, 0.0], [0.0, 0.0, 1.4128744569854814, 0.0, 0.11103378604440123, 0.0, 1.4458465197814394, 0.0, 0.0, 0.0, 0.0, 0.0, 0.0, 0.0, 0.0, 0.0, 0.0, 0.9696021136337101], [0.9884270012692095, 0.0, 0.0, 0.0, 0.0, 0.0, 0.0, 0.0, 0.0, 0.0, 0.0, 0.0, 0.0, 0.0, 0.0, 0.0, 0.0, 0.0], [0.9884270012157348, 0.0, 0.0, 0.0, 0.0, 0.0, 0.0, 0.0, 0.0, 0.0, 0.0, 0.0, 0.0, 0.0, 0.0, 0.0, 0.0, 0.0], [0.9864633190091878, 0.0, 0.0, 0.0, 0.0, 0.0, 0.0, 0.0, 0.0, 0.0, 0.0, 0.0, 0.0, 0.0, 0.0, 0.0, 0.0, 0.0], [0.0, 0.9744799140524277, 0.0, 0.0, 0.0, 0.0, 0.0, 0.0, 0.0, 0.0, 0.0, 0.0, 0.0, 0.0, 0.0, 0.0, 0.0, 0.0], [0.0, 0.9744799197334761, 0.0, 0.0, 0.0, 0.0, 0.0, 0.0, 0.0, 0.0, 0.0, 0.0, 0.0, 0.0, 0.0, 0.0, 0.0, 0.0], [0.0, 0.0, 0.0, 0.969602114481618, 0.0, 0.0, 0.0, 0.0, 0.0, 0.0, 0.0, 0.0, 0.0, 0.0, 0.0, 0.0, 0.0, 0.0], [0.0, 0.0, 0.0, 0.0, 0.9713968021308257, 0.0, 0.0, 0.0, 0.0, 0.0, 0.0, 0.0, 0.0, 0.0, 0.0, 0.0, 0.0, 0.0], [0.0, 0.0, 0.0, 0.0, 0.0, 0.9717366313244243, 0.0, 0.0, 0.0, 0.0, 0.0, 0.0, 0.0, 0.0, 0.0, 0.0, 0.0, 0.0], [0.0, 0.0, 0.0, 0.0, 0.0, 0.0, 0.9713968019851185, 0.0, 0.0, 0.0, 0.0, 0.0, 0.0, 0.0, 0.0, 0.0, 0.0, 0.0], [0.0, 0.0, 0.0, 0.0, 0.0, 0.0, 0.0, 0.9696021136337101, 0.0, 0.0, 0.0, 0.0, 0.0, 0.0, 0.0, 0.0, 0.0, 0.0]], "Born radii": [], "Atomic SASAs": [], "Solvent H bonds": [], "Total SASA": NaN, "Total FOD": 0.0, "FOD": [0.0, 0.0, 0.0, 0.0, 0.0, 0.0, 0.0, 0.0, 0.0, 0.0, 0.0, 0.0, 0.0, 0.0, 0.0, 0.0, 0.0, 0.0], "FOD s proportion": [0.0, 0.0, 0.0, 0.0, 0.0, 0.0, 0.0, 0.0, 0.0, 0.0, 0.0, 0.0, 0.0, 0.0, 0.0, 0.0, 0.0, 0.0], "FOD p proportion": [0.0, 0.0, 0.0, 0.0, 0.0, 0.0, 0.0, 0.0, 0.0, 0.0, 0.0, 0.0, 0.0, 0.0, 0.0, 0.0, 0.0, 0.0], "FOD d proportion": [0.0, 0.0, 0.0, 0.0, 0.0, 0.0, 0.0, 0.0, 0.0, 0.0, 0.0, 0.0, 0.0, 0.0, 0.0, 0.0, 0.0, 0.0], "coordinates": [["2.40378851932520", "0.03866701039925", "0.35753814750387"], ["1.63322861964282", "0.34663021774156", "-0.92769840673594"], ["0.16084353506914", "0.12685958062449", "-0.72470578256419"], ["-0.65104057650722", "1.15442360904598", "-0.26213178181915"], ["-1.99985714726945", "0.94352321630490", "-0.03808202313132"], ["-2.55592596867954", "-0.30235931312617", "-0.27215752579346"], ["-1.75531334361454", "-1.33441657880972", "-0.73052896190288"], ["-0.40688687615586", "-1.11988239830381", "-0.95347416039239"], ["2.24431760194126", "-0.99527491127806", "0.65561474263460"], ["2.06417585001015", "0.68275692691870", "1.16570146189327"], ["3.46979722470236", "0.19773178892365", "0.21073352550817"], ["1.81628632457454", "1.38369433507461", "-1.21682966057083"], ["1.99707185061154", "-0.30033284342102", "-1.72873890909135"], ["-0.22205560067333", "2.12985388028931", "-0.07933182384280"], ["-2.61942887520223", "1.75380014476622", "0.31852038879618"], ["-3.60939211255400", "-0.46776558749060", "-0.10006217132754"], ["-2.18327279663364", "-2.30901954955164", "-0.91649362508782"], ["0.21366277141282", "-1.92888852810765", "-1.31310643407641"]], "bond_dist": [[0.0, 1.5298486514780807, 2.491953461847053, 3.31072264218482, 4.513022848346464, 5.01114591653753, 4.513023031609364, 3.3107229093695385, 1.0878035334828497, 1.0878035339371654, 1.087762731824457, 2.152415231330176, 2.1524152262923892, 3.385110816383399, 5.308099193381844, 6.051794224823511, 5.308099533516041, 3.3851113581005703], [1.5298486514780807, 0.0, 1.5024722878249765, 2.5126469819133317, 3.787744810761704, 4.289514823686362, 3.787744811748429, 2.5126469864855046, 2.1635664187968358, 2.163566428367828, 2.165913721168931, 1.0920663847673282, 1.0920663833505824, 2.7095556882622103, 4.6495466723457985, 5.369664273248436, 4.649546676192899, 2.7095557030093684], [2.491953461847053, 1.5024722878249765, 0.0, 1.388891050191198, 2.4097757405034437, 2.78744781475055, 2.409775737963014, 1.3888910513592876, 2.7395866034004306, 2.739586704342992, 3.4393668151468515, 2.1359565399659726, 2.1359565335290562, 2.1389496158717276, 3.386025859200901, 3.867613679030384, 3.3860258548810855, 2.1389496218900774], [3.31072264218482, 2.5126469819133317, 1.388891050191198, 0.0, 1.3834678932267268, 2.3981045338321176, 2.7628137366045586, 2.389567561060769, 3.721096799727038, 3.103800488708809, 4.256778714173493, 2.65550656981081, 3.3585342380897054, 1.0811605561549102, 2.1379807457626288, 3.377811149077941, 3.8433531598275184, 3.3703224377958674], [4.513022848346464, 3.787744810761704, 2.4097757405034437, 1.3834678932267268, 0.0, 1.384278567425105, 2.3933854986372234, 2.7628137432714936, 4.717326857892199, 4.246581912488631, 5.525869431974526, 4.0182269229432155, 4.514525447648168, 2.137676385575699, 1.0805475959173811, 2.141536931963233, 3.3740602671868776, 3.843970201282547], [5.01114591653753, 4.289514823686362, 2.78744781475055, 2.3981045338321176, 1.384278567425105, 0.0, 1.3842785660786228, 2.398104537457569, 4.93793800543432, 4.937938161817282, 6.065691624294558, 4.780316169890659, 4.780316158500272, 3.376358047395823, 2.140262772231747, 1.0801698768793715, 2.1402627642279968, 3.3763580535971185], [4.513023031609364, 3.787744811748429, 2.409775737963014, 2.7628137366045586, 2.3933854986372234, 1.3842785660786228, 0.0, 1.3834678941984755, 4.246582053950286, 4.717327259429707, 5.525869537194326, 4.514525390283057, 4.018226837338648, 3.8439701914417883, 3.3740602727140643, 2.141536923848115, 1.080547592640357, 2.13767639064813], [3.3107229093695385, 2.5126469864855046, 1.3888910513592876, 2.389567561060769, 2.7628137432714936, 2.398104537457569, 1.3834678941984755, 0.0, 3.1038007842562476, 3.7210972644605076, 4.256778864369151, 3.3585341534416244, 2.655506441996513, 3.3703224334400317, 3.843353169961743, 3.37781114735302, 2.137980744286746, 1.0811605595067453], [1.0878035334828497, 2.1635664187968358, 2.7395866034004306, 3.721096799727038, 4.717326857892199, 4.93793800543432, 4.246582053950286, 3.1038007842562476, 0.0, 1.7630741226490962, 1.7671968169620367, 3.0575731377337996, 2.4958399940154194, 4.048403783472642, 5.597059590631523, 5.925810586456019, 4.878627515194009, 2.9784318857258594], [1.0878035339371654, 2.163566428367828, 2.739586704342992, 3.103800488708809, 4.246581912488631, 4.937938161817282, 4.717327259429707, 3.7210972644605076, 1.7630741226490962, 0.0, 1.7671968178452429, 2.495839942080233, 3.0575731396758896, 2.9784310838324837, 4.8786271190923, 5.925810751043383, 5.597060199004977, 4.048404527951869], [1.087762731824457, 2.165913721168931, 3.4393668151468515, 4.256778714173493, 5.525869431974526, 6.065691624294558, 5.525869537194326, 4.256778864369151, 1.7671968169620367, 1.7671968178452429, 0.0, 2.4856673365441337, 2.4856672605268324, 4.176961930287583, 6.285828603431001, 7.117190625233385, 6.285828822686489, 4.176962266185345], [2.152415231330176, 1.0920663847673282, 2.1359565399659726, 2.65550656981081, 4.0182269229432155, 4.780316169890659, 4.514525390283057, 3.3585341534416244, 3.0575731377337996, 2.495839942080233, 2.4856673365441337, 0.0, 1.769373341908731, 2.450610780948119, 4.708486743953881, 5.840638661398044, 5.451863051467883, 3.6811515447905863], [2.1524152262923892, 1.0920663833505824, 2.1359565335290562, 3.3585342380897054, 4.514525447648168, 4.780316158500272, 4.018226837338648, 2.655506441996513, 2.4958399940154194, 3.0575731396758896, 2.4856672605268324, 1.769373341908731, 0.0, 3.681151707008575, 5.451863160185245, 5.840638647459153, 4.708486599165732, 2.4506105190708314], [3.385110816383399, 2.7095556882622103, 2.1389496158717276, 1.0811605561549102, 2.137676385575699, 3.376358047395823, 3.8439701914417883, 3.3703224334400317, 4.048403783472642, 2.9784310838324837, 4.176961930287583, 2.450610780948119, 3.681151707008575, 0.0, 2.4590854829647593, 4.268735795457003, 4.924511153134104, 4.264439028330743], [5.308099193381844, 4.6495466723457985, 3.386025859200901, 2.1379807457626288, 1.0805475959173811, 2.140262772231747, 3.3740602727140643, 3.843353169961743, 5.597059590631523, 4.8786271190923, 6.285828603431001, 4.708486743953881, 5.451863160185245, 2.4590854829647593, 0.0, 2.4679126551978103, 4.268722948130888, 4.924511166456097], [6.051794224823511, 5.369664273248436, 3.867613679030384, 3.377811149077941, 2.141536931963233, 1.0801698768793715, 2.141536923848115, 3.37781114735302, 5.925810586456019, 5.925810751043383, 7.117190625233385, 5.840638661398044, 5.840638647459153, 4.268735795457003, 2.4679126551978103, 0.0, 2.4679126351505554, 4.2687357937459565], [5.308099533516041, 4.649546676192899, 3.3860258548810855, 3.8433531598275184, 3.3740602671868776, 2.1402627642279968, 1.080547592640357, 2.137980744286746, 4.878627515194009, 5.597060199004977, 6.285828822686489, 5.451863051467883, 4.708486599165732, 4.924511153134104, 4.268722948130888, 2.4679126351505554, 0.0, 2.4590854867377177], [3.3851113581005703, 2.7095557030093684, 2.1389496218900774, 3.3703224377958674, 3.843970201282547, 3.3763580535971185, 2.13767639064813, 1.0811605595067453, 2.9784318857258594, 4.048404527951869, 4.176962266185345, 3.6811515447905863, 2.4506105190708314, 4.264439028330743, 4.924511166456097, 4.2687357937459565, 2.4590854867377177, 0.0]]}