{"total energy": -29.2208244, "HOMO-LUMO gap/eV": 4.77816612, "electronic energy": -29.59680643, "dipole": [0.40407104, -0.22243452, -0.82107622], "partial charges": [-0.09446224, -0.02837076, -0.05829658, -0.08696306, 0.356284, -0.41038867, -0.27237822, 0.08480024, -0.11594362, 0.0388253, 0.03704495, 0.03262964, 0.06097545, 0.05139758, 0.06500978, 0.06820502, 0.04965194, 0.051674, 0.05312641, 0.05889489, 0.05828395], "atomic dipole moments": [[-0.05504972, -0.04119468, 0.00815155], [0.14255367, 0.04915258, 0.04923118], [0.04574054, -0.01006386, -0.11422744], [0.01315559, 0.02073815, 0.1021554], [0.13953762, -0.03186721, -0.06069963], [-0.01002132, -0.06015343, -0.18412722], [0.0361095, 0.07331919, 0.22724002], [-0.17929065, -0.0369592, -0.16506741], [-0.08635364, 0.02568826, 0.09344606], [0.00702763, -0.10242794, 0.10505665], [-0.11885087, 0.00534909, -0.0849136], [-0.01361267, 0.09943427, -0.10507571], [0.01189647, 0.109649, 0.06461185], [-0.00095882, -0.09256734, 0.08730421], [0.00280756, -0.11655328, -0.0607702], [-0.00092206, 0.0904497, -0.09350445], [0.00185129, -0.08132875, 0.09616693], [0.00631404, 0.11683919, 0.04750465], [0.11320264, 0.01007652, 0.0535394], [-0.01601384, -0.11721712, -0.04653271], [-0.01019349, 0.08284024, -0.09586465]], "atomic quadrupole moments": [[-0.14606398, -0.28410561, 0.04377631, -0.24272671, 0.36943065, 0.10228767], [-0.0540425, -0.3154298, -0.06278819, -0.11114685, 0.3710904, 0.11683069], [0.22590442, -0.01058215, -0.22740659, -0.04779036, 0.01847407, 0.00150217], [0.22616098, -0.0023502, -0.24919474, -0.00304662, 0.04988648, 0.02303376], [-0.14324695, -0.00311472, 0.39101338, -0.15264592, -0.220859, -0.24776643], [-0.11149164, 0.01692827, 0.16679038, -0.01645612, -0.08207818, -0.05529875], [0.07191568, 0.0008432, -0.0757939, 0.03541446, 0.02627913, 0.00387822], [0.43871713, 0.01149889, -0.37325553, 0.1458503, 0.07762053, -0.0654616], [0.08757969, -0.05700579, -0.14022664, -0.20079986, 0.05650514, 0.05264695], [-0.00322047, 0.01930021, 0.00246236, 0.0239031, -0.05291675, 0.0007581], [0.02612534, 0.02387886, -0.01783886, 0.04180205, -0.03456667, -0.00828648], [0.01638758, 0.03498382, -0.00416899, 0.02736225, -0.04064202, -0.01221858], [-0.02331597, 0.00347375, 0.04429019, -0.00508996, 0.03539007, -0.02097422], [-0.01677374, -0.00070118, 0.02205139, -0.00124597, -0.04756581, -0.00527765], [-0.01351084, 0.00791639, 0.04434647, -0.01248942, 0.0396668, -0.03083564], [-0.0194976, -0.01425778, 0.0142116, -0.01052749, -0.05562384, 0.005286], [-0.00095802, -0.00477223, 0.00506684, 0.00729763, -0.03912788, -0.00410882], [0.00069232, 0.01012585, 0.03306675, 0.00629275, 0.01679394, -0.03375906], [0.0686924, 0.00851805, -0.05331585, 0.04880626, 0.00832945, -0.01537655], [-0.04231178, 0.02270103, 0.06606497, -0.00480718, 0.03697413, -0.02375319], [-0.04454487, -0.01853684, 0.01847383, 0.00256098, -0.05854996, 0.02607104]], "number of molecular orbitals": 48, "number of electrons": 52, "number of unpaired electrons": 0, "orbital energies/eV": [-20.20732608, -19.45132243, -18.43927234, -17.40965016, -16.91514796, -16.62750586, -16.40157896, -16.01470555, -15.87604756, -15.38103711, -14.96165203, -14.82362783, -14.42580853, -13.96282783, -13.61344966, -13.50465379, -13.26290469, -12.94283056, -12.8967988, -12.76441005, -12.66741509, -12.09345291, -11.91884641, -11.77311032, -11.31302705, -10.94530214, -6.16713601, -5.54843307, -9.473e-05, 2.59249255, 3.07832266, 3.17311896, 3.31005153, 3.81761268, 3.87676866, 4.16374655, 4.4273842, 4.65236043, 5.10910723, 5.49239569, 6.0756974, 6.49570115, 7.11016359, 7.36531501, 7.81397213, 11.56052006, 16.93461596, 17.89972908], "fractional occupation": [2.0, 2.0, 2.0, 2.0, 2.0, 2.0, 2.0, 2.0, 2.0, 2.0, 2.0, 2.0, 2.0, 2.0, 2.0, 2.0, 2.0, 2.0, 2.0, 2.0, 2.0, 2.0, 2.0, 2.0, 2.0, 2.0, 0.0, 0.0, 0.0, 0.0, 0.0, 0.0, 0.0, 0.0, 0.0, 0.0, 0.0, 0.0, 0.0, 0.0, 0.0, 0.0, 0.0, 0.0, 0.0, 0.0, 0.0, 0.0], "program call": "xtb /tmp/scratch/tmpm8kmuamk/37200_0_xyzopt.xyz --pop --wbo --acc 0.2 --gfn 2 --chrg 0 --uhf 0 --etemp 300 --input /tmp/scratch/tmpm8kmuamk/37200_0_xtb.inp", "method": "GFN2-xTB", "xtb version": "6.3.3 (7355c4f)", "Dipole module/D": 2.394, "Total charge": 0, "Transition dipole module/D": NaN, "HOMO": -10.9453, "LUMO": -6.1671, "HOMO occupancy": 2.0, "LUMO occupancy": 0, "mulliken charges": [-0.08312, -0.02376, -0.03837, -0.07955, 0.58114, -0.5317, -0.42227, 0.20574, -0.09679, 0.03098, 0.03331, 0.02492, 0.04922, 0.03898, 0.05325, 0.05564, 0.0383, 0.04043, 0.03568, 0.04412, 0.04384], "cm5 charges": [-0.18725, -0.08907, -0.14335, -0.17833, 0.63371, -0.58385, -0.50831, 0.12319, -0.24602, 0.085, 0.08675, 0.08151, 0.1077, 0.09704, 0.11293, 0.11463, 0.10294, 0.10612, 0.08797, 0.0985, 0.09819], "FUKUI+": [-0.062, -0.066, 0.018, 0.018, -0.1, -0.167, -0.081, 0.017, 0.012, -0.081, -0.088, -0.075, -0.05, -0.04, -0.063, -0.067, -0.03, -0.026, -0.032, -0.019, -0.018], "FUKUI-": [-0.059, -0.047, 0.007, -0.004, -0.009, -0.106, -0.06, 0.011, 0.012, -0.072, -0.08, -0.067, -0.076, -0.054, -0.047, -0.054, -0.063, -0.063, -0.053, -0.061, -0.055], "FUKUIrad": [-0.06, -0.056, 0.013, 0.007, -0.054, -0.137, -0.07, 0.014, 0.012, -0.076, -0.084, -0.071, -0.063, -0.047, -0.055, -0.061, -0.046, -0.044, -0.043, -0.04, -0.037], "s proportion": [1.043, 1.066, 1.025, 1.039, 0.979, 1.721, 1.687, 0.995, 1.008, 0.969, 0.967, 0.975, 0.951, 0.961, 0.947, 0.944, 0.962, 0.96, 0.964, 0.956, 0.956], "p proportion": [3.04, 2.958, 3.014, 3.04, 2.44, 4.811, 4.735, 2.799, 3.089, 0.0, 0.0, 0.0, 0.0, 0.0, 0.0, 0.0, 0.0, 0.0, 0.0, 0.0, 0.0], "d proportion": [0.0, 0.0, 0.0, 0.0, 0.0, 0.0, 0.0, 0.0, 0.0, 0.0, 0.0, 0.0, 0.0, 0.0, 0.0, 0.0, 0.0, 0.0, 0.0, 0.0, 0.0], "Fermi-level/eV": -8.5562, "Coordination numbers": [2.837, 2.888, 3.808, 3.805, 2.718, 0.856, 1.704, 3.7, 3.751, 0.926, 0.926, 0.925, 0.924, 0.924, 0.924, 0.924, 0.924, 0.924, 0.925, 0.925, 0.925], "Dispersion coefficient C6": [30.364, 28.707, 21.617, 22.154, 20.952, 21.89, 18.517, 19.322, 22.781, 2.464, 2.488, 2.549, 2.188, 2.303, 2.141, 2.105, 2.324, 2.299, 2.281, 2.212, 2.219], "Total dispersion C6": 3718.350979, "Total dispersion C8": 81544.402152, "Polarizability alpha": [9.03, 8.784, 6.618, 6.701, 7.493, 6.273, 5.81, 6.286, 6.807, 2.455, 2.467, 2.497, 2.313, 2.373, 2.288, 2.269, 2.384, 2.371, 2.362, 2.326, 2.33], "Total polarizability alpha": 92.236799, "Wiberg matrix": [[0.0, 1.9792574881583378, 0.0, 0.0, 0.0, 0.0, 0.0, 0.0, 0.0, 0.9752691569570577, 0.9770668893888702, 0.0, 0.0, 0.0, 0.0, 0.0, 0.0, 0.0, 0.0, 0.0, 0.0], [1.9792574881583378, 0.0, 1.0263460586301119, 0.0, 0.0, 0.0, 0.0, 0.0, 0.0, 0.0, 0.0, 0.965970707709513, 0.0, 0.0, 0.0, 0.0, 0.0, 0.0, 0.0, 0.0, 0.0], [0.0, 1.0263460586301119, 0.0, 0.9936712390419228, 0.0, 0.0, 0.0, 0.0, 0.0, 0.0, 0.0, 0.0, 0.9575531061608766, 0.9742966671251652, 0.0, 0.0, 0.0, 0.0, 0.0, 0.0, 0.0], [0.0, 0.0, 0.9936712390419228, 0.0, 0.969463216758232, 0.0, 0.0, 0.0, 0.0, 0.0, 0.0, 0.0, 0.0, 0.0, 0.9604700928541854, 0.950427535652838, 0.0, 0.0, 0.0, 0.0, 0.0], [0.0, 0.0, 0.0, 0.969463216758232, 0.0, 1.7564867595945783, 1.1312613066868915, 0.0, 0.0, 0.0, 0.0, 0.0, 0.0, 0.0, 0.0, 0.0, 0.0, 0.0, 0.0, 0.0, 0.0], [0.0, 0.0, 0.0, 0.0, 1.7564867595945783, 0.0, 0.171628204728034, 0.0, 0.0, 0.0, 0.0, 0.0, 0.0, 0.0, 0.0, 0.0, 0.0, 0.0, 0.0, 0.0, 0.0], [0.0, 0.0, 0.0, 0.0, 1.1312613066868915, 0.171628204728034, 0.0, 0.9357297362483364, 0.0, 0.0, 0.0, 0.0, 0.0, 0.0, 0.0, 0.0, 0.0, 0.0, 0.0, 0.0, 0.0], [0.0, 0.0, 0.0, 0.0, 0.0, 0.0, 0.9357297362483364, 0.0, 1.0197308431663994, 0.0, 0.0, 0.0, 0.0, 0.0, 0.0, 0.0, 0.9693106995855862, 0.9693917675734889, 0.0, 0.0, 0.0], [0.0, 0.0, 0.0, 0.0, 0.0, 0.0, 0.0, 1.0197308431663994, 0.0, 0.0, 0.0, 0.0, 0.0, 0.0, 0.0, 0.0, 0.0, 0.0, 0.983534471822912, 0.9852030078028637, 0.9853217862875809], [0.9752691569570577, 0.0, 0.0, 0.0, 0.0, 0.0, 0.0, 0.0, 0.0, 0.0, 0.0, 0.0, 0.0, 0.0, 0.0, 0.0, 0.0, 0.0, 0.0, 0.0, 0.0], [0.9770668893888702, 0.0, 0.0, 0.0, 0.0, 0.0, 0.0, 0.0, 0.0, 0.0, 0.0, 0.0, 0.0, 0.0, 0.0, 0.0, 0.0, 0.0, 0.0, 0.0, 0.0], [0.0, 0.965970707709513, 0.0, 0.0, 0.0, 0.0, 0.0, 0.0, 0.0, 0.0, 0.0, 0.0, 0.0, 0.0, 0.0, 0.0, 0.0, 0.0, 0.0, 0.0, 0.0], [0.0, 0.0, 0.9575531061608766, 0.0, 0.0, 0.0, 0.0, 0.0, 0.0, 0.0, 0.0, 0.0, 0.0, 0.0, 0.0, 0.0, 0.0, 0.0, 0.0, 0.0, 0.0], [0.0, 0.0, 0.9742966671251652, 0.0, 0.0, 0.0, 0.0, 0.0, 0.0, 0.0, 0.0, 0.0, 0.0, 0.0, 0.0, 0.0, 0.0, 0.0, 0.0, 0.0, 0.0], [0.0, 0.0, 0.0, 0.9604700928541854, 0.0, 0.0, 0.0, 0.0, 0.0, 0.0, 0.0, 0.0, 0.0, 0.0, 0.0, 0.0, 0.0, 0.0, 0.0, 0.0, 0.0], [0.0, 0.0, 0.0, 0.950427535652838, 0.0, 0.0, 0.0, 0.0, 0.0, 0.0, 0.0, 0.0, 0.0, 0.0, 0.0, 0.0, 0.0, 0.0, 0.0, 0.0, 0.0], [0.0, 0.0, 0.0, 0.0, 0.0, 0.0, 0.0, 0.9693106995855862, 0.0, 0.0, 0.0, 0.0, 0.0, 0.0, 0.0, 0.0, 0.0, 0.0, 0.0, 0.0, 0.0], [0.0, 0.0, 0.0, 0.0, 0.0, 0.0, 0.0, 0.9693917675734889, 0.0, 0.0, 0.0, 0.0, 0.0, 0.0, 0.0, 0.0, 0.0, 0.0, 0.0, 0.0, 0.0], [0.0, 0.0, 0.0, 0.0, 0.0, 0.0, 0.0, 0.0, 0.983534471822912, 0.0, 0.0, 0.0, 0.0, 0.0, 0.0, 0.0, 0.0, 0.0, 0.0, 0.0, 0.0], [0.0, 0.0, 0.0, 0.0, 0.0, 0.0, 0.0, 0.0, 0.9852030078028637, 0.0, 0.0, 0.0, 0.0, 0.0, 0.0, 0.0, 0.0, 0.0, 0.0, 0.0, 0.0], [0.0, 0.0, 0.0, 0.0, 0.0, 0.0, 0.0, 0.0, 0.9853217862875809, 0.0, 0.0, 0.0, 0.0, 0.0, 0.0, 0.0, 0.0, 0.0, 0.0, 0.0, 0.0]], "Born radii": [], "Atomic SASAs": [], "Solvent H bonds": [], "Total SASA": NaN, "Total FOD": 0.0, "FOD": [0.0, 0.0, 0.0, 0.0, 0.0, 0.0, 0.0, 0.0, 0.0, 0.0, 0.0, 0.0, 0.0, 0.0, 0.0, 0.0, 0.0, 0.0, 0.0, 0.0, 0.0], "FOD s proportion": [0.0, 0.0, 0.0, 0.0, 0.0, 0.0, 0.0, 0.0, 0.0, 0.0, 0.0, 0.0, 0.0, 0.0, 0.0, 0.0, 0.0, 0.0, 0.0, 0.0, 0.0], "FOD p proportion": [0.0, 0.0, 0.0, 0.0, 0.0, 0.0, 0.0, 0.0, 0.0, 0.0, 0.0, 0.0, 0.0, 0.0, 0.0, 0.0, 0.0, 0.0, 0.0, 0.0, 0.0], "FOD d proportion": [0.0, 0.0, 0.0, 0.0, 0.0, 0.0, 0.0, 0.0, 0.0, 0.0, 0.0, 0.0, 0.0, 0.0, 0.0, 0.0, 0.0, 0.0, 0.0, 0.0, 0.0], "coordinates": [["-4.21423495460435", "-0.64084218085739", "-0.13426484769422"], ["-3.23174128480907", "0.22384450035051", "-0.30243508274516"], ["-1.98068919440231", "0.25546031793286", "0.51480111282291"], ["-0.73987476946312", "0.11835684104463", "-0.36862483472699"], ["0.53684419998687", "0.27812968609120", "0.42576318945292"], ["0.61091207660239", "0.64805426701866", "1.56748137448466"], ["1.59875478852598", "-0.04134143646900", "-0.32082987702140"], ["2.88069001109403", "0.08058723593188", "0.30064050158384"], ["3.94527926229026", "-0.20558193817932", "-0.74128896139478"], ["-4.17485871596751", "-1.39955840720083", "0.63056790968774"], ["-5.10110466531171", "-0.62633823825529", "-0.74461015418472"], ["-3.29541904682879", "0.97789693002592", "-1.07722227470701"], ["-1.91649811076704", "1.20555226519860", "1.05212057183397"], ["-1.99222799368440", "-0.54422433911187", "1.25646106016393"], ["-0.71874919228149", "-0.85220584778971", "-0.86769169796661"], ["-0.73981774619420", "0.88543815067288", "-1.14740596186875"], ["2.93654837911288", "-0.62855564832755", "1.13441606322162"], ["2.98071037315963", "1.09232876689585", "0.70952126976343"], ["4.92973380063462", "-0.12204623508265", "-0.29064965789593"], ["3.81874572215427", "-1.20893976160158", "-1.13839591684114"], ["3.86699606075298", "0.50398707171221", "-1.56045878596827"]], "bond_dist": [[0.0, 1.3195673896407172, 2.492663525900794, 3.564054777142683, 4.871436526100394, 5.2762901863725045, 5.846798902513109, 7.144757752025588, 8.193631796045963, 1.0780398633865576, 1.0766938475147634, 2.086554022939089, 3.1774639915541023, 2.6231218981412487, 3.577849949201528, 3.927793465260557, 7.262465455915914, 7.448697524779942, 9.160009281600136, 8.115404649088726, 8.285587359426124], [1.3195673896407172, 0.0, 1.4946591224018597, 2.4949764447456446, 3.8386789604286813, 4.294476259000899, 4.837804694698686, 6.14378052597569, 7.203237031113178, 2.0965214220440926, 2.1006782074344694, 1.0830259077710735, 2.128012162507414, 2.1345913251497666, 2.791510102057745, 2.713183529917692, 6.39053398451012, 6.353965390464236, 8.168809880724087, 7.243001331823633, 7.214788659374415], [2.492663525900794, 1.4946591224018597, 0.0, 1.5293329282129686, 2.5192094085080434, 2.824652702550211, 3.687653679445203, 4.869235375482176, 6.075148095823223, 2.750794216433709, 3.4786029012021484, 2.1874569046717456, 1.0933926122438424, 1.0907282760117225, 2.1750179942988845, 2.1678483295371267, 5.0343452672368905, 5.035250779195855, 6.967439135863075, 6.205721018802419, 6.209983255874002], [3.564054777142683, 2.4949764447456446, 1.5293329282129686, 0.0, 1.512147817486168, 2.419444506479747, 2.3445630951892067, 3.682096137211584, 4.7111021200187455, 3.886073539459847, 4.440299756325551, 2.787781564270886, 2.1412505429927156, 2.155993178163706, 1.091561247458169, 1.0931211199244275, 4.041422691957844, 3.9942175877735244, 5.675238770777757, 4.809915235931848, 4.774142612913036], [4.871436526100394, 3.8386789604286813, 2.5192094085080434, 1.512147817486168, 0.0, 1.202435303853334, 1.336830992724541, 2.3554812444337383, 3.635026441745889, 5.00566945373117, 5.828748012857542, 4.175509680752056, 2.6965393941933793, 2.786131952362039, 2.127721488271263, 2.115076942962014, 2.6613619330082696, 2.5915093408480536, 4.468877619628106, 3.9279570839392632, 3.8840701216699984], [5.2762901863725045, 4.294476259000899, 2.824652702550211, 2.419444506479747, 1.202435303853334, 0.0, 2.2398256722459857, 2.6606007781190497, 4.144528895261042, 5.289057248996005, 6.292613030717057, 4.7289191598371145, 2.6389776486552856, 2.880034745639267, 3.1541793536269416, 3.0416172361924474, 2.688096473591354, 2.559183334366647, 4.764234125313865, 4.589160646085354, 4.517393929687751], [5.846798902513109, 4.837804694698686, 3.687653679445203, 2.3445630951892067, 1.336830992724541, 2.2398256722459857, 0.0, 1.429842630326071, 2.3895476329232044, 6.007039536028424, 6.7386888696979526, 5.056076921654085, 3.9745112635717206, 3.954224988089183, 2.515429117628335, 2.6478425042536076, 2.0620991654665493, 2.0631608889222015, 3.3320932293760896, 2.6381925296897393, 2.641776198463055], [7.144757752025588, 6.14378052597569, 4.869235375482176, 3.682096137211584, 2.3554812444337383, 2.6606007781190497, 1.429842630326071, 0.0, 1.51685862089944, 7.216678672314752, 8.080924378790979, 6.391243510676102, 4.984303611296282, 5.004928803270513, 3.897571762564716, 3.9815449232504245, 1.0959860741623992, 1.0958140722276672, 2.1422569471769415, 2.147941853955499, 2.14843142842857], [8.193631796045963, 7.203237031113178, 6.075148095823223, 4.7111021200187455, 3.635026441745889, 4.144528895261042, 2.3895476329232044, 1.51685862089944, 0.0, 8.321310706208342, 9.056164147140356, 7.344466313229353, 6.290314099081646, 6.273729053688797, 4.710335609842214, 4.827565621642348, 2.171339239622309, 2.1725136747695655, 1.0859119364002727, 1.0864766875850942, 1.0865797904126209], [1.0780398633865576, 2.0965214220440926, 2.750794216433709, 3.886073539459847, 5.00566945373117, 5.289057248996005, 6.007039536028424, 7.216678672314752, 8.321310706208342, 0.0, 1.8294577600198143, 3.056510318333284, 3.4733990392025813, 2.4263584800479725, 3.8064510657482087, 4.4924277202258285, 7.17080323868738, 7.577460281041833, 9.239820563739448, 8.189217325286831, 8.549591313111389], [1.0766938475147634, 2.1006782074344694, 3.4786029012021484, 4.440299756325551, 5.828748012857542, 6.292613030717057, 6.7386888696979526, 8.080924378790979, 9.056164147140356, 1.8294577600198143, 0.0, 2.4381759269307497, 4.089716741500941, 3.6981269389673224, 4.389898032466637, 4.633415144758133, 8.254369200923575, 8.389520176313432, 10.053761031900606, 8.947526065715222, 9.07579610442953], [2.086554022939089, 1.0830259077710735, 2.1874569046717456, 2.787781564270886, 4.175509680752056, 4.7289191598371145, 5.056076921654085, 6.391243510676102, 7.344466313229353, 3.056510318333284, 2.4381759269307497, 0.0, 2.547027847837012, 3.075912545312622, 3.167397477313268, 2.558236186052468, 6.805104850205637, 6.52651113807679, 8.335569015497473, 7.442938753649667, 7.1943240302990565], [3.1774639915541023, 2.128012162507414, 1.0933926122438424, 2.1412505429927156, 2.6965393941933793, 2.6389776486552856, 3.9745112635717206, 4.984303611296282, 6.290314099081646, 3.4733990392025813, 4.089716741500941, 2.547027847837012, 0.0, 1.7632947046168665, 3.0585372442687975, 2.5149486474185037, 5.188717049454305, 4.91048315111563, 7.1018618018441, 6.59705662077423, 6.384870355264232], [2.6231218981412487, 2.1345913251497666, 1.0907282760117225, 2.155993178163706, 2.786131952362039, 2.880034745639267, 3.954224988089183, 5.004928803270513, 6.273729053688797, 2.4263584800479725, 3.6981269389673224, 3.075912545312622, 1.7632947046168665, 0.0, 2.4957215003248363, 3.0644808569041935, 4.931008343537597, 5.263797602827851, 7.10530372380165, 6.320174211156953, 6.585156877509668], [3.577849949201528, 2.791510102057745, 2.1750179942988845, 1.091561247458169, 2.127721488271263, 3.1541793536269416, 2.515429117628335, 3.897571762564716, 4.710335609842214, 3.8064510657482087, 4.389898032466637, 3.167397477313268, 3.0585372442687975, 2.4957215003248363, 0.0, 1.7601393748187517, 4.1736860488746865, 4.467081450972203, 5.724637167305889, 4.559539445811429, 4.832002172894133], [3.927793465260557, 2.713183529917692, 2.1678483295371267, 1.0931211199244275, 2.115076942962014, 3.0416172361924474, 2.6478425042536076, 3.9815449232504245, 4.827565621642348, 4.4924277202258285, 4.633415144758133, 2.558236186052468, 2.5149486474185037, 3.0644808569041935, 1.7601393748187517, 0.0, 4.584163703981857, 4.163329431784232, 5.82175840224304, 5.01667229498756, 4.640996769339106], [7.262465455915914, 6.39053398451012, 5.0343452672368905, 4.041422691957844, 2.6613619330082696, 2.688096473591354, 2.0620991654665493, 1.0959860741623992, 2.171339239622309, 7.17080323868738, 8.254369200923575, 6.805104850205637, 5.188717049454305, 4.931008343537597, 4.1736860488746865, 4.584163703981857, 0.0, 1.7731128102252396, 2.502029620083817, 2.5061508669126393, 3.0676923499237545], [7.448697524779942, 6.353965390464236, 5.035250779195855, 3.9942175877735244, 2.5915093408480536, 2.559183334366647, 2.0631608889222015, 1.0958140722276672, 2.1725136747695655, 7.577460281041833, 8.389520176313432, 6.52651113807679, 4.91048315111563, 5.263797602827851, 4.467081450972203, 4.163329431784232, 1.7731128102252396, 0.0, 2.5047436696819143, 3.0680511754150785, 2.5068820721653555], [9.160009281600136, 8.168809880724087, 6.967439135863075, 5.675238770777757, 4.468877619628106, 4.764234125313865, 3.3320932293760896, 2.1422569471769415, 1.0859119364002727, 9.239820563739448, 10.053761031900606, 8.335569015497473, 7.1018618018441, 7.10530372380165, 5.724637167305889, 5.82175840224304, 2.502029620083817, 2.5047436696819143, 0.0, 1.770397065087325, 1.7702385225503028], [8.115404649088726, 7.243001331823633, 6.205721018802419, 4.809915235931848, 3.9279570839392632, 4.589160646085354, 2.6381925296897393, 2.147941853955499, 1.0864766875850942, 8.189217325286831, 8.947526065715222, 7.442938753649667, 6.59705662077423, 6.320174211156953, 4.559539445811429, 5.01667229498756, 2.5061508669126393, 3.0680511754150785, 1.770397065087325, 0.0, 1.76481826173607], [8.285587359426124, 7.214788659374415, 6.209983255874002, 4.774142612913036, 3.8840701216699984, 4.517393929687751, 2.641776198463055, 2.14843142842857, 1.0865797904126209, 8.549591313111389, 9.07579610442953, 7.1943240302990565, 6.384870355264232, 6.585156877509668, 4.832002172894133, 4.640996769339106, 3.0676923499237545, 2.5068820721653555, 1.7702385225503028, 1.76481826173607, 0.0]]}