{"total energy": -23.03755131, "HOMO-LUMO gap/eV": 11.3927624, "electronic energy": -23.31742902, "dipole": [0.03838423, 0.06233787, 0.50787895], "partial charges": [0.04489704, -0.31715483, 0.11546505, -0.06795786, -0.05836435, -0.0593178, -0.06806501, 0.05465354, 0.02315018, 0.02479812, 0.00748561, 0.02876562, 0.03869976, 0.03093871, 0.04097024, 0.03494343, 0.03267326, 0.03489744, 0.05852187], "atomic dipole moments": [[-0.19195509, 0.07388067, -0.07166672], [0.07239861, 0.04240183, 0.27063113], [0.05074012, -0.13282245, -0.12894572], [-0.03190497, 0.0583382, -0.08972148], [0.07555137, 0.09021985, 0.01087505], [0.09508078, -0.06757605, -0.01200858], [-0.01038551, -0.05650408, 0.11097699], [0.06080728, -0.05200802, -0.09323748], [0.05982232, 0.09262217, 0.04429791], [-0.01976985, -0.07767842, 0.08805346], [0.06760816, 0.07826963, 0.06672718], [-0.00189735, 0.04834635, 0.11521585], [0.04964413, -0.11961832, 0.00438679], [-0.08812524, -0.02890111, 0.08673301], [-0.00313183, -0.08237345, -0.09433284], [-0.09450215, 0.00876773, -0.08472562], [-0.01994357, 0.07938867, 0.09280488], [0.02874511, 0.12483692, -0.00808966], [0.00880935, -0.05414581, -0.11536309]], "atomic quadrupole moments": [[0.30823083, -0.20846813, -0.16702879, 0.22576477, -0.07645592, -0.14120203], [0.07285048, -0.11947506, -0.08715384, 0.02050518, 0.04194593, 0.01430336], [0.06033887, -0.22136663, -0.07415372, -0.19910743, 0.0175584, 0.01381485], [0.15876044, 0.10594018, -0.09535954, 0.02070598, -0.13940121, -0.0634009], [0.07880711, -0.0258958, 0.06635354, 0.13888068, -0.14166761, -0.14516065], [0.06056648, 0.01864144, 0.07827799, -0.115649, -0.1622858, -0.13884447], [0.21400835, -0.06000216, -0.15275574, 0.01178285, -0.15683083, -0.06125262], [0.00610353, -0.0430263, -0.02963911, -0.03831154, 0.03748441, 0.02353558], [-0.00477873, 0.03347199, 0.03932002, 0.03868214, 0.02107343, -0.0345413], [-0.01097464, 0.01646408, 0.00103131, -0.01057182, -0.05899946, 0.00994333], [-0.00910588, 0.00488027, 0.00060361, -0.00776287, 0.01581808, 0.00850227], [-0.01062169, 0.01475136, -0.02421631, -0.0142236, 0.04069709, 0.034838], [-0.0150514, -0.03466563, 0.04453878, 0.00332848, 0.00800115, -0.02948737], [0.00989317, 0.01698383, -0.02877582, -0.04434725, -0.00536121, 0.01888265], [-0.02898708, -0.01328535, 0.00776919, 0.01040055, 0.03812328, 0.02121788], [0.01615342, -0.00789454, -0.03359622, 0.04436905, 0.00574375, 0.0174428], [-0.03433292, 0.0049267, 0.01183875, -0.01621668, 0.03707437, 0.02249417], [-0.02372844, 0.01322189, 0.05507334, 0.00245282, 0.00314557, -0.0313449], [-0.01395754, -0.00198477, -0.02520091, 0.00692056, 0.03874967, 0.03915846]], "number of molecular orbitals": 40, "number of electrons": 42, "number of unpaired electrons": 0, "orbital energies/eV": [-18.79456702, -17.56721086, -16.98354867, -16.48391196, -16.26634819, -15.47302594, -15.26405991, -14.92872415, -14.49358974, -14.28770793, -13.94106346, -13.64393333, -13.20712447, -12.59168372, -12.36762344, -12.20233159, -12.00817005, -12.00024065, -11.61588624, -11.54016845, -10.63811991, 0.75464249, 1.63766032, 1.80588644, 2.69410128, 3.20186787, 3.40269098, 3.6258765, 4.09622798, 4.39588661, 4.65023599, 5.04525734, 5.27518456, 5.51907665, 5.93085244, 6.5472644, 7.52983198, 7.62273529, 8.59714811, 9.33658886], "fractional occupation": [2.0, 2.0, 2.0, 2.0, 2.0, 2.0, 2.0, 2.0, 2.0, 2.0, 2.0, 2.0, 2.0, 2.0, 2.0, 2.0, 2.0, 2.0, 2.0, 2.0, 2.0, 0.0, 0.0, 0.0, 0.0, 0.0, 0.0, 0.0, 0.0, 0.0, 0.0, 0.0, 0.0, 0.0, 0.0, 0.0, 0.0, 0.0, 0.0, 0.0], "program call": "xtb /tmp/scratch/tmpdi5al3rv/38145_0_xyzopt.xyz --pop --wbo --acc 0.2 --gfn 2 --chrg 0 --uhf 0 --etemp 300 --input /tmp/scratch/tmpdi5al3rv/38145_0_xtb.inp", "method": "GFN2-xTB", "xtb version": "6.3.3 (7355c4f)", "Dipole module/D": 1.304, "Total charge": 0, "Transition dipole module/D": NaN, "HOMO": -10.6381, "LUMO": 0.7546, "HOMO occupancy": 2.0, "LUMO occupancy": 0, "mulliken charges": [0.17483, -0.46543, 0.21817, -0.07426, -0.04483, -0.05024, -0.06135, 0.03248, 0.01057, 0.00971, 0.00857, 0.02248, 0.03865, 0.0244, 0.03167, 0.02817, 0.02148, 0.02706, 0.04786], "cm5 charges": [0.05361, -0.5702, 0.1769, -0.18024, -0.15443, -0.15984, -0.1664, 0.09332, 0.06927, 0.06862, 0.07452, 0.07843, 0.09729, 0.07892, 0.08816, 0.08279, 0.07727, 0.08271, 0.10932], "FUKUI+": [0.009, -0.148, -0.038, 0.018, 0.016, 0.004, -0.002, -0.089, -0.069, -0.065, -0.092, -0.09, -0.053, -0.071, -0.05, -0.075, -0.056, -0.076, -0.074], "FUKUI-": [0.04, -0.159, 0.008, -0.003, 0.01, 0.011, 0.009, -0.069, -0.091, -0.1, -0.087, -0.07, -0.045, -0.09, -0.075, -0.069, -0.088, -0.071, -0.062], "FUKUIrad": [0.025, -0.153, -0.015, 0.007, 0.013, 0.008, 0.003, -0.079, -0.08, -0.082, -0.09, -0.08, -0.049, -0.08, -0.062, -0.072, -0.072, -0.074, -0.068], "s proportion": [0.967, 1.684, 1.02, 1.038, 1.028, 1.029, 1.036, 0.968, 0.989, 0.99, 0.991, 0.978, 0.961, 0.976, 0.968, 0.972, 0.979, 0.973, 0.952], "p proportion": [2.858, 4.781, 2.761, 3.036, 3.017, 3.021, 3.025, 0.0, 0.0, 0.0, 0.0, 0.0, 0.0, 0.0, 0.0, 0.0, 0.0, 0.0, 0.0], "d proportion": [0.0, 0.0, 0.0, 0.0, 0.0, 0.0, 0.0, 0.0, 0.0, 0.0, 0.0, 0.0, 0.0, 0.0, 0.0, 0.0, 0.0, 0.0, 0.0], "Fermi-level/eV": -4.9417, "Coordination numbers": [3.647, 1.701, 3.762, 3.823, 3.827, 3.826, 3.825, 0.925, 0.923, 0.924, 0.923, 0.924, 0.925, 0.925, 0.924, 0.925, 0.924, 0.925, 0.925], "Dispersion coefficient C6": [20.143, 19.296, 18.735, 21.783, 21.602, 21.62, 21.783, 2.263, 2.686, 2.662, 2.932, 2.604, 2.466, 2.573, 2.436, 2.517, 2.549, 2.518, 2.216], "Total dispersion C6": 2584.095631, "Total dispersion C8": 54444.373923, "Polarizability alpha": [6.449, 5.931, 6.17, 6.642, 6.613, 6.616, 6.641, 2.352, 2.563, 2.551, 2.678, 2.524, 2.456, 2.509, 2.441, 2.481, 2.497, 2.481, 2.328], "Total polarizability alpha": 74.923342, "Wiberg matrix": [[0.0, 1.0016459206466175, 0.0, 0.0, 0.0, 0.0, 0.0, 0.9798947361211613, 0.975477249932385, 0.9757047670769222, 0.0, 0.0, 0.0, 0.0, 0.0, 0.0, 0.0, 0.0, 0.0], [1.0016459206466175, 0.0, 0.9736627015148209, 0.0, 0.0, 0.0, 0.0, 0.0, 0.0, 0.0, 0.0, 0.0, 0.0, 0.0, 0.0, 0.0, 0.0, 0.0, 0.0], [0.0, 0.9736627015148209, 0.0, 0.9795728505163817, 0.0, 0.0, 0.9866990299374951, 0.0, 0.0, 0.0, 0.9646836300939541, 0.0, 0.0, 0.0, 0.0, 0.0, 0.0, 0.0, 0.0], [0.0, 0.0, 0.9795728505163817, 0.0, 1.0077057951191783, 0.0, 0.0, 0.0, 0.0, 0.0, 0.0, 0.981652315224486, 0.9763433352109687, 0.0, 0.0, 0.0, 0.0, 0.0, 0.0], [0.0, 0.0, 0.0, 1.0077057951191783, 0.0, 1.0074843905360154, 0.0, 0.0, 0.0, 0.0, 0.0, 0.0, 0.0, 0.9797060855375892, 0.9798132994692246, 0.0, 0.0, 0.0, 0.0], [0.0, 0.0, 0.0, 0.0, 1.0074843905360154, 0.0, 1.0078488777122023, 0.0, 0.0, 0.0, 0.0, 0.0, 0.0, 0.0, 0.0, 0.9793788006400022, 0.9800793897766444, 0.0, 0.0], [0.0, 0.0, 0.9866990299374951, 0.0, 0.0, 1.0078488777122023, 0.0, 0.0, 0.0, 0.0, 0.0, 0.0, 0.0, 0.0, 0.0, 0.0, 0.0, 0.9810259762942044, 0.9750321928841156], [0.9798947361211613, 0.0, 0.0, 0.0, 0.0, 0.0, 0.0, 0.0, 0.0, 0.0, 0.0, 0.0, 0.0, 0.0, 0.0, 0.0, 0.0, 0.0, 0.0], [0.975477249932385, 0.0, 0.0, 0.0, 0.0, 0.0, 0.0, 0.0, 0.0, 0.0, 0.0, 0.0, 0.0, 0.0, 0.0, 0.0, 0.0, 0.0, 0.0], [0.9757047670769222, 0.0, 0.0, 0.0, 0.0, 0.0, 0.0, 0.0, 0.0, 0.0, 0.0, 0.0, 0.0, 0.0, 0.0, 0.0, 0.0, 0.0, 0.0], [0.0, 0.0, 0.9646836300939541, 0.0, 0.0, 0.0, 0.0, 0.0, 0.0, 0.0, 0.0, 0.0, 0.0, 0.0, 0.0, 0.0, 0.0, 0.0, 0.0], [0.0, 0.0, 0.0, 0.981652315224486, 0.0, 0.0, 0.0, 0.0, 0.0, 0.0, 0.0, 0.0, 0.0, 0.0, 0.0, 0.0, 0.0, 0.0, 0.0], [0.0, 0.0, 0.0, 0.9763433352109687, 0.0, 0.0, 0.0, 0.0, 0.0, 0.0, 0.0, 0.0, 0.0, 0.0, 0.0, 0.0, 0.0, 0.0, 0.0], [0.0, 0.0, 0.0, 0.0, 0.9797060855375892, 0.0, 0.0, 0.0, 0.0, 0.0, 0.0, 0.0, 0.0, 0.0, 0.0, 0.0, 0.0, 0.0, 0.0], [0.0, 0.0, 0.0, 0.0, 0.9798132994692246, 0.0, 0.0, 0.0, 0.0, 0.0, 0.0, 0.0, 0.0, 0.0, 0.0, 0.0, 0.0, 0.0, 0.0], [0.0, 0.0, 0.0, 0.0, 0.0, 0.9793788006400022, 0.0, 0.0, 0.0, 0.0, 0.0, 0.0, 0.0, 0.0, 0.0, 0.0, 0.0, 0.0, 0.0], [0.0, 0.0, 0.0, 0.0, 0.0, 0.9800793897766444, 0.0, 0.0, 0.0, 0.0, 0.0, 0.0, 0.0, 0.0, 0.0, 0.0, 0.0, 0.0, 0.0], [0.0, 0.0, 0.0, 0.0, 0.0, 0.0, 0.9810259762942044, 0.0, 0.0, 0.0, 0.0, 0.0, 0.0, 0.0, 0.0, 0.0, 0.0, 0.0, 0.0], [0.0, 0.0, 0.0, 0.0, 0.0, 0.0, 0.9750321928841156, 0.0, 0.0, 0.0, 0.0, 0.0, 0.0, 0.0, 0.0, 0.0, 0.0, 0.0, 0.0]], "Born radii": [], "Atomic SASAs": [], "Solvent H bonds": [], "Total SASA": NaN, "Total FOD": 0.0, "FOD": [0.0, 0.0, 0.0, 0.0, 0.0, 0.0, 0.0, 0.0, 0.0, 0.0, 0.0, 0.0, 0.0, 0.0, 0.0, 0.0, 0.0, 0.0, 0.0], "FOD s proportion": [0.0, 0.0, 0.0, 0.0, 0.0, 0.0, 0.0, 0.0, 0.0, 0.0, 0.0, 0.0, 0.0, 0.0, 0.0, 0.0, 0.0, 0.0, 0.0], "FOD p proportion": [0.0, 0.0, 0.0, 0.0, 0.0, 0.0, 0.0, 0.0, 0.0, 0.0, 0.0, 0.0, 0.0, 0.0, 0.0, 0.0, 0.0, 0.0, 0.0], "FOD d proportion": [0.0, 0.0, 0.0, 0.0, 0.0, 0.0, 0.0, 0.0, 0.0, 0.0, 0.0, 0.0, 0.0, 0.0, 0.0, 0.0, 0.0, 0.0, 0.0], "coordinates": [["2.58360917472495", "-0.76216300959023", "-0.23508803062242"], ["1.39357226883159", "-0.33091973688851", "-0.83731055400901"], ["0.51845553393673", "0.37080896144995", "0.02588551179789"], ["-0.30812306984995", "-0.55587653816746", "0.94707974588674"], ["-1.71174674970354", "-0.57577961668200", "0.34395859311100"], ["-1.87093432656643", "0.83533461070543", "-0.21223944477191"], ["-0.51055349567560", "1.11032938630803", "-0.84812251309452"], ["3.17123883615129", "-1.23746285431586", "-1.01858241569931"], ["3.14716514706291", "0.08422569768487", "0.18001600651185"], ["2.40299802161667", "-1.48630117664652", "0.56859424336845"], ["1.11193224210821", "1.07557985088955", "0.62896405963582"], ["-0.33684226589263", "-0.14381447911255", "1.95636558941757"], ["0.12980492962294", "-1.55156613028257", "0.99418915891218"], ["-2.47518491009921", "-0.83164877349830", "1.07756926869436"], ["-1.75458772639067", "-1.29808609570506", "-0.47180508719918"], ["-2.68622556484620", "0.91765846783114", "-0.92912086958519"], ["-2.05452565094202", "1.53748002412505", "0.60318626548718"], ["-0.28993420915751", "2.17278610832364", "-0.92979723312775"], ["-0.46011718493151", "0.66941330357144", "-1.84374129471375"]], "bond_dist": [[0.0, 1.4017241402333214, 2.3699350702217385, 3.1308449553471758, 4.338215794440381, 4.732386132768852, 3.6682259581842698, 1.088614721943102, 1.0983080348453105, 1.0967687409576743, 2.507930985876656, 3.7032229869311926, 2.855772219374216, 5.226786302259489, 4.377579339310069, 5.574463199264641, 5.244364264531788, 4.1657890944986224, 3.728464324215108], [1.4017241402333214, 0.0, 1.4154009727951087, 2.4759687660578806, 3.3314200223847634, 3.5224801498776164, 2.3880977493884443, 2.003691177841978, 2.06939291705851, 2.080964901436825, 2.0512248627812344, 3.2914995418233093, 2.538006442818229, 4.345661792296918, 3.3135956855675914, 4.267566874816273, 4.177957397853796, 3.0184914786355064, 2.3344664526747603], [2.3699350702217385, 1.4154009727951087, 0.0, 1.5461490938320435, 2.443563514063049, 2.445745587593465, 1.5393635273652277, 3.2733332756481333, 2.648773377737893, 2.7009056296387906, 1.1011904215919457, 2.173275164827458, 2.1872785004571145, 3.3932029761015543, 2.8635000100307844, 3.3883716614338995, 2.8835099629503147, 2.194070446349347, 2.131261015191218], [3.1308449553471758, 2.4759687660578806, 1.5461490938320435, 0.0, 1.5278451139122797, 2.392042740148553, 2.4576353290731716, 4.0539298110332975, 3.5968228083329032, 2.8912140799499038, 2.186184948318513, 1.0905401628026583, 1.0887598419138553, 2.1884320553324104, 2.157862182689822, 3.368501987546977, 2.7477857263621344, 3.3118873572879353, 3.051740403105475], [4.338215794440381, 3.3314200223847634, 2.443563514063049, 1.5278451139122797, 0.0, 1.5251033750888827, 2.388908990995354, 5.112522952449356, 4.9062724146985435, 4.220264828139795, 3.2835010668319033, 2.1625939381717303, 2.1831792634726668, 1.0892618938933294, 1.0904276138448654, 2.1910494270497276, 2.1565163274883346, 3.3464336763197466, 2.8112475478422625], [4.732386132768852, 3.5224801498776164, 2.445745587593465, 2.392042740148553, 1.5251033750888827, 0.0, 1.5266320474309867, 5.510915397698782, 5.089140523263217, 4.926072644053688, 3.108509944937573, 2.831080921666797, 3.3400183673706647, 2.192614623741377, 2.1522998779543183, 1.0887589255248993, 1.0916194597586348, 2.191626578447692, 2.163269094138689], [3.6682259581842698, 2.3880977493884443, 1.5393635273652277, 2.4576353290731716, 2.388908990995354, 1.5266320474309867, 0.0, 4.3699862423386495, 3.9355893160670714, 4.151910294361947, 2.194413872282058, 3.077045001890068, 3.299978628856267, 3.3673943348164803, 2.7367318294315344, 2.1856879395627358, 2.161620885912659, 1.088190201955712, 1.0900493437318393], [1.088614721943102, 2.003691177841978, 3.2733332756481333, 4.0539298110332975, 5.112522952449356, 5.510915397698782, 4.3699862423386495, 0.0, 1.7843985958084567, 1.780798755296805, 3.507893897021756, 4.727897568713965, 3.6606325255776953, 6.036608159753103, 4.956451144579377, 6.241990106557254, 6.135067734626317, 4.859773620797603, 4.183755538865734], [1.0983080348453105, 2.06939291705851, 2.648773377737893, 3.5968228083329032, 4.9062724146985435, 5.089140523263217, 3.9355893160670714, 1.7843985958084567, 0.0, 1.7808235229102938, 2.3079233932022785, 3.917362354499808, 3.5274857204989414, 5.766736344821949, 5.134475422549216, 5.996102233122736, 5.417435589229236, 4.172220272264847, 4.177382430549815], [1.0967687409576743, 2.080964901436825, 2.7009056296387906, 2.8912140799499038, 4.220264828139795, 4.926072644053688, 4.151910294361947, 1.780798755296805, 1.7808235229102938, 0.0, 2.8694476403975755, 3.3518509279247035, 2.313611328593851, 4.948160674496878, 4.289915492847514, 5.824291308378805, 5.386461421894241, 4.783929428347491, 4.320173185704846], [2.507930985876656, 2.0512248627812344, 1.1011904215919457, 2.186184948318513, 3.2835010668319033, 3.108509944937573, 2.194413872282058, 3.507893897021756, 2.3079233932022785, 2.8694476403975755, 0.0, 2.3125451192011965, 2.8284022764557, 4.0873190630215674, 3.8810977146227015, 4.108353750156071, 3.200073726207923, 2.36618424607105, 2.9581383393352754], [3.7032229869311926, 3.2914995418233093, 2.173275164827458, 1.0905401628026583, 2.1625939381717303, 2.831080921666797, 3.077045001890068, 4.727897568713965, 3.917362354499808, 3.3518509279247035, 2.3125451192011965, 0.0, 1.767854009774155, 2.4120340490718992, 3.0394667279664915, 3.869413238151693, 2.7583113857221426, 3.7011855513793326, 3.8881034532295318], [2.855772219374216, 2.538006442818229, 2.1872785004571145, 1.0887598419138553, 2.1831792634726668, 3.3400183673706647, 3.299978628856267, 3.6606325255776953, 3.5274857204989414, 2.313611328593851, 2.8284022764557, 1.767854009774155, 0.0, 2.7039240574324883, 2.400901276520769, 4.210251694071089, 3.8034707165848514, 4.212921098073172, 3.6516581174119174], [5.226786302259489, 4.345661792296918, 3.3932029761015543, 2.1884320553324104, 1.0892618938933294, 2.192614623741377, 3.3673943348164803, 6.036608159753103, 5.766736344821949, 4.948160674496878, 4.0873190630215674, 2.4120340490718992, 2.7039240574324883, 0.0, 1.7712664879731155, 2.670471736153007, 2.4525017239086293, 4.222732510793472, 3.8532766192046557], [4.377579339310069, 3.3135956855675914, 2.8635000100307844, 2.157862182689822, 1.0904276138448654, 2.1522998779543183, 2.7367318294315344, 4.956451144579377, 5.134475422549216, 4.289915492847514, 3.8810977146227015, 3.0394667279664915, 2.400901276520769, 1.7712664879731155, 0.0, 2.446755148702388, 3.047294601259124, 3.7949862434500035, 2.7256039379096184], [5.574463199264641, 4.267566874816273, 3.3883716614338995, 3.368501987546977, 2.1910494270497276, 1.0887589255248993, 2.1856879395627358, 6.241990106557254, 5.996102233122736, 5.824291308378805, 4.108353750156071, 3.869413238151693, 4.210251694071089, 2.670471736153007, 2.446755148702388, 0.0, 1.7695165156242105, 2.7050985403020444, 2.4194451229087797], [5.244364264531788, 4.177957397853796, 2.8835099629503147, 2.7477857263621344, 2.1565163274883346, 1.0916194597586348, 2.161620885912659, 6.135067734626317, 5.417435589229236, 5.386461421894241, 3.200073726207923, 2.7583113857221426, 3.8034707165848514, 2.4525017239086293, 3.047294601259124, 1.7695165156242105, 0.0, 2.4222789236717874, 3.0468233740552737], [4.1657890944986224, 3.0184914786355064, 2.194070446349347, 3.3118873572879353, 3.3464336763197466, 2.191626578447692, 1.088190201955712, 4.859773620797603, 4.172220272264847, 4.783929428347491, 2.36618424607105, 3.7011855513793326, 4.212921098073172, 4.222732510793472, 3.7949862434500035, 2.7050985403020444, 2.4222789236717874, 0.0, 1.7675932176324125], [3.728464324215108, 2.3344664526747603, 2.131261015191218, 3.051740403105475, 2.8112475478422625, 2.163269094138689, 1.0900493437318393, 4.183755538865734, 4.177382430549815, 4.320173185704846, 2.9581383393352754, 3.8881034532295318, 3.6516581174119174, 3.8532766192046557, 2.7256039379096184, 2.4194451229087797, 3.0468233740552737, 1.7675932176324125, 0.0]]}