{"total energy": -29.22654752, "HOMO-LUMO gap/eV": 3.83868799, "electronic energy": -29.6015589, "dipole": [0.06690541, -0.76219911, 0.41818118], "partial charges": [-0.08239087, -0.0076707, -0.11002647, 0.34988862, -0.41659913, -0.27007563, 0.08271776, -0.06146541, -0.10959244, 0.06192909, 0.05483241, 0.06513852, 0.06513851, 0.0499583, 0.04958027, 0.04958021, 0.04964982, 0.04964984, 0.04164973, 0.04645785, 0.04164974], "atomic dipole moments": [[-0.00706887, -0.0394375, 0.02100567], [0.04394229, 0.13036616, -0.06820522], [0.06695292, -0.05642051, 0.03467225], [0.15164814, -0.07241679, 0.04844265], [-0.04864197, -0.17016674, 0.08955025], [0.07759609, 0.20216762, -0.10520332], [-0.20675705, -0.12452968, 0.0552723], [0.02278767, 0.11733685, -0.06239308], [-0.11221626, -0.02495456, 0.0068325], [0.11371323, -0.08395459, 0.05243757], [-0.13893017, -0.04327304, 0.01518522], [0.01050732, 0.11770403, 0.05429343], [0.02136564, 0.01928779, -0.12682235], [-0.11462811, -0.0475026, 0.01894017], [0.02152361, 0.01572666, -0.12274076], [0.01086271, 0.11235454, 0.05508487], [-0.03301721, -0.01232727, 0.11979703], [-0.02239403, -0.10861426, -0.05740102], [0.02377245, 0.1078207, 0.05768139], [0.06961567, -0.08832848, 0.05216998], [0.03437407, 0.01172912, -0.11915716]], "atomic quadrupole moments": [[-0.30362406, -0.0328469, -0.12780231, -0.04038162, 0.43027193, 0.43142637], [-0.05399819, -0.06709202, -0.18121489, 0.00888848, 0.31497201, 0.23521308], [0.06306254, -0.13248667, 0.01460031, 0.08353946, -0.0862731, -0.07766285], [-0.2277366, -0.18268756, -0.07217233, 0.05909763, 0.26862276, 0.29990894], [-0.11917938, -0.00830734, -0.01391031, -0.01435269, 0.11330265, 0.13308969], [0.07832677, 0.02686891, -0.01354884, -0.00483302, -0.03699148, -0.06477793], [0.47571756, 0.07189423, -0.1487898, 0.01339705, -0.13185709, -0.32692776], [0.2051099, -0.07768707, -0.01964743, 0.07036839, -0.13771396, -0.18546247], [0.23479212, 0.08328597, -0.10569756, -0.02320256, -0.00988275, -0.12909456], [0.03033942, -0.01115425, 0.01099275, 0.01176315, -0.04183828, -0.04133218], [0.04921785, 0.01869643, -0.00084337, -0.0031824, -0.03491162, -0.04837448], [-0.03233655, 0.00711635, 0.05236119, 0.0095982, 0.05518107, -0.02002464], [-0.02903518, -0.00223686, -0.04930218, -0.02088399, -0.01164033, 0.07833736], [0.06645005, 0.04261556, -0.0172038, -0.01561338, -0.02035953, -0.04924624], [0.00041415, -0.00090628, -0.03711374, -0.01474452, 0.00322421, 0.0366996], [-0.00213883, 0.00790429, 0.01290203, 0.00797001, 0.03635119, -0.0107632], [-0.01962335, -0.00345729, -0.03428101, -0.01711563, -0.00296419, 0.05390436], [-0.02254852, 0.00617364, 0.03144577, 0.00916334, 0.04045194, -0.00889725], [-0.02993101, 0.01352949, 0.04908849, -0.00054131, 0.05784282, -0.01915748], [0.00027932, -0.04328565, 0.02786769, 0.02688908, -0.04811556, -0.028147], [-0.02785426, 0.00963302, -0.05088937, -0.02079634, -0.00755337, 0.07874362]], "number of molecular orbitals": 48, "number of electrons": 52, "number of unpaired electrons": 0, "orbital energies/eV": [-20.05580118, -19.27254537, -18.33201097, -17.4660116, -16.97409092, -16.39270855, -16.33679987, -16.06002033, -15.83208898, -15.52485132, -15.05189359, -14.55312984, -14.36559208, -13.85866062, -13.51902807, -13.40075255, -13.14506105, -13.10522691, -12.89523711, -12.64295444, -12.39358343, -12.26940772, -12.24785251, -11.79672641, -11.30404844, -11.09630052, -7.25761253, -4.32509961, 0.01023859, 2.58513535, 3.03820873, 3.15917942, 3.37480788, 3.59658718, 3.93959361, 4.40069025, 4.89994204, 5.04988358, 5.72712378, 5.80784091, 6.0266906, 6.43177853, 6.78127182, 7.86223482, 7.94993129, 10.55843272, 14.895781, 19.09334191], "fractional occupation": [2.0, 2.0, 2.0, 2.0, 2.0, 2.0, 2.0, 2.0, 2.0, 2.0, 2.0, 2.0, 2.0, 2.0, 2.0, 2.0, 2.0, 2.0, 2.0, 2.0, 2.0, 2.0, 2.0, 2.0, 2.0, 2.0, 0.0, 0.0, 0.0, 0.0, 0.0, 0.0, 0.0, 0.0, 0.0, 0.0, 0.0, 0.0, 0.0, 0.0, 0.0, 0.0, 0.0, 0.0, 0.0, 0.0, 0.0, 0.0], "program call": "xtb /tmp/scratch/tmpr1s913f9/39144_0_xyzopt.xyz --pop --wbo --acc 0.2 --gfn 2 --chrg 0 --uhf 0 --etemp 300 --input /tmp/scratch/tmpr1s913f9/39144_0_xtb.inp", "method": "GFN2-xTB", "xtb version": "6.3.3 (7355c4f)", "Dipole module/D": 2.216, "Total charge": 0, "Transition dipole module/D": NaN, "HOMO": -11.0963, "LUMO": -7.2576, "HOMO occupancy": 2.0, "LUMO occupancy": 0, "mulliken charges": [-0.05611, -0.0153, -0.08229, 0.57139, -0.53735, -0.42077, 0.20051, -0.05242, -0.09012, 0.05107, 0.03916, 0.05367, 0.05367, 0.03368, 0.03853, 0.03853, 0.03672, 0.03672, 0.03208, 0.03654, 0.03208], "cm5 charges": [-0.1555, -0.02999, -0.22655, 0.62965, -0.58804, -0.50672, 0.12004, -0.16246, -0.24267, 0.1107, 0.09348, 0.10837, 0.10837, 0.08684, 0.10452, 0.10452, 0.09418, 0.09418, 0.08439, 0.08829, 0.08439], "FUKUI+": [-0.091, -0.082, 0.038, -0.082, -0.192, -0.075, 0.02, 0.003, 0.011, -0.104, -0.118, -0.061, -0.061, -0.059, -0.032, -0.032, -0.015, -0.015, -0.014, -0.025, -0.014], "FUKUI-": [-0.038, -0.047, 0.018, -0.01, -0.114, -0.054, 0.017, 0.004, 0.017, -0.059, -0.079, -0.071, -0.071, -0.058, -0.062, -0.062, -0.075, -0.075, -0.064, -0.052, -0.064], "FUKUIrad": [-0.065, -0.064, 0.028, -0.046, -0.153, -0.065, 0.019, 0.004, 0.014, -0.081, -0.099, -0.066, -0.066, -0.059, -0.047, -0.047, -0.045, -0.045, -0.039, -0.038, -0.039], "s proportion": [1.055, 1.094, 1.003, 0.975, 1.723, 1.687, 0.998, 1.029, 1.006, 0.949, 0.961, 0.946, 0.946, 0.966, 0.961, 0.961, 0.963, 0.963, 0.968, 0.963, 0.968], "p proportion": [3.001, 2.921, 3.079, 2.453, 4.814, 4.733, 2.802, 3.023, 3.085, 0.0, 0.0, 0.0, 0.0, 0.0, 0.0, 0.0, 0.0, 0.0, 0.0, 0.0, 0.0], "d proportion": [0.0, 0.0, 0.0, 0.0, 0.0, 0.0, 0.0, 0.0, 0.0, 0.0, 0.0, 0.0, 0.0, 0.0, 0.0, 0.0, 0.0, 0.0, 0.0, 0.0, 0.0], "Fermi-level/eV": -9.177, "Coordination numbers": [2.844, 2.937, 3.759, 2.73, 0.856, 1.704, 3.707, 3.8, 3.753, 0.926, 0.926, 0.925, 0.925, 0.925, 0.924, 0.924, 0.924, 0.924, 0.925, 0.925, 0.925], "Dispersion coefficient C6": [30.053, 28.211, 22.653, 21.058, 22.016, 18.478, 19.341, 21.682, 22.654, 2.176, 2.26, 2.14, 2.14, 2.32, 2.325, 2.325, 2.324, 2.324, 2.427, 2.365, 2.427], "Total dispersion C6": 3717.278944, "Total dispersion C8": 81516.271823, "Polarizability alpha": [8.984, 8.711, 6.785, 7.513, 6.291, 5.804, 6.286, 6.63, 6.787, 2.307, 2.351, 2.288, 2.288, 2.382, 2.385, 2.385, 2.384, 2.384, 2.436, 2.405, 2.436], "Total polarizability alpha": 92.221536, "Wiberg matrix": [[0.0, 1.942470722515206, 0.0, 0.0, 0.0, 0.0, 0.0, 0.0, 0.9767010131619105, 0.9703379351476498, 0.0, 0.0, 0.0, 0.0, 0.0, 0.0, 0.0, 0.0, 0.0, 0.0, 0.0], [1.942470722515206, 0.0, 1.0039838195862651, 0.0, 0.0, 0.0, 0.0, 0.0, 0.0, 0.0, 0.9654107211481985, 0.0, 0.0, 0.0, 0.0, 0.0, 0.0, 0.0, 0.0, 0.0, 0.0], [0.0, 1.0039838195862651, 0.0, 1.6629992921950982, 1.232456600269175, 0.0, 0.0, 0.0, 0.0, 0.0, 0.0, 0.0, 0.0, 0.0, 0.0, 0.0, 0.0, 0.0, 0.0, 0.0, 0.0], [0.0, 0.0, 1.6629992921950982, 0.0, 0.19941763715662666, 0.0, 0.0, 0.0, 0.0, 0.0, 0.0, 0.0, 0.0, 0.0, 0.0, 0.0, 0.0, 0.0, 0.0, 0.0, 0.0], [0.0, 0.0, 1.232456600269175, 0.19941763715662666, 0.0, 0.9815775943595976, 0.0, 0.0, 0.0, 0.0, 0.0, 0.9421357774014266, 0.0, 0.0, 0.0, 0.0, 0.0, 0.0, 0.0, 0.0, 0.0], [0.0, 0.0, 0.0, 0.0, 0.9815775943595976, 0.0, 1.0004900054111372, 0.9992980410566531, 0.0, 0.0, 0.0, 0.0, 0.9571818776944616, 0.0, 0.0, 0.0, 0.0, 0.0, 0.0, 0.0, 0.0], [0.0, 0.0, 0.0, 0.0, 0.0, 1.0004900054111372, 0.0, 0.0, 0.0, 0.0, 0.0, 0.0, 0.0, 0.986245619940567, 0.9842378654274291, 0.9857135433645394, 0.0, 0.0, 0.0, 0.0, 0.0], [0.0, 0.0, 0.0, 0.0, 0.0, 0.9992980410566531, 0.0, 0.0, 0.0, 0.0, 0.0, 0.0, 0.0, 0.0, 0.0, 0.0, 0.9842295400652088, 0.9862820633603665, 0.9858550825582127, 0.0, 0.0], [0.9767010131619105, 0.0, 0.0, 0.0, 0.0, 0.0, 0.0, 0.0, 0.0, 0.0, 0.0, 0.0, 0.0, 0.0, 0.0, 0.0, 0.0, 0.0, 0.0, 0.0, 0.0], [0.9703379351476498, 0.0, 0.0, 0.0, 0.0, 0.0, 0.0, 0.0, 0.0, 0.0, 0.0, 0.0, 0.0, 0.0, 0.0, 0.0, 0.0, 0.0, 0.0, 0.0, 0.0], [0.0, 0.9654107211481985, 0.0, 0.0, 0.0, 0.0, 0.0, 0.0, 0.0, 0.0, 0.0, 0.0, 0.0, 0.0, 0.0, 0.0, 0.0, 0.0, 0.0, 0.0, 0.0], [0.0, 0.0, 0.0, 0.0, 0.9421357774014266, 0.0, 0.0, 0.0, 0.0, 0.0, 0.0, 0.0, 0.0, 0.0, 0.0, 0.0, 0.0, 0.0, 0.0, 0.0, 0.0], [0.0, 0.0, 0.0, 0.0, 0.0, 0.9571818776944616, 0.0, 0.0, 0.0, 0.0, 0.0, 0.0, 0.0, 0.0, 0.0, 0.0, 0.0, 0.0, 0.0, 0.0, 0.0], [0.0, 0.0, 0.0, 0.0, 0.0, 0.0, 0.986245619940567, 0.0, 0.0, 0.0, 0.0, 0.0, 0.0, 0.0, 0.0, 0.0, 0.0, 0.0, 0.0, 0.0, 0.0], [0.0, 0.0, 0.0, 0.0, 0.0, 0.0, 0.9842378654274291, 0.0, 0.0, 0.0, 0.0, 0.0, 0.0, 0.0, 0.0, 0.0, 0.0, 0.0, 0.0, 0.0, 0.0], [0.0, 0.0, 0.0, 0.0, 0.0, 0.0, 0.9857135433645394, 0.0, 0.0, 0.0, 0.0, 0.0, 0.0, 0.0, 0.0, 0.0, 0.0, 0.0, 0.0, 0.0, 0.0], [0.0, 0.0, 0.0, 0.0, 0.0, 0.0, 0.0, 0.9842295400652088, 0.0, 0.0, 0.0, 0.0, 0.0, 0.0, 0.0, 0.0, 0.0, 0.0, 0.0, 0.0, 0.0], [0.0, 0.0, 0.0, 0.0, 0.0, 0.0, 0.0, 0.9862820633603665, 0.0, 0.0, 0.0, 0.0, 0.0, 0.0, 0.0, 0.0, 0.0, 0.0, 0.0, 0.0, 0.0], [0.0, 0.0, 0.0, 0.0, 0.0, 0.0, 0.0, 0.9858550825582127, 0.0, 0.0, 0.0, 0.0, 0.0, 0.0, 0.0, 0.0, 0.0, 0.0, 0.0, 0.0, 0.0], [0.0, 0.0, 0.0, 0.0, 0.0, 0.0, 0.0, 0.0, 0.0, 0.0, 0.0, 0.0, 0.0, 0.0, 0.0, 0.0, 0.0, 0.0, 0.0, 0.0, 0.0], [0.0, 0.0, 0.0, 0.0, 0.0, 0.0, 0.0, 0.0, 0.0, 0.0, 0.0, 0.0, 0.0, 0.0, 0.0, 0.0, 0.0, 0.0, 0.0, 0.0, 0.0]], "Born radii": [], "Atomic SASAs": [], "Solvent H bonds": [], "Total SASA": NaN, "Total FOD": 0.0, "FOD": [0.0, 0.0, 0.0, 0.0, 0.0, 0.0, 0.0, 0.0, 0.0, 0.0, 0.0, 0.0, 0.0, 0.0, 0.0, 0.0, 0.0, 0.0, 0.0, 0.0, 0.0], "FOD s proportion": [0.0, 0.0, 0.0, 0.0, 0.0, 0.0, 0.0, 0.0, 0.0, 0.0, 0.0, 0.0, 0.0, 0.0, 0.0, 0.0, 0.0, 0.0, 0.0, 0.0, 0.0], "FOD p proportion": [0.0, 0.0, 0.0, 0.0, 0.0, 0.0, 0.0, 0.0, 0.0, 0.0, 0.0, 0.0, 0.0, 0.0, 0.0, 0.0, 0.0, 0.0, 0.0, 0.0, 0.0], "FOD d proportion": [0.0, 0.0, 0.0, 0.0, 0.0, 0.0, 0.0, 0.0, 0.0, 0.0, 0.0, 0.0, 0.0, 0.0, 0.0, 0.0, 0.0, 0.0, 0.0, 0.0, 0.0], "coordinates": [["-2.61202521076183", "-0.97036638860666", "0.55094800004310"], ["-2.34381955746522", "0.17959232001303", "-0.05784639278913"], ["-3.38510566439001", "1.09502843650160", "-0.61771126963251"], ["-0.94520820427364", "0.65901522214888", "-0.23450761372683"], ["-0.65147662610463", "1.69573157948924", "-0.78023727963851"], ["-0.03564854363254", "-0.18035938585924", "0.27612745898686"], ["1.32801279937998", "0.21547707331321", "0.14278878534222"], ["2.20608654174195", "-0.85352188439618", "0.77630943361460"], ["3.68103885643546", "-0.49058714583976", "0.66752045432345"], ["-1.82980710677557", "-1.59833118074917", "0.93907359167345"], ["-3.62517913936031", "-1.31447352745315", "0.67719193820896"], ["-3.30742042717702", "2.07347310755888", "-0.14673474705124"], ["-3.21529066271482", "1.23843837127014", "-1.68345247960716"], ["-4.38182446913311", "0.69381578486374", "-0.45945246728902"], ["1.56102306890204", "0.34109708450435", "-0.92118798811096"], ["1.46781527975682", "1.18591177882413", "0.63353565317542"], ["1.92352750950875", "-0.96386311464196", "1.82454680374340"], ["2.01632222279591", "-1.80494080263540", "0.27670167618652"], ["3.88124877376561", "0.45147117706863", "1.17243807819317"], ["4.29372432524590", "-1.26333932139196", "1.12415419989919"], ["3.97400623425627", "-0.38926918398237", "-0.37478683554498"]], "bond_dist": [[0.0, 1.3285217035240673, 2.4958512896333915, 2.4596958933553688, 3.567055280918343, 2.708755087693355, 4.134817793093859, 4.824794428109931, 6.312403077492487, 1.0755679510160454, 1.077417346232776, 3.1992646969301433, 3.199264474255882, 2.6310835839655806, 4.615349689170725, 4.615349898313675, 4.710980225357877, 4.710979246867978, 6.676112567845547, 6.9356885123950915, 6.67611182813849], [1.3285217035240673, 0.0, 1.4952420272882625, 1.4890161931127353, 2.3842297382706765, 2.3598214325087885, 3.6774848805941525, 4.739703198901591, 6.105261377442459, 2.10215846915673, 2.101046520835665, 2.126784477343215, 2.1267844265575113, 2.1399012198839285, 4.002404082031323, 4.002405291695068, 4.802202147703212, 4.802200586119113, 6.351298585403385, 6.894647628254764, 6.351297299727312], [2.4958512896333915, 1.4952420272882625, 0.0, 2.5079976437134035, 2.803566779814733, 3.6938360513156425, 4.854426494204307, 6.082891776126153, 7.35502520379219, 3.478033745601987, 2.7459259468099724, 1.0886725197339981, 1.0886725268980073, 1.0860321432084747, 5.012454493407404, 5.012456516907353, 6.195582707974979, 6.195580628646459, 7.511238743016591, 8.219514815678028, 7.511236891727512], [2.4596958933553688, 1.4890161931127353, 2.5079976437134035, 0.0, 1.2078410134809947, 1.3388788915804346, 2.3466172235102634, 3.638705563540036, 4.8515360564212235, 2.693588841425721, 3.4508112279165646, 2.7547126477651176, 2.7547135564738694, 3.444146137754036, 2.617975758759329, 2.6179765906388592, 3.8862686198536545, 3.8862677083061605, 5.031625748356518, 5.743502673781536, 5.031624901406403], [3.567055280918343, 2.3842297382706765, 2.803566779814733, 1.2078410134809947, 0.0, 2.2393900951898686, 2.6384671506944413, 4.133666429684942, 5.064255367911503, 3.8981203242433646, 4.4753034923053745, 2.7564563474282933, 2.7564573622781037, 3.8758525752847435, 2.59808710739776, 2.598089358924625, 4.526476594053766, 4.5264752050028685, 5.089864885509615, 6.069416772064335, 5.089863449817224], [2.708755087693355, 2.3598214325087885, 3.6938360513156425, 1.3388788915804346, 2.2393900951898686, 0.0, 1.4261970280175893, 2.393471526920254, 3.7500926614798877, 2.3809969625446685, 3.785736057931502, 3.995380408876599, 3.995380409525175, 4.493829684406088, 2.0627266829652644, 2.062726588997905, 2.6172220707144787, 2.6172216443657934, 4.06751363628846, 4.542627470071651, 4.067513264935259], [4.134817793093859, 3.6774848805941525, 4.854426494204307, 2.3466172235102634, 2.6384671506944413, 1.4261970280175893, 0.0, 1.5215520629925137, 2.512091087357698, 3.727706591861949, 5.211568473365869, 5.002320895039707, 5.002320793752059, 5.761401225590846, 1.096412672018271, 1.0964126684180913, 2.1386423453589787, 2.138642307201029, 2.7631295344541345, 3.456214816933596, 2.763129352103917], [4.824794428109931, 4.739703198901591, 6.082891776126153, 3.638705563540036, 4.133666429684942, 2.393471526920254, 1.5215520629925137, 0.0, 1.5228397805041638, 4.1072704563038585, 5.850295730878347, 6.310156047096546, 6.310155083199411, 6.879093895684554, 2.173641842993959, 2.1736417541375634, 1.0912453335172883, 1.0912453280591203, 2.1601141861312434, 2.1557313905518596, 2.1601141705693587], [6.312403077492487, 6.105261377442459, 7.35502520379219, 4.8515360564212235, 5.064255367911503, 3.7500926614798877, 2.512091087357698, 1.5228397805041638, 0.0, 5.627633710852307, 7.3525304290086755, 7.488389658313321, 7.48838859913099, 8.226946169454706, 2.7767175069596823, 2.7767178847471063, 2.1567443637283152, 2.1567443804940605, 1.0874280213662686, 1.0867583844216044, 1.0874280207788507], [1.0755679510160454, 2.10215846915673, 3.478033745601987, 2.693588841425721, 3.8981203242433646, 2.3809969625446685, 3.727706591861949, 4.1072704563038585, 5.627633710852307, 0.0, 1.8364416416383833, 4.104201213964693, 4.10420140460826, 3.704403523826731, 4.326625061358115, 4.326624052763851, 3.9082135660684494, 3.9082137748684826, 6.07225723766278, 6.135479734815503, 6.072257358822622], [1.077417346232776, 2.101046520835665, 2.7459259468099724, 3.4508112279165646, 4.4753034923053745, 3.785736057931502, 5.211568473365869, 5.850295730878347, 7.3525304290086755, 1.8364416416383833, 0.0, 3.501143839310459, 3.5011440692002553, 2.428517782842673, 5.67383695439207, 5.673836859148181, 5.6769266618691585, 5.6769259478356755, 7.72724332822215, 7.931672084255437, 7.72724276570849], [3.1992646969301433, 2.126784477343215, 1.0886725197339981, 2.7547126477651176, 2.7564563474282933, 3.995380408876599, 5.002320895039707, 6.310156047096546, 7.488389658313321, 4.104201213964693, 3.501143839310459, 0.0, 1.7513629817546315, 1.7763982509529272, 5.225193449275982, 4.919294976570443, 6.361931986080463, 6.600274893249043, 7.486526035883304, 8.398028188138456, 7.690011805936566], [3.199264474255882, 2.1267844265575113, 1.0886725268980073, 2.7547135564738694, 2.7564573622781037, 3.995380409525175, 5.002320793752059, 6.310155083199411, 7.48838859913099, 4.10420140460826, 3.5011440692002553, 1.7513629817546315, 0.0, 1.776398298044543, 4.919292774653915, 5.2251961033804735, 6.600275980140063, 6.361928520069924, 7.690013017960663, 8.398026731305938, 7.4865230598838695], [2.6310835839655806, 2.1399012198839285, 1.0860321432084747, 3.444146137754036, 3.8758525752847435, 4.493829684406088, 5.761401225590846, 6.879093895684554, 8.226946169454706, 3.704403523826731, 2.428517782842673, 1.7763982509529272, 1.776398298044543, 0.0, 5.971184726090994, 5.971186372115787, 6.9081123021058275, 6.908110342052217, 8.426160280867572, 9.033460747131013, 8.426158559073265], [4.615349689170725, 4.002404082031323, 5.012454493407404, 2.617975758759329, 2.59808710739776, 2.0627266829652644, 1.096412672018271, 2.173641842993959, 2.7767175069596823, 4.326625061358115, 5.67383695439207, 5.225193449275982, 4.919292774653915, 5.971184726090994, 0.0, 1.7718818133472514, 3.061599277830962, 2.4995430743250746, 3.1271232574567867, 3.771643806491133, 2.5796272719041347], [4.615349898313675, 4.002405291695068, 5.012456516907353, 2.6179765906388592, 2.598089358924625, 2.062726588997905, 1.0964126684180913, 2.1736417541375634, 2.7767178847471063, 4.326624052763851, 5.673836859148181, 4.919294976570443, 5.2251961033804735, 5.971186372115787, 1.7718818133472514, 0.0, 2.499542616099969, 3.061599176528328, 2.5796278900648573, 3.7716441300414427, 3.1271236635704347], [4.710980225357877, 4.802202147703212, 6.195582707974979, 3.8862686198536545, 4.526476594053766, 2.6172220707144787, 2.1386423453589787, 1.0912453335172883, 2.1567443637283152, 3.9082135660684494, 5.6769266618691585, 6.361931986080463, 6.600275980140063, 6.9081123021058275, 3.061599277830962, 2.499542616099969, 0.0, 1.7640428211798065, 2.502216916207334, 2.489592083707603, 3.0613215516666203], [4.710979246867978, 4.802200586119113, 6.195580628646459, 3.8862677083061605, 4.5264752050028685, 2.6172216443657934, 2.138642307201029, 1.0912453280591203, 2.1567443804940605, 3.9082137748684826, 5.6769259478356755, 6.600274893249043, 6.361928520069924, 6.908110342052217, 2.4995430743250746, 3.061599176528328, 1.7640428211798065, 0.0, 3.0613215715673223, 2.4895919908040547, 2.5022170372502344], [6.676112567845547, 6.351298585403385, 7.511238743016591, 5.031625748356518, 5.089864885509615, 4.06751363628846, 2.7631295344541345, 2.1601141861312434, 1.0874280213662686, 6.07225723766278, 7.72724332822215, 7.486526035883304, 7.690013017960663, 8.426160280867572, 3.1271232574567867, 2.5796278900648573, 2.502216916207334, 3.0613215715673223, 0.0, 1.7643816081286763, 1.7633358258904819], [6.9356885123950915, 6.894647628254764, 8.219514815678028, 5.743502673781536, 6.069416772064335, 4.542627470071651, 3.456214816933596, 2.1557313905518596, 1.0867583844216044, 6.135479734815503, 7.931672084255437, 8.398028188138456, 8.398026731305938, 9.033460747131013, 3.771643806491133, 3.7716441300414427, 2.489592083707603, 2.4895919908040547, 1.7643816081286763, 0.0, 1.7643816170419915], [6.67611182813849, 6.351297299727312, 7.511236891727512, 5.031624901406403, 5.089863449817224, 4.067513264935259, 2.763129352103917, 2.1601141705693587, 1.0874280207788507, 6.072257358822622, 7.72724276570849, 7.690011805936566, 7.4865230598838695, 8.426158559073265, 2.5796272719041347, 3.1271236635704347, 3.0613215516666203, 2.5022170372502344, 1.7633358258904819, 1.7643816170419915, 0.0]]}