{"total energy": -27.2749842, "HOMO-LUMO gap/eV": 3.43037798, "electronic energy": -27.66538825, "dipole": [0.32030575, 0.66556393, -0.84103392], "partial charges": [-0.32211917, 0.21292231, -0.03762641, -0.05440307, -0.05248523, -0.04410563, -0.04109436, -0.05285833, -0.05594279, 0.01147823, 0.05619567, 0.03110576, 0.04244978, 0.04288664, 0.03753585, 0.02458674, 0.02554557, 0.04645104, 0.03904259, 0.05246472, 0.03797011], "atomic dipole moments": [[0.01729441, 0.12268247, -0.11472113], [0.04097974, -0.05877548, 0.02585506], [0.01607837, 0.0249373, 0.06991862], [0.03774349, -0.09865061, -0.04618254], [-0.04215165, -0.03357374, 0.08846116], [-0.08681883, 0.06675734, -0.10543315], [-0.06198112, -0.10572786, 0.07987903], [-0.01923424, 0.01649794, -0.09622163], [-0.02630515, 0.11346331, 0.04279427], [-0.09080643, 0.09172012, -0.01151362], [-0.04086386, -0.02694309, -0.11704153], [-0.08703415, 0.06815725, -0.05255752], [0.01700744, 0.04267932, 0.11820515], [-0.00324133, -0.06805972, -0.10755179], [0.00862978, 0.11779956, -0.03379219], [0.11677423, 0.0772889, -0.02700478], [0.12691002, -0.00767485, 0.06447703], [-0.07285185, 0.04728676, 0.09595696], [0.05796533, -0.09760285, 0.04728696], [-0.05448444, -0.10587039, 0.03815153], [0.06856018, -0.02300213, -0.10152213]], "atomic quadrupole moments": [[-0.04667596, 0.10875643, -0.00671664, 0.14399253, 0.1693055, 0.0533926], [-0.13976885, 0.35738277, -0.03561381, 0.31395162, 0.40485085, 0.17538266], [0.03212474, -0.03468574, 0.10845247, -0.10770252, -0.071148, -0.14057722], [0.05354372, 0.12691898, 0.1041954, -0.14246842, -0.03952259, -0.15773912], [0.20647058, 0.00753854, -0.17499923, -0.04554954, -0.06616996, -0.03147135], [-0.06742935, -0.20227929, 0.00865122, -0.04476719, 0.41509903, 0.05877813], [-0.11290341, -0.04762614, 0.10763851, -0.23843785, 0.3966397, 0.0052649], [0.0442985, 0.17027632, -0.06132317, 0.10191891, 0.01506646, 0.01702467], [0.06819678, -0.10502367, -0.04185746, 0.20308016, 0.02041927, -0.02633932], [0.00592025, -0.00842827, -0.00350076, -0.05041318, -0.05693697, -0.00241948], [-0.02915896, -0.01819587, -0.00179532, 0.02924939, 0.01796778, 0.03095428], [0.02173174, -0.0161379, 0.00066094, 0.03159386, -0.03212956, -0.02239269], [-0.01733538, 0.01551235, -0.03131221, 0.00928539, 0.01501179, 0.04864759], [-0.0290081, 0.00306682, 0.00657898, -0.00382301, 0.04763028, 0.02242912], [0.0084987, 0.00133949, 0.05088254, 0.00127254, -0.0251651, -0.05938124], [0.0217021, 0.01121224, -0.00665148, 0.02406693, -0.06778184, -0.01505062], [0.01091718, 0.02559492, 0.00279495, 0.02657803, -0.06536224, -0.01371213], [0.00099864, -0.02720584, -0.00980936, -0.02970245, 0.03339485, 0.00881073], [0.01029766, -0.0148612, 0.03837644, 0.03377301, -0.02110006, -0.0486741], [0.00305725, 0.02623521, 0.0269215, 0.00195369, -0.03192272, -0.02997875], [0.0126118, -0.008045, -0.04872682, -0.02850502, 0.00514643, 0.03611502]], "number of molecular orbitals": 48, "number of electrons": 50, "number of unpaired electrons": 0, "orbital energies/eV": [-19.56326343, -17.7880628, -17.19005011, -16.93951293, -16.62383234, -16.22245993, -16.00616248, -15.37204338, -15.22841199, -14.82026121, -14.64673007, -14.4140084, -13.90747709, -13.83273434, -13.50035569, -13.36761619, -13.24801087, -12.80210133, -12.30896707, -12.12742936, -12.04677583, -11.7214584, -11.44990428, -10.89597023, -10.56632497, -7.13594698, -5.40303983, 1.62193034, 1.99709407, 2.15543996, 2.65930357, 2.68815784, 2.90317736, 3.10984118, 3.64084147, 4.35928392, 5.13306007, 5.19404466, 5.89935395, 6.02499743, 6.11102766, 6.77711833, 7.08607449, 7.73941507, 8.40037326, 11.08635144, 16.89534891, 17.32838114], "fractional occupation": [2.0, 2.0, 2.0, 2.0, 2.0, 2.0, 2.0, 2.0, 2.0, 2.0, 2.0, 2.0, 2.0, 2.0, 2.0, 2.0, 2.0, 2.0, 2.0, 2.0, 2.0, 2.0, 2.0, 2.0, 2.0, 0.0, 0.0, 0.0, 0.0, 0.0, 0.0, 0.0, 0.0, 0.0, 0.0, 0.0, 0.0, 0.0, 0.0, 0.0, 0.0, 0.0, 0.0, 0.0, 0.0, 0.0, 0.0, 0.0], "program call": "xtb /tmp/scratch/tmpyvyvpsl_/40351_0_xyzopt.xyz --pop --wbo --acc 0.2 --gfn 2 --chrg 0 --uhf 0 --etemp 300 --input /tmp/scratch/tmpyvyvpsl_/40351_0_xtb.inp", "method": "GFN2-xTB", "xtb version": "6.3.3 (7355c4f)", "Dipole module/D": 2.288, "Total charge": 0, "Transition dipole module/D": NaN, "HOMO": -10.6831, "LUMO": -6.3146, "HOMO occupancy": 2.0, "LUMO occupancy": 0, "mulliken charges": [-0.08215, -0.03343, -0.03958, -0.03618, -0.07506, 0.58375, -0.53008, -0.41378, 0.175, 0.02972, 0.03103, 0.03131, 0.02832, 0.03136, 0.02745, 0.03896, 0.04897, 0.05848, 0.03761, 0.0429, 0.04541], "cm5 charges": [-0.23398, -0.14242, -0.10249, -0.09703, -0.17065, 0.63729, -0.58033, -0.50405, 0.05429, 0.08196, 0.08264, 0.08368, 0.08413, 0.08614, 0.08503, 0.09771, 0.11055, 0.11681, 0.09842, 0.1044, 0.10793], "FUKUI+": [0.013, 0.015, -0.085, -0.053, 0.02, -0.093, -0.174, -0.082, 0.032, -0.024, -0.043, -0.015, -0.036, -0.056, -0.077, -0.072, -0.064, -0.083, -0.052, -0.035, -0.037], "FUKUI-": [0.012, 0.005, -0.056, -0.052, -0.006, -0.017, -0.136, -0.059, 0.021, -0.053, -0.061, -0.054, -0.062, -0.108, -0.068, -0.064, -0.057, -0.077, -0.048, -0.027, -0.032], "FUKUIrad": [0.013, 0.01, -0.071, -0.053, 0.007, -0.055, -0.155, -0.07, 0.027, -0.039, -0.052, -0.034, -0.049, -0.082, -0.073, -0.068, -0.061, -0.08, -0.05, -0.031, -0.035], "s proportion": [1.006, 1.022, 1.066, 1.06, 1.035, 0.978, 1.72, 1.685, 0.973, 0.97, 0.969, 0.969, 0.972, 0.969, 0.973, 0.961, 0.951, 0.942, 0.962, 0.957, 0.955], "p proportion": [3.077, 3.011, 2.974, 2.976, 3.04, 2.438, 4.81, 4.728, 2.852, 0.0, 0.0, 0.0, 0.0, 0.0, 0.0, 0.0, 0.0, 0.0, 0.0, 0.0, 0.0], "d proportion": [0.0, 0.0, 0.0, 0.0, 0.0, 0.0, 0.0, 0.0, 0.0, 0.0, 0.0, 0.0, 0.0, 0.0, 0.0, 0.0, 0.0, 0.0, 0.0, 0.0, 0.0], "Fermi-level/eV": -8.4989, "Coordination numbers": [3.754, 3.805, 2.892, 2.897, 3.808, 2.729, 0.856, 1.704, 3.656, 0.925, 0.925, 0.925, 0.924, 0.924, 0.925, 0.925, 0.925, 0.924, 0.925, 0.924, 0.924], "Dispersion coefficient C6": [22.46, 21.526, 28.991, 28.992, 22.212, 20.875, 21.819, 18.334, 20.319, 2.483, 2.494, 2.499, 2.488, 2.436, 2.49, 2.382, 2.174, 2.067, 2.103, 2.185, 2.154], "Total dispersion C6": 3725.505685, "Total dispersion C8": 81608.194341, "Polarizability alpha": [6.758, 6.605, 8.828, 8.828, 6.709, 7.48, 6.263, 5.781, 6.471, 2.464, 2.47, 2.472, 2.467, 2.441, 2.468, 2.413, 2.306, 2.248, 2.268, 2.311, 2.295], "Total polarizability alpha": 92.345991, "Wiberg matrix": [[0.0, 1.9266977427808192, 0.0, 0.0, 0.0, 0.0, 0.0, 0.0, 0.0, 0.0, 0.0, 0.0, 0.0, 0.0, 0.0, 0.0, 0.0, 0.0, 0.0, 0.0, 0.0], [1.9266977427808192, 0.0, 0.9959665831937863, 0.0, 0.0, 0.0, 0.0, 0.0, 0.0, 0.9296689915398207, 0.0, 0.0, 0.0, 0.0, 0.0, 0.0, 0.0, 0.0, 0.0, 0.0, 0.0], [0.0, 0.9959665831937863, 0.0, 0.9761763647130466, 0.0, 0.0, 0.0, 0.0, 0.9947004736431824, 0.0, 0.9316736686832815, 0.0, 0.0, 0.0, 0.0, 0.0, 0.0, 0.0, 0.0, 0.0, 0.0], [0.0, 0.0, 0.9761763647130466, 0.0, 1.000395082435209, 0.0, 0.0, 0.0, 0.0, 0.0, 0.0, 0.977358696981576, 0.9766448041611915, 0.0, 0.0, 0.0, 0.0, 0.0, 0.0, 0.0, 0.0], [0.0, 0.0, 0.0, 1.000395082435209, 0.0, 1.0213286428680488, 0.0, 0.0, 0.0, 0.0, 0.0, 0.0, 0.0, 0.9582270556846806, 0.9721511808799335, 0.0, 0.0, 0.0, 0.0, 0.0, 0.0], [0.0, 0.0, 0.0, 0.0, 1.0213286428680488, 0.0, 1.9305405226560237, 0.0, 0.0, 0.0, 0.0, 0.0, 0.0, 0.0, 0.0, 0.9677088929694466, 0.0, 0.0, 0.0, 0.0, 0.0], [0.0, 0.0, 0.0, 0.0, 0.0, 1.9305405226560237, 0.0, 1.0235989327901769, 0.0, 0.0, 0.0, 0.0, 0.0, 0.0, 0.0, 0.0, 0.9677144869242389, 0.0, 0.0, 0.0, 0.0], [0.0, 0.0, 0.0, 0.0, 0.0, 0.0, 1.0235989327901769, 0.0, 1.0015588041171424, 0.0, 0.0, 0.0, 0.0, 0.0, 0.0, 0.0, 0.0, 0.9559553757350745, 0.9726979877653821, 0.0, 0.0], [0.0, 0.0, 0.9947004736431824, 0.0, 0.0, 0.0, 0.0, 1.0015588041171424, 0.0, 0.0, 0.0, 0.0, 0.0, 0.0, 0.0, 0.0, 0.0, 0.0, 0.0, 0.9723154312646574, 0.977755854868205], [0.0, 0.9296689915398207, 0.0, 0.0, 0.0, 0.0, 0.0, 0.0, 0.0, 0.0, 0.0, 0.0, 0.0, 0.0, 0.0, 0.0, 0.0, 0.0, 0.0, 0.0, 0.0], [0.0, 0.0, 0.9316736686832815, 0.0, 0.0, 0.0, 0.0, 0.0, 0.0, 0.0, 0.0, 0.0, 0.0, 0.0, 0.0, 0.0, 0.0, 0.0, 0.0, 0.0, 0.0], [0.0, 0.0, 0.0, 0.977358696981576, 0.0, 0.0, 0.0, 0.0, 0.0, 0.0, 0.0, 0.0, 0.0, 0.0, 0.0, 0.0, 0.0, 0.0, 0.0, 0.0, 0.0], [0.0, 0.0, 0.0, 0.9766448041611915, 0.0, 0.0, 0.0, 0.0, 0.0, 0.0, 0.0, 0.0, 0.0, 0.0, 0.0, 0.0, 0.0, 0.0, 0.0, 0.0, 0.0], [0.0, 0.0, 0.0, 0.0, 0.9582270556846806, 0.0, 0.0, 0.0, 0.0, 0.0, 0.0, 0.0, 0.0, 0.0, 0.0, 0.0, 0.0, 0.0, 0.0, 0.0, 0.0], [0.0, 0.0, 0.0, 0.0, 0.9721511808799335, 0.0, 0.0, 0.0, 0.0, 0.0, 0.0, 0.0, 0.0, 0.0, 0.0, 0.0, 0.0, 0.0, 0.0, 0.0, 0.0], [0.0, 0.0, 0.0, 0.0, 0.0, 0.9677088929694466, 0.0, 0.0, 0.0, 0.0, 0.0, 0.0, 0.0, 0.0, 0.0, 0.0, 0.0, 0.0, 0.0, 0.0, 0.0], [0.0, 0.0, 0.0, 0.0, 0.0, 0.0, 0.9677144869242389, 0.0, 0.0, 0.0, 0.0, 0.0, 0.0, 0.0, 0.0, 0.0, 0.0, 0.0, 0.0, 0.0, 0.0], [0.0, 0.0, 0.0, 0.0, 0.0, 0.0, 0.0, 0.9559553757350745, 0.0, 0.0, 0.0, 0.0, 0.0, 0.0, 0.0, 0.0, 0.0, 0.0, 0.0, 0.0, 0.0], [0.0, 0.0, 0.0, 0.0, 0.0, 0.0, 0.0, 0.9726979877653821, 0.0, 0.0, 0.0, 0.0, 0.0, 0.0, 0.0, 0.0, 0.0, 0.0, 0.0, 0.0, 0.0], [0.0, 0.0, 0.0, 0.0, 0.0, 0.0, 0.0, 0.0, 0.9723154312646574, 0.0, 0.0, 0.0, 0.0, 0.0, 0.0, 0.0, 0.0, 0.0, 0.0, 0.0, 0.0], [0.0, 0.0, 0.0, 0.0, 0.0, 0.0, 0.0, 0.0, 0.977755854868205, 0.0, 0.0, 0.0, 0.0, 0.0, 0.0, 0.0, 0.0, 0.0, 0.0, 0.0, 0.0]], "Born radii": [], "Atomic SASAs": [], "Solvent H bonds": [], "Total SASA": NaN, "Total FOD": 0.0, "FOD": [0.0, 0.0, 0.0, 0.0, 0.0, 0.0, 0.0, 0.0, 0.0, 0.0, 0.0, 0.0, 0.0, 0.0, 0.0, 0.0, 0.0, 0.0, 0.0, 0.0, 0.0], "FOD s proportion": [0.0, 0.0, 0.0, 0.0, 0.0, 0.0, 0.0, 0.0, 0.0, 0.0, 0.0, 0.0, 0.0, 0.0, 0.0, 0.0, 0.0, 0.0, 0.0, 0.0, 0.0], "FOD p proportion": [0.0, 0.0, 0.0, 0.0, 0.0, 0.0, 0.0, 0.0, 0.0, 0.0, 0.0, 0.0, 0.0, 0.0, 0.0, 0.0, 0.0, 0.0, 0.0, 0.0, 0.0], "FOD d proportion": [0.0, 0.0, 0.0, 0.0, 0.0, 0.0, 0.0, 0.0, 0.0, 0.0, 0.0, 0.0, 0.0, 0.0, 0.0, 0.0, 0.0, 0.0, 0.0, 0.0, 0.0], "coordinates": [["-2.79393955741841", "0.61776161518463", "1.53274761388171"], ["-2.68123351725545", "-0.07093143939015", "0.17299328322899"], ["-1.38611090957433", "0.26770308951095", "-0.49323384198342"], ["-0.47608139700975", "-0.61817165341037", "-0.86081871861595"], ["0.83080345983557", "-0.26802680765561", "-1.51287995632308"], ["1.94230380846268", "-0.62562444550321", "-0.54843876507453"], ["2.32979142321673", "-1.73819577313318", "-0.31264587538287"], ["2.42768616701319", "0.47040536688407", "0.04649499512650"], ["3.44551127318994", "0.26079136415745", "1.01634611038267"], ["-2.72595932950906", "1.69763914592981", "1.42036066254162"], ["-3.74510585451499", "0.37886169136799", "2.00236562016913"], ["-1.99132372333052", "0.28956681481144", "2.18910738170021"], ["-2.76171457395020", "-1.15197819320917", "0.29860547872885"], ["-3.50815441331458", "0.26000513644382", "-0.46224478096448"], ["-1.21625273367385", "1.32305256419109", "-0.66695736081750"], ["-0.62942897584062", "-1.67430264255190", "-0.68395382555371"], ["0.87940778499283", "0.79563153395038", "-1.74077537440459"], ["0.96144773142028", "-0.86018007146522", "-2.42054507324896"], ["3.77850222839053", "1.24716749524725", "1.32836854901582"], ["3.04814049638633", "-0.29638905514069", "1.86674467141449"], ["4.27170861248611", "-0.30478473621937", "0.58114320617963"]], "bond_dist": [[0.0, 1.5283758093602444, 2.4918112554117564, 3.5537525637358653, 4.816557937735289, 5.3206528603845635, 5.933686165252566, 5.431025309894603, 6.27095247474526, 1.087836209926124, 1.0873507116663819, 1.0875257003544112, 2.157805424206017, 2.1489735256531075, 2.7973617950283236, 3.853885038626684, 4.923522231171534, 5.649404250753299, 6.605672834152496, 5.922594434667967, 7.188882164851637], [1.5283758093602444, 0.0, 1.4952840852024092, 2.4961840838415026, 3.900694667938535, 4.712244256578696, 5.3033938855211415, 5.139076541075022, 6.193406634212814, 2.164663413215549, 2.1635021048349166, 2.1611687979170795, 1.09129176121129, 1.0940039231027534, 2.1897208002249635, 2.7413608734622863, 4.134199843377402, 4.540757787991834, 6.693314777437309, 5.978741630951611, 6.968836200082307], [2.4918112554117564, 1.4952840852024092, 0.0, 1.3221370637771994, 2.4982782155921215, 3.446654349306492, 4.22660293943966, 3.8571289286524753, 5.061961311736069, 2.7389331575627667, 3.435873987869534, 2.7498572713308764, 2.129504612762376, 2.122283725648024, 1.0829562200864729, 2.0929232963338635, 2.639629381749886, 3.2400124351434747, 5.563345635302354, 5.054728881218219, 5.787309400441384], [3.5537525637358653, 2.4961840838415026, 1.3221370637771994, 0.0, 1.5019098840411136, 2.438488011357129, 3.070483639120195, 3.2311119092550724, 4.435675016549937, 3.953316296289282, 4.458522283473697, 3.5244854449342524, 2.6178871081182042, 3.1817483298050897, 2.0865730988079423, 1.0817621441686125, 2.1472107700885275, 2.1349014897252263, 5.135514858103321, 4.468029324106522, 4.97181813089491], [4.816557937735289, 3.900694667938535, 2.4982782155921215, 1.5019098840411136, 0.0, 1.5144160283651558, 2.418454785697962, 2.3509501687799985, 3.6760481640696625, 5.011816507905017, 5.806406999718265, 4.688285692730944, 4.119348899583927, 4.495465207368631, 2.727188600828381, 2.1902075290452165, 1.0888837264256197, 1.0915902976952225, 4.365482204153425, 4.042183886855275, 4.028164894830795], [5.3206528603845635, 4.712244256578696, 3.446654349306492, 2.438488011357129, 1.5144160283651558, 0.0, 1.2014823750189767, 1.338216560449275, 2.343910701389395, 5.573724573999481, 6.313653782515833, 4.879053136373799, 4.808567474910052, 5.522613872674403, 3.7132018764836205, 2.780629390343555, 2.1380793029701466, 2.1264705534401203, 3.225117049799657, 2.6766362760965525, 2.6086433811165546], [5.933686165252566, 5.3033938855211415, 4.22660293943966, 3.070483639120195, 2.418454785697962, 1.2014823750189767, 0.0, 2.2397509998700076, 2.6470738669154406, 6.353651621329973, 6.837074481642737, 5.3891211326257755, 5.161464190334192, 6.172260388047382, 4.6980003378138795, 2.983108663155382, 3.250145748443591, 2.66205091228908, 3.7019029136792563, 2.7100876661911872, 2.573823710561108], [5.431025309894603, 5.139076541075022, 3.8571289286524753, 3.2311119092550724, 2.3509501687799985, 1.338216560449275, 2.2397509998700076, 0.0, 1.4214489659029004, 5.472994749162194, 6.475891559273796, 4.914380818777716, 5.442937457137864, 5.9613159463169145, 3.8097653758752434, 3.8051650321685107, 2.3868961816090843, 3.1633209539544214, 2.0177371592690467, 2.0703251301456715, 2.0705523864272943], [6.27095247474526, 6.193406634212814, 5.061961311736069, 4.435675016549937, 3.6760481640696625, 2.343910701389395, 2.6470738669154406, 1.4214489659029004, 0.0, 6.349394357442158, 7.258866974472713, 5.561957551568719, 6.406303314233049, 7.109127803169609, 5.068920308008619, 4.820865764581809, 3.8042949414099074, 4.386270585264434, 1.0868205235638777, 1.091572840680706, 1.0917325389509474], [1.087836209926124, 2.164663413215549, 2.7389331575627667, 3.953316296289282, 5.011816507905017, 5.573724573999481, 6.353651621329973, 5.472994749162194, 6.349394357442158, 0.0, 1.7653791051202616, 1.7644627175838903, 3.062667482675419, 2.4945588688742317, 2.6031568610759632, 4.493725671819571, 4.87904404637635, 5.90694225916386, 6.520690716113838, 6.125000893832347, 7.326755350719102], [1.0873507116663819, 2.1635021048349166, 3.435873987869534, 4.458522283473697, 5.806406999718265, 6.313653782515833, 6.837074481642737, 6.475891559273796, 7.258866974472713, 1.7653791051202616, 0.0, 1.7659552157800948, 2.492654766000232, 2.4788257896656165, 3.7962981558267748, 4.597742746050004, 5.964136820105518, 6.576397961595471, 7.603479835321123, 6.828070927900188, 8.17046876172336], [1.0875257003544112, 2.1611687979170795, 2.7498572713308764, 3.5244854449342524, 4.688285692730944, 4.879053136373799, 5.3891211326257755, 4.914380818777716, 5.561957551568719, 1.7644627175838903, 1.7659552157800948, 0.0, 2.4991101452328963, 3.054720531468003, 3.1346345315891195, 3.7371140268170184, 4.892972447252028, 5.593717272254019, 5.91174778846457, 5.083646488527745, 6.493410243889957], [2.157805424206017, 1.09129176121129, 2.129504612762376, 2.6178871081182042, 4.119348899583927, 4.808567474910052, 5.161464190334192, 5.442937457137864, 6.406303314233049, 3.062667482675419, 2.492654766000232, 2.4991101452328963, 0.0, 1.7691134713985064, 3.0735225958076957, 2.405179304899937, 4.605434827054729, 4.61961723742413, 7.042069854594306, 6.078281767007237, 7.089894642411781], [2.1489735256531075, 1.0940039231027534, 2.122283725648024, 3.1817483298050897, 4.495465207368631, 5.522613872674403, 6.172260388047382, 5.9613159463169145, 7.109127803169609, 2.4945588688742317, 2.4788257896656165, 3.054720531468003, 1.7691134713985064, 0.0, 2.5347170222985773, 3.4753074149916103, 4.601330042507745, 5.006705330554031, 7.568100860469995, 6.979883187324235, 7.869810340294117], [2.7973617950283236, 2.1897208002249635, 1.0829562200864729, 2.0865730988079423, 2.727188600828381, 3.7132018764836205, 4.6980003378138795, 3.8097653758752434, 5.068920308008619, 2.6031568610759632, 3.7962981558267748, 3.1346345315891195, 3.0735225958076957, 2.5347170222985773, 0.0, 3.05430667058178, 2.413099889963653, 3.547386914653741, 5.379094827311332, 5.217977267787159, 5.8587822146664585], [3.853885038626684, 2.7413608734622863, 2.0929232963338635, 1.0817621441686125, 2.1902075290452165, 2.780629390343555, 2.983108663155382, 3.8051650321685107, 4.820865764581809, 4.493725671819571, 4.597742746050004, 3.7371140268170184, 2.405179304899937, 3.4753074149916103, 3.05430667058178, 0.0, 3.081239197662516, 2.491873475927262, 5.658116878121201, 4.682865137911178, 5.243777212580174], [4.923522231171534, 4.134199843377402, 2.639629381749886, 2.1472107700885275, 1.0888837264256197, 2.1380793029701466, 3.250145748443591, 2.3868961816090843, 3.8042949414099074, 4.87904404637635, 5.964136820105518, 4.892972447252028, 4.605434827054729, 4.601330042507745, 2.413099889963653, 3.081239197662516, 0.0, 1.7917950409870462, 4.245971942765536, 4.348575792308731, 4.255575961809181], [5.649404250753299, 4.540757787991834, 3.2400124351434747, 2.1349014897252263, 1.0915902976952225, 2.1264705534401203, 2.66205091228908, 3.1633209539544214, 4.386270585264434, 5.90694225916386, 6.576397961595471, 5.593717272254019, 4.61961723742413, 5.006705330554031, 3.547386914653741, 2.491873475927262, 1.7917950409870462, 0.0, 5.141114971777203, 4.801354013207764, 4.5029349990852126], [6.605672834152496, 6.693314777437309, 5.563345635302354, 5.135514858103321, 4.365482204153425, 3.225117049799657, 3.7019029136792563, 2.0177371592690467, 1.0868205235638777, 6.520690716113838, 7.603479835321123, 5.91174778846457, 7.042069854594306, 7.568100860469995, 5.379094827311332, 5.658116878121201, 4.245971942765536, 5.141114971777203, 0.0, 1.7904870658540708, 1.7916902575622606], [5.922594434667967, 5.978741630951611, 5.054728881218219, 4.468029324106522, 4.042183886855275, 2.6766362760965525, 2.7100876661911872, 2.0703251301456715, 1.091572840680706, 6.125000893832347, 6.828070927900188, 5.083646488527745, 6.078281767007237, 6.979883187324235, 5.217977267787159, 4.682865137911178, 4.348575792308731, 4.801354013207764, 1.7904870658540708, 0.0, 1.7748128210069811], [7.188882164851637, 6.968836200082307, 5.787309400441384, 4.97181813089491, 4.028164894830795, 2.6086433811165546, 2.573823710561108, 2.0705523864272943, 1.0917325389509474, 7.326755350719102, 8.17046876172336, 6.493410243889957, 7.089894642411781, 7.869810340294117, 5.8587822146664585, 5.243777212580174, 4.255575961809181, 4.5029349990852126, 1.7916902575622606, 1.7748128210069811, 0.0]]}