{"total energy": -29.21908681, "HOMO-LUMO gap/eV": 4.73754109, "electronic energy": -29.59369398, "dipole": [-0.04066144, 0.37460837, 0.58100713], "partial charges": [-0.09418865, -0.0274911, -0.06047921, -0.05376091, -0.09096647, 0.35887536, -0.40723348, -0.26640328, 0.03367862, 0.03342599, 0.03475775, 0.03120463, 0.04473547, 0.04456092, 0.05541336, 0.04014695, 0.06614652, 0.06659069, 0.06767547, 0.06097489, 0.06233648], "atomic dipole moments": [[0.00244216, 0.07293857, -0.01013085], [0.0446057, -0.13830654, -0.04195841], [0.01960678, -0.01684048, 0.10297693], [0.03018447, 0.12882141, 0.00136021], [0.01629358, -0.02462998, -0.10169751], [0.07878727, 0.13770361, 0.02815813], [-0.05774701, 0.09088632, 0.16269978], [0.09500768, -0.09332347, -0.20313711], [-0.1934546, -0.1082298, 0.12979014], [-0.07986583, 0.09398845, 0.07802251], [0.09347787, 0.05311219, -0.09991778], [-0.09392932, -0.04652897, 0.10025493], [0.07601508, 0.05383563, -0.08657138], [-0.07765057, -0.07619301, -0.06037825], [0.05931175, -0.08780938, -0.06946196], [-0.07178146, -0.0548595, 0.08334338], [-0.05108103, 0.10591638, 0.05794472], [0.05521946, -0.07436283, 0.09055563], [0.03717576, 0.09961263, 0.06830616], [-0.04572696, 0.03037216, -0.11549192], [0.08941313, -0.09120346, -0.01420628]], "atomic quadrupole moments": [[0.19207535, 0.0109351, -0.34971191, 0.44346723, 0.03237242, 0.15763656], [0.19735156, -0.09367409, -0.35755206, 0.37718096, 0.13137569, 0.1602005], [-0.0480431, -0.1925681, 0.04674649, 0.04872152, -0.02129083, 0.00129662], [0.03542969, 0.0463494, -0.00386129, 0.23197455, -0.02807181, -0.0315684], [0.07696223, 0.20148542, -0.08865461, -0.04858561, 0.02464603, 0.01169238], [0.07154538, -0.16263253, 0.06533967, 0.35081451, -0.1683295, -0.13688505], [0.0258247, -0.10958675, -0.01787679, 0.11213226, -0.06759715, -0.00794791], [0.01449117, 0.05790708, -0.01011537, -0.06588323, 0.00041716, -0.0043758], [0.18987954, 0.2749668, -0.12174072, -0.31730877, -0.17127108, -0.06813882], [-0.01852538, -0.01554756, 0.03383676, -0.05334627, 0.01142455, -0.01531138], [-0.01117771, 0.00793017, 0.01702774, -0.05754158, -0.01229629, -0.00585004], [-0.02393892, 0.00046138, 0.04191032, -0.05035321, -0.0023273, -0.0179714], [0.00913502, 0.01474427, -0.00232738, -0.03882871, -0.02993884, -0.00680764], [0.01362318, 0.03548185, 0.00620592, 0.03332558, 0.02388277, -0.0198291], [-0.00357392, -0.03024471, 0.0035992, -0.01046363, 0.03483386, -2.528e-05], [0.01596629, 0.02606122, -0.03439655, -0.02719278, -0.02949504, 0.01843025], [0.0049195, -0.02307043, 0.02468708, -0.02087672, 0.03726475, -0.02960659], [-0.01467614, -0.01416863, 0.00817217, 0.04000434, -0.04127644, 0.00650398], [-0.0227821, 0.04685597, 0.03320096, 0.00601041, 0.04640544, -0.01041886], [-0.0013464, 0.0003635, -0.03973769, 0.02712072, -0.03665649, 0.04108409], [0.02527762, -0.04200187, 0.01533946, -0.01908841, -0.01242284, -0.04061708]], "number of molecular orbitals": 48, "number of electrons": 52, "number of unpaired electrons": 0, "orbital energies/eV": [-20.23714232, -19.45148264, -18.39585909, -17.37248119, -16.90303697, -16.55939534, -16.4235141, -15.98098071, -15.7167768, -15.34921522, -15.10717859, -14.77212458, -14.2917399, -13.94141143, -13.81520122, -13.65561606, -13.29884385, -12.98310946, -12.84946432, -12.45134947, -12.28798957, -12.18972316, -11.91683959, -11.57859986, -11.26518832, -10.91307581, -6.17553472, -5.50149434, 0.33920938, 2.47413641, 2.88396879, 3.27004876, 3.52793183, 3.64455379, 3.80460064, 4.28760843, 4.50775135, 4.9177242, 5.22630658, 5.4556966, 5.65708841, 6.33520221, 6.89892163, 7.50969285, 8.16107592, 11.58454885, 17.00594924, 17.9238916], "fractional occupation": [2.0, 2.0, 2.0, 2.0, 2.0, 2.0, 2.0, 2.0, 2.0, 2.0, 2.0, 2.0, 2.0, 2.0, 2.0, 2.0, 2.0, 2.0, 2.0, 2.0, 2.0, 2.0, 2.0, 2.0, 2.0, 2.0, 0.0, 0.0, 0.0, 0.0, 0.0, 0.0, 0.0, 0.0, 0.0, 0.0, 0.0, 0.0, 0.0, 0.0, 0.0, 0.0, 0.0, 0.0, 0.0, 0.0, 0.0, 0.0], "program call": "xtb /tmp/scratch/tmp_3zcgq7t/40291_0_xyzopt.xyz --pop --wbo --acc 0.2 --gfn 2 --chrg 0 --uhf 0 --etemp 300 --input /tmp/scratch/tmp_3zcgq7t/40291_0_xtb.inp", "method": "GFN2-xTB", "xtb version": "6.3.3 (7355c4f)", "Dipole module/D": 1.76, "Total charge": 0, "Transition dipole module/D": NaN, "HOMO": -10.9131, "LUMO": -6.1755, "HOMO occupancy": 2.0, "LUMO occupancy": 0, "mulliken charges": [-0.08456, -0.02356, -0.04815, -0.03556, -0.08418, 0.57999, -0.53191, -0.41558, 0.17537, 0.03189, 0.0309, 0.02381, 0.03949, 0.03659, 0.04492, 0.02781, 0.04989, 0.05818, 0.03752, 0.0425, 0.04463], "cm5 charges": [-0.18894, -0.08935, -0.15481, -0.14441, -0.18346, 0.6319, -0.58518, -0.50647, 0.05478, 0.08531, 0.08518, 0.08045, 0.0988, 0.09168, 0.10371, 0.08338, 0.11202, 0.11609, 0.09834, 0.10396, 0.10704], "FUKUI+": [-0.055, -0.064, 0.017, 0.015, 0.019, -0.096, -0.166, -0.077, 0.031, -0.083, -0.068, -0.077, -0.02, -0.062, -0.037, -0.046, -0.041, -0.075, -0.049, -0.032, -0.035], "FUKUI-": [-0.056, -0.044, 0.007, 0.007, -0.006, -0.01, -0.13, -0.061, 0.021, -0.081, -0.068, -0.072, -0.053, -0.094, -0.053, -0.075, -0.04, -0.07, -0.052, -0.033, -0.037], "FUKUIrad": [-0.055, -0.054, 0.012, 0.011, 0.007, -0.053, -0.148, -0.069, 0.026, -0.082, -0.068, -0.074, -0.036, -0.078, -0.045, -0.061, -0.04, -0.072, -0.051, -0.033, -0.036], "s proportion": [1.043, 1.067, 1.027, 1.029, 1.038, 0.981, 1.721, 1.686, 0.973, 0.968, 0.969, 0.976, 0.961, 0.963, 0.955, 0.972, 0.95, 0.942, 0.962, 0.958, 0.955], "p proportion": [3.042, 2.956, 3.021, 3.007, 3.046, 2.439, 4.811, 4.73, 2.852, 0.0, 0.0, 0.0, 0.0, 0.0, 0.0, 0.0, 0.0, 0.0, 0.0, 0.0, 0.0], "d proportion": [0.0, 0.0, 0.0, 0.0, 0.0, 0.0, 0.0, 0.0, 0.0, 0.0, 0.0, 0.0, 0.0, 0.0, 0.0, 0.0, 0.0, 0.0, 0.0, 0.0, 0.0], "Fermi-level/eV": -8.5443, "Coordination numbers": [2.837, 2.887, 3.807, 3.805, 3.804, 2.721, 0.856, 1.704, 3.655, 0.926, 0.926, 0.925, 0.924, 0.924, 0.924, 0.924, 0.924, 0.924, 0.925, 0.924, 0.924], "Dispersion coefficient C6": [30.357, 28.686, 21.658, 21.536, 22.232, 20.91, 21.826, 18.416, 20.301, 2.538, 2.52, 2.569, 2.387, 2.389, 2.254, 2.447, 2.128, 2.123, 2.111, 2.188, 2.172], "Total dispersion C6": 3723.608285, "Total dispersion C8": 81601.048231, "Polarizability alpha": [9.029, 8.781, 6.625, 6.607, 6.713, 7.486, 6.264, 5.794, 6.469, 2.491, 2.482, 2.507, 2.416, 2.417, 2.348, 2.446, 2.281, 2.279, 2.272, 2.313, 2.305], "Total polarizability alpha": 92.323455, "Wiberg matrix": [[0.0, 1.9776226966970545, 0.0, 0.0, 0.0, 0.0, 0.0, 0.0, 0.0, 0.9773337833573695, 0.9755643762074246, 0.0, 0.0, 0.0, 0.0, 0.0, 0.0, 0.0, 0.0, 0.0, 0.0], [1.9776226966970545, 0.0, 1.027267117457824, 0.0, 0.0, 0.0, 0.0, 0.0, 0.0, 0.0, 0.0, 0.9662753733130962, 0.0, 0.0, 0.0, 0.0, 0.0, 0.0, 0.0, 0.0, 0.0], [0.0, 1.027267117457824, 0.0, 0.9927786918484677, 0.0, 0.0, 0.0, 0.0, 0.0, 0.0, 0.0, 0.0, 0.97419625490418, 0.960777832103249, 0.0, 0.0, 0.0, 0.0, 0.0, 0.0, 0.0], [0.0, 0.0, 0.9927786918484677, 0.0, 1.0032974053907264, 0.0, 0.0, 0.0, 0.0, 0.0, 0.0, 0.0, 0.0, 0.0, 0.9742471166958447, 0.9771799109455159, 0.0, 0.0, 0.0, 0.0, 0.0], [0.0, 0.0, 0.0, 1.0032974053907264, 0.0, 0.9719048094462753, 0.0, 0.0, 0.0, 0.0, 0.0, 0.0, 0.0, 0.0, 0.0, 0.0, 0.9655463605659786, 0.9470506443656694, 0.0, 0.0, 0.0], [0.0, 0.0, 0.0, 0.0, 0.9719048094462753, 0.0, 1.7602777975591193, 1.1232948444014221, 0.0, 0.0, 0.0, 0.0, 0.0, 0.0, 0.0, 0.0, 0.0, 0.0, 0.0, 0.0, 0.0], [0.0, 0.0, 0.0, 0.0, 0.0, 1.7602777975591193, 0.0, 0.1704951575105299, 0.0, 0.0, 0.0, 0.0, 0.0, 0.0, 0.0, 0.0, 0.0, 0.0, 0.0, 0.0, 0.0], [0.0, 0.0, 0.0, 0.0, 0.0, 1.1232948444014221, 0.1704951575105299, 0.0, 0.9583236915496568, 0.0, 0.0, 0.0, 0.0, 0.0, 0.0, 0.0, 0.0, 0.0, 0.0, 0.0, 0.0], [0.0, 0.0, 0.0, 0.0, 0.0, 0.0, 0.0, 0.9583236915496568, 0.0, 0.0, 0.0, 0.0, 0.0, 0.0, 0.0, 0.0, 0.0, 0.0, 0.9819906937268388, 0.9773436348329941, 0.9775706659116006], [0.9773337833573695, 0.0, 0.0, 0.0, 0.0, 0.0, 0.0, 0.0, 0.0, 0.0, 0.0, 0.0, 0.0, 0.0, 0.0, 0.0, 0.0, 0.0, 0.0, 0.0, 0.0], [0.9755643762074246, 0.0, 0.0, 0.0, 0.0, 0.0, 0.0, 0.0, 0.0, 0.0, 0.0, 0.0, 0.0, 0.0, 0.0, 0.0, 0.0, 0.0, 0.0, 0.0, 0.0], [0.0, 0.9662753733130962, 0.0, 0.0, 0.0, 0.0, 0.0, 0.0, 0.0, 0.0, 0.0, 0.0, 0.0, 0.0, 0.0, 0.0, 0.0, 0.0, 0.0, 0.0, 0.0], [0.0, 0.0, 0.97419625490418, 0.0, 0.0, 0.0, 0.0, 0.0, 0.0, 0.0, 0.0, 0.0, 0.0, 0.0, 0.0, 0.0, 0.0, 0.0, 0.0, 0.0, 0.0], [0.0, 0.0, 0.960777832103249, 0.0, 0.0, 0.0, 0.0, 0.0, 0.0, 0.0, 0.0, 0.0, 0.0, 0.0, 0.0, 0.0, 0.0, 0.0, 0.0, 0.0, 0.0], [0.0, 0.0, 0.0, 0.9742471166958447, 0.0, 0.0, 0.0, 0.0, 0.0, 0.0, 0.0, 0.0, 0.0, 0.0, 0.0, 0.0, 0.0, 0.0, 0.0, 0.0, 0.0], [0.0, 0.0, 0.0, 0.9771799109455159, 0.0, 0.0, 0.0, 0.0, 0.0, 0.0, 0.0, 0.0, 0.0, 0.0, 0.0, 0.0, 0.0, 0.0, 0.0, 0.0, 0.0], [0.0, 0.0, 0.0, 0.0, 0.9655463605659786, 0.0, 0.0, 0.0, 0.0, 0.0, 0.0, 0.0, 0.0, 0.0, 0.0, 0.0, 0.0, 0.0, 0.0, 0.0, 0.0], [0.0, 0.0, 0.0, 0.0, 0.9470506443656694, 0.0, 0.0, 0.0, 0.0, 0.0, 0.0, 0.0, 0.0, 0.0, 0.0, 0.0, 0.0, 0.0, 0.0, 0.0, 0.0], [0.0, 0.0, 0.0, 0.0, 0.0, 0.0, 0.0, 0.0, 0.9819906937268388, 0.0, 0.0, 0.0, 0.0, 0.0, 0.0, 0.0, 0.0, 0.0, 0.0, 0.0, 0.0], [0.0, 0.0, 0.0, 0.0, 0.0, 0.0, 0.0, 0.0, 0.9773436348329941, 0.0, 0.0, 0.0, 0.0, 0.0, 0.0, 0.0, 0.0, 0.0, 0.0, 0.0, 0.0], [0.0, 0.0, 0.0, 0.0, 0.0, 0.0, 0.0, 0.0, 0.9775706659116006, 0.0, 0.0, 0.0, 0.0, 0.0, 0.0, 0.0, 0.0, 0.0, 0.0, 0.0, 0.0]], "Born radii": [], "Atomic SASAs": [], "Solvent H bonds": [], "Total SASA": NaN, "Total FOD": 0.0, "FOD": [0.0, 0.0, 0.0, 0.0, 0.0, 0.0, 0.0, 0.0, 0.0, 0.0, 0.0, 0.0, 0.0, 0.0, 0.0, 0.0, 0.0, 0.0, 0.0, 0.0, 0.0], "FOD s proportion": [0.0, 0.0, 0.0, 0.0, 0.0, 0.0, 0.0, 0.0, 0.0, 0.0, 0.0, 0.0, 0.0, 0.0, 0.0, 0.0, 0.0, 0.0, 0.0, 0.0, 0.0], "FOD p proportion": [0.0, 0.0, 0.0, 0.0, 0.0, 0.0, 0.0, 0.0, 0.0, 0.0, 0.0, 0.0, 0.0, 0.0, 0.0, 0.0, 0.0, 0.0, 0.0, 0.0, 0.0], "FOD d proportion": [0.0, 0.0, 0.0, 0.0, 0.0, 0.0, 0.0, 0.0, 0.0, 0.0, 0.0, 0.0, 0.0, 0.0, 0.0, 0.0, 0.0, 0.0, 0.0, 0.0, 0.0], "coordinates": [["-2.21731012158325", "1.54016738756308", "0.05501595338310"], ["-2.34176237955114", "0.23930525561048", "0.23791618900212"], ["-1.57109243037999", "-0.80149976479809", "-0.50957570200043"], ["-0.72519613778564", "-1.66604491028611", "0.43144807818362"], ["0.33037901160126", "-0.83745785761649", "1.16071489606157"], ["1.41247724528742", "-0.35631368837865", "0.22195436561980"], ["1.77896101704073", "-0.91624679589102", "-0.77659453630932"], ["1.94747054898621", "0.79150852344429", "0.66232131682208"], ["3.00856802138958", "1.32979888916251", "-0.11440376105383"], ["-2.79229186408381", "2.25695143572056", "0.61672408197074"], ["-1.53486298780862", "1.94496299411574", "-0.67477657723196"], ["-3.03246904824030", "-0.14330213592750", "0.97947526094021"], ["-0.92208299897957", "-0.33025648335471", "-1.24898829389102"], ["-2.27345328824449", "-1.45119203684074", "-1.03958927544214"], ["-0.22245325623576", "-2.43997296388213", "-0.15043720179801"], ["-1.37258767396934", "-2.14924172959618", "1.16573582315710"], ["-0.11521537239370", "0.02758660728149", "1.65284460546374"], ["0.82166081675004", "-1.44769707480463", "1.92334666437612"], ["3.37337948416863", "2.19845568764288", "0.42768676366527"], ["2.64529166071566", "1.62029815779719", "-1.10247370066791"], ["3.80258975331607", "0.59019050303812", "-0.23657395025088"]], "bond_dist": [[0.0, 1.3195389903489259, 2.4939458883865258, 3.556388980989789, 3.6560076419096745, 4.0987638665308745, 4.764003532811446, 4.274892739383573, 5.232853935469664, 1.0769862569334083, 1.0780494938652294, 2.0864272629447798, 2.6223130692074585, 3.1858348777210446, 4.4568130013946385, 3.9444891020753845, 3.042985269904765, 4.65331473845837, 5.641634274456333, 4.999109854043015, 6.101366671234066], [1.3195389903489259, 0.0, 1.4953097967236473, 2.506212333548009, 3.025114191244144, 3.801227678915377, 4.398283058958452, 4.345407607667583, 5.471685399514068, 2.1017536354961766, 2.096035074814671, 1.0832238805551027, 2.1332545697503718, 2.1200159054650958, 3.4381421282083804, 2.7395812789553946, 2.646574915781262, 3.961552608390025, 6.04459509055677, 5.345511617493794, 6.172627032453891], [2.4939458883865258, 1.4953097967236473, 0.0, 1.5324831487764057, 2.5311573066650173, 3.1040320378553323, 3.3626364715198953, 4.0362486876926145, 5.066743004020238, 3.480517634807502, 2.751665239048323, 2.1877199336556203, 1.0908778361478344, 1.0937665249241029, 2.1523016769218866, 2.1592779460553744, 2.735511616950718, 3.473031860770394, 5.858839147812145, 4.898420971941388, 5.557678649348197], [3.556388980989789, 2.506212333548009, 1.5324831487764057, 0.0, 1.527293518454372, 2.5157366678454247, 2.8796470663693268, 3.638133937960436, 4.818093927834438, 4.438142885266446, 3.8624696091915203, 2.8182596816509653, 2.1556812283419924, 2.146441906257183, 1.0910112355751893, 1.091683772771171, 2.175378984981331, 2.1601397192167977, 5.633178600733182, 4.951076123896737, 5.102714644821108], [3.6560076419096745, 3.025114191244144, 2.5311573066650173, 1.527293518454372, 0.0, 1.5111941081322386, 2.4202820827396723, 2.3488109057000366, 3.673639308415269, 4.42971424341996, 3.8196887911255453, 3.438523963108681, 2.7627131204069855, 3.463805816671122, 2.1430814277327346, 2.149627332506321, 1.090434744574266, 1.093323798472902, 4.360499188535523, 4.064653469694352, 4.005851145086233], [4.0987638665308745, 3.801227678915377, 3.1040320378553323, 2.5157366678454247, 1.5111941081322386, 0.0, 1.2020546366080214, 1.3407597535232938, 2.3459791514589985, 4.966395171641458, 3.8453628181079105, 4.514062403276067, 2.7594424834763944, 4.046768445841413, 2.674567105287586, 3.4441110616601813, 2.1280674447972703, 2.105924381990868, 3.2271210040394083, 2.679726753999545, 2.6112748231198726], [4.764003532811446, 4.398283058958452, 3.3626364715198953, 2.8796470663693268, 2.4202820827396723, 1.2020546366080214, 0.0, 2.2394871121458584, 2.6448348204235366, 5.73645157674482, 4.3793056406623405, 5.179872957251784, 2.80395778945897, 4.096021770609451, 2.5921947333983306, 3.901946038024466, 3.2219404449514704, 2.913510864848917, 3.700518241911424, 2.700145610150385, 2.5799319431432983], [4.274892739383573, 4.345407607667583, 4.0362486876926145, 3.638133937960436, 2.3488109057000366, 1.3407597535232938, 2.2394871121458584, 0.0, 1.4209103456471888, 4.9613455603614405, 3.904476258819061, 5.07683523321068, 3.625713546755455, 5.073697222624372, 3.9763825687415806, 4.463655992542535, 2.412340417435778, 2.8056504043805544, 2.0168713364552073, 2.0708326865644247, 2.0712336683194104], [5.232853935469664, 5.471685399514068, 5.066743004020238, 4.818093927834438, 3.673639308415269, 2.3459791514589985, 2.6448348204235366, 1.4209103456471888, 0.0, 5.919808711295424, 4.619005293835253, 6.313535207910243, 4.4150972068467205, 6.0406645232105705, 4.965075702275562, 5.739077121716738, 3.8179767295410505, 4.080376667404373, 1.086974780715443, 1.0920813819815554, 1.091978310556355], [1.0769862569334083, 2.1017536354961766, 3.480517634807502, 4.438142885266446, 4.42971424341996, 4.966395171641458, 5.73645157674482, 4.9613455603614405, 5.919808711295424, 0.0, 1.829327231335799, 2.4393627663474637, 3.6975949866208997, 4.094251508984551, 5.408669496399573, 4.661706993095235, 3.6346047680379776, 5.337821385049745, 6.168845924070105, 5.738317087900498, 6.85555782457041], [1.0780494938652294, 2.096035074814671, 2.751665239048323, 3.8624696091915203, 3.8196887911255453, 3.8453628181079105, 4.3793056406623405, 3.904476258819061, 4.619005293835253, 1.829327231335799, 0.0, 3.056178055953581, 2.4252509315365254, 3.4946348780615626, 4.607061367064727, 4.49180715226428, 3.3330994480928053, 4.8799171266818115, 5.036916529724834, 4.214501746460224, 5.524113667242307], [2.0864272629447798, 1.0832238805551027, 2.1877199336556203, 2.8182596816509653, 3.438523963108681, 4.514062403276067, 5.179872957251784, 5.07683523321068, 6.313535207910243, 2.4393627663474637, 3.056178055953581, 0.0, 3.074854633986343, 2.5225587245710925, 3.800998265817002, 2.610305121463135, 2.9988328139361315, 4.176919486775248, 6.842747669623925, 6.299346326638267, 6.981032585240412], [2.6223130692074585, 2.1332545697503718, 1.0908778361478344, 2.1556812283419924, 2.7627131204069855, 2.7594424834763944, 2.80395778945897, 3.625713546755455, 4.4150972068467205, 3.6975949866208997, 2.4252509315365254, 3.074854633986343, 0.0, 1.7682042084285232, 2.479354736031034, 3.0565592337930574, 3.0331042217711603, 3.7885386440894306, 5.258956401845944, 4.068450798127244, 4.918814702166854], [3.1858348777210446, 2.1200159054650958, 1.0937665249241029, 2.146441906257183, 3.463805816671122, 4.046768445841413, 4.096021770609451, 5.073697222624372, 6.0406645232105705, 4.094251508984551, 3.4946348780615626, 2.5225587245710925, 1.7682042084285232, 0.0, 2.4443568199111803, 2.4823962252330016, 3.75419463837157, 4.284709199136207, 6.881827362508162, 5.799315333693618, 6.459905210567008], [4.4568130013946385, 3.4381421282083804, 2.1523016769218866, 1.0910112355751893, 2.1430814277327346, 2.674567105287586, 2.5921947333983306, 3.9763825687415806, 4.965075702275562, 5.408669496399573, 4.607061367064727, 3.800998265817002, 2.479354736031034, 2.4443568199111803, 0.0, 1.7719044164582574, 3.058132678183423, 2.5249485462194396, 5.897394405302672, 5.06123858214807, 5.0388769983434045], [3.9444891020753845, 2.7395812789553946, 2.1592779460553744, 1.091683772771171, 2.149627332506321, 3.4441110616601813, 3.901946038024466, 4.463655992542535, 5.739077121716738, 4.661706993095235, 4.49180715226428, 2.610305121463135, 3.0565592337930574, 2.4823962252330016, 1.7719044164582574, 0.0, 2.5606330621163744, 2.4250495929822677, 6.478533284024105, 5.95798285955145, 6.021081552485045], [3.042985269904765, 2.646574915781262, 2.735511616950718, 2.175378984981331, 1.090434744574266, 2.1280674447972703, 3.2219404449514704, 2.412340417435778, 3.8179767295410505, 3.6346047680379776, 3.3330994480928053, 2.9988328139361315, 3.0331042217711603, 3.75419463837157, 3.058132678183423, 2.5606330621163744, 0.0, 1.7684372480497899, 4.287654180857237, 4.212945303596588, 4.385843433735068], [4.65331473845837, 3.961552608390025, 3.473031860770394, 2.1601397192167977, 1.093323798472902, 2.105924381990868, 2.913510864848917, 2.8056504043805544, 4.080376667404373, 5.337821385049745, 4.8799171266818115, 4.176919486775248, 3.7885386440894306, 4.284709199136207, 2.5249485462194396, 2.4250495929822677, 1.7684372480497899, 0.0, 4.69496503324045, 4.679082504492247, 4.20763355893466], [5.641634274456333, 6.04459509055677, 5.858839147812145, 5.633178600733182, 4.360499188535523, 3.2271210040394083, 3.700518241911424, 2.0168713364552073, 1.086974780715443, 6.168845924070105, 5.036916529724834, 6.842747669623925, 5.258956401845944, 6.881827362508162, 5.897394405302672, 6.478533284024105, 4.287654180857237, 4.69496503324045, 0.0, 1.7904661556661958, 1.7921999484448699], [4.999109854043015, 5.345511617493794, 4.898420971941388, 4.951076123896737, 4.064653469694352, 2.679726753999545, 2.700145610150385, 2.0708326865644247, 1.0920813819815554, 5.738317087900498, 4.214501746460224, 6.299346326638267, 4.068450798127244, 5.799315333693618, 5.06123858214807, 5.95798285955145, 4.212945303596588, 4.679082504492247, 1.7904661556661958, 0.0, 1.774892400485746], [6.101366671234066, 6.172627032453891, 5.557678649348197, 5.102714644821108, 4.005851145086233, 2.6112748231198726, 2.5799319431432983, 2.0712336683194104, 1.091978310556355, 6.85555782457041, 5.524113667242307, 6.981032585240412, 4.918814702166854, 6.459905210567008, 5.0388769983434045, 6.021081552485045, 4.385843433735068, 4.20763355893466, 1.7921999484448699, 1.774892400485746, 0.0]]}