{"total energy": -28.03522532, "HOMO-LUMO gap/eV": 6.24567352, "electronic energy": -28.31285822, "dipole": [0.07403042, 0.39237858, -0.16113455], "partial charges": [-0.11728582, 0.08438558, -0.26889556, 0.48204635, -0.45865089, -0.26889556, 0.08438558, -0.11728582, 0.06297332, 0.05616121, 0.06297335, 0.05399523, 0.05399496, 0.05399498, 0.05399521, 0.05616121, 0.06297335, 0.06297332], "atomic dipole moments": [[-0.11320518, -0.07384773, 0.03420835], [-0.1567431, 0.19938008, -0.0742707], [-0.042153, -0.22542106, 0.09255315], [0.0247453, 0.13115572, -0.05386145], [0.03702954, 0.19626576, -0.08059576], [-0.04288334, -0.22529277, 0.09253], [0.21950849, 0.13329211, -0.06233931], [0.07897082, -0.10760303, 0.04030273], [-0.00099029, 0.03056027, -0.12375641], [0.09832678, -0.07312871, 0.02564351], [0.00650121, 0.10778762, 0.06775045], [-0.00796659, -0.02954793, 0.12190857], [-0.01533776, -0.10553485, -0.06652332], [-0.01744981, -0.10516397, -0.06659015], [-0.01007807, -0.02917687, 0.12184165], [-0.11872811, -0.03500342, 0.01876033], [0.02643222, 0.10428685, 0.06838238], [0.01894014, 0.02705939, -0.12312441]], "atomic quadrupole moments": [[0.17995993, 0.17159699, -0.04376431, -0.08254535, -0.05408388, -0.13619561], [0.36388965, -0.24070554, -0.01872742, 0.06715058, -0.14469286, -0.34516222], [0.08190399, -0.03748131, 0.00652801, 0.00777104, -0.04383339, -0.088432], [-0.01586476, -0.04569398, -0.2258219, 0.03214711, 0.2278849, 0.24168666], [-0.09490519, 0.01194905, -0.01761185, 0.00428394, 0.06219157, 0.11251703], [0.09919987, 0.00683606, -0.00957416, -0.01077635, -0.03907388, -0.08962571], [0.48444, 0.06818026, -0.13095742, -0.06213049, -0.11151844, -0.35348258], [0.03595147, -0.1973963, 0.09030438, 0.07188802, -0.09371362, -0.12625585], [-0.04053108, 0.01109036, -0.03620591, 0.00848037, -0.02430676, 0.07673699], [0.04507295, -0.05966102, 0.00270195, 0.02012423, -0.02114216, -0.0477749], [-0.04182321, 0.00823114, 0.04215564, -0.00954242, 0.05731344, -0.00033243], [-0.00410618, -0.01047333, -0.03442508, 0.00506678, -0.00871417, 0.03853126], [-0.00408062, -0.00819129, 0.00991481, 0.00452518, 0.03731675, -0.00583419], [0.00172815, 0.00859758, 0.00383782, 0.00884796, 0.03712219, -0.00556597], [0.00018078, -0.00139386, -0.03774695, -0.01008247, -0.00574133, 0.03756617], [0.08113186, 0.03273268, -0.03086812, -0.0185457, -0.01121906, -0.05026373], [-0.0406906, 0.01774125, 0.03877996, 0.02584373, 0.05140577, 0.00191064], [-0.04467645, -0.00613927, -0.03002537, -0.02367456, -0.01922816, 0.07470183]], "number of molecular orbitals": 42, "number of electrons": 48, "number of unpaired electrons": 0, "orbital energies/eV": [-20.57397219, -20.186737, -19.70902866, -18.76455551, -17.61992547, -16.81840181, -16.7117763, -16.68561838, -16.4732577, -16.12390674, -15.35791067, -15.15379112, -14.57667431, -14.25863515, -14.02688317, -13.23867814, -13.15794302, -13.14377814, -12.88895574, -12.87351338, -12.77772462, -12.11729313, -11.90984175, -11.89121128, -5.64553776, -0.69102119, 1.50733938, 2.77112681, 3.03108696, 3.75132305, 3.84346033, 3.8523875, 3.89779976, 4.60851234, 4.65012377, 6.07296735, 6.48262553, 7.14147081, 7.15224865, 7.17328557, 7.72559521, 18.68336256], "fractional occupation": [2.0, 2.0, 2.0, 2.0, 2.0, 2.0, 2.0, 2.0, 2.0, 2.0, 2.0, 2.0, 2.0, 2.0, 2.0, 2.0, 2.0, 2.0, 2.0, 2.0, 2.0, 2.0, 2.0, 2.0, 0.0, 0.0, 0.0, 0.0, 0.0, 0.0, 0.0, 0.0, 0.0, 0.0, 0.0, 0.0, 0.0, 0.0, 0.0, 0.0, 0.0, 0.0], "program call": "xtb /tmp/scratch/tmpyhvxbd4s/4327_0_xyzopt.xyz --pop --wbo --acc 0.2 --gfn 2 --chrg 0 --uhf 0 --etemp 300 --input /tmp/scratch/tmpyhvxbd4s/4327_0_xtb.inp", "method": "GFN2-xTB", "xtb version": "6.3.3 (7355c4f)", "Dipole module/D": 1.094, "Total charge": 0, "Transition dipole module/D": NaN, "HOMO": -11.8912, "LUMO": -5.6455, "HOMO occupancy": 2.0, "LUMO occupancy": 0, "mulliken charges": [-0.09537, 0.20359, -0.40903, 0.75878, -0.56367, -0.40903, 0.20359, -0.09537, 0.04618, 0.03491, 0.04618, 0.03799, 0.03799, 0.03799, 0.03799, 0.03491, 0.04618, 0.04618], "cm5 charges": [-0.24463, 0.12108, -0.48719, 0.84581, -0.61416, -0.48719, 0.12108, -0.24463, 0.10062, 0.08721, 0.10062, 0.10323, 0.10323, 0.10323, 0.10323, 0.08721, 0.10062, 0.10062], "FUKUI+": [0.017, 0.027, -0.122, -0.193, -0.276, -0.122, 0.027, 0.017, -0.029, -0.045, -0.029, -0.041, -0.041, -0.041, -0.041, -0.045, -0.029, -0.029], "FUKUI-": [0.015, 0.012, -0.074, 0.007, -0.059, -0.074, 0.012, 0.015, -0.084, -0.057, -0.084, -0.102, -0.102, -0.102, -0.102, -0.057, -0.084, -0.084], "FUKUIrad": [0.016, 0.019, -0.098, -0.093, -0.168, -0.098, 0.019, 0.016, -0.056, -0.051, -0.056, -0.071, -0.071, -0.071, -0.071, -0.051, -0.056, -0.056], "s proportion": [1.008, 0.996, 1.677, 0.884, 1.712, 1.677, 0.996, 1.008, 0.954, 0.965, 0.954, 0.962, 0.962, 0.962, 0.962, 0.965, 0.954, 0.954], "p proportion": [3.088, 2.8, 4.732, 2.357, 4.852, 4.732, 2.8, 3.088, 0.0, 0.0, 0.0, 0.0, 0.0, 0.0, 0.0, 0.0, 0.0, 0.0], "d proportion": [0.0, 0.0, 0.0, 0.0, 0.0, 0.0, 0.0, 0.0, 0.0, 0.0, 0.0, 0.0, 0.0, 0.0, 0.0, 0.0, 0.0, 0.0], "Fermi-level/eV": -8.7684, "Coordination numbers": [3.751, 3.707, 1.704, 2.636, 0.856, 1.704, 3.707, 3.751, 0.925, 0.925, 0.925, 0.924, 0.924, 0.924, 0.924, 0.925, 0.925, 0.925], "Dispersion coefficient C6": [22.808, 19.314, 18.459, 19.007, 22.889, 18.459, 19.314, 22.808, 2.164, 2.244, 2.164, 2.271, 2.271, 2.271, 2.271, 2.244, 2.164, 2.164], "Total dispersion C6": 2584.628752, "Total dispersion C8": 54476.355687, "Polarizability alpha": [6.811, 6.282, 5.801, 7.132, 6.414, 5.801, 6.282, 6.811, 2.301, 2.343, 2.301, 2.357, 2.357, 2.357, 2.357, 2.343, 2.301, 2.301], "Total polarizability alpha": 74.646956, "Wiberg matrix": [[0.0, 1.0197165219888966, 0.0, 0.0, 0.0, 0.0, 0.0, 0.0, 0.9846988867498139, 0.9831205899942558, 0.9846988894358631, 0.0, 0.0, 0.0, 0.0, 0.0, 0.0, 0.0], [1.0197165219888966, 0.0, 0.9305377454399606, 0.0, 0.0, 0.0, 0.0, 0.0, 0.0, 0.0, 0.0, 0.970260576149443, 0.9702606627988758, 0.0, 0.0, 0.0, 0.0, 0.0], [0.0, 0.9305377454399606, 0.0, 1.1078702187326173, 0.1484829146124842, 0.0, 0.0, 0.0, 0.0, 0.0, 0.0, 0.0, 0.0, 0.0, 0.0, 0.0, 0.0, 0.0], [0.0, 0.0, 1.1078702187326173, 0.0, 1.6680569578759346, 1.1078702188812002, 0.0, 0.0, 0.0, 0.0, 0.0, 0.0, 0.0, 0.0, 0.0, 0.0, 0.0, 0.0], [0.0, 0.0, 0.1484829146124842, 1.6680569578759346, 0.0, 0.14848291490958798, 0.0, 0.0, 0.0, 0.0, 0.0, 0.0, 0.0, 0.0, 0.0, 0.0, 0.0, 0.0], [0.0, 0.0, 0.0, 1.1078702188812002, 0.14848291490958798, 0.0, 0.9305377452260256, 0.0, 0.0, 0.0, 0.0, 0.0, 0.0, 0.0, 0.0, 0.0, 0.0, 0.0], [0.0, 0.0, 0.0, 0.0, 0.0, 0.9305377452260256, 0.0, 1.0197165230926906, 0.0, 0.0, 0.0, 0.0, 0.0, 0.9702606624154173, 0.9702605768193346, 0.0, 0.0, 0.0], [0.0, 0.0, 0.0, 0.0, 0.0, 0.0, 1.0197165230926906, 0.0, 0.0, 0.0, 0.0, 0.0, 0.0, 0.0, 0.0, 0.983120587810337, 0.9846988909038916, 0.9846988851657024], [0.9846988867498139, 0.0, 0.0, 0.0, 0.0, 0.0, 0.0, 0.0, 0.0, 0.0, 0.0, 0.0, 0.0, 0.0, 0.0, 0.0, 0.0, 0.0], [0.9831205899942558, 0.0, 0.0, 0.0, 0.0, 0.0, 0.0, 0.0, 0.0, 0.0, 0.0, 0.0, 0.0, 0.0, 0.0, 0.0, 0.0, 0.0], [0.9846988894358631, 0.0, 0.0, 0.0, 0.0, 0.0, 0.0, 0.0, 0.0, 0.0, 0.0, 0.0, 0.0, 0.0, 0.0, 0.0, 0.0, 0.0], [0.0, 0.970260576149443, 0.0, 0.0, 0.0, 0.0, 0.0, 0.0, 0.0, 0.0, 0.0, 0.0, 0.0, 0.0, 0.0, 0.0, 0.0, 0.0], [0.0, 0.9702606627988758, 0.0, 0.0, 0.0, 0.0, 0.0, 0.0, 0.0, 0.0, 0.0, 0.0, 0.0, 0.0, 0.0, 0.0, 0.0, 0.0], [0.0, 0.0, 0.0, 0.0, 0.0, 0.0, 0.9702606624154173, 0.0, 0.0, 0.0, 0.0, 0.0, 0.0, 0.0, 0.0, 0.0, 0.0, 0.0], [0.0, 0.0, 0.0, 0.0, 0.0, 0.0, 0.9702605768193346, 0.0, 0.0, 0.0, 0.0, 0.0, 0.0, 0.0, 0.0, 0.0, 0.0, 0.0], [0.0, 0.0, 0.0, 0.0, 0.0, 0.0, 0.0, 0.983120587810337, 0.0, 0.0, 0.0, 0.0, 0.0, 0.0, 0.0, 0.0, 0.0, 0.0], [0.0, 0.0, 0.0, 0.0, 0.0, 0.0, 0.0, 0.9846988909038916, 0.0, 0.0, 0.0, 0.0, 0.0, 0.0, 0.0, 0.0, 0.0, 0.0], [0.0, 0.0, 0.0, 0.0, 0.0, 0.0, 0.0, 0.9846988851657024, 0.0, 0.0, 0.0, 0.0, 0.0, 0.0, 0.0, 0.0, 0.0, 0.0]], "Born radii": [], "Atomic SASAs": [], "Solvent H bonds": [], "Total SASA": NaN, "Total FOD": 0.0, "FOD": [0.0, 0.0, 0.0, 0.0, 0.0, 0.0, 0.0, 0.0, 0.0, 0.0, 0.0, 0.0, 0.0, 0.0, 0.0, 0.0, 0.0, 0.0], "FOD s proportion": [0.0, 0.0, 0.0, 0.0, 0.0, 0.0, 0.0, 0.0, 0.0, 0.0, 0.0, 0.0, 0.0, 0.0, 0.0, 0.0, 0.0, 0.0], "FOD p proportion": [0.0, 0.0, 0.0, 0.0, 0.0, 0.0, 0.0, 0.0, 0.0, 0.0, 0.0, 0.0, 0.0, 0.0, 0.0, 0.0, 0.0, 0.0], "FOD d proportion": [0.0, 0.0, 0.0, 0.0, 0.0, 0.0, 0.0, 0.0, 0.0, 0.0, 0.0, 0.0, 0.0, 0.0, 0.0, 0.0, 0.0, 0.0], "coordinates": [["3.50086072524844", "-0.02023688615441", "-0.08164878310339"], ["2.23073855462825", "-0.77054411287300", "0.27060687616799"], ["1.11585708170055", "0.07613364619845", "-0.02721409131180"], ["-0.08313829347384", "-0.44065520429646", "0.22809000222607"], ["-0.28939807986706", "-1.53388235338904", "0.67702448831136"], ["-1.01646413432465", "0.45067208184036", "-0.09483313955418"], ["-2.36906047693929", "0.03740243022803", "0.12474049523397"], ["-3.28366067242971", "1.17145142241615", "-0.29679797915179"], ["3.50210401966773", "0.23665742409831", "-1.13708691674774"], ["4.36342949331742", "-0.64325658334623", "0.13584822401546"], ["3.56607011468532", "0.89606004029071", "0.49808692941034"], ["2.20282147451057", "-1.03264447792088", "1.33405178875322"], ["2.13852941597373", "-1.69541638718604", "-0.30947907571316"], ["-2.56176294356109", "-0.86981919566424", "-0.45853099928768"], ["-2.49746424766263", "-0.20704614612454", "1.18499914775736"], ["-4.31844272036534", "0.88169787438890", "-0.13946913732423"], ["-3.06852386778840", "2.06141454639650", "0.28769120850956"], ["-3.13249444332001", "1.40201088109742", "-1.34748203819135"]], "bond_dist": [[0.0, 1.5166592604325464, 2.3875704795697925, 3.6218418855009427, 4.151237109946224, 4.541822648487054, 5.873831266294486, 6.8917443943385415, 1.0862531410181986, 1.086040225241534, 1.086253109660592, 2.1711939428520997, 2.171193128014498, 6.133452213486102, 6.133449042831692, 7.871361755136533, 6.90119545059229, 6.901197239139971], [1.5166592604325464, 0.0, 1.4312656130342434, 2.3376613195145435, 2.664385332758719, 3.488443879792843, 4.672494595866899, 5.873831267946065, 2.147656140164411, 2.1407318023213198, 2.147656153403081, 1.0956235881104133, 1.095623548767661, 4.848666640802839, 4.8486642412589624, 6.7668191415198535, 6.00853259489039, 6.0085335254851895], [2.3875704795697925, 1.4312656130342434, 0.0, 1.3303536393991713, 2.250076790927314, 2.166020577873046, 3.4884438785766796, 4.5418226487159075, 2.6366190511467797, 3.330291006764911, 2.6366198742157136, 2.0649274360111614, 2.06492657145271, 3.82174699637998, 3.821746035647258, 5.49482932035461, 4.642149236182828, 4.642149133076769], [3.6218418855009427, 2.3376613195145435, 1.3303536393991713, 0.0, 1.1996794871100906, 1.330353641596522, 2.337661320932122, 3.621841888747075, 3.895692860149857, 4.45213667209016, 3.895693518743511, 2.607530409062957, 2.6075301629789256, 2.6075295371724194, 2.607531038728208, 4.452136675150746, 3.8956940804494207, 3.8956922986050344], [4.151237109946224, 2.664385332758719, 2.250076790927314, 1.1996794871100906, 0.0, 2.2500767879402312, 2.6643853261178765, 4.151237105956294, 4.560844161381441, 4.768111831436778, 4.560841335301253, 2.625658505699472, 2.6256645732019046, 2.625663386006461, 2.6256596841385855, 4.76811182677831, 4.560842065392985, 4.5608434189341365], [4.541822648487054, 3.488443879792843, 2.166020577873046, 1.330353641596522, 2.2500767879402312, 0.0, 1.4312656119995186, 2.3875704799293627, 4.642149649901088, 5.494829320439263, 4.6421487250047075, 3.821745672602969, 3.8217473617734097, 2.0649265742316407, 2.06492742893049, 3.3302910066254414, 2.636620054859876, 2.6366188656716725], [5.873831266294486, 4.672494595866899, 3.4884438785766796, 2.337661320932122, 2.6643853261178765, 1.4312656119995186, 0.0, 1.5166592628739914, 6.008534223621388, 6.766819140039562, 6.008531899796243, 4.848663606424479, 4.848667273846434, 1.0956235464110193, 1.0956235873088371, 2.1407318043024723, 2.1476561681265296, 2.1476561254384325], [6.8917443943385415, 5.873831267946065, 4.5418226487159075, 3.621841888747075, 4.151237105956294, 2.3875704799293627, 1.5166592628739914, 0.0, 6.901197560891403, 7.8713617555261415, 6.901195134696619, 6.133448952429029, 6.133452307039141, 2.1711931367306425, 2.1711939319428253, 1.0860402247592111, 1.0862531092011483, 1.0862531402626607], [1.0862531410181986, 2.147656140164411, 2.6366190511467797, 3.895692860149857, 4.560844161381441, 4.642149649901088, 6.008534223621388, 6.901197560891403, 0.0, 1.771014992778096, 1.7642837013112684, 3.06688587209315, 2.5054300330745622, 6.201226587614674, 6.448548359402658, 7.910263568894203, 6.966554535565331, 6.739451873256929], [1.086040225241534, 2.1407318023213198, 3.330291006764911, 4.45213667209016, 4.768111831436778, 5.494829320439263, 6.766819140039562, 7.8713617555261415, 1.771014992778096, 0.0, 1.7710151117886475, 2.5011080996078547, 2.5011071570134233, 6.954344510174493, 6.954341099726762, 8.81908106790827, 7.910261245600931, 7.910263164506239], [1.086253109660592, 2.147656153403081, 2.6366198742157136, 3.895693518743511, 4.560841335301253, 4.6421487250047075, 6.008531899796243, 6.901195134696619, 1.7642837013112684, 1.7710151117886475, 0.0, 2.5054311444468533, 3.0668852885748374, 6.448549086982348, 6.201220897339199, 7.910260846275428, 6.739447662572277, 6.966554256248388], [2.1711939428520997, 1.0956235881104133, 2.0649274360111614, 2.607530409062957, 2.625658505699472, 3.821745672602969, 4.848663606424479, 6.133448952429029, 3.06688587209315, 2.5011080996078547, 2.5054311444468533, 0.0, 1.7733002495222, 5.093243544290191, 4.774569631424175, 6.954340893341771, 6.201221930202524, 6.448547613633699], [2.171193128014498, 1.095623548767661, 2.06492657145271, 2.6075301629789256, 2.6256645732019046, 3.8217473617734097, 4.848667273846434, 6.133452307039141, 2.5054300330745622, 2.5011071570134233, 3.0668852885748374, 1.7733002495222, 0.0, 4.774575945952829, 5.093245368542688, 6.954344718650572, 6.448549830141602, 6.201225552877697], [6.133452213486102, 4.848666640802839, 3.82174699637998, 2.6075295371724194, 2.625663386006461, 2.0649265742316407, 1.0956235464110193, 2.1711931367306425, 6.201226587614674, 6.954344510174493, 6.448549086982348, 5.093243544290191, 4.774575945952829, 0.0, 1.7733002514341127, 2.501107026234613, 3.066885304071366, 2.5054301610828964], [6.133449042831692, 4.8486642412589624, 3.821746035647258, 2.607531038728208, 2.6256596841385855, 2.06492742893049, 1.0956235873088371, 2.1711939319428253, 6.448548359402658, 6.954341099726762, 6.201220897339199, 4.774569631424175, 5.093245368542688, 1.7733002514341127, 0.0, 2.5011082300527168, 2.5054310090458207, 3.066885851060193], [7.871361755136533, 6.7668191415198535, 5.49482932035461, 4.452136675150746, 4.76811182677831, 3.3302910066254414, 2.1407318043024723, 1.0860402247592111, 7.910263568894203, 8.81908106790827, 7.910260846275428, 6.954340893341771, 6.954344718650572, 2.501107026234613, 2.5011082300527168, 0.0, 1.7710151115371051, 1.7710149941313995], [6.90119545059229, 6.00853259489039, 4.642149236182828, 3.8956940804494207, 4.560842065392985, 2.636620054859876, 2.1476561681265296, 1.0862531092011483, 6.966554535565331, 7.910261245600931, 6.739447662572277, 6.201221930202524, 6.448549830141602, 3.066885304071366, 2.5054310090458207, 1.7710151115371051, 0.0, 1.7642837002789833], [6.901197239139971, 6.0085335254851895, 4.642149133076769, 3.8956922986050344, 4.5608434189341365, 2.6366188656716725, 2.1476561254384325, 1.0862531402626607, 6.739451873256929, 7.910263164506239, 6.966554256248388, 6.448547613633699, 6.201225552877697, 2.5054301610828964, 3.066885851060193, 1.7710149941313995, 1.7642837002789833, 0.0]]}