{"total energy": -27.54087145, "HOMO-LUMO gap/eV": 4.59382634, "electronic energy": -28.02381141, "dipole": [-0.30599557, -0.01962681, 0.00566645], "partial charges": [-0.03564732, -0.03564718, -0.04221604, 0.0067777, 0.00677764, -0.04221564, -0.05907615, -0.05345577, -0.05345593, -0.0590762, 0.02569865, 0.02569862, 0.02440439, 0.02440461, 0.03529004, 0.03910655, 0.02634044, 0.03277753, 0.02633984, 0.03277642, 0.03529175, 0.03910604], "atomic dipole moments": [[0.00092004, 0.00331204, 0.00037044], [0.00132151, -0.00316798, -0.00041299], [-0.00708979, -0.00607169, -0.00170679], [-0.07576522, 0.03949741, 0.00551404], [-0.07024819, -0.04886791, -0.0028129], [-0.0077386, 0.00512019, 0.00198387], [-0.02280577, 0.08744645, -0.01617134], [0.07343349, 0.02310788, 0.08002446], [0.07279866, -0.01372521, -0.08272261], [-0.01083684, -0.08960419, 0.01678628], [0.13112923, -0.06583157, -0.00986278], [0.12191595, 0.08207097, 0.00517716], [-0.00879763, 0.1447798, 0.01444945], [0.00924801, -0.14475084, -0.01445783], [0.01614422, -0.09155494, -0.08453042], [-0.01404607, -0.05590517, 0.11095358], [-0.09865572, -0.07165926, 0.01758027], [0.00159846, 0.03630072, -0.11867041], [-0.10758056, 0.05842534, -0.01377695], [0.01057843, -0.03551915, 0.11844525], [0.0074141, 0.09305806, 0.08410542], [-0.02514477, 0.05340278, -0.11022323]], "atomic quadrupole moments": [[-0.26005177, -0.00187434, -0.23589312, 0.01913191, -0.0734521, 0.49594489], [-0.25981074, -0.00398289, -0.23616452, 0.01831381, -0.0734668, 0.49597526], [-0.24316902, -0.01163544, -0.23669693, 0.01688015, -0.07226559, 0.47986596], [-0.11255024, -0.11280406, -0.27966478, 0.00051484, -0.07032214, 0.39221502], [-0.14253787, 0.12771635, -0.24867328, 0.02790646, -0.07305289, 0.39121115], [-0.24558195, 0.00775014, -0.23419823, 0.019245, -0.07247092, 0.47978019], [0.20660123, -0.03823755, 0.00479952, 0.05575878, -0.02614692, -0.21140075], [0.01145118, -0.14867062, 0.090644, 0.05206322, 0.13114635, -0.10209518], [-0.03008679, 0.13803467, 0.12761487, -0.07137493, 0.1178887, -0.09752808], [0.1892402, 0.06116212, 0.01763017, -0.06685383, -0.03585465, -0.20687036], [0.03506609, 0.00263223, 0.03647039, -0.00237421, 0.0109543, -0.07153648], [0.0356811, -0.00231772, 0.0358325, -0.00299665, 0.01100697, -0.0715136], [0.03792113, 0.00031163, 0.03470147, -0.00271307, 0.01083994, -0.0726226], [0.03789324, 0.00050912, 0.03472716, -0.00277354, 0.01083166, -0.0726204], [-0.00911493, -0.01125895, -0.00068713, -0.00355246, 0.0535038, 0.00980206], [-0.00663518, -0.00076288, -0.035954, -0.0065024, -0.03735356, 0.04258918], [0.02847183, 0.03542781, 0.00830123, -0.01625663, -0.01237519, -0.03677307], [-0.03640002, -0.00823989, -0.01108107, -0.0104029, -0.02444007, 0.04748109], [0.03832633, -0.03202936, -0.00039531, 0.01501987, -0.00911485, -0.03793102], [-0.03697675, 0.00395588, -0.00950917, 0.01653802, -0.02293605, 0.04648591], [-0.01204832, 0.011782, 0.00226993, -0.00254227, 0.05313732, 0.00977839], [-0.0064068, 0.00314938, -0.03545151, 0.01302031, -0.0361836, 0.04185832]], "number of molecular orbitals": 52, "number of electrons": 52, "number of unpaired electrons": 0, "orbital energies/eV": [-17.42938555, -17.13633291, -16.77717557, -16.53632609, -16.31721018, -15.69177666, -15.51903618, -15.35882496, -14.77753049, -14.1654531, -13.87860118, -13.79186383, -13.47219479, -13.27792473, -13.05890639, -13.00041847, -12.64270681, -12.49105374, -12.26352456, -12.09736788, -11.80565496, -11.76344304, -11.13567955, -11.03211801, -10.60136835, -10.39730113, -5.80347479, -5.72397354, -2.31293347, 2.58770557, 2.59327322, 2.93063639, 2.93240715, 3.47877281, 3.86906564, 3.89091745, 4.21055365, 4.91697792, 5.14089573, 5.41096782, 5.67353185, 6.0787305, 6.55977369, 7.17121965, 7.70398239, 8.02464228, 11.08858272, 11.22194454, 12.77723601, 12.81232653, 17.4871417, 18.15306868], "fractional occupation": [2.0, 2.0, 2.0, 2.0, 2.0, 2.0, 2.0, 2.0, 2.0, 2.0, 2.0, 2.0, 2.0, 2.0, 2.0, 2.0, 2.0, 2.0, 2.0, 2.0, 2.0, 2.0, 2.0, 2.0, 2.0, 2.0, 0.0, 0.0, 0.0, 0.0, 0.0, 0.0, 0.0, 0.0, 0.0, 0.0, 0.0, 0.0, 0.0, 0.0, 0.0, 0.0, 0.0, 0.0, 0.0, 0.0, 0.0, 0.0, 0.0, 0.0, 0.0, 0.0], "program call": "xtb /tmp/scratch/tmpixafwoaw/435498_a67883_xyzopt.xyz --pop --wbo --acc 0.2 --gfn 2 --chrg 0 --uhf 0 --etemp 300 --input /tmp/scratch/tmpixafwoaw/435498_a67883_xtb.inp", "method": "GFN2-xTB", "xtb version": "6.3.3 (7355c4f)", "Dipole module/D": 0.779, "Total charge": 0, "Transition dipole module/D": NaN, "HOMO": -10.3973, "LUMO": -5.8035, "HOMO occupancy": 2.0, "LUMO occupancy": 0, "mulliken charges": [-0.03235, -0.03235, -0.04175, -0.00274, -0.00274, -0.04175, -0.04819, -0.04485, -0.04485, -0.04819, 0.02711, 0.02711, 0.02638, 0.02638, 0.03116, 0.03356, 0.02556, 0.02611, 0.02556, 0.02611, 0.03116, 0.03356], "cm5 charges": [-0.08867, -0.08867, -0.09595, -0.01571, -0.01571, -0.09595, -0.15184, -0.15443, -0.15443, -0.15184, 0.08355, 0.08355, 0.08376, 0.08376, 0.08697, 0.08961, 0.08021, 0.08251, 0.08021, 0.08251, 0.08697, 0.08961], "FUKUI+": [-0.055, -0.055, -0.054, -0.073, -0.073, -0.054, 0.018, 0.014, 0.014, 0.018, -0.093, -0.093, -0.091, -0.091, -0.046, -0.052, -0.044, -0.023, -0.044, -0.023, -0.046, -0.052], "FUKUI-": [-0.047, -0.047, -0.023, -0.053, -0.053, -0.023, 0.013, 0.014, 0.014, 0.013, -0.074, -0.074, -0.063, -0.063, -0.073, -0.096, -0.053, -0.046, -0.053, -0.046, -0.073, -0.096], "FUKUIrad": [-0.051, -0.051, -0.038, -0.063, -0.063, -0.038, 0.015, 0.014, 0.014, 0.015, -0.083, -0.083, -0.077, -0.077, -0.059, -0.074, -0.048, -0.035, -0.048, -0.035, -0.059, -0.074], "s proportion": [1.053, 1.053, 1.057, 1.084, 1.084, 1.057, 1.027, 1.026, 1.026, 1.027, 0.973, 0.973, 0.974, 0.974, 0.969, 0.966, 0.974, 0.974, 0.974, 0.974, 0.969, 0.966], "p proportion": [2.979, 2.979, 2.985, 2.919, 2.919, 2.985, 3.021, 3.019, 3.019, 3.021, 0.0, 0.0, 0.0, 0.0, 0.0, 0.0, 0.0, 0.0, 0.0, 0.0, 0.0, 0.0], "d proportion": [0.0, 0.0, 0.0, 0.0, 0.0, 0.0, 0.0, 0.0, 0.0, 0.0, 0.0, 0.0, 0.0, 0.0, 0.0, 0.0, 0.0, 0.0, 0.0, 0.0, 0.0, 0.0], "Fermi-level/eV": -8.1004, "Coordination numbers": [2.919, 2.919, 2.926, 2.973, 2.973, 2.926, 3.811, 3.807, 3.807, 3.811, 0.926, 0.926, 0.925, 0.925, 0.924, 0.924, 0.924, 0.924, 0.924, 0.924, 0.924, 0.924], "Dispersion coefficient C6": [28.887, 28.887, 29.049, 27.865, 27.865, 29.049, 21.628, 21.529, 21.529, 21.628, 2.648, 2.648, 2.667, 2.667, 2.513, 2.461, 2.639, 2.547, 2.639, 2.547, 2.513, 2.461], "Total dispersion C6": 4878.574507, "Total dispersion C8": 114945.704317, "Polarizability alpha": [8.814, 8.814, 8.839, 8.659, 8.659, 8.839, 6.62, 6.605, 6.605, 6.62, 2.545, 2.545, 2.554, 2.554, 2.479, 2.453, 2.54, 2.496, 2.54, 2.496, 2.479, 2.453], "Total polarizability alpha": 109.206651, "Wiberg matrix": [[0.0, 1.4259431690840114, 0.0, 0.10664203530613843, 0.0, 1.4529450482315338, 0.0, 0.0, 0.0, 0.0, 0.9714013425160067, 0.0, 0.0, 0.0, 0.0, 0.0, 0.0, 0.0, 0.0, 0.0, 0.0, 0.0], [1.4259431690840114, 0.0, 1.4529458913524465, 0.0, 0.10664134916105135, 0.0, 0.0, 0.0, 0.0, 0.0, 0.0, 0.9714013224729745, 0.0, 0.0, 0.0, 0.0, 0.0, 0.0, 0.0, 0.0, 0.0, 0.0], [0.0, 1.4529458913524465, 0.0, 1.4071808201803653, 0.0, 0.10993486606314994, 0.0, 0.0, 0.0, 0.0, 0.0, 0.0, 0.9697737151403187, 0.0, 0.0, 0.0, 0.0, 0.0, 0.0, 0.0, 0.0, 0.0], [0.10664203530613843, 0.0, 1.4071808201803653, 0.0, 1.3954863325305045, 0.0, 0.0, 0.0, 0.0, 1.010195808004035, 0.0, 0.0, 0.0, 0.0, 0.0, 0.0, 0.0, 0.0, 0.0, 0.0, 0.0, 0.0], [0.0, 0.10664134916105135, 0.0, 1.3954863325305045, 0.0, 1.4071813750422795, 1.0101960773748524, 0.0, 0.0, 0.0, 0.0, 0.0, 0.0, 0.0, 0.0, 0.0, 0.0, 0.0, 0.0, 0.0, 0.0, 0.0], [1.4529450482315338, 0.0, 0.10993486606314994, 0.0, 1.4071813750422795, 0.0, 0.0, 0.0, 0.0, 0.0, 0.0, 0.0, 0.0, 0.9697734548183934, 0.0, 0.0, 0.0, 0.0, 0.0, 0.0, 0.0, 0.0], [0.0, 0.0, 0.0, 0.0, 1.0101960773748524, 0.0, 0.0, 1.0076622612154587, 0.0, 0.0, 0.0, 0.0, 0.0, 0.0, 0.9694211261637772, 0.9603047929513264, 0.0, 0.0, 0.0, 0.0, 0.0, 0.0], [0.0, 0.0, 0.0, 0.0, 0.0, 0.0, 1.0076622612154587, 0.0, 1.0089507440768934, 0.0, 0.0, 0.0, 0.0, 0.0, 0.0, 0.0, 0.978137053397949, 0.9779929116850721, 0.0, 0.0, 0.0, 0.0], [0.0, 0.0, 0.0, 0.0, 0.0, 0.0, 0.0, 1.0089507440768934, 0.0, 1.0076628930961413, 0.0, 0.0, 0.0, 0.0, 0.0, 0.0, 0.0, 0.0, 0.978137260793779, 0.9779930608782973, 0.0, 0.0], [0.0, 0.0, 0.0, 1.010195808004035, 0.0, 0.0, 0.0, 0.0, 1.0076628930961413, 0.0, 0.0, 0.0, 0.0, 0.0, 0.0, 0.0, 0.0, 0.0, 0.0, 0.0, 0.9694192601519516, 0.960306043364503], [0.9714013425160067, 0.0, 0.0, 0.0, 0.0, 0.0, 0.0, 0.0, 0.0, 0.0, 0.0, 0.0, 0.0, 0.0, 0.0, 0.0, 0.0, 0.0, 0.0, 0.0, 0.0, 0.0], [0.0, 0.9714013224729745, 0.0, 0.0, 0.0, 0.0, 0.0, 0.0, 0.0, 0.0, 0.0, 0.0, 0.0, 0.0, 0.0, 0.0, 0.0, 0.0, 0.0, 0.0, 0.0, 0.0], [0.0, 0.0, 0.9697737151403187, 0.0, 0.0, 0.0, 0.0, 0.0, 0.0, 0.0, 0.0, 0.0, 0.0, 0.0, 0.0, 0.0, 0.0, 0.0, 0.0, 0.0, 0.0, 0.0], [0.0, 0.0, 0.0, 0.0, 0.0, 0.9697734548183934, 0.0, 0.0, 0.0, 0.0, 0.0, 0.0, 0.0, 0.0, 0.0, 0.0, 0.0, 0.0, 0.0, 0.0, 0.0, 0.0], [0.0, 0.0, 0.0, 0.0, 0.0, 0.0, 0.9694211261637772, 0.0, 0.0, 0.0, 0.0, 0.0, 0.0, 0.0, 0.0, 0.0, 0.0, 0.0, 0.0, 0.0, 0.0, 0.0], [0.0, 0.0, 0.0, 0.0, 0.0, 0.0, 0.9603047929513264, 0.0, 0.0, 0.0, 0.0, 0.0, 0.0, 0.0, 0.0, 0.0, 0.0, 0.0, 0.0, 0.0, 0.0, 0.0], [0.0, 0.0, 0.0, 0.0, 0.0, 0.0, 0.0, 0.978137053397949, 0.0, 0.0, 0.0, 0.0, 0.0, 0.0, 0.0, 0.0, 0.0, 0.0, 0.0, 0.0, 0.0, 0.0], [0.0, 0.0, 0.0, 0.0, 0.0, 0.0, 0.0, 0.9779929116850721, 0.0, 0.0, 0.0, 0.0, 0.0, 0.0, 0.0, 0.0, 0.0, 0.0, 0.0, 0.0, 0.0, 0.0], [0.0, 0.0, 0.0, 0.0, 0.0, 0.0, 0.0, 0.0, 0.978137260793779, 0.0, 0.0, 0.0, 0.0, 0.0, 0.0, 0.0, 0.0, 0.0, 0.0, 0.0, 0.0, 0.0], [0.0, 0.0, 0.0, 0.0, 0.0, 0.0, 0.0, 0.0, 0.9779930608782973, 0.0, 0.0, 0.0, 0.0, 0.0, 0.0, 0.0, 0.0, 0.0, 0.0, 0.0, 0.0, 0.0], [0.0, 0.0, 0.0, 0.0, 0.0, 0.0, 0.0, 0.0, 0.0, 0.9694192601519516, 0.0, 0.0, 0.0, 0.0, 0.0, 0.0, 0.0, 0.0, 0.0, 0.0, 0.0, 0.0], [0.0, 0.0, 0.0, 0.0, 0.0, 0.0, 0.0, 0.0, 0.0, 0.960306043364503, 0.0, 0.0, 0.0, 0.0, 0.0, 0.0, 0.0, 0.0, 0.0, 0.0, 0.0, 0.0]], "Born radii": [], "Atomic SASAs": [], "Solvent H bonds": [], "Total SASA": NaN, "Total FOD": 0.0, "FOD": [0.0, 0.0, 0.0, 0.0, 0.0, 0.0, 0.0, 0.0, 0.0, 0.0, 0.0, 0.0, 0.0, 0.0, 0.0, 0.0, 0.0, 0.0, 0.0, 0.0, 0.0, 0.0], "FOD s proportion": [0.0, 0.0, 0.0, 0.0, 0.0, 0.0, 0.0, 0.0, 0.0, 0.0, 0.0, 0.0, 0.0, 0.0, 0.0, 0.0, 0.0, 0.0, 0.0, 0.0, 0.0, 0.0], "FOD p proportion": [0.0, 0.0, 0.0, 0.0, 0.0, 0.0, 0.0, 0.0, 0.0, 0.0, 0.0, 0.0, 0.0, 0.0, 0.0, 0.0, 0.0, 0.0, 0.0, 0.0, 0.0, 0.0], "FOD d proportion": [0.0, 0.0, 0.0, 0.0, 0.0, 0.0, 0.0, 0.0, 0.0, 0.0, 0.0, 0.0, 0.0, 0.0, 0.0, 0.0, 0.0, 0.0, 0.0, 0.0, 0.0, 0.0], "coordinates": [["2.81954130538621", "-0.50935534153683", "-0.12120173456129"], ["2.73387903031439", "0.86573773939391", "0.01843593238630"], ["1.49308797905164", "1.46553960175982", "0.10981063519007"], ["0.32335734044039", "0.71461888963703", "0.06514469235310"], ["0.40940085847179", "-0.66760653241021", "-0.07865285124368"], ["1.66304728269280", "-1.26300568251528", "-0.16818075043573"], ["-0.81817708625730", "-1.53791548689384", "-0.10703743387946"], ["-2.08536511283742", "-0.74789750796253", "-0.41312694036153"], ["-2.14723144154195", "0.47627325469491", "0.49134476277361"], ["-1.00347298260688", "1.42101168618407", "0.14081135017910"], ["3.78378082414619", "-0.99081378064491", "-0.19348736277527"], ["3.63069661081006", "1.46663130159457", "0.05625990561045"], ["1.42209346810155", "2.53915221578121", "0.21862370684557"], ["1.72585944968509", "-2.33714353735576", "-0.27684088717653"], ["-0.68213880061543", "-2.33558037714036", "-0.84159475858009"], ["-0.92165879815695", "-2.01686420969467", "0.87302212363827"], ["-2.96188038960798", "-1.38156763051849", "-0.26308623125804"], ["-2.07653476565135", "-0.42612850494600", "-1.45703247153982"], ["-3.10243846001253", "0.99240799995873", "0.37508824355381"], ["-2.05904279568984", "0.16072392020140", "1.53346080491835"], ["-0.94352429092234", "2.23117378298120", "0.87183340442836"], ["-1.20327722520014", "1.88060719943202", "-0.83359514006555"]], "bond_dist": [[0.0, 1.3848168415442677, 2.390199819885539, 2.7863546608883154, 2.415705035954775, 1.381185827075796, 3.7803613183043874, 4.919372893212705, 5.100540016580137, 4.290734897950061, 1.0801783603521948, 2.143359227260657, 3.3707180415430993, 2.135690341807926, 4.014452335560571, 4.154231852284981, 5.848565832988718, 5.075719787140748, 6.129554732444235, 5.194949197811359, 4.759966528424416, 4.733127321493598], [1.3848168415442677, 0.0, 1.3811857381626165, 2.4157055765060615, 2.7863541876714044, 2.390199777077944, 4.2907336264513, 5.100507752758392, 4.919406954620219, 3.7803577829817314, 2.1433592340720264, 1.0801784568906967, 2.135690173235714, 3.370718076027244, 4.75996515679318, 4.733145716175744, 6.129544153025942, 5.194805703071744, 5.8485765852785585, 5.0758688398963665, 4.014473567163947, 4.154168550947191], [2.390199819885539, 1.3811857381626165, 0.0, 1.3907360386681566, 2.4000434768466077, 2.7479309932595153, 3.7960126128262917, 4.2400582634523065, 3.7915882793226556, 2.4971504589977487, 3.3723782891882554, 2.1382795736327704, 1.0814455835288197, 3.8293708378535487, 4.481662287619386, 4.305883193976742, 5.300171207692826, 4.33308343867688, 4.627427900492872, 4.04313700107647, 2.6653243244453155, 2.8866383358714636], [2.7863546608883154, 2.4157055765060615, 1.3907360386681566, 0.0, 1.3923463426509073, 2.4000435104400664, 2.531137817145346, 2.858258530089919, 2.518385211078597, 1.5050564548474012, 3.866512875885389, 3.3917686619967227, 2.1353451112942294, 3.3759769273274034, 3.3372015954398226, 3.1086542186744515, 3.910820938042254, 3.0623210245509065, 3.450986621409172, 2.852820052547683, 2.134402607429086, 2.120819445865897], [2.415705035954775, 2.7863541876714044, 2.4000434768466077, 1.3923463426509073, 0.0, 1.3907353269553868, 1.5050551389138849, 2.518367885883384, 2.858273423730942, 2.531146595824603, 3.3917679819078, 3.866512499409769, 3.375977094515057, 2.135344358844443, 2.1344029441589147, 2.120825628624908, 3.4509844066483106, 2.852738674095516, 3.910824034348325, 3.062393810873886, 3.3371781341404754, 3.1087073976424153], [1.381185827075796, 2.390199777077944, 2.7479309932595153, 2.4000435104400664, 1.3907353269553868, 0.0, 2.4971560373302224, 3.791560437921943, 4.240081258696942, 3.796018398134554, 2.138279591147367, 3.372378322719303, 3.8293708507426043, 1.0814455718343412, 2.66529560598027, 2.8867129452653773, 4.627420443380733, 4.0430157142443965, 5.300177963318699, 4.333191031578707, 4.481644223696637, 4.305913892081348], [3.7803613183043874, 4.2907336264513, 3.7960126128262917, 2.531137817145346, 1.5050551389138849, 2.4971560373302224, 0.0, 1.5243308983685822, 2.486242751485728, 2.975065310970859, 4.635171029887876, 5.3708886227288595, 4.663405235179723, 2.6720255585616184, 1.0928632831071408, 1.095726736030511, 2.1550544615283127, 2.1545349716879194, 3.4427942344247597, 2.667650279868241, 3.8961434732429905, 3.5160326469412597], [4.919372893212705, 5.100507752758392, 4.2400582634523065, 2.858258530089919, 2.518367885883384, 3.791560437921943, 1.5243308983685822, 0.0, 1.523315647049178, 2.486263321459637, 5.878275588060447, 6.147993452182403, 4.848305937501552, 4.131550495420551, 2.161796856238311, 2.149108720320987, 1.0919382166682026, 1.0924065288885387, 2.1643439261332174, 2.148369059117284, 3.439446075576618, 2.80426631140376], [5.100540016580137, 4.919406954620219, 3.7915882793226556, 2.518385211078597, 2.858273423730942, 4.240081258696942, 2.486242751485728, 1.523315647049178, 0.0, 1.5243319158448652, 6.1480278061496385, 5.878312723235119, 4.131576780484731, 4.848325101546705, 3.4394396434519496, 2.804182648893116, 2.1643455796409183, 2.1483716631383505, 1.0919391474185307, 1.0924076460058045, 2.1617951741690415, 2.149108916976014], [4.290734897950061, 3.7803577829817314, 2.4971504589977487, 1.5050564548474012, 2.531146595824603, 3.796018398134554, 2.975065310970859, 2.486263321459637, 1.5243319158448652, 0.0, 5.370889751447105, 4.635165360225994, 2.6720152719586117, 4.663412870586162, 3.8961983200647765, 3.5159375496460306, 3.4428104296485063, 2.6676756464240423, 2.15505054649676, 2.154536002753984, 1.0928630804086201, 1.095727055149598], [1.0801783603521948, 2.1433592340720264, 3.3723782891882554, 3.866512875885389, 3.3917679819078, 2.138279591147367, 4.635171029887876, 5.878275588060447, 6.1480278061496385, 5.370889751447105, 0.0, 2.474842380165225, 4.26709065257932, 2.460608056415948, 4.708808606258894, 4.932685273429025, 6.757327710303274, 6.021520946945055, 7.188634284806301, 6.200562627930192, 5.819237565880065, 5.790124730860595], [2.143359227260657, 1.0801784568906967, 2.1382795736327704, 3.3917686619967227, 3.866512499409769, 3.372378322719303, 5.3708886227288595, 6.147993452182403, 5.878312723235119, 4.635165360225994, 2.474842380165225, 0.0, 2.46060784305447, 4.2670907857683975, 5.819235854814846, 5.790145185357722, 7.18862230322777, 6.200409945194124, 6.757340240866316, 6.021681750106947, 4.708840854782043, 4.932597803747689], [3.3707180415430993, 2.135690173235714, 1.0814455835288197, 2.1353451112942294, 3.375977094515057, 3.8293708507426043, 4.663405235179723, 4.848305937501552, 4.131576780484731, 2.6720152719586117, 4.26709065257932, 2.46060784305447, 0.0, 4.910806370399728, 5.414321239789084, 5.165142557829228, 5.901128312680271, 4.882736210250411, 4.784170564366549, 4.4163364272626024, 2.4733946320584113, 2.904034661914475], [2.135690341807926, 3.370718076027244, 3.8293708378535487, 3.3759769273274034, 2.135344358844443, 1.0814455718343412, 2.6720255585616184, 4.131550495420551, 4.848325101546705, 4.663412870586162, 2.460608056415948, 4.2670907857683975, 4.910806370399728, 0.0, 2.4733388268058896, 2.904155068866624, 4.784163386129567, 4.416223771359648, 5.901134275367619, 4.882829001610526, 5.4142945359579375, 5.165194888476289], [4.014452335560571, 4.75996515679318, 4.481662287619386, 3.3372015954398226, 2.1344029441589147, 2.66529560598027, 1.0928632831071408, 2.161796856238311, 3.4394396434519496, 3.8961983200647765, 4.708808606258894, 5.819235854814846, 5.414321239789084, 2.4733388268058896, 0.0, 1.7603581673630422, 2.5381162600408214, 2.44317623966592, 4.291115776469555, 3.710564470034674, 4.8846086847690335, 4.2482804677090575], [4.154231852284981, 4.733145716175744, 4.305883193976742, 3.1086542186744515, 2.120825628624908, 2.8867129452653773, 1.095726736030511, 2.149108720320987, 2.804182648893116, 3.5159375496460306, 4.932685273429025, 5.790145185357722, 5.165142557829228, 2.904155068866624, 1.7603581673630422, 0.0, 2.4200925767005548, 3.0484968425715824, 3.7495942866250425, 2.5439559101995326, 4.248094431629889, 4.264051454682763], [5.848565832988718, 6.129544153025942, 5.300171207692826, 3.910820938042254, 3.4509844066483106, 4.627420443380733, 2.1550544615283127, 1.0919382166682026, 2.1643455796409183, 3.4428104296485063, 6.757327710303274, 7.18862230322777, 5.901128312680271, 4.784163386129567, 2.5381162600408214, 2.4200925767005548, 0.0, 1.7669771988389882, 2.4622720250932764, 2.5340402920253715, 4.291119252757235, 3.7496600013943455], [5.075719787140748, 5.194805703071744, 4.33308343867688, 3.0623210245509065, 2.852738674095516, 4.0430157142443965, 2.1545349716879194, 1.0924065288885387, 2.1483716631383505, 2.6676756464240423, 6.021520946945055, 6.200409945194124, 4.882736210250411, 4.416223771359648, 2.44317623966592, 3.0484968425715824, 1.7669771988389882, 0.0, 2.5340462743459202, 3.0475812990724367, 3.7106043245700326, 2.544068090300064], [6.129554732444235, 5.8485765852785585, 4.627427900492872, 3.450986621409172, 3.910824034348325, 5.300177963318699, 3.4427942344247597, 2.1643439261332174, 1.0919391474185307, 2.15505054649676, 7.188634284806301, 6.757340240866316, 4.784170564366549, 5.901134275367619, 4.291115776469555, 3.7495942866250425, 2.4622720250932764, 2.5340462743459202, 0.0, 1.766974790926976, 2.538150273237962, 2.4200468457442432], [5.194949197811359, 5.0758688398963665, 4.04313700107647, 2.852820052547683, 3.062393810873886, 4.333191031578707, 2.667650279868241, 2.148369059117284, 1.0924076460058045, 2.154536002753984, 6.200562627930192, 6.021681750106947, 4.4163364272626024, 4.882829001610526, 3.710564470034674, 2.5439559101995326, 2.5340402920253715, 3.0475812990724367, 1.766974790926976, 0.0, 2.4431322080155122, 3.048489306606841], [4.759966528424416, 4.014473567163947, 2.6653243244453155, 2.134402607429086, 3.3371781341404754, 4.481644223696637, 3.8961434732429905, 3.439446075576618, 2.1617951741690415, 1.0928630804086201, 5.819237565880065, 4.708840854782043, 2.4733946320584113, 5.4142945359579375, 4.8846086847690335, 4.248094431629889, 4.291119252757235, 3.7106043245700326, 2.538150273237962, 2.4431322080155122, 0.0, 1.7603565084214867], [4.733127321493598, 4.154168550947191, 2.8866383358714636, 2.120819445865897, 3.1087073976424153, 4.305913892081348, 3.5160326469412597, 2.80426631140376, 2.149108916976014, 1.095727055149598, 5.790124730860595, 4.932597803747689, 2.904034661914475, 5.165194888476289, 4.2482804677090575, 4.264051454682763, 3.7496600013943455, 2.544068090300064, 2.4200468457442432, 3.048489306606841, 1.7603565084214867, 0.0]]}