{"total energy": -24.32936677, "HOMO-LUMO gap/eV": 3.60694696, "electronic energy": -24.79960961, "dipole": [-0.17237772, 0.12771419, -0.02844579], "partial charges": [-0.08661018, -0.02982649, 0.01257723, -0.03916273, -0.03202028, -0.04077975, 0.01665064, -0.1086357, -0.04328632, 0.03472241, 0.03773732, 0.03222821, 0.02767704, 0.0275, 0.02813551, 0.04235191, 0.0411166, 0.04622314, 0.03340144], "atomic dipole moments": [[0.02751456, 0.05830607, -0.00416009], [-0.08589522, -0.06225502, 0.00991151], [0.0443751, 0.00963221, -0.0042283], [0.00084758, 0.01153697, -0.00012579], [-0.00230165, 0.00125276, 0.00026926], [0.0060249, 0.00711302, -0.00252534], [-0.06498396, 0.06222657, -0.00299639], [0.04617091, -0.05160768, -0.00178446], [0.00365323, -0.01642847, 0.00171016], [0.14515432, 0.00863454, -0.01448538], [-0.07568716, 0.12590885, 0.00448636], [0.08525801, -0.11440223, -0.00401272], [0.09927946, -0.10777375, 0.00735998], [-0.04107866, -0.13889424, 0.02292372], [-0.14225296, -0.03426026, 0.01613357], [-0.09731776, -0.02321599, 0.07853289], [0.04954676, 0.11284724, 0.02872735], [-0.04749739, 0.00738157, -0.11845032], [0.03752894, 0.13856814, -0.02418076]], "atomic quadrupole moments": [[-0.27705289, -0.03239275, -0.34738421, 0.09101679, 0.02602012, 0.62443709], [-0.16395378, -0.01646478, -0.37039613, 0.06570513, 0.02268168, 0.53434991], [-0.14089822, 0.03854751, -0.2555855, 0.03465015, 0.09350059, 0.39648373], [-0.23509114, 0.01446707, -0.2360111, 0.05594596, 0.10090737, 0.47110224], [-0.25282706, 0.00520427, -0.24285396, 0.06118387, 0.10604462, 0.49568102], [-0.24405524, -0.00122253, -0.22813112, 0.05959842, 0.10183528, 0.47218636], [-0.22426065, -0.12573122, -0.17843834, 0.06685153, 0.09682023, 0.40269899], [0.05525049, -0.13106641, 0.06197784, 0.0095479, -0.02015656, -0.11722833], [-0.2403966, 0.01166629, -0.22064244, 0.05485903, 0.10527129, 0.46103904], [0.05050802, 0.00473555, 0.02033675, -0.01179378, -0.00299604, -0.07084477], [0.02869668, -0.02070489, 0.03655165, -0.00851862, -0.00094122, -0.06524833], [0.03976453, 0.00827077, 0.03906078, -0.01251149, -0.0048837, -0.07882531], [0.03560043, 0.00052929, 0.03381695, -0.00847364, -0.01460498, -0.06941738], [0.03909291, -0.00293926, 0.0317467, -0.00869504, -0.01441994, -0.0708396], [0.03472552, -0.00234647, 0.03412965, -0.00812542, -0.01459812, -0.06885518], [0.02143115, 0.01416257, -0.0216804, -0.06517883, -0.02772073, 0.00024925], [-0.00180262, 0.04275905, 0.0532815, 0.01691195, 0.02897795, -0.05147888], [-0.03267049, -0.00561212, -0.04001103, 0.03903836, 0.00420699, 0.07268152], [0.03746163, 0.00120827, 0.03186682, -0.00868433, -0.01465219, -0.06932845]], "number of molecular orbitals": 46, "number of electrons": 46, "number of unpaired electrons": 0, "orbital energies/eV": [-17.44944704, -16.9771606, -16.76255553, -16.39215223, -16.10724819, -15.63356228, -15.24328956, -14.75173295, -14.14061292, -13.7611454, -13.4366012, -13.42633752, -13.20115831, -12.76656717, -12.7556178, -12.67048165, -12.36782434, -11.92023362, -11.64174318, -11.35218964, -11.3041263, -10.68246684, -10.31397688, -6.70702992, -5.85017081, -4.55450078, -1.98890274, 2.70669692, 3.22765671, 3.4875197, 3.80396563, 4.59259587, 4.92415344, 5.24345896, 5.43898122, 6.01277701, 6.07922613, 6.71578592, 9.69735242, 11.03490707, 11.66022166, 12.62950732, 12.97773736, 16.07123077, 18.06277899, 18.72760496], "fractional occupation": [2.0, 2.0, 2.0, 2.0, 2.0, 2.0, 2.0, 2.0, 2.0, 2.0, 2.0, 2.0, 2.0, 2.0, 2.0, 2.0, 2.0, 2.0, 2.0, 2.0, 2.0, 2.0, 2.0, 0.0, 0.0, 0.0, 0.0, 0.0, 0.0, 0.0, 0.0, 0.0, 0.0, 0.0, 0.0, 0.0, 0.0, 0.0, 0.0, 0.0, 0.0, 0.0, 0.0, 0.0, 0.0, 0.0], "program call": "xtb /tmp/scratch/tmpg5agoyd9/435556_a65113_xyzopt.xyz --pop --wbo --acc 0.2 --gfn 2 --chrg 0 --uhf 0 --etemp 300 --input /tmp/scratch/tmpg5agoyd9/435556_a65113_xtb.inp", "method": "GFN2-xTB", "xtb version": "6.3.3 (7355c4f)", "Dipole module/D": 0.55, "Total charge": 0, "Transition dipole module/D": NaN, "HOMO": -10.314, "LUMO": -6.707, "HOMO occupancy": 2.0, "LUMO occupancy": 0, "mulliken charges": [-0.07452, -0.02411, 0.00984, -0.04122, -0.02497, -0.04412, 0.0177, -0.08981, -0.05011, 0.03292, 0.03168, 0.02758, 0.02927, 0.02857, 0.02855, 0.03615, 0.03525, 0.04045, 0.03092], "cm5 charges": [-0.17829, -0.08219, -0.0018, -0.09521, -0.08118, -0.09848, -0.00041, -0.23542, -0.10197, 0.08641, 0.08632, 0.08512, 0.08665, 0.08503, 0.0858, 0.08887, 0.08809, 0.09262, 0.09004], "FUKUI+": [-0.071, -0.043, -0.06, -0.031, -0.027, -0.064, -0.04, 0.025, -0.028, -0.097, -0.082, -0.08, -0.067, -0.074, -0.081, -0.04, -0.036, -0.044, -0.058], "FUKUI-": [-0.061, -0.034, -0.049, -0.051, -0.025, -0.06, -0.047, 0.023, -0.018, -0.084, -0.067, -0.067, -0.071, -0.071, -0.075, -0.059, -0.052, -0.079, -0.053], "FUKUIrad": [-0.066, -0.039, -0.055, -0.041, -0.026, -0.062, -0.044, 0.024, -0.023, -0.09, -0.075, -0.073, -0.069, -0.072, -0.078, -0.05, -0.044, -0.062, -0.056], "s proportion": [1.045, 1.063, 1.076, 1.06, 1.055, 1.058, 1.081, 1.005, 1.06, 0.967, 0.968, 0.972, 0.971, 0.971, 0.971, 0.964, 0.965, 0.96, 0.969], "p proportion": [3.029, 2.961, 2.914, 2.982, 2.97, 2.987, 2.901, 3.084, 2.99, 0.0, 0.0, 0.0, 0.0, 0.0, 0.0, 0.0, 0.0, 0.0, 0.0], "d proportion": [0.0, 0.0, 0.0, 0.0, 0.0, 0.0, 0.0, 0.0, 0.0, 0.0, 0.0, 0.0, 0.0, 0.0, 0.0, 0.0, 0.0, 0.0, 0.0], "Fermi-level/eV": -8.5105, "Coordination numbers": [2.837, 2.896, 2.969, 2.929, 2.916, 2.925, 2.964, 3.758, 2.93, 0.926, 0.926, 0.925, 0.926, 0.926, 0.926, 0.925, 0.925, 0.924, 0.926], "Dispersion coefficient C6": [30.161, 28.744, 27.73, 28.974, 28.798, 29.013, 27.636, 22.628, 29.075, 2.52, 2.479, 2.555, 2.62, 2.622, 2.613, 2.418, 2.434, 2.368, 2.538], "Total dispersion C6": 4030.172254, "Total dispersion C8": 96894.933443, "Polarizability alpha": [9.0, 8.79, 8.638, 8.827, 8.8, 8.833, 8.623, 6.782, 8.843, 2.482, 2.462, 2.5, 2.531, 2.532, 2.528, 2.432, 2.44, 2.406, 2.491], "Total polarizability alpha": 101.940579, "Wiberg matrix": [[0.0, 1.9020057088683364, 0.0, 0.0, 0.0, 0.0, 0.0, 0.0, 0.0, 0.9783925370893978, 0.9728385991349849, 0.0, 0.0, 0.0, 0.0, 0.0, 0.0, 0.0, 0.0], [1.9020057088683364, 0.0, 1.0901424326062679, 0.0, 0.0, 0.0, 0.0, 0.0, 0.0, 0.0, 0.0, 0.9645723714209388, 0.0, 0.0, 0.0, 0.0, 0.0, 0.0, 0.0], [0.0, 1.0901424326062679, 0.0, 1.3754644727500283, 0.0, 0.0, 0.0, 0.0, 1.3773313132621652, 0.0, 0.0, 0.0, 0.0, 0.0, 0.0, 0.0, 0.0, 0.0, 0.0], [0.0, 0.0, 1.3754644727500283, 0.0, 1.451616217900108, 0.0, 0.10166980598782, 0.0, 0.0, 0.0, 0.0, 0.0, 0.9690799591795888, 0.0, 0.0, 0.0, 0.0, 0.0, 0.0], [0.0, 0.0, 0.0, 1.451616217900108, 0.0, 1.4396931598426175, 0.0, 0.0, 0.10342617631679013, 0.0, 0.0, 0.0, 0.0, 0.9709019769691395, 0.0, 0.0, 0.0, 0.0, 0.0], [0.0, 0.0, 0.0, 0.0, 1.4396931598426175, 0.0, 1.398719614557641, 0.0, 0.0, 0.0, 0.0, 0.0, 0.0, 0.0, 0.9701708398404384, 0.0, 0.0, 0.0, 0.0], [0.0, 0.0, 0.0, 0.10166980598782, 0.0, 1.398719614557641, 0.0, 1.0240313695964236, 1.4328943403326004, 0.0, 0.0, 0.0, 0.0, 0.0, 0.0, 0.0, 0.0, 0.0, 0.0], [0.0, 0.0, 0.0, 0.0, 0.0, 0.0, 1.0240313695964236, 0.0, 0.0, 0.0, 0.0, 0.0, 0.0, 0.0, 0.0, 0.9809493530598632, 0.9834141817011004, 0.9683524426227719, 0.0], [0.0, 0.0, 1.3773313132621652, 0.0, 0.10342617631679013, 0.0, 1.4328943403326004, 0.0, 0.0, 0.0, 0.0, 0.0, 0.0, 0.0, 0.0, 0.0, 0.0, 0.0, 0.964056093377458], [0.9783925370893978, 0.0, 0.0, 0.0, 0.0, 0.0, 0.0, 0.0, 0.0, 0.0, 0.0, 0.0, 0.0, 0.0, 0.0, 0.0, 0.0, 0.0, 0.0], [0.9728385991349849, 0.0, 0.0, 0.0, 0.0, 0.0, 0.0, 0.0, 0.0, 0.0, 0.0, 0.0, 0.0, 0.0, 0.0, 0.0, 0.0, 0.0, 0.0], [0.0, 0.9645723714209388, 0.0, 0.0, 0.0, 0.0, 0.0, 0.0, 0.0, 0.0, 0.0, 0.0, 0.0, 0.0, 0.0, 0.0, 0.0, 0.0, 0.0], [0.0, 0.0, 0.0, 0.9690799591795888, 0.0, 0.0, 0.0, 0.0, 0.0, 0.0, 0.0, 0.0, 0.0, 0.0, 0.0, 0.0, 0.0, 0.0, 0.0], [0.0, 0.0, 0.0, 0.0, 0.9709019769691395, 0.0, 0.0, 0.0, 0.0, 0.0, 0.0, 0.0, 0.0, 0.0, 0.0, 0.0, 0.0, 0.0, 0.0], [0.0, 0.0, 0.0, 0.0, 0.0, 0.9701708398404384, 0.0, 0.0, 0.0, 0.0, 0.0, 0.0, 0.0, 0.0, 0.0, 0.0, 0.0, 0.0, 0.0], [0.0, 0.0, 0.0, 0.0, 0.0, 0.0, 0.0, 0.9809493530598632, 0.0, 0.0, 0.0, 0.0, 0.0, 0.0, 0.0, 0.0, 0.0, 0.0, 0.0], [0.0, 0.0, 0.0, 0.0, 0.0, 0.0, 0.0, 0.9834141817011004, 0.0, 0.0, 0.0, 0.0, 0.0, 0.0, 0.0, 0.0, 0.0, 0.0, 0.0], [0.0, 0.0, 0.0, 0.0, 0.0, 0.0, 0.0, 0.9683524426227719, 0.0, 0.0, 0.0, 0.0, 0.0, 0.0, 0.0, 0.0, 0.0, 0.0, 0.0], [0.0, 0.0, 0.0, 0.0, 0.0, 0.0, 0.0, 0.0, 0.964056093377458, 0.0, 0.0, 0.0, 0.0, 0.0, 0.0, 0.0, 0.0, 0.0, 0.0]], "Born radii": [], "Atomic SASAs": [], "Solvent H bonds": [], "Total SASA": NaN, "Total FOD": 0.0, "FOD": [0.0, 0.0, 0.0, 0.0, 0.0, 0.0, 0.0, 0.0, 0.0, 0.0, 0.0, 0.0, 0.0, 0.0, 0.0, 0.0, 0.0, 0.0, 0.0], "FOD s proportion": [0.0, 0.0, 0.0, 0.0, 0.0, 0.0, 0.0, 0.0, 0.0, 0.0, 0.0, 0.0, 0.0, 0.0, 0.0, 0.0, 0.0, 0.0, 0.0], "FOD p proportion": [0.0, 0.0, 0.0, 0.0, 0.0, 0.0, 0.0, 0.0, 0.0, 0.0, 0.0, 0.0, 0.0, 0.0, 0.0, 0.0, 0.0, 0.0, 0.0], "FOD d proportion": [0.0, 0.0, 0.0, 0.0, 0.0, 0.0, 0.0, 0.0, 0.0, 0.0, 0.0, 0.0, 0.0, 0.0, 0.0, 0.0, 0.0, 0.0, 0.0], "coordinates": [["2.97440155395152", "1.07284911000694", "-0.27050170622868"], ["2.40097955043048", "-0.12105095477513", "-0.18197320578282"], ["0.97713294884355", "-0.39947815776121", "-0.03297460879906"], ["0.56721440111548", "-1.71619387208959", "0.18040783764882"], ["-0.77160362869181", "-2.02140061014983", "0.33126823248932"], ["-1.72505337270440", "-1.02101094468840", "0.26817189387737"], ["-1.34485729996078", "0.29898117093619", "0.05223923861403"], ["-2.37934052423294", "1.38031955544254", "-0.04284632001994"], ["0.00060006911382", "0.59409603769427", "-0.09617924400458"], ["4.04090898070013", "1.17471476494792", "-0.37712579080599"], ["2.41619482981772", "1.99282740261934", "-0.24024032581502"], ["3.02817556543484", "-1.00433573749022", "-0.21039859132702"], ["1.30757605542668", "-2.50212390340019", "0.23169884425443"], ["-1.07535193574700", "-3.04463276461988", "0.49968988662239"], ["-2.77159831647493", "-1.26322331468310", "0.38643859097832"], ["-3.21122296753302", "1.18031153374503", "0.62902358851202"], ["-1.95328327730586", "2.35041654170559", "0.20186947557235"], ["-2.77315349655496", "1.42990242113843", "-1.05870830659495"], ["0.29228186437143", "1.61903272142141", "-0.26985748919090"]], "bond_dist": [[0.0, 1.32742135518452, 2.49263888005802, 3.711688316860752, 4.895820995320969, 5.172938795672203, 4.39988981131339, 5.367394087395584, 3.01713242936196, 1.0766537968996561, 1.0765085029347217, 2.0787498453165765, 3.9762978613312376, 5.826435909276288, 6.23741288022786, 6.251611364215218, 5.1124740461089155, 5.812327052949916, 2.7371669626872497], [1.32742135518452, 0.0, 1.4584448683842768, 2.4573350545131922, 3.73363490650761, 4.246964360220808, 3.7765826040865345, 5.012477402993796, 2.506116014681218, 2.0991574186123243, 2.1147359815978026, 1.083685771410112, 2.6525768894685378, 4.593133546087188, 5.327589648202523, 5.817910039655111, 5.021463089896915, 5.472273165619618, 2.7353648346475845], [2.49263888005802, 1.4584448683842768, 0.0, 1.3954589053723037, 2.412754630417737, 2.789050579975301, 2.4262616407093773, 3.799169846963134, 1.3945612116288428, 3.4616826786063353, 2.7994613890801836, 2.1457184755706797, 2.144845872106728, 3.390172349651403, 3.8697479540442696, 4.525074846328966, 4.025470389979238, 4.296907183520375, 2.144649313128831], [3.711688316860752, 2.4573350545131922, 1.3954589053723037, 0.0, 1.3814281481951485, 2.3969717100977483, 2.780894790147437, 4.280236413318568, 2.394784266320528, 4.553542634783586, 4.165634683861858, 2.5914863536226163, 1.0809496568522117, 2.136519386520443, 3.3756927230330263, 4.782006755197146, 4.784421533102736, 4.75303991114906, 3.37669412212264], [4.895820995320969, 3.73363490650761, 2.412754630417737, 1.3814281481951485, 0.0, 1.3834113795490983, 2.4063766457149516, 3.7810685934906307, 2.7604044288744025, 5.820416926538266, 5.157781265504728, 3.9706606285779653, 2.136351353733277, 1.080570649962895, 2.1395923282199694, 4.036255866871183, 4.530551405678731, 4.224893994708887, 3.840046785812753], [5.172938795672203, 4.246964360220808, 2.789050579975301, 2.3969717100977483, 1.3834113795490983, 0.0, 1.3905233369669958, 2.508228892443892, 2.391485337081579, 6.203542726111744, 5.147003132282696, 4.77728930568457, 3.37518401397308, 2.1379330691703116, 1.0806989234533728, 2.6804355362832477, 3.3797941055692107, 2.977599916511556, 3.365850209792341], [4.39988981131339, 3.7765826040865345, 2.4262616407093773, 2.780894790147437, 2.4063766457149516, 1.3905233369669958, 0.0, 1.4994964176576286, 1.3854155920017626, 5.473366613527145, 4.135235480006816, 4.570670632996492, 3.861838693200637, 3.3841689339907153, 2.141906158124947, 2.143068874252151, 2.1449844890265064, 2.1338269254019306, 2.127558939581097], [5.367394087395584, 5.012477402993796, 3.799169846963134, 4.280236413318568, 3.7810685934906307, 2.508228892443892, 1.4994964176576286, 0.0, 2.507011976138316, 6.432232878251273, 4.838521425841449, 5.912350200195208, 5.3611655564537575, 4.644882647521377, 2.7067453919010283, 1.0878606446622687, 1.0874275888665426, 1.0906524164498268, 2.6918551658349195], [3.01713242936196, 2.506116014681218, 1.3945612116288428, 2.394784266320528, 2.7604044288744025, 2.391485337081579, 1.3854155920017626, 2.507011976138316, 0.0, 4.0914722496481675, 2.7950493867654065, 3.425528219872911, 3.3767244769435716, 3.8409738393262622, 3.371592952955612, 3.3444543613025233, 2.644079212782437, 3.0526616828593, 1.0796932935724335], [1.0766537968996561, 2.0991574186123243, 3.4616826786063353, 4.553542634783586, 5.820416926538266, 6.203542726111744, 5.473366613527145, 6.432232878251273, 4.0914722496481675, 0.0, 1.8242099633871736, 2.4086693466760662, 4.621787415026818, 6.689381516449672, 7.275769946837797, 7.3215972090730945, 6.135784465925984, 6.852818610589149, 3.776391159857648], [1.0765085029347217, 2.1147359815978026, 2.7994613890801836, 4.165634683861858, 5.157781265504728, 5.147003132282696, 4.135235480006816, 4.838521425841449, 2.7950493867654065, 1.8242099633871736, 0.0, 3.0591498554852, 4.653638298220524, 6.1736861332533675, 6.156930279540284, 5.751837346088951, 4.406321594880189, 5.283569855955743, 2.1567581980484385], [2.0787498453165765, 1.083685771410112, 2.1457184755706797, 2.5914863536226163, 3.9706606285779653, 4.77728930568457, 4.570670632996492, 5.912350200195208, 3.425528219872911, 2.4086693466760662, 3.0591498554852, 0.0, 2.3236355579840757, 4.6374535640140175, 5.836147229216352, 6.66388830555576, 6.019905316171837, 6.348272495051643, 3.7908721655136315], [3.9762978613312376, 2.6525768894685378, 2.144845872106728, 1.0809496568522117, 2.136351353733277, 3.37518401397308, 3.861838693200637, 5.3611655564537575, 3.3767244769435716, 4.621787415026818, 4.653638298220524, 2.3236355579840757, 0.0, 2.4585525974463875, 4.265967957488502, 5.8427512621233335, 5.8464726246252345, 5.811913222704223, 4.273910735651906], [5.826435909276288, 4.593133546087188, 3.390172349651403, 2.136519386520443, 1.080570649962895, 2.1379330691703116, 3.3841689339907153, 4.644882647521377, 3.8409738393262622, 6.689381516449672, 6.1736861332533675, 4.6374535640140175, 2.4585525974463875, 0.0, 2.462416956654929, 4.735908212281285, 5.474122528352128, 5.033150126619924, 4.920609834211633], [6.23741288022786, 5.327589648202523, 3.8697479540442696, 3.3756927230330263, 2.1395923282199694, 1.0806989234533728, 2.141906158124947, 2.7067453919010283, 3.371592952955612, 7.275769946837797, 6.156930279540284, 5.836147229216352, 4.265967957488502, 2.462416956654929, 0.0, 2.4945901207070187, 3.709730215712847, 3.0563668305841474, 4.257403688292841], [6.251611364215218, 5.817910039655111, 4.525074846328966, 4.782006755197146, 4.036255866871183, 2.6804355362832477, 2.143068874252151, 1.0878606446622687, 3.3444543613025233, 7.3215972090730945, 5.751837346088951, 6.66388830555576, 5.8427512621233335, 4.735908212281285, 2.4945901207070187, 0.0, 1.7703159690022743, 1.7614310722347857, 3.643488655059374], [5.1124740461089155, 5.021463089896915, 4.025470389979238, 4.784421533102736, 4.530551405678731, 3.3797941055692107, 2.1449844890265064, 1.0874275888665426, 2.644079212782437, 6.135784465925984, 4.406321594880189, 6.019905316171837, 5.8464726246252345, 5.474122528352128, 3.709730215712847, 1.7703159690022743, 0.0, 1.7631193287661866, 2.408321288236762], [5.812327052949916, 5.472273165619618, 4.296907183520375, 4.75303991114906, 4.224893994708887, 2.977599916511556, 2.1338269254019306, 1.0906524164498268, 3.0526616828593, 6.852818610589149, 5.283569855955743, 6.348272495051643, 5.811913222704223, 5.033150126619924, 3.0563668305841474, 1.7614310722347857, 1.7631193287661866, 0.0, 3.170954089012024], [2.7371669626872497, 2.7353648346475845, 2.144649313128831, 3.37669412212264, 3.840046785812753, 3.365850209792341, 2.127558939581097, 2.6918551658349195, 1.0796932935724335, 3.776391159857648, 2.1567581980484385, 3.7908721655136315, 4.273910735651906, 4.920609834211633, 4.257403688292841, 3.643488655059374, 2.408321288236762, 3.170954089012024, 0.0]]}