{"total energy": -24.32987033, "HOMO-LUMO gap/eV": 3.53850599, "electronic energy": -24.80003366, "dipole": [0.2904799, 0.04497699, 0.00708717], "partial charges": [-0.10299738, -0.03168582, -0.04860509, 0.01408856, -0.03534039, -0.03044751, -0.03227565, -0.03025999, -0.03544537, 0.04572217, 0.03989576, 0.04575886, 0.03212124, 0.03107353, 0.02789578, 0.02700079, 0.02698797, 0.02705854, 0.02945398], "atomic dipole moments": [[-0.05995773, 0.01241024, -0.01681795], [0.13412597, 0.01863733, 0.00247568], [-0.09823303, -0.017641, 9.475e-05], [0.04009286, -0.00136807, 0.00655362], [0.00615655, 0.00933279, -0.00745802], [-0.00332982, 0.00261349, -0.00240112], [0.00226894, 0.00050992, -0.00033478], [-0.00300854, -0.00282675, 0.00208797], [0.00491345, -0.0081542, 0.01012838], [0.06968335, -0.01799506, -0.10428318], [0.01463541, -0.09996258, 0.07563998], [0.04799872, 0.10185863, 0.05841674], [-0.02646587, 0.11362386, -0.08808145], [0.03238471, -0.10732507, 0.08841445], [0.04740348, -0.09520658, 0.10009539], [-0.09353679, -0.0847099, 0.07487093], [-0.14493297, 0.01099614, -0.02598211], [-0.04875378, 0.09478954, -0.10032276], [0.08959082, 0.08447383, -0.07831504]], "atomic quadrupole moments": [[0.17148776, -0.0282896, -0.08806666, 0.05704896, -0.01489301, -0.0834211], [-0.15128533, -0.15578272, -0.06348265, 0.03031067, 0.42405475, 0.21476798], [-0.17737579, -0.10904699, -0.02527452, -0.01040859, 0.37555285, 0.20265032], [-0.14629943, -0.04820592, 0.07647145, -0.0120048, 0.34250362, 0.06982798], [-0.23665991, -0.03722806, 0.1174035, -0.03618279, 0.37270351, 0.11925641], [-0.26085195, -0.04198688, 0.12921057, -0.03690786, 0.38155012, 0.13164139], [-0.25899124, -0.03711135, 0.1302297, -0.04148737, 0.37640513, 0.12876154], [-0.25864893, -0.03476879, 0.1326163, -0.0446867, 0.38141642, 0.12603263], [-0.23829382, -0.03113257, 0.12929828, -0.0381915, 0.37802259, 0.10899554], [-0.00987357, -0.0153026, -0.04628913, -0.05258866, 0.01217084, 0.0561627], [-0.02704707, -0.00250943, 0.03355725, 0.00591899, -0.06709789, -0.00651018], [-0.02943004, 0.02975872, 0.0500684, 0.0246703, 0.04927133, -0.02063836], [0.03491604, 0.00706183, -0.00477243, 0.00804452, -0.048207, -0.03014361], [0.03852519, 0.00891985, -0.004558, 0.00687738, -0.05446067, -0.03396719], [0.03747538, 0.0066406, -0.01834058, 0.00494734, -0.05377494, -0.0191348], [0.03724533, 0.00328998, -0.01885716, 0.00788636, -0.0541663, -0.01838817], [0.03264466, 0.00605084, -0.01633179, 0.00455353, -0.05521267, -0.01631287], [0.0397568, 0.00704335, -0.02023369, 0.00429798, -0.05363509, -0.01952311], [0.04053253, 0.00451616, -0.02054069, 0.00737707, -0.05235631, -0.01999185]], "number of molecular orbitals": 46, "number of electrons": 46, "number of unpaired electrons": 0, "orbital energies/eV": [-17.3928721, -16.98228674, -16.650347, -16.54347884, -16.06569064, -15.52199402, -15.33795077, -14.73117089, -14.32328171, -13.62086144, -13.45419934, -13.28072265, -13.17634519, -12.90627288, -12.87555346, -12.66642808, -12.39291773, -11.86209096, -11.54158518, -11.37415891, -11.24655551, -10.85726487, -10.1582315, -6.61972552, -5.88996977, -4.49505183, -1.95505386, 2.63596387, 3.14107235, 3.4792958, 4.01944836, 4.79902443, 5.01995666, 5.29394267, 5.45172162, 5.86541037, 5.93546689, 6.83270344, 9.4148411, 11.16461888, 11.63753532, 12.46582212, 12.82443618, 16.13099775, 18.15892665, 18.95299352], "fractional occupation": [2.0, 2.0, 2.0, 2.0, 2.0, 2.0, 2.0, 2.0, 2.0, 2.0, 2.0, 2.0, 2.0, 2.0, 2.0, 2.0, 2.0, 2.0, 2.0, 2.0, 2.0, 2.0, 2.0, 0.0, 0.0, 0.0, 0.0, 0.0, 0.0, 0.0, 0.0, 0.0, 0.0, 0.0, 0.0, 0.0, 0.0, 0.0, 0.0, 0.0, 0.0, 0.0, 0.0, 0.0, 0.0, 0.0], "program call": "xtb /tmp/scratch/tmpguhrfi_7/436414_8f7071_xyzopt.xyz --pop --wbo --acc 0.2 --gfn 2 --chrg 0 --uhf 0 --etemp 300 --input /tmp/scratch/tmpguhrfi_7/436414_8f7071_xtb.inp", "method": "GFN2-xTB", "xtb version": "6.3.3 (7355c4f)", "Dipole module/D": 0.747, "Total charge": 0, "Transition dipole module/D": NaN, "HOMO": -10.1582, "LUMO": -6.6197, "HOMO occupancy": 2.0, "LUMO occupancy": 0, "mulliken charges": [-0.08062, -0.02366, -0.05161, 0.01224, -0.03795, -0.0273, -0.03202, -0.02706, -0.03859, 0.03849, 0.0331, 0.03865, 0.02693, 0.02699, 0.02874, 0.0281, 0.02828, 0.0279, 0.02938], "cm5 charges": [-0.22832, -0.08832, -0.1074, 0.00057, -0.09193, -0.08361, -0.08843, -0.0834, -0.09254, 0.09017, 0.08583, 0.09029, 0.08444, 0.08536, 0.08614, 0.08453, 0.08469, 0.08435, 0.08756], "FUKUI+": [0.032, -0.09, -0.035, -0.061, -0.03, -0.028, -0.066, -0.025, -0.031, -0.061, -0.043, -0.061, -0.07, -0.074, -0.067, -0.074, -0.083, -0.072, -0.06], "FUKUI-": [0.024, -0.067, -0.045, -0.047, -0.032, -0.027, -0.061, -0.026, -0.03, -0.091, -0.053, -0.092, -0.065, -0.068, -0.06, -0.067, -0.074, -0.065, -0.052], "FUKUIrad": [0.028, -0.079, -0.04, -0.054, -0.031, -0.027, -0.063, -0.026, -0.03, -0.076, -0.048, -0.076, -0.068, -0.071, -0.063, -0.07, -0.079, -0.069, -0.056], "s proportion": [1.003, 1.065, 1.06, 1.076, 1.06, 1.055, 1.056, 1.055, 1.058, 0.962, 0.967, 0.961, 0.973, 0.973, 0.971, 0.972, 0.972, 0.972, 0.971], "p proportion": [3.078, 2.959, 2.991, 2.912, 2.977, 2.972, 2.976, 2.972, 2.981, 0.0, 0.0, 0.0, 0.0, 0.0, 0.0, 0.0, 0.0, 0.0, 0.0], "d proportion": [0.0, 0.0, 0.0, 0.0, 0.0, 0.0, 0.0, 0.0, 0.0, 0.0, 0.0, 0.0, 0.0, 0.0, 0.0, 0.0, 0.0, 0.0, 0.0], "Fermi-level/eV": -8.389, "Coordination numbers": [3.756, 2.888, 2.9, 2.97, 2.929, 2.917, 2.92, 2.918, 2.924, 0.924, 0.925, 0.924, 0.926, 0.925, 0.925, 0.926, 0.926, 0.926, 0.926], "Dispersion coefficient C6": [22.522, 28.788, 29.206, 27.695, 28.88, 28.76, 28.805, 28.755, 28.882, 2.374, 2.45, 2.374, 2.556, 2.571, 2.616, 2.629, 2.629, 2.628, 2.594], "Total dispersion C6": 4034.966881, "Total dispersion C8": 96926.749456, "Polarizability alpha": [6.767, 8.797, 8.861, 8.632, 8.813, 8.794, 8.801, 8.794, 8.813, 2.41, 2.448, 2.409, 2.5, 2.508, 2.529, 2.536, 2.536, 2.535, 2.519], "Total polarizability alpha": 102.001017, "Wiberg matrix": [[0.0, 1.044192225689648, 0.0, 0.0, 0.0, 0.0, 0.0, 0.0, 0.0, 0.9684470252009587, 0.9852198374111172, 0.9680071336178107, 0.0, 0.0, 0.0, 0.0, 0.0, 0.0, 0.0], [1.044192225689648, 0.0, 1.8464377623752286, 0.0, 0.0, 0.0, 0.0, 0.0, 0.0, 0.0, 0.0, 0.0, 0.9626925898966137, 0.0, 0.0, 0.0, 0.0, 0.0, 0.0], [0.0, 1.8464377623752286, 0.0, 1.0952243970331206, 0.0, 0.0, 0.0, 0.0, 0.0, 0.0, 0.0, 0.0, 0.0, 0.9619495298499954, 0.0, 0.0, 0.0, 0.0, 0.0], [0.0, 0.0, 1.0952243970331206, 0.0, 1.3745070169410927, 0.0, 0.10121037365599458, 0.0, 1.3718959955603893, 0.0, 0.0, 0.0, 0.0, 0.0, 0.0, 0.0, 0.0, 0.0, 0.0], [0.0, 0.0, 0.0, 1.3745070169410927, 0.0, 1.4569752761348493, 0.0, 0.10479540956300037, 0.0, 0.0, 0.0, 0.0, 0.0, 0.0, 0.9690599128587133, 0.0, 0.0, 0.0, 0.0], [0.0, 0.0, 0.0, 0.0, 1.4569752761348493, 0.0, 1.4323504493111772, 0.0, 0.10599028634772927, 0.0, 0.0, 0.0, 0.0, 0.0, 0.0, 0.971167069981011, 0.0, 0.0, 0.0], [0.0, 0.0, 0.0, 0.10121037365599458, 0.0, 1.4323504493111772, 0.0, 1.4280841202578642, 0.0, 0.0, 0.0, 0.0, 0.0, 0.0, 0.0, 0.0, 0.9718479112221496, 0.0, 0.0], [0.0, 0.0, 0.0, 0.0, 0.10479540956300037, 0.0, 1.4280841202578642, 0.0, 1.4615632029312708, 0.0, 0.0, 0.0, 0.0, 0.0, 0.0, 0.0, 0.0, 0.9711978723194632, 0.0], [0.0, 0.0, 0.0, 1.3718959955603893, 0.0, 0.10599028634772927, 0.0, 1.4615632029312708, 0.0, 0.0, 0.0, 0.0, 0.0, 0.0, 0.0, 0.0, 0.0, 0.0, 0.96641065631699], [0.9684470252009587, 0.0, 0.0, 0.0, 0.0, 0.0, 0.0, 0.0, 0.0, 0.0, 0.0, 0.0, 0.0, 0.0, 0.0, 0.0, 0.0, 0.0, 0.0], [0.9852198374111172, 0.0, 0.0, 0.0, 0.0, 0.0, 0.0, 0.0, 0.0, 0.0, 0.0, 0.0, 0.0, 0.0, 0.0, 0.0, 0.0, 0.0, 0.0], [0.9680071336178107, 0.0, 0.0, 0.0, 0.0, 0.0, 0.0, 0.0, 0.0, 0.0, 0.0, 0.0, 0.0, 0.0, 0.0, 0.0, 0.0, 0.0, 0.0], [0.0, 0.9626925898966137, 0.0, 0.0, 0.0, 0.0, 0.0, 0.0, 0.0, 0.0, 0.0, 0.0, 0.0, 0.0, 0.0, 0.0, 0.0, 0.0, 0.0], [0.0, 0.0, 0.9619495298499954, 0.0, 0.0, 0.0, 0.0, 0.0, 0.0, 0.0, 0.0, 0.0, 0.0, 0.0, 0.0, 0.0, 0.0, 0.0, 0.0], [0.0, 0.0, 0.0, 0.0, 0.9690599128587133, 0.0, 0.0, 0.0, 0.0, 0.0, 0.0, 0.0, 0.0, 0.0, 0.0, 0.0, 0.0, 0.0, 0.0], [0.0, 0.0, 0.0, 0.0, 0.0, 0.971167069981011, 0.0, 0.0, 0.0, 0.0, 0.0, 0.0, 0.0, 0.0, 0.0, 0.0, 0.0, 0.0, 0.0], [0.0, 0.0, 0.0, 0.0, 0.0, 0.0, 0.9718479112221496, 0.0, 0.0, 0.0, 0.0, 0.0, 0.0, 0.0, 0.0, 0.0, 0.0, 0.0, 0.0], [0.0, 0.0, 0.0, 0.0, 0.0, 0.0, 0.0, 0.9711978723194632, 0.0, 0.0, 0.0, 0.0, 0.0, 0.0, 0.0, 0.0, 0.0, 0.0, 0.0], [0.0, 0.0, 0.0, 0.0, 0.0, 0.0, 0.0, 0.0, 0.96641065631699, 0.0, 0.0, 0.0, 0.0, 0.0, 0.0, 0.0, 0.0, 0.0, 0.0]], "Born radii": [], "Atomic SASAs": [], "Solvent H bonds": [], "Total SASA": NaN, "Total FOD": 0.0, "FOD": [0.0, 0.0, 0.0, 0.0, 0.0, 0.0, 0.0, 0.0, 0.0, 0.0, 0.0, 0.0, 0.0, 0.0, 0.0, 0.0, 0.0, 0.0, 0.0], "FOD s proportion": [0.0, 0.0, 0.0, 0.0, 0.0, 0.0, 0.0, 0.0, 0.0, 0.0, 0.0, 0.0, 0.0, 0.0, 0.0, 0.0, 0.0, 0.0, 0.0], "FOD p proportion": [0.0, 0.0, 0.0, 0.0, 0.0, 0.0, 0.0, 0.0, 0.0, 0.0, 0.0, 0.0, 0.0, 0.0, 0.0, 0.0, 0.0, 0.0, 0.0], "FOD d proportion": [0.0, 0.0, 0.0, 0.0, 0.0, 0.0, 0.0, 0.0, 0.0, 0.0, 0.0, 0.0, 0.0, 0.0, 0.0, 0.0, 0.0, 0.0, 0.0], "coordinates": [["3.50181867351966", "0.20774660607019", "0.37053438087760"], ["2.06779477827036", "0.41547607339326", "0.02319917220272"], ["1.07294931644473", "-0.34453079655352", "0.47405402829433"], ["-0.34608566550373", "-0.19616383004136", "0.18080557120916"], ["-1.26282862727228", "-0.98871138722789", "0.87471850074163"], ["-2.61969123549777", "-0.88645541506080", "0.63695079127877"], ["-3.09394019775495", "0.00908664518621", "-0.30673702017576"], ["-2.19751790630551", "0.79859416137311", "-1.00860071093243"], ["-0.84088522272763", "0.69888212106877", "-0.76924124372509"], ["4.08949459782019", "0.05357297178949", "-0.53473423073840"], ["3.62869549623910", "-0.65297414105769", "1.02287033086022"], ["3.90033928366691", "1.09068993345266", "0.87127941382293"], ["1.87338726475817", "1.25225485260757", "-0.63332432238275"], ["1.31186706487705", "-1.16251633726686", "1.14419799925913"], ["-0.90063036469058", "-1.69119143805874", "1.61268505217558"], ["-3.31079957371826", "-1.50864429399094", "1.18729103211274"], ["-4.15414373826560", "0.08984011810286", "-0.49651398674847"], ["-2.56062844076885", "1.49719500260793", "-1.74886441031824"], ["-0.15919550309107", "1.31785115360548", "-1.33233334781370"]], "bond_dist": [[0.0, 1.4900395333431677, 2.4930168472330188, 3.8736944205619857, 4.938377998634152, 6.224238052402621, 6.633415215312616, 5.893517785262259, 4.516567247259003, 1.0902494029748244, 1.0874190196605371, 1.090483004957337, 2.1795684495415775, 2.696676468634358, 4.952823590608139, 7.072825215693412, 7.705805296163186, 6.550404065170424, 4.1874951234863], [1.4900395333431677, 0.0, 1.3306382064794093, 2.4951476800615, 3.7134727494610056, 4.903492814292534, 5.188209539053204, 4.405029258175121, 3.0279861540074053, 2.12827011853188, 2.139471742642851, 2.1291719557851585, 1.0812104816344046, 2.0780098956065687, 3.9719090115211775, 5.829804992427736, 6.2520924054686375, 5.0727336493117425, 2.7588466632794835], [2.4930168472330188, 1.3306382064794093, 0.0, 1.4565945538578395, 2.4558825817285963, 3.7357478358938097, 4.25413307032359, 3.7684155291408614, 2.50943346064724, 3.205571056226916, 2.63214269489033, 3.1955876732608135, 2.1015975185594704, 1.0841009995164361, 2.6466945894292877, 4.591418254802876, 5.334152431823121, 4.6407119735809825, 2.746767182905352], [3.8736944205619857, 2.4951476800615, 1.4565945538578395, 0.0, 1.3964470781690381, 2.419473748989422, 2.7983084294639573, 2.4149600633884467, 1.395894984228512, 4.499859770120459, 4.088598048652217, 4.490531325454865, 2.7725050499596535, 2.147270219330141, 2.1431066749331604, 3.3948706173903402, 3.878384499694796, 3.3904704802133674, 2.148664397195486], [4.938377998634152, 3.7134727494610056, 2.4558825817285963, 1.3964470781690381, 0.0, 1.3813275879050313, 2.3967493913530347, 2.7595282976371496, 2.3934518435328593, 5.632075780135868, 4.905270299802776, 5.566167851971319, 4.139078758115576, 2.5945876874662783, 1.08132346421773, 2.1359346460951607, 3.3768705861282022, 3.8402086175289583, 3.3777677080843156], [6.224238052402621, 4.903492814292534, 3.7357478358938097, 2.419473748989422, 1.3813275879050313, 0.0, 1.384721757379912, 2.3927937941558843, 2.766734894028858, 6.875294444960023, 6.264645572232019, 6.81724369546305, 5.135701985403754, 3.973746347216852, 2.1342042292476977, 1.0805665721756448, 2.1429978661571534, 3.373038971542559, 3.845918189241428], [6.633415215312616, 5.188209539053204, 4.25413307032359, 2.7983084294639573, 2.3967493913530347, 1.384721757379912, 0.0, 1.3854629851156786, 2.4012464837755356, 7.187189800162415, 6.884766580413142, 7.174784586048465, 5.130932525159838, 4.784245354763521, 3.374275429778886, 2.1407136692476456, 1.0800777600436726, 2.139770857584319, 3.3730459215107276], [5.893517785262259, 4.405029258175121, 3.7684155291408614, 2.4149600633884467, 2.7595282976371496, 2.3927937941558843, 1.3854629851156786, 0.0, 1.381190676074508, 6.348711069265397, 6.338666085404277, 6.38773289460473, 4.113260179269874, 4.560293800890506, 3.840844787101788, 3.374120019809899, 2.143116831446877, 1.0806862357967808, 2.128189104288009], [4.516567247259003, 3.0279861540074053, 2.50943346064724, 1.395894984228512, 2.3934518435328593, 2.766734894028858, 2.4012464837755356, 1.381190676074508, 0.0, 4.9779576748048635, 5.001632838641029, 5.032298799725925, 2.773440088741822, 3.4293434311940048, 3.3748472527111066, 3.8472936358966665, 3.3797920511267536, 2.1341231785808707, 1.0793035971331424], [1.0902494029748244, 2.12827011853188, 3.205571056226916, 4.499859770120459, 5.632075780135868, 6.875294444960023, 7.187189800162415, 6.348711069265397, 4.9779576748048635, 0.0, 1.7713488095243846, 1.7573462077048179, 2.52144600759629, 3.4659632647057044, 5.705870622786407, 7.756948344336577, 8.243806712261978, 6.912473731538056, 4.503990591259774], [1.0874190196605371, 2.139471742642851, 2.63214269489033, 4.088598048652217, 4.905270299802776, 6.264645572232019, 6.884766580413142, 6.338666085404277, 5.001632838641029, 1.7713488095243846, 0.0, 1.7711957989207088, 3.074733360022955, 2.375299482845125, 4.684076143249474, 6.993982942757559, 7.964476648113997, 7.114314557218212, 4.876397741461401], [1.090483004957337, 2.1291719557851585, 3.1955876732608135, 4.490531325454865, 5.566167851971319, 6.81724369546305, 7.174784586048465, 6.38773289460473, 5.032298799725925, 1.7573462077048179, 1.7711957989207088, 0.0, 2.5295197396074696, 3.4426169522810937, 5.598022494612994, 7.671826730925579, 8.230872122085938, 6.983874566931644, 4.624644214216623], [2.1795684495415775, 1.0812104816344046, 2.1015975185594704, 2.7725050499596535, 4.139078758115576, 5.135701985403754, 5.130932525159838, 4.113260179269874, 2.773440088741822, 2.52144600759629, 3.074733360022955, 2.5295197396074696, 0.0, 3.0505754274000902, 4.626403353052306, 6.1492273939857975, 6.140118490334104, 4.578746623447688, 2.150420703140716], [2.696676468634358, 2.0780098956065687, 1.0841009995164361, 2.147270219330141, 2.5945876874662783, 3.973746347216852, 4.784245354763521, 4.560293800890506, 3.4293434311940048, 3.4659632647057044, 2.375299482845125, 3.4426169522810937, 3.0505754274000902, 0.0, 2.322524995945365, 4.635807203010989, 5.842739649548606, 5.517254385871278, 3.801243938724227], [4.952823590608139, 3.9719090115211775, 2.6466945894292877, 2.1431066749331604, 1.08132346421773, 2.1342042292476977, 3.374275429778886, 3.840844787101788, 3.3748472527111066, 5.705870622786407, 4.684076143249474, 5.598022494612994, 4.626403353052306, 2.322524995945365, 0.0, 2.454220680431498, 4.266865742189816, 4.921525830106261, 4.275183779525721], [7.072825215693412, 5.829804992427736, 4.591418254802876, 3.3948706173903402, 2.1359346460951607, 1.0805665721756448, 2.1407136692476456, 3.374120019809899, 3.8472936358966665, 7.756948344336577, 6.993982942757559, 7.671826730925579, 6.1492273939857975, 4.635807203010989, 2.454220680431498, 0.0, 2.4701378781608754, 4.268352772183393, 4.926478635820605], [7.705805296163186, 6.2520924054686375, 5.334152431823121, 3.878384499694796, 3.3768705861282022, 2.1429978661571534, 1.0800777600436726, 2.143116831446877, 3.3797920511267536, 8.243806712261978, 7.964476648113997, 8.230872122085938, 6.140118490334104, 5.842739649548606, 4.266865742189816, 2.4701378781608754, 0.0, 2.4674521996812455, 4.262184476224815], [6.550404065170424, 5.0727336493117425, 4.6407119735809825, 3.3904704802133674, 3.8402086175289583, 3.373038971542559, 2.139770857584319, 1.0806862357967808, 2.1341231785808707, 6.912473731538056, 7.114314557218212, 6.983874566931644, 4.578746623447688, 5.517254385871278, 4.921525830106261, 4.268352772183393, 2.4674521996812455, 0.0, 2.4438785764374438], [4.1874951234863, 2.7588466632794835, 2.746767182905352, 2.148664397195486, 3.3777677080843156, 3.845918189241428, 3.3730459215107276, 2.128189104288009, 1.0793035971331424, 4.503990591259774, 4.876397741461401, 4.624644214216623, 2.150420703140716, 3.801243938724227, 4.275183779525721, 4.926478635820605, 4.262184476224815, 2.4438785764374438, 0.0]]}