{"total energy": -27.49801771, "HOMO-LUMO gap/eV": 3.77979114, "electronic energy": -28.01598392, "dipole": [-0.3580306, -0.16827404, 0.0489712], "partial charges": [-0.1077437, 0.01420974, -0.10920648, -0.06257688, 0.01683762, -0.03671517, -0.03090383, -0.03377222, -0.03170597, -0.03773698, 0.04311384, 0.04499556, 0.04153285, 0.0376224, 0.04466565, 0.04341474, 0.02993811, 0.02644339, 0.02551285, 0.0250164, 0.02509173, 0.03196636], "atomic dipole moments": [[-0.00915588, 0.06588724, 0.0100638], [-0.11712675, -0.10652282, 0.00862288], [0.06127761, -0.01721588, -0.01739484], [0.09677853, 0.0226051, -0.02169068], [-0.04045718, 0.0033736, 0.0130683], [-0.0060831, -0.00511832, -0.00575243], [0.00360295, -0.00236131, -0.00247181], [-0.00083726, 0.0006071, 0.00149325], [0.00310184, 0.00146619, 0.00077257], [0.00365755, 0.00566, 0.00858185], [-0.04742773, -0.02765464, -0.11459357], [0.12405707, -0.03252679, 0.00138499], [-0.06291512, -0.07120063, 0.08216764], [-0.01126326, 0.12405434, 0.01897408], [-0.0847122, -0.03535194, -0.08697894], [-0.0314671, -0.05964423, 0.10717561], [-0.03238883, 0.13213806, 0.04720364], [-0.03397958, 0.07801917, 0.11975656], [0.10547677, 0.06078576, 0.08202021], [0.14141509, -0.01792924, -0.03792418], [0.03381818, -0.0758748, -0.120697], [-0.10660961, -0.05599873, -0.08568865]], "atomic quadrupole moments": [[-0.07170484, -0.02002322, 0.1580219, -0.0244502, 0.06629589, -0.08631706], [-0.20689393, -0.21114092, -0.18044198, 0.1160266, -0.07424855, 0.38733591], [0.15217426, -0.04542067, -0.05643389, -0.0797923, 0.02293573, -0.09574038], [-0.11224208, -0.14248624, -0.29349265, 0.13699382, -0.13945608, 0.40573474], [-0.15052479, -0.05547554, 0.23685709, -0.01851723, -0.32825998, -0.0863323], [-0.23959024, -0.02648121, 0.25894731, 0.01948485, -0.34756049, -0.01935707], [-0.26286505, -0.02700541, 0.27389839, 0.01856353, -0.3542268, -0.01103334], [-0.25722018, -0.02376648, 0.27400253, 0.01795925, -0.3462969, -0.01678235], [-0.25811208, -0.02530252, 0.2874886, 0.02069397, -0.34797348, -0.02937652], [-0.24591191, -0.01416417, 0.30048727, 0.00677812, -0.33259492, -0.05457536], [-0.02553865, 0.00426062, -0.03929078, 0.047482, 0.01380595, 0.06482944], [0.07392248, -0.01828736, -0.02113941, 0.0033006, 0.00255081, -0.05278307], [-0.01348995, 0.02349682, 0.00090352, -0.05547638, -0.04386173, 0.01258642], [-0.02775377, -0.00152521, 0.0816885, -0.00843227, 0.01846234, -0.05393473], [0.00747345, 0.01645199, -0.03236983, 0.05781449, 0.03696903, 0.02489638], [-0.03826927, 0.00346512, -0.00849432, -0.02206651, -0.05758243, 0.04676359], [0.03433124, 0.0130747, 0.03201934, -0.01885097, 0.02729725, -0.06635058], [0.03726864, 0.00499819, -0.03799696, -0.00247566, 0.04979106, 0.00072832], [0.03676679, 0.00182358, -0.03907379, -0.00543791, 0.05064982, 0.002307], [0.03342078, 0.0044395, -0.0381009, -0.00085519, 0.05111507, 0.00468012], [0.03992547, 0.00408757, -0.04200476, -0.00122491, 0.04884637, 0.0020793], [0.03517601, 0.00802059, -0.04026891, -0.00864549, 0.04301226, 0.0050929]], "number of molecular orbitals": 52, "number of electrons": 52, "number of unpaired electrons": 0, "orbital energies/eV": [-17.33567303, -17.06743505, -16.64102113, -16.48517043, -16.08656292, -16.0126596, -15.37417824, -15.28701673, -14.56889984, -14.06177181, -13.64576698, -13.57712512, -13.49456257, -13.1386827, -13.03984066, -12.81170583, -12.68793254, -12.63408409, -12.33898292, -12.16885439, -11.9064457, -11.37862988, -11.2069153, -10.98138656, -10.782821, -10.06100713, -6.281216, -5.83593599, -4.67386948, -2.13483551, 2.56188433, 2.81772249, 3.64051703, 3.93145937, 4.46368097, 4.66800822, 5.12712857, 5.37646563, 5.45026577, 5.70007109, 5.957593, 6.21386715, 6.46514179, 6.89696946, 9.55735591, 11.38745662, 11.7560964, 12.24665603, 12.72968294, 16.5744847, 18.05956961, 18.7742392], "fractional occupation": [2.0, 2.0, 2.0, 2.0, 2.0, 2.0, 2.0, 2.0, 2.0, 2.0, 2.0, 2.0, 2.0, 2.0, 2.0, 2.0, 2.0, 2.0, 2.0, 2.0, 2.0, 2.0, 2.0, 2.0, 2.0, 2.0, 0.0, 0.0, 0.0, 0.0, 0.0, 0.0, 0.0, 0.0, 0.0, 0.0, 0.0, 0.0, 0.0, 0.0, 0.0, 0.0, 0.0, 0.0, 0.0, 0.0, 0.0, 0.0, 0.0, 0.0, 0.0, 0.0], "program call": "xtb /tmp/scratch/tmph_bm954_/436609_6062ff_xyzopt.xyz --pop --wbo --acc 0.2 --gfn 2 --chrg 0 --uhf 0 --etemp 300 --input /tmp/scratch/tmph_bm954_/436609_6062ff_xtb.inp", "method": "GFN2-xTB", "xtb version": "6.3.3 (7355c4f)", "Dipole module/D": 1.013, "Total charge": 0, "Transition dipole module/D": NaN, "HOMO": -10.061, "LUMO": -6.2812, "HOMO occupancy": 2.0, "LUMO occupancy": 0, "mulliken charges": [-0.09207, 0.01878, -0.08992, -0.07616, 0.01752, -0.03966, -0.02722, -0.0343, -0.02777, -0.04083, 0.03828, 0.03691, 0.03512, 0.03465, 0.03721, 0.03796, 0.03227, 0.02826, 0.02764, 0.0276, 0.02725, 0.02846], "cm5 charges": [-0.23834, -0.00719, -0.23632, -0.12967, 0.00551, -0.09341, -0.08349, -0.09071, -0.08412, -0.09543, 0.09063, 0.09196, 0.08792, 0.08759, 0.08968, 0.09025, 0.09061, 0.08566, 0.08406, 0.08401, 0.08368, 0.08713], "FUKUI+": [0.028, -0.092, 0.029, -0.029, -0.064, -0.031, -0.026, -0.066, -0.028, -0.026, -0.052, -0.022, -0.054, -0.038, -0.054, -0.054, -0.071, -0.066, -0.073, -0.082, -0.072, -0.059], "FUKUI-": [0.026, -0.069, 0.026, -0.05, -0.039, -0.029, -0.024, -0.053, -0.024, -0.025, -0.074, -0.034, -0.065, -0.046, -0.073, -0.075, -0.071, -0.055, -0.065, -0.069, -0.063, -0.048], "FUKUIrad": [0.027, -0.08, 0.028, -0.039, -0.052, -0.03, -0.025, -0.059, -0.026, -0.026, -0.063, -0.028, -0.059, -0.042, -0.064, -0.065, -0.071, -0.06, -0.069, -0.075, -0.067, -0.053], "s proportion": [1.006, 1.089, 1.007, 1.057, 1.077, 1.058, 1.055, 1.055, 1.055, 1.059, 0.962, 0.963, 0.965, 0.965, 0.963, 0.962, 0.968, 0.972, 0.972, 0.972, 0.973, 0.972], "p proportion": [3.086, 2.892, 3.083, 3.019, 2.905, 2.981, 2.972, 2.98, 2.972, 2.982, 0.0, 0.0, 0.0, 0.0, 0.0, 0.0, 0.0, 0.0, 0.0, 0.0, 0.0, 0.0], "d proportion": [0.0, 0.0, 0.0, 0.0, 0.0, 0.0, 0.0, 0.0, 0.0, 0.0, 0.0, 0.0, 0.0, 0.0, 0.0, 0.0, 0.0, 0.0, 0.0, 0.0, 0.0, 0.0], "Fermi-level/eV": -8.1711, "Coordination numbers": [3.757, 2.938, 3.76, 2.905, 2.97, 2.928, 2.918, 2.92, 2.918, 2.924, 0.924, 0.925, 0.925, 0.925, 0.925, 0.924, 0.925, 0.926, 0.926, 0.926, 0.926, 0.926], "Dispersion coefficient C6": [22.612, 27.696, 22.636, 29.556, 27.631, 28.913, 28.771, 28.841, 28.791, 28.938, 2.408, 2.383, 2.429, 2.481, 2.388, 2.404, 2.587, 2.637, 2.651, 2.658, 2.657, 2.558], "Total dispersion C6": 5084.991894, "Total dispersion C8": 120629.599488, "Polarizability alpha": [6.78, 8.631, 6.783, 8.914, 8.622, 8.818, 8.796, 8.807, 8.799, 8.822, 2.427, 2.414, 2.437, 2.463, 2.416, 2.425, 2.515, 2.54, 2.546, 2.55, 2.549, 2.501], "Total polarizability alpha": 113.554386, "Wiberg matrix": [[0.0, 1.0263920289221407, 0.0, 0.0, 0.0, 0.0, 0.0, 0.0, 0.0, 0.0, 0.9676446625344356, 0.9797480694500911, 0.9767844060023301, 0.0, 0.0, 0.0, 0.0, 0.0, 0.0, 0.0, 0.0, 0.0], [1.0263920289221407, 0.0, 1.0255936354250608, 1.8325865529380487, 0.0, 0.0, 0.0, 0.0, 0.0, 0.0, 0.0, 0.0, 0.0, 0.0, 0.0, 0.0, 0.0, 0.0, 0.0, 0.0, 0.0, 0.0], [0.0, 1.0255936354250608, 0.0, 0.0, 0.0, 0.0, 0.0, 0.0, 0.0, 0.0, 0.0, 0.0, 0.0, 0.9851400905762763, 0.9726590690292001, 0.9706447265970127, 0.0, 0.0, 0.0, 0.0, 0.0, 0.0], [0.0, 1.8325865529380487, 0.0, 0.0, 1.0680306838615072, 0.0, 0.0, 0.0, 0.0, 0.0, 0.0, 0.0, 0.0, 0.0, 0.0, 0.0, 0.9563971602670667, 0.0, 0.0, 0.0, 0.0, 0.0], [0.0, 0.0, 0.0, 1.0680306838615072, 0.0, 1.3813173371766645, 0.0, 0.10461298024308638, 0.0, 1.3844729695878517, 0.0, 0.0, 0.0, 0.0, 0.0, 0.0, 0.0, 0.0, 0.0, 0.0, 0.0, 0.0], [0.0, 0.0, 0.0, 0.0, 1.3813173371766645, 0.0, 1.4572199800096, 0.0, 0.10830020690656988, 0.0, 0.0, 0.0, 0.0, 0.0, 0.0, 0.0, 0.0, 0.9703715340755972, 0.0, 0.0, 0.0, 0.0], [0.0, 0.0, 0.0, 0.0, 0.0, 1.4572199800096, 0.0, 1.4300254881654164, 0.0, 0.1066297703085817, 0.0, 0.0, 0.0, 0.0, 0.0, 0.0, 0.0, 0.0, 0.9711023306690492, 0.0, 0.0, 0.0], [0.0, 0.0, 0.0, 0.0, 0.10461298024308638, 0.0, 1.4300254881654164, 0.0, 1.4367179424831382, 0.0, 0.0, 0.0, 0.0, 0.0, 0.0, 0.0, 0.0, 0.0, 0.0, 0.9718978648473956, 0.0, 0.0], [0.0, 0.0, 0.0, 0.0, 0.0, 0.10830020690656988, 0.0, 1.4367179424831382, 0.0, 1.449087031197199, 0.0, 0.0, 0.0, 0.0, 0.0, 0.0, 0.0, 0.0, 0.0, 0.0, 0.9711425603574334, 0.0], [0.0, 0.0, 0.0, 0.0, 1.3844729695878517, 0.0, 0.1066297703085817, 0.0, 1.449087031197199, 0.0, 0.0, 0.0, 0.0, 0.0, 0.0, 0.0, 0.0, 0.0, 0.0, 0.0, 0.0, 0.9690518288480775], [0.9676446625344356, 0.0, 0.0, 0.0, 0.0, 0.0, 0.0, 0.0, 0.0, 0.0, 0.0, 0.0, 0.0, 0.0, 0.0, 0.0, 0.0, 0.0, 0.0, 0.0, 0.0, 0.0], [0.9797480694500911, 0.0, 0.0, 0.0, 0.0, 0.0, 0.0, 0.0, 0.0, 0.0, 0.0, 0.0, 0.0, 0.0, 0.0, 0.0, 0.0, 0.0, 0.0, 0.0, 0.0, 0.0], [0.9767844060023301, 0.0, 0.0, 0.0, 0.0, 0.0, 0.0, 0.0, 0.0, 0.0, 0.0, 0.0, 0.0, 0.0, 0.0, 0.0, 0.0, 0.0, 0.0, 0.0, 0.0, 0.0], [0.0, 0.0, 0.9851400905762763, 0.0, 0.0, 0.0, 0.0, 0.0, 0.0, 0.0, 0.0, 0.0, 0.0, 0.0, 0.0, 0.0, 0.0, 0.0, 0.0, 0.0, 0.0, 0.0], [0.0, 0.0, 0.9726590690292001, 0.0, 0.0, 0.0, 0.0, 0.0, 0.0, 0.0, 0.0, 0.0, 0.0, 0.0, 0.0, 0.0, 0.0, 0.0, 0.0, 0.0, 0.0, 0.0], [0.0, 0.0, 0.9706447265970127, 0.0, 0.0, 0.0, 0.0, 0.0, 0.0, 0.0, 0.0, 0.0, 0.0, 0.0, 0.0, 0.0, 0.0, 0.0, 0.0, 0.0, 0.0, 0.0], [0.0, 0.0, 0.0, 0.9563971602670667, 0.0, 0.0, 0.0, 0.0, 0.0, 0.0, 0.0, 0.0, 0.0, 0.0, 0.0, 0.0, 0.0, 0.0, 0.0, 0.0, 0.0, 0.0], [0.0, 0.0, 0.0, 0.0, 0.0, 0.9703715340755972, 0.0, 0.0, 0.0, 0.0, 0.0, 0.0, 0.0, 0.0, 0.0, 0.0, 0.0, 0.0, 0.0, 0.0, 0.0, 0.0], [0.0, 0.0, 0.0, 0.0, 0.0, 0.0, 0.9711023306690492, 0.0, 0.0, 0.0, 0.0, 0.0, 0.0, 0.0, 0.0, 0.0, 0.0, 0.0, 0.0, 0.0, 0.0, 0.0], [0.0, 0.0, 0.0, 0.0, 0.0, 0.0, 0.0, 0.9718978648473956, 0.0, 0.0, 0.0, 0.0, 0.0, 0.0, 0.0, 0.0, 0.0, 0.0, 0.0, 0.0, 0.0, 0.0], [0.0, 0.0, 0.0, 0.0, 0.0, 0.0, 0.0, 0.0, 0.9711425603574334, 0.0, 0.0, 0.0, 0.0, 0.0, 0.0, 0.0, 0.0, 0.0, 0.0, 0.0, 0.0, 0.0], [0.0, 0.0, 0.0, 0.0, 0.0, 0.0, 0.0, 0.0, 0.0, 0.9690518288480775, 0.0, 0.0, 0.0, 0.0, 0.0, 0.0, 0.0, 0.0, 0.0, 0.0, 0.0, 0.0]], "Born radii": [], "Atomic SASAs": [], "Solvent H bonds": [], "Total SASA": NaN, "Total FOD": 0.0, "FOD": [0.0, 0.0, 0.0, 0.0, 0.0, 0.0, 0.0, 0.0, 0.0, 0.0, 0.0, 0.0, 0.0, 0.0, 0.0, 0.0, 0.0, 0.0, 0.0, 0.0, 0.0, 0.0], "FOD s proportion": [0.0, 0.0, 0.0, 0.0, 0.0, 0.0, 0.0, 0.0, 0.0, 0.0, 0.0, 0.0, 0.0, 0.0, 0.0, 0.0, 0.0, 0.0, 0.0, 0.0, 0.0, 0.0], "FOD p proportion": [0.0, 0.0, 0.0, 0.0, 0.0, 0.0, 0.0, 0.0, 0.0, 0.0, 0.0, 0.0, 0.0, 0.0, 0.0, 0.0, 0.0, 0.0, 0.0, 0.0, 0.0, 0.0], "FOD d proportion": [0.0, 0.0, 0.0, 0.0, 0.0, 0.0, 0.0, 0.0, 0.0, 0.0, 0.0, 0.0, 0.0, 0.0, 0.0, 0.0, 0.0, 0.0, 0.0, 0.0, 0.0, 0.0], "coordinates": [["-1.59334652218308", "-1.60318293959667", "0.05461904736758"], ["-1.77695675651060", "-0.15596387748833", "0.39871736209624"], ["-3.16635561368098", "0.20482904556089", "0.83239809185018"], ["-0.80433892788368", "0.75494036662380", "0.37064738488995"], ["0.58723248735115", "0.55314710699449", "-0.03501339194992"], ["1.60791121078554", "1.13118194540403", "0.71969837374792"], ["2.93296933417355", "0.96079629832404", "0.36836294695570"], ["3.26516748257333", "0.22402692180935", "-0.75679492458026"], ["2.26074735956939", "-0.33080295171726", "-1.53122242195949"], ["0.93412495562594", "-0.16855874624844", "-1.17558954812689"], ["-2.00345114493145", "-1.81585259139893", "-0.93334443256225"], ["-0.54400097235897", "-1.88506137199559", "0.06341495778070"], ["-2.13085492395787", "-2.22272387404360", "0.77167647508889"], ["-3.26690359335143", "1.27426390080467", "0.99839521704403"], ["-3.88591861102076", "-0.10109280867651", "0.07323147538056"], ["-3.42177604652256", "-0.31578679434389", "1.75571613776986"], ["-1.02865277311512", "1.75850033214854", "0.71360267486647"], ["1.35260954011705", "1.70786165035889", "1.59785582857406"], ["3.71114062102995", "1.40700161185447", "0.97107223087656"], ["4.30089495598761", "0.09197331294005", "-1.03360905661985"], ["2.51226017263505", "-0.89109334510207", "-2.42059109730787"], ["0.15749876566892", "-0.57840419221223", "-1.80324233118227"]], "bond_dist": [[0.0, 1.4988526885850568, 2.519564482692336, 2.506621714842397, 3.0680153293018475, 4.26229197821956, 5.211521850527222, 5.253784050178095, 4.357508881087367, 3.1558947757659235, 1.0906356037065437, 1.086581290850957, 1.089457482458203, 3.4599432145979487, 2.7408954679815585, 2.80967518963725, 3.471894709100436, 4.692893900414264, 6.1675506746091004, 6.228954786303254, 4.846621832104006, 2.750868881824709], [1.4988526885850568, 0.0, 1.499559833080584, 1.3328615479954387, 2.5060629553367644, 3.635533569540747, 4.840607240884792, 5.186773418472118, 4.478648322984022, 3.135054214551413, 2.1403081262618984, 2.149973444841593, 2.129750993953974, 2.1506061015740907, 2.1346362688810894, 2.138321663998981, 2.0794914815272683, 3.8348355720981635, 5.734951093257951, 6.249265017525421, 5.185199840767112, 2.9612835861528115], [2.519564482692336, 1.499559833080584, 0.0, 2.4687970764979275, 3.8682233371871306, 4.864612485358905, 6.1634876427610505, 6.6249824406994735, 5.94365630332652, 4.580979557325762, 2.9246106995466294, 3.440308254029108, 2.639879158340287, 1.086901951143118, 1.0898133049300638, 1.090319523898236, 2.645331784942411, 4.823492367469566, 6.983151427145671, 7.697697718457287, 6.635485046304693, 4.313706373804173], [2.506621714842397, 1.3328615479954387, 2.4687970764979275, 0.0, 1.4634726472321977, 2.4662410770108094, 3.742974075372963, 4.25604013982704, 3.7670547202105555, 2.5031891536135435, 3.122057206726803, 2.6705386713671886, 3.284349760481647, 2.5938367345572364, 3.2120682377507572, 3.148944136288677, 1.0840053673711263, 2.6582938571300962, 4.601657247108595, 5.336185386286671, 4.636838237226061, 2.7255707583845243], [3.0680153293018475, 2.5060629553367644, 3.8682233371871306, 1.4634726472321977, 0.0, 1.394811521378265, 2.41482332449412, 2.7929598127753508, 2.412604649608866, 1.3935952393684163, 3.6236445620525077, 2.6896538564316304, 3.9678971030596335, 4.054911554156432, 4.522037988277677, 4.475925356636078, 2.150438929120531, 2.141361623101633, 3.391176466005919, 3.873133550599462, 3.38859012878254, 2.142828270260134], [4.26229197821956, 3.635533569540747, 4.864612485358905, 2.4662410770108094, 1.394811521378265, 0.0, 1.3813930943821506, 2.3978033795999742, 2.7622887801817098, 2.394875798446294, 4.945654774131834, 3.76286562553026, 5.022923270272787, 4.8848709042366165, 5.667326232995345, 5.335241817153575, 2.71017253271719, 1.0811562979605078, 2.1360803488084454, 3.3773070602320217, 3.8430277591260866, 3.3751460447619888], [5.211521850527222, 4.840607240884792, 6.1634876427610505, 3.742974075372963, 2.41482332449412, 1.3813930943821506, 0.0, 1.3853392941259624, 2.39343593598087, 2.766696762101775, 5.811408461398883, 4.5034677381244546, 5.994979450097152, 6.239681635838064, 6.907383286758946, 6.628514322382234, 4.05585649601488, 2.1371234088913713, 1.0806980218520486, 2.1428017606760954, 3.3741304229453606, 3.845548661860775], [5.253784050178095, 5.186773418472118, 6.6249824406994735, 4.25604013982704, 2.7929598127753508, 2.3978033795999742, 1.3853392941259624, 0.0, 1.3843532499871054, 2.4006815086373328, 5.6524879831155665, 4.430661575909284, 6.118812963998849, 6.844825979251566, 7.206433166399165, 7.163750724857495, 4.790988429923111, 3.3769843876204835, 2.1409918412779247, 1.080183141183645, 2.139761746414338, 3.375878066749492], [4.357508881087367, 4.478648322984022, 5.94365630332652, 3.7670547202105555, 2.412604649608866, 2.7622887801817098, 2.39343593598087, 1.3843532499871054, 0.0, 1.3830129882988595, 4.554801796819653, 3.5812289532122445, 5.307436172300581, 6.287299106766661, 6.356771319822386, 6.564698229256297, 4.4971747976053775, 3.843435749019367, 3.374178988090706, 2.14209267924926, 1.080814813345209, 2.135171153105184], [3.1558947757659235, 3.135054214551413, 4.580979557325762, 2.5031891536135435, 1.3935952393684163, 2.394875798446294, 2.766696762101775, 2.4006815086373328, 1.3830129882988595, 0.0, 3.3766274675853083, 2.58193138732179, 4.171994846554091, 4.94536023150665, 4.979651151020411, 5.25243778286187, 3.3369297804258222, 3.374623254498875, 3.8473839477440905, 3.379818878160322, 2.1360233770181467, 1.0793838726706915], [1.0906356037065437, 2.1403081262618984, 2.9246106995466294, 3.122057206726803, 3.6236445620525077, 4.945654774131834, 5.811408461398883, 5.6524879831155665, 4.554801796819653, 3.3766274675853083, 0.0, 1.7687040294436962, 1.7575187791539097, 3.857039032556984, 2.7381161282491, 3.3901164689259065, 4.054462413494043, 5.4851326457316985, 6.831555539919539, 6.587460241722724, 4.84342141559112, 2.637746274909132], [1.086581290850957, 2.149973444841593, 3.440308254029108, 2.6705386713671886, 2.6896538564316304, 3.76286562553026, 4.5034677381244546, 4.430661575909284, 3.5812289532122445, 2.58193138732179, 1.7687040294436962, 0.0, 1.7702417365699143, 4.274309645776048, 3.7882784615874425, 3.6889152011579065, 3.732716614924184, 4.342894894717173, 5.455982990701856, 5.346507681666542, 4.061894964989055, 2.384085632348634], [1.089457482458203, 2.129750993953974, 2.639879158340287, 3.284349760481647, 3.9678971030596335, 5.022923270272787, 5.994979450097152, 6.118812963998849, 5.307436172300581, 4.171994846554091, 1.7575187791539097, 1.7702417365699143, 0.0, 3.6838745180343553, 2.84066758716944, 2.5042404893193893, 4.1313881840810955, 5.316634232410609, 6.880666952996755, 7.069956537108671, 5.7898471412977806, 3.8171398564599985], [3.4599432145979487, 2.1506061015740907, 1.086901951143118, 2.5938367345572364, 4.054911554156432, 4.8848709042366165, 6.239681635838064, 6.844825979251566, 6.287299106766661, 4.94536023150665, 3.857039032556984, 4.274309645776048, 3.6838745180343553, 0.0, 1.7693822705407136, 1.7679880279183682, 2.3076738174640536, 4.678382372517473, 6.97936006402946, 7.924545872522892, 7.055279814027041, 4.796674215639258], [2.7408954679815585, 2.1346362688810894, 1.0898133049300638, 3.2120682377507572, 4.522037988277677, 5.667326232995345, 6.907383286758946, 7.206433166399165, 6.356771319822386, 4.979651151020411, 2.7381161282491, 3.7882784615874425, 2.84066758716944, 1.7693822705407136, 0.0, 1.7584869822765103, 3.4687360797554514, 5.747953796219841, 7.797164598670033, 8.263551710466107, 6.912303785224313, 4.483102071745103], [2.80967518963725, 2.138321663998981, 1.090319523898236, 3.148944136288677, 4.475925356636078, 5.335241817153575, 6.628514322382234, 7.163750724857495, 6.564698229256297, 5.25243778286187, 3.3901164689259065, 3.6889152011579065, 2.5042404893193893, 1.7679880279183682, 1.7584869822765103, 0.0, 3.3340225785709756, 5.187950523557393, 7.379848652879317, 8.221085740835017, 7.279100603740974, 5.054340853422688], [3.471894709100436, 2.0794914815272683, 2.645331784942411, 1.0840053673711263, 2.150438929120531, 2.71017253271719, 4.05585649601488, 4.790988429923111, 4.4971747976053775, 3.3369297804258222, 4.054462413494043, 3.732716614924184, 4.1313881840810955, 2.3076738174640536, 3.4687360797554514, 3.3340225785709756, 0.0, 2.5406452173326044, 4.759777656763144, 5.850994798936282, 5.420477999719579, 3.6335364334777305], [4.692893900414264, 3.8348355720981635, 4.823492367469566, 2.6582938571300962, 2.141361623101633, 1.0811562979605078, 2.1371234088913713, 3.3769843876204835, 3.843435749019367, 3.374623254498875, 5.4851326457316985, 4.342894894717173, 5.316634232410609, 4.678382372517473, 5.747953796219841, 5.187950523557393, 2.5406452173326044, 0.0, 2.458870330201183, 4.269436667108422, 4.92415194262533, 4.268813647655205], [6.1675506746091004, 5.734951093257951, 6.983151427145671, 4.601657247108595, 3.391176466005919, 2.1360803488084454, 1.0806980218520486, 2.1409918412779247, 3.374178988090706, 3.8473839477440905, 6.831555539919539, 5.455982990701856, 6.880666952996755, 6.97936006402946, 7.797164598670033, 7.379848652879317, 4.759777656763144, 2.458870330201183, 0.0, 2.4689788713120593, 4.268715836464606, 4.926157522070037], [6.228954786303254, 6.249265017525421, 7.697697718457287, 5.336185386286671, 3.873133550599462, 3.3773070602320217, 2.1428017606760954, 1.080183141183645, 2.14209267924926, 3.379818878160322, 6.587460241722724, 5.346507681666542, 7.069956537108671, 7.924545872522892, 8.263551710466107, 8.221085740835017, 5.850994798936282, 4.269436667108422, 2.4689788713120593, 0.0, 2.4676615699005136, 4.267255952796283], [4.846621832104006, 5.185199840767112, 6.635485046304693, 4.636838237226061, 3.38859012878254, 3.8430277591260866, 3.3741304229453606, 2.139761746414338, 1.080814813345209, 2.1360233770181467, 4.84342141559112, 4.061894964989055, 5.7898471412977806, 7.055279814027041, 6.912303785224313, 7.279100603740974, 5.420477999719579, 4.92415194262533, 4.268715836464606, 2.4676615699005136, 0.0, 2.4543421295958057], [2.750868881824709, 2.9612835861528115, 4.313706373804173, 2.7255707583845243, 2.142828270260134, 3.3751460447619888, 3.845548661860775, 3.375878066749492, 2.135171153105184, 1.0793838726706915, 2.637746274909132, 2.384085632348634, 3.8171398564599985, 4.796674215639258, 4.483102071745103, 5.054340853422688, 3.6335364334777305, 4.268813647655205, 4.926157522070037, 4.267255952796283, 2.4543421295958057, 0.0]]}