{"total energy": -27.48529503, "HOMO-LUMO gap/eV": 4.62921957, "electronic energy": -28.00206567, "dipole": [-0.03302421, -0.02095954, -0.04887668], "partial charges": [-0.09445013, -0.02736605, -0.0532499, -0.05893907, 0.01286184, -0.03789269, -0.03063779, -0.03346295, -0.03077393, -0.03799992, 0.03564529, 0.03396522, 0.03063744, 0.03829808, 0.03958248, 0.03714457, 0.0367437, 0.02856056, 0.02802047, 0.02752792, 0.02790858, 0.02787628], "atomic dipole moments": [[-0.05021198, 0.01944275, 0.04877177], [0.1425319, 0.00384932, -0.05113586], [-0.00886667, -0.10125885, -0.00041423], [0.01188456, 0.10384714, -0.00542165], [-0.08638431, -0.02386803, 0.00195822], [0.00056683, 2.663e-05, -0.00916265], [8.948e-05, -0.00049371, -0.00279133], [-0.00250695, -0.00146184, 0.00024803], [0.00039993, -0.00014999, 0.00281443], [0.00056969, 0.00095005, 0.0092943], [0.04329751, 0.08205871, 0.11340202], [-0.14018251, -0.04045086, -0.00786377], [-0.0491213, -0.08148399, -0.10991836], [0.02714827, 0.07468432, 0.09736707], [0.03035885, 0.0621411, -0.10503645], [-0.02734499, -0.07386154, -0.09760599], [-0.02811651, -0.0623496, 0.10602583], [-0.0686262, -0.01360848, 0.12886626], [0.07051034, 0.02679326, 0.12598005], [0.14160832, 0.04081432, -0.00271238], [0.0695121, 0.01327343, -0.12864296], [-0.0691075, -0.02702203, -0.1262297]], "atomic quadrupole moments": [[-0.26118421, -0.14012915, 0.33753892, 0.13596634, -0.39560878, -0.07635471], [-0.10380795, -0.07142864, 0.28710691, 0.17008356, -0.40858797, -0.18329896], [0.15693115, -0.09398001, 0.05384824, -0.00199508, -0.00582847, -0.21077939], [0.15563601, -0.08320695, 0.0378394, 0.00677663, -0.01085821, -0.19347542], [-0.03683271, -0.13371167, 0.38771867, 0.00638798, -0.03926582, -0.35088596], [-0.18479868, -0.19639199, 0.43613973, 0.00664072, -0.03529638, -0.25134105], [-0.19975541, -0.20749735, 0.45418567, 0.00857762, -0.03714036, -0.25443026], [-0.19947783, -0.20425541, 0.44713323, 0.01068346, -0.03616812, -0.2476554], [-0.19964824, -0.20698155, 0.45411558, 0.01313814, -0.03664698, -0.25446734], [-0.18399735, -0.1951451, 0.43488002, 0.01428415, -0.03590073, -0.25088267], [0.01183106, 0.02123353, -0.02917098, 0.00178557, 0.05209843, 0.01733992], [0.04777726, 0.02414711, -0.04096544, -0.00935661, 0.03702347, -0.00681182], [0.02981678, 0.0167441, -0.03967891, -0.01824434, 0.0444397, 0.00986213], [-0.01746638, 0.00284451, -0.00968762, 0.01573243, 0.04375685, 0.027154], [-0.02751146, 0.00236627, -0.01272309, -0.01641663, -0.03627133, 0.04023455], [-0.0188547, 0.00544843, -0.01010102, 0.01201415, 0.04327571, 0.02895572], [-0.01782922, 0.00321687, -0.01898992, -0.01100738, -0.03769475, 0.03681914], [0.02863643, 0.02907856, -0.06359909, -0.00092456, 0.00553504, 0.03496266], [0.02962521, 0.02983357, -0.06431109, -0.004127, 0.00431899, 0.03468588], [0.02513277, 0.0281763, -0.06394278, -0.00142211, 0.00536876, 0.03881002], [0.02972067, 0.03011144, -0.06416863, 0.00096351, 0.00596704, 0.03444796], [0.02890647, 0.0292566, -0.06384086, -0.00167122, 0.00479494, 0.0349344]], "number of molecular orbitals": 52, "number of electrons": 52, "number of unpaired electrons": 0, "orbital energies/eV": [-17.4660407, -17.09547231, -16.80026699, -16.59136651, -16.33834478, -15.7481537, -15.50287147, -15.18252808, -14.83792995, -14.27201373, -14.02323888, -13.65609692, -13.45656961, -13.22348646, -13.09201414, -12.92255439, -12.84362169, -12.50053526, -12.43433861, -11.8865584, -11.72290785, -11.36547092, -11.33582684, -10.97879964, -10.88610321, -10.61121965, -5.98200007, -5.94871734, -5.42771871, -2.43930408, 2.49401157, 3.30476716, 3.32471931, 3.50151615, 3.74507094, 4.15612804, 4.60798904, 5.11640122, 5.29019827, 5.36906399, 5.43908089, 5.79680572, 6.28221622, 7.32606823, 10.98350346, 11.38003244, 11.65305685, 12.34144143, 12.61076996, 17.00860804, 17.3073053, 18.18032939], "fractional occupation": [2.0, 2.0, 2.0, 2.0, 2.0, 2.0, 2.0, 2.0, 2.0, 2.0, 2.0, 2.0, 2.0, 2.0, 2.0, 2.0, 2.0, 2.0, 2.0, 2.0, 2.0, 2.0, 2.0, 2.0, 2.0, 2.0, 0.0, 0.0, 0.0, 0.0, 0.0, 0.0, 0.0, 0.0, 0.0, 0.0, 0.0, 0.0, 0.0, 0.0, 0.0, 0.0, 0.0, 0.0, 0.0, 0.0, 0.0, 0.0, 0.0, 0.0, 0.0, 0.0], "program call": "xtb /tmp/scratch/tmpb7rzbpx4/436600_1e570e_xyzopt.xyz --pop --wbo --acc 0.2 --gfn 2 --chrg 0 --uhf 0 --etemp 300 --input /tmp/scratch/tmpb7rzbpx4/436600_1e570e_xtb.inp", "method": "GFN2-xTB", "xtb version": "6.3.3 (7355c4f)", "Dipole module/D": 0.159, "Total charge": 0, "Transition dipole module/D": NaN, "HOMO": -10.6112, "LUMO": -5.982, "HOMO occupancy": 2.0, "LUMO occupancy": 0, "mulliken charges": [-0.08517, -0.02075, -0.03926, -0.04558, 0.00844, -0.04152, -0.02616, -0.03333, -0.02617, -0.04194, 0.02923, 0.03224, 0.02485, 0.02873, 0.03254, 0.03046, 0.03107, 0.02866, 0.0285, 0.02858, 0.02843, 0.02814], "cm5 charges": [-0.18932, -0.08623, -0.14539, -0.14995, -0.00794, -0.0959, -0.08247, -0.08975, -0.08249, -0.09632, 0.08324, 0.08565, 0.08139, 0.08568, 0.08857, 0.08706, 0.08777, 0.08607, 0.08493, 0.08501, 0.08487, 0.08553], "FUKUI+": [-0.049, -0.049, 0.01, 0.013, -0.056, -0.032, -0.038, -0.05, -0.036, -0.035, -0.062, -0.071, -0.059, -0.028, -0.037, -0.039, -0.037, -0.063, -0.071, -0.075, -0.071, -0.065], "FUKUI-": [-0.051, -0.037, -0.003, 0.001, -0.049, -0.027, -0.026, -0.056, -0.029, -0.025, -0.063, -0.074, -0.059, -0.039, -0.059, -0.049, -0.053, -0.053, -0.062, -0.07, -0.063, -0.054], "FUKUIrad": [-0.05, -0.043, 0.003, 0.007, -0.052, -0.03, -0.032, -0.053, -0.032, -0.03, -0.062, -0.073, -0.059, -0.034, -0.048, -0.044, -0.045, -0.058, -0.067, -0.073, -0.067, -0.06], "s proportion": [1.042, 1.066, 1.028, 1.03, 1.084, 1.058, 1.056, 1.055, 1.055, 1.058, 0.971, 0.968, 0.975, 0.971, 0.967, 0.97, 0.969, 0.971, 0.971, 0.971, 0.972, 0.972], "p proportion": [3.043, 2.955, 3.011, 3.015, 2.907, 2.984, 2.971, 2.979, 2.971, 2.984, 0.0, 0.0, 0.0, 0.0, 0.0, 0.0, 0.0, 0.0, 0.0, 0.0, 0.0, 0.0], "d proportion": [0.0, 0.0, 0.0, 0.0, 0.0, 0.0, 0.0, 0.0, 0.0, 0.0, 0.0, 0.0, 0.0, 0.0, 0.0, 0.0, 0.0, 0.0, 0.0, 0.0, 0.0, 0.0], "Fermi-level/eV": -8.2966, "Coordination numbers": [2.837, 2.887, 3.808, 3.81, 2.971, 2.925, 2.919, 2.92, 2.919, 2.925, 0.926, 0.926, 0.925, 0.924, 0.924, 0.924, 0.924, 0.926, 0.926, 0.926, 0.926, 0.925], "Dispersion coefficient C6": [30.364, 28.683, 21.524, 21.627, 27.723, 28.942, 28.765, 28.834, 28.768, 28.945, 2.507, 2.531, 2.577, 2.472, 2.455, 2.487, 2.493, 2.607, 2.615, 2.622, 2.616, 2.617], "Total dispersion C6": 5094.595978, "Total dispersion C8": 120729.285543, "Polarizability alpha": [9.03, 8.78, 6.604, 6.62, 8.637, 8.822, 8.795, 8.806, 8.795, 8.823, 2.476, 2.488, 2.51, 2.459, 2.45, 2.466, 2.469, 2.525, 2.529, 2.532, 2.529, 2.53], "Total polarizability alpha": 113.675332, "Wiberg matrix": [[0.0, 1.9772114445946176, 0.0, 0.0, 0.0, 0.0, 0.0, 0.0, 0.0, 0.0, 0.9754874672477059, 0.9771912010234438, 0.0, 0.0, 0.0, 0.0, 0.0, 0.0, 0.0, 0.0, 0.0, 0.0], [1.9772114445946176, 0.0, 1.0267132666165693, 0.0, 0.0, 0.0, 0.0, 0.0, 0.0, 0.0, 0.0, 0.0, 0.966475092002568, 0.0, 0.0, 0.0, 0.0, 0.0, 0.0, 0.0, 0.0, 0.0], [0.0, 1.0267132666165693, 0.0, 0.9707979590174171, 0.0, 0.0, 0.0, 0.0, 0.0, 0.0, 0.0, 0.0, 0.0, 0.9759008849909963, 0.9632730191817978, 0.0, 0.0, 0.0, 0.0, 0.0, 0.0, 0.0], [0.0, 0.0, 0.9707979590174171, 0.0, 1.0124141964033972, 0.0, 0.0, 0.0, 0.0, 0.0, 0.0, 0.0, 0.0, 0.0, 0.0, 0.973471874501766, 0.9743937848014587, 0.0, 0.0, 0.0, 0.0, 0.0], [0.0, 0.0, 0.0, 1.0124141964033972, 0.0, 1.4113641071508736, 0.0, 0.10964477477863971, 0.0, 1.4115891847360877, 0.0, 0.0, 0.0, 0.0, 0.0, 0.0, 0.0, 0.0, 0.0, 0.0, 0.0, 0.0], [0.0, 0.0, 0.0, 0.0, 1.4113641071508736, 0.0, 1.446263338340246, 0.0, 0.11089330463190356, 0.0, 0.0, 0.0, 0.0, 0.0, 0.0, 0.0, 0.0, 0.9695342045374864, 0.0, 0.0, 0.0, 0.0], [0.0, 0.0, 0.0, 0.0, 0.0, 1.446263338340246, 0.0, 1.4379881641426602, 0.0, 0.11084085716212537, 0.0, 0.0, 0.0, 0.0, 0.0, 0.0, 0.0, 0.0, 0.9713308206439286, 0.0, 0.0, 0.0], [0.0, 0.0, 0.0, 0.0, 0.10964477477863971, 0.0, 1.4379881641426602, 0.0, 1.4381516296928984, 0.0, 0.0, 0.0, 0.0, 0.0, 0.0, 0.0, 0.0, 0.0, 0.0, 0.9717015726359273, 0.0, 0.0], [0.0, 0.0, 0.0, 0.0, 0.0, 0.11089330463190356, 0.0, 1.4381516296928984, 0.0, 1.4459997858457105, 0.0, 0.0, 0.0, 0.0, 0.0, 0.0, 0.0, 0.0, 0.0, 0.0, 0.9713426433572823, 0.0], [0.0, 0.0, 0.0, 0.0, 1.4115891847360877, 0.0, 0.11084085716212537, 0.0, 1.4459997858457105, 0.0, 0.0, 0.0, 0.0, 0.0, 0.0, 0.0, 0.0, 0.0, 0.0, 0.0, 0.0, 0.969535647998979], [0.9754874672477059, 0.0, 0.0, 0.0, 0.0, 0.0, 0.0, 0.0, 0.0, 0.0, 0.0, 0.0, 0.0, 0.0, 0.0, 0.0, 0.0, 0.0, 0.0, 0.0, 0.0, 0.0], [0.9771912010234438, 0.0, 0.0, 0.0, 0.0, 0.0, 0.0, 0.0, 0.0, 0.0, 0.0, 0.0, 0.0, 0.0, 0.0, 0.0, 0.0, 0.0, 0.0, 0.0, 0.0, 0.0], [0.0, 0.966475092002568, 0.0, 0.0, 0.0, 0.0, 0.0, 0.0, 0.0, 0.0, 0.0, 0.0, 0.0, 0.0, 0.0, 0.0, 0.0, 0.0, 0.0, 0.0, 0.0, 0.0], [0.0, 0.0, 0.9759008849909963, 0.0, 0.0, 0.0, 0.0, 0.0, 0.0, 0.0, 0.0, 0.0, 0.0, 0.0, 0.0, 0.0, 0.0, 0.0, 0.0, 0.0, 0.0, 0.0], [0.0, 0.0, 0.9632730191817978, 0.0, 0.0, 0.0, 0.0, 0.0, 0.0, 0.0, 0.0, 0.0, 0.0, 0.0, 0.0, 0.0, 0.0, 0.0, 0.0, 0.0, 0.0, 0.0], [0.0, 0.0, 0.0, 0.973471874501766, 0.0, 0.0, 0.0, 0.0, 0.0, 0.0, 0.0, 0.0, 0.0, 0.0, 0.0, 0.0, 0.0, 0.0, 0.0, 0.0, 0.0, 0.0], [0.0, 0.0, 0.0, 0.9743937848014587, 0.0, 0.0, 0.0, 0.0, 0.0, 0.0, 0.0, 0.0, 0.0, 0.0, 0.0, 0.0, 0.0, 0.0, 0.0, 0.0, 0.0, 0.0], [0.0, 0.0, 0.0, 0.0, 0.0, 0.9695342045374864, 0.0, 0.0, 0.0, 0.0, 0.0, 0.0, 0.0, 0.0, 0.0, 0.0, 0.0, 0.0, 0.0, 0.0, 0.0, 0.0], [0.0, 0.0, 0.0, 0.0, 0.0, 0.0, 0.9713308206439286, 0.0, 0.0, 0.0, 0.0, 0.0, 0.0, 0.0, 0.0, 0.0, 0.0, 0.0, 0.0, 0.0, 0.0, 0.0], [0.0, 0.0, 0.0, 0.0, 0.0, 0.0, 0.0, 0.9717015726359273, 0.0, 0.0, 0.0, 0.0, 0.0, 0.0, 0.0, 0.0, 0.0, 0.0, 0.0, 0.0, 0.0, 0.0], [0.0, 0.0, 0.0, 0.0, 0.0, 0.0, 0.0, 0.0, 0.9713426433572823, 0.0, 0.0, 0.0, 0.0, 0.0, 0.0, 0.0, 0.0, 0.0, 0.0, 0.0, 0.0, 0.0], [0.0, 0.0, 0.0, 0.0, 0.0, 0.0, 0.0, 0.0, 0.0, 0.969535647998979, 0.0, 0.0, 0.0, 0.0, 0.0, 0.0, 0.0, 0.0, 0.0, 0.0, 0.0, 0.0]], "Born radii": [], "Atomic SASAs": [], "Solvent H bonds": [], "Total SASA": NaN, "Total FOD": 0.0, "FOD": [0.0, 0.0, 0.0, 0.0, 0.0, 0.0, 0.0, 0.0, 0.0, 0.0, 0.0, 0.0, 0.0, 0.0, 0.0, 0.0, 0.0, 0.0, 0.0, 0.0, 0.0, 0.0], "FOD s proportion": [0.0, 0.0, 0.0, 0.0, 0.0, 0.0, 0.0, 0.0, 0.0, 0.0, 0.0, 0.0, 0.0, 0.0, 0.0, 0.0, 0.0, 0.0, 0.0, 0.0, 0.0, 0.0], "FOD p proportion": [0.0, 0.0, 0.0, 0.0, 0.0, 0.0, 0.0, 0.0, 0.0, 0.0, 0.0, 0.0, 0.0, 0.0, 0.0, 0.0, 0.0, 0.0, 0.0, 0.0, 0.0, 0.0], "FOD d proportion": [0.0, 0.0, 0.0, 0.0, 0.0, 0.0, 0.0, 0.0, 0.0, 0.0, 0.0, 0.0, 0.0, 0.0, 0.0, 0.0, 0.0, 0.0, 0.0, 0.0, 0.0, 0.0], "coordinates": [["-3.87437837655515", "0.44015558616761", "0.75057539074335"], ["-3.02101993924342", "0.08246064271224", "-0.19010884398768"], ["-1.56926979307860", "0.43585079927848", "-0.19673556565553"], ["-0.69227511561238", "-0.82735259508703", "-0.13195626226253"], ["0.76141138518157", "-0.45509073744288", "-0.15720347280857"], ["1.44505804246554", "-0.19243043917999", "1.02317485563134"], ["2.77375064838139", "0.19214177574514", "0.99939184405619"], ["3.43746965329270", "0.32216472648340", "-0.20857018276823"], ["2.76483379762810", "0.06542240737462", "-1.39098861410472"], ["1.43609691881285", "-0.31879543361360", "-1.36386438306225"], ["-3.56969297612073", "1.04188075357780", "1.59160054171132"], ["-4.91296574658259", "0.15722062121384", "0.72004226743621"], ["-3.35203464261029", "-0.52437709547022", "-1.02374084013921"], ["-1.33534661630690", "1.08276091662668", "0.65083668694999"], ["-1.32973025168406", "0.97932323040258", "-1.11535101421439"], ["-0.92933005226765", "-1.47070004572466", "-0.98196736442851"], ["-0.92562353282726", "-1.37159725088945", "0.78547640274867"], ["0.93118557233987", "-0.29454565383544", "1.96886639195208"], ["3.29341719660941", "0.39002966186652", "1.92583835534430"], ["4.47511946888168", "0.62140539053149", "-0.22837419956587"], ["3.27736230063550", "0.16389110102152", "-2.33711266120149"], ["0.91596205866036", "-0.51981936175867", "-2.29022233237447"]], "bond_dist": [[0.0, 1.3194897212847707, 2.492176189782895, 3.5371203360088477, 4.807917965197899, 5.363849304718204, 6.657404900545191, 7.375432440592603, 6.986119068264745, 5.766108745956138, 1.0780675650873652, 1.0768696259031525, 2.085992415497289, 2.6209867796915947, 3.2011899626105227, 3.914892498756705, 3.4610434194953394, 5.0117326088497265, 7.26368012944727, 8.408644841049169, 7.794711943725653, 5.7545950490738536], [1.3194897212847707, 0.0, 1.49415762324045, 2.5008387201146047, 3.820579926365956, 4.636105583501164, 5.916612882469311, 6.462962686392635, 5.9091882681303955, 4.626510476662301, 2.09666816297128, 2.1008148509375992, 1.082942786732081, 2.1329051961250394, 2.1262399634117224, 2.722960635737732, 2.7307026626157533, 4.519207477293676, 6.666629402819813, 7.515585918921133, 6.654763342921621, 4.502559840769254], [2.492176189782895, 1.49415762324045, 0.0, 1.5391552351821784, 2.4954787843050266, 3.31196181298931, 4.511312605368261, 5.008043975961091, 4.510865933746577, 3.3111795007496414, 2.750838281264906, 3.4782781661126068, 2.187287325113712, 1.0916004195424356, 1.0938902219210307, 2.1589460331966666, 2.1554325118796553, 3.3875637044881266, 5.305953673603206, 6.047319493758497, 5.30518791754197, 3.3870886696427], [3.5371203360088477, 2.5008387201146047, 1.5391552351821784, 0.0, 1.500806701373494, 2.5111047513410747, 3.7858489016993313, 4.287429488831807, 3.7860020742218894, 2.511213953748585, 3.83981964579819, 4.416957699053226, 2.8215943415315548, 2.162137688486471, 2.1534836491320726, 1.0920667832325988, 1.0919415845253524, 2.7079445464103555, 4.647825454500291, 5.367509935844162, 4.647935028088444, 2.7090802733973387], [4.807917965197899, 3.820579926365956, 2.4954787843050266, 1.500806701373494, 0.0, 1.3891206508254395, 2.4095916590444886, 2.787122611120881, 2.4097429471842093, 1.3891751262787138, 4.904865351324271, 5.774343349871542, 4.20429849462971, 2.7229231951182618, 2.7108049519810975, 2.1378270164577207, 2.1388586562818173, 2.1388714473617036, 3.3859038935368035, 3.867238926783619, 3.386022976142087, 2.139589951542672], [5.363849304718204, 4.636105583501164, 3.31196181298931, 2.5111047513410747, 1.3891206508254395, 0.0, 1.3834324924431465, 2.398271888486576, 2.763418425247844, 2.3903984480873053, 5.195609652348287, 6.37484209468457, 5.22610281925472, 3.0814604933869467, 3.694015381062903, 3.3603998771118175, 2.658395391165998, 1.0811220627134883, 2.137871073225091, 3.3778656046595783, 3.843934979978445, 3.3713093883817327], [6.657404900545191, 5.916612882469311, 4.511312605368261, 3.7858489016993313, 2.4095916590444886, 1.3834324924431465, 0.0, 1.3844136460786942, 2.3937535469018405, 2.7632144917016497, 6.427444631365025, 7.691870033327371, 6.490894436208113, 4.2189303718263345, 4.682984891750665, 4.517038179138572, 4.021990662848816, 2.1381748320887106, 1.080516577891669, 2.1415724531804567, 3.3744162621871725, 3.8444542571328566], [7.375432440592603, 6.462962686392635, 5.008043975961091, 4.287429488831807, 2.787122611120881, 2.398271888486576, 1.3844136460786942, 0.0, 1.3843659052112087, 2.398129987799645, 7.270414975225135, 8.40352896157491, 6.8904647768521645, 4.90885545474034, 4.896968828730882, 4.783455545994619, 4.784719469408652, 3.376836037559463, 2.1403402924064934, 1.0801177314964827, 2.140415377300992, 3.3764202088308974], [6.986119068264745, 5.9091882681303955, 4.510865933746577, 3.7860020742218894, 2.4097429471842093, 2.763418425247844, 2.3937535469018405, 1.3843659052112087, 0.0, 1.3834380240426336, 7.069337905462013, 7.963258386864351, 6.15620125533783, 4.692068587440997, 4.2043603026767435, 4.021668450218022, 4.519015465312739, 3.844537485955748, 3.374331255910091, 2.141463619057965, 1.0805240684585904, 2.137628572873477], [5.766108745956138, 4.626510476662301, 3.3111795007496414, 2.511213953748585, 1.3891751262787138, 2.3903984480873053, 2.7632144917016497, 2.398129987799645, 1.3834380240426336, 0.0, 5.970271776073155, 6.699242863306528, 4.804596933525085, 3.701929209583076, 3.0653989785054416, 2.6585662157936065, 3.3624070205293117, 3.370848252049336, 3.843724201523341, 3.3777172182358024, 2.1378626494509803, 1.0812446266625635], [1.0780675650873652, 2.09666816297128, 2.750838281264906, 3.83981964579819, 4.904865351324271, 5.195609652348287, 6.427444631365025, 7.270414975225135, 7.069337905462013, 5.970271776073155, 0.0, 1.8293767001675485, 3.056231232003055, 2.4246672913555813, 3.514104889826169, 4.4618191817009265, 3.6695797343052425, 4.710230649573558, 6.902094320194362, 8.258820428189582, 7.942784097763998, 6.134212024952719], [1.0768696259031525, 2.1008148509375992, 3.4782781661126068, 4.416957699053226, 5.774343349871542, 6.37484209468457, 7.691870033327371, 8.40352896157491, 7.963258386864351, 6.699242863306528, 1.8293767001675485, 0.0, 2.4375932566780905, 3.696048280544764, 4.1090263822788735, 4.627776553575793, 4.270885580499878, 5.993142673064598, 8.297762666245442, 9.447280312754884, 8.74229456573284, 6.595185778895933], [2.085992415497289, 1.082942786732081, 2.187287325113712, 2.8215943415315548, 4.20429849462971, 5.22610281925472, 6.490894436208113, 6.8904647768521645, 6.15620125533783, 4.804596933525085, 3.056231232003055, 2.4375932566780905, 0.0, 3.0747574017464236, 2.5217498178018296, 2.6013015360619995, 3.143011278597314, 5.23015257395869, 7.327904700231897, 7.95045703612131, 6.793199723383604, 4.451942495716694], [2.6209867796915947, 2.1329051961250394, 1.0916004195424356, 2.162137688486471, 2.7229231951182618, 3.0814604933869467, 4.2189303718263345, 4.90885545474034, 4.692068587440997, 3.701929209583076, 2.4246672913555813, 3.696048280544764, 3.0747574017464236, 0.0, 1.7692229634015295, 3.057950523917042, 2.491962052812913, 2.961645464007794, 4.85087211555751, 5.894690562833073, 5.572185082854754, 4.035651428679422], [3.2011899626105227, 2.1262399634117224, 1.0938902219210307, 2.1534836491320726, 2.7108049519810975, 3.694015381062903, 4.682984891750665, 4.896968828730882, 4.2043603026767435, 3.0653989785054416, 3.514104889826169, 4.1090263822788735, 2.5217498178018296, 1.7692229634015295, 0.0, 2.486106508436064, 3.05012691845143, 4.030741781118191, 5.5650329756522705, 5.883121053333356, 4.835590229259911, 2.9446366632586805], [3.914892498756705, 2.722960635737732, 2.1589460331966666, 1.0920667832325988, 2.1378270164577207, 3.3603998771118175, 4.517038179138572, 4.783455545994619, 4.021668450218022, 2.6585662157936065, 4.4618191817009265, 4.627776553575793, 2.6013015360619995, 3.057950523917042, 2.486106508436064, 0.0, 1.7702238763399318, 3.681341793526403, 5.454286706486432, 5.844046752139433, 4.71217227447817, 2.4537335044678477], [3.4610434194953394, 2.7307026626157533, 2.1554325118796553, 1.0919415845253524, 2.1388586562818173, 2.658395391165998, 4.021990662848816, 4.784719469408652, 4.519015465312739, 3.3624070205293117, 3.6695797343052425, 4.270885580499878, 3.143011278597314, 2.491962052812913, 3.05012691845143, 1.7702238763399318, 0.0, 2.4511613701049955, 4.712118360071122, 5.845338103397656, 5.456498589520945, 3.6846825877441574], [5.0117326088497265, 4.519207477293676, 3.3875637044881266, 2.7079445464103555, 2.1388714473617036, 1.0811220627134883, 2.1381748320887106, 3.376836037559463, 3.844537485955748, 3.370848252049336, 4.710230649573558, 5.993142673064598, 5.23015257395869, 2.961645464007794, 4.030741781118191, 3.681341793526403, 2.4511613701049955, 0.0, 2.4598034518029825, 4.269227095827656, 4.9250548326690815, 4.265069373472815], [7.26368012944727, 6.666629402819813, 5.305953673603206, 4.647825454500291, 3.3859038935368035, 2.137871073225091, 1.080516577891669, 2.1403402924064934, 3.374331255910091, 3.843724201523341, 6.902094320194362, 8.297762666245442, 7.327904700231897, 4.85087211555751, 5.5650329756522705, 5.454286706486432, 4.712118360071122, 2.4598034518029825, 0.0, 2.467911408426424, 4.268975026614066, 4.924965573613658], [8.408644841049169, 7.515585918921133, 6.047319493758497, 5.367509935844162, 3.867238926783619, 3.3778656046595783, 2.1415724531804567, 1.0801177314964827, 2.141463619057965, 3.3777172182358024, 8.258820428189582, 9.447280312754884, 7.95045703612131, 5.894690562833073, 5.883121053333356, 5.844046752139433, 5.845338103397656, 4.269227095827656, 2.467911408426424, 0.0, 2.467938301249098, 4.26863129454154], [7.794711943725653, 6.654763342921621, 5.30518791754197, 4.647935028088444, 3.386022976142087, 3.843934979978445, 3.3744162621871725, 2.140415377300992, 1.0805240684585904, 2.1378626494509803, 7.942784097763998, 8.74229456573284, 6.793199723383604, 5.572185082854754, 4.835590229259911, 4.71217227447817, 5.456498589520945, 4.9250548326690815, 4.268975026614066, 2.467938301249098, 0.0, 2.4588350499073455], [5.7545950490738536, 4.502559840769254, 3.3870886696427, 2.7090802733973387, 2.139589951542672, 3.3713093883817327, 3.8444542571328566, 3.3764202088308974, 2.137628572873477, 1.0812446266625635, 6.134212024952719, 6.595185778895933, 4.451942495716694, 4.035651428679422, 2.9446366632586805, 2.4537335044678477, 3.6846825877441574, 4.265069373472815, 4.924965573613658, 4.26863129454154, 2.4588350499073455, 0.0]]}