{"total energy": -22.10817316, "HOMO-LUMO gap/eV": 5.07414507, "electronic energy": -22.47224394, "dipole": [-0.03101314, -0.02632304, -0.07551827], "partial charges": [-0.09966354, -0.05223437, -0.00385941, -0.05827251, -0.09778007, -0.05554964, -0.09721967, 0.03818366, 0.03819309, 0.03655202, 0.02182624, 0.03483355, 0.03013009, 0.03375092, 0.03312728, 0.03257386, 0.03381388, 0.03281132, 0.03097631, 0.03196449, 0.03584249], "atomic dipole moments": [[0.03634867, -0.04098518, 0.02286849], [-0.07668333, 0.1216707, -0.00799293], [0.04545985, -0.14002919, -0.07407433], [0.05344507, 0.06120944, -0.06167826], [-0.08924664, -0.0153618, 0.03264212], [-0.07018232, -0.02509538, 0.07018663], [0.08480484, 0.04291133, -0.00965188], [-0.0395865, -0.01766413, -0.11812771], [-0.10204983, 0.00745215, 0.072924], [0.05667613, 0.11152559, 0.00709715], [0.05519623, 0.02045214, 0.12914019], [-0.03415929, -0.1157147, -0.02624224], [-0.00136907, 0.01465718, 0.12266714], [0.03886371, 0.11506848, 0.02797928], [0.00745316, -0.01287601, -0.12258648], [0.07648789, -0.08223959, 0.05207629], [0.08005699, -0.07645272, -0.05346404], [-0.01174537, 0.09857931, -0.07402648], [-0.03950936, -0.03394885, -0.11219677], [0.00912175, -0.10153369, 0.07049701], [-0.08501508, 0.07465132, 0.05273789]], "atomic quadrupole moments": [[0.00195892, -0.1197971, 0.05086384, 0.0518415, -0.04934026, -0.05282276], [0.26454597, 0.20001457, -0.09573185, -0.16396144, -0.2838443, -0.16881412], [0.22545318, 0.25103862, -0.20503443, -0.08507357, -0.23895383, -0.02041875], [0.16632445, -0.0705656, -0.06696323, -0.03538974, -0.07393053, -0.09936122], [0.19623817, 0.04443727, -0.11664127, -0.1076187, -0.01986977, -0.07959691], [0.08479261, 0.1371191, -0.09197256, 0.05459704, 0.04692527, 0.00717995], [0.15850771, 0.1509509, -0.04398921, -0.01905921, -0.01004979, -0.1145185], [-0.04234524, -0.00404764, -0.0249873, 0.03278819, 0.03242681, 0.06733254], [0.03922305, -0.00440496, -0.04676523, -0.0627323, -0.00639682, 0.00754217], [-0.00771365, 0.0558796, 0.0534269, 0.01531099, 0.001465, -0.04571325], [-0.03568015, -0.0416667, 0.01917159, 0.03325504, 0.02660424, 0.01650856], [-0.01740331, 0.02168534, 0.04431093, 0.01192207, 0.02478388, -0.02690762], [-0.01839378, -0.0120756, -0.0357833, 0.00186782, 0.01826614, 0.05417708], [-0.02612971, 0.03095506, 0.06403699, -0.00203644, 0.03510379, -0.03790728], [-0.03180018, 0.00600676, -0.05022736, 0.00396545, 0.0177795, 0.08202754], [0.00542195, -0.04646154, 0.01441886, 0.02568718, -0.0489021, -0.01984081], [0.01190404, -0.03954272, 0.0032963, -0.01249982, 0.02592352, -0.01520034], [-0.02944775, -0.00535204, 0.03877989, 0.0160468, -0.03343745, -0.00933214], [-0.02698561, 0.01810351, -0.04337049, 0.02612686, 0.02738988, 0.0703561], [-0.02726303, -0.01302192, 0.03637921, 0.01351324, -0.06329152, -0.00911618], [0.01333502, -0.04380737, 0.01837652, -0.03572413, 0.03647479, -0.03171154]], "number of molecular orbitals": 42, "number of electrons": 42, "number of unpaired electrons": 0, "orbital energies/eV": [-16.9708971, -16.48944609, -16.38646744, -15.89551718, -15.40406057, -15.22568044, -14.27266034, -13.89830974, -13.69545165, -13.31089851, -13.03925904, -12.99500096, -12.82268952, -12.55643199, -12.35254082, -12.32513851, -11.93029522, -11.69899962, -11.40945606, -11.14200021, -10.12598339, -5.05183832, 2.42413222, 2.71968843, 3.57098165, 3.74019557, 3.78722118, 3.99670609, 4.78100602, 4.99072658, 5.23228668, 5.33894754, 5.49768844, 5.73059955, 6.18520474, 6.3762502, 7.07090161, 7.59403151, 7.89367117, 8.25006886, 11.03521281, 17.98722257], "fractional occupation": [2.0, 2.0, 2.0, 2.0, 2.0, 2.0, 2.0, 2.0, 2.0, 2.0, 2.0, 2.0, 2.0, 2.0, 2.0, 2.0, 2.0, 2.0, 2.0, 2.0, 2.0, 0.0, 0.0, 0.0, 0.0, 0.0, 0.0, 0.0, 0.0, 0.0, 0.0, 0.0, 0.0, 0.0, 0.0, 0.0, 0.0, 0.0, 0.0, 0.0, 0.0, 0.0], "program call": "xtb /tmp/scratch/tmpqo_sxbew/436620_9743f0_xyzopt.xyz --pop --wbo --acc 0.2 --gfn 2 --chrg 0 --uhf 0 --etemp 300 --input /tmp/scratch/tmpqo_sxbew/436620_9743f0_xtb.inp", "method": "GFN2-xTB", "xtb version": "6.3.3 (7355c4f)", "Dipole module/D": 0.218, "Total charge": 0, "Transition dipole module/D": NaN, "HOMO": -10.126, "LUMO": -5.0518, "HOMO occupancy": 2.0, "LUMO occupancy": 0, "mulliken charges": [-0.0794, -0.0579, -0.01283, -0.0415, -0.08174, -0.04342, -0.08093, 0.03057, 0.03425, 0.03307, 0.02384, 0.02679, 0.02647, 0.02826, 0.02779, 0.02843, 0.0259, 0.02802, 0.02799, 0.0279, 0.02843], "cm5 charges": [-0.22749, -0.12032, -0.03596, -0.14936, -0.23353, -0.15147, -0.23272, 0.08436, 0.08597, 0.08475, 0.08113, 0.08286, 0.08244, 0.08081, 0.08043, 0.08, 0.08246, 0.08431, 0.07953, 0.08047, 0.08136], "FUKUI+": [0.044, -0.14, -0.156, 0.022, 0.014, 0.021, 0.015, -0.06, -0.087, -0.084, -0.119, -0.069, -0.051, -0.025, -0.032, -0.057, -0.066, -0.056, -0.058, -0.032, -0.024], "FUKUI-": [0.027, -0.081, -0.08, 0.005, 0.005, 0.008, 0.006, -0.06, -0.112, -0.109, -0.084, -0.07, -0.058, -0.036, -0.041, -0.063, -0.061, -0.062, -0.063, -0.042, -0.031], "FUKUIrad": [0.036, -0.111, -0.118, 0.014, 0.009, 0.014, 0.01, -0.06, -0.099, -0.097, -0.102, -0.069, -0.054, -0.03, -0.036, -0.06, -0.063, -0.059, -0.06, -0.037, -0.027], "s proportion": [1.0, 1.059, 1.09, 1.027, 1.006, 1.024, 1.006, 0.969, 0.966, 0.967, 0.976, 0.973, 0.974, 0.972, 0.972, 0.972, 0.974, 0.972, 0.972, 0.972, 0.972], "p proportion": [3.079, 2.999, 2.923, 3.015, 3.076, 3.019, 3.075, 0.0, 0.0, 0.0, 0.0, 0.0, 0.0, 0.0, 0.0, 0.0, 0.0, 0.0, 0.0, 0.0, 0.0], "d proportion": [0.0, 0.0, 0.0, 0.0, 0.0, 0.0, 0.0, 0.0, 0.0, 0.0, 0.0, 0.0, 0.0, 0.0, 0.0, 0.0, 0.0, 0.0, 0.0, 0.0, 0.0], "Fermi-level/eV": -7.5889, "Coordination numbers": [3.754, 2.894, 2.943, 3.808, 3.753, 3.805, 3.753, 0.925, 0.924, 0.924, 0.925, 0.924, 0.924, 0.925, 0.925, 0.925, 0.924, 0.924, 0.925, 0.925, 0.925], "Dispersion coefficient C6": [22.461, 29.296, 28.12, 21.616, 22.426, 21.568, 22.415, 2.473, 2.473, 2.495, 2.706, 2.519, 2.585, 2.534, 2.542, 2.55, 2.533, 2.547, 2.573, 2.559, 2.505], "Total dispersion C6": 3186.793059, "Total dispersion C8": 68237.034149, "Polarizability alpha": [6.758, 8.874, 8.697, 6.618, 6.753, 6.611, 6.751, 2.459, 2.459, 2.47, 2.572, 2.482, 2.514, 2.489, 2.493, 2.497, 2.489, 2.496, 2.508, 2.501, 2.475], "Total polarizability alpha": 85.969855, "Wiberg matrix": [[0.0, 1.0368063572570998, 0.0, 0.0, 0.0, 0.0, 0.0, 0.9814442976830258, 0.9701703487973, 0.9744143086081378, 0.0, 0.0, 0.0, 0.0, 0.0, 0.0, 0.0, 0.0, 0.0, 0.0, 0.0], [1.0368063572570998, 0.0, 1.8883113574219086, 0.0, 0.0, 0.0, 0.0, 0.0, 0.0, 0.0, 0.9652035414761089, 0.0, 0.0, 0.0, 0.0, 0.0, 0.0, 0.0, 0.0, 0.0, 0.0], [0.0, 1.8883113574219086, 0.0, 1.0080519683790121, 0.0, 1.0089608367602247, 0.0, 0.0, 0.0, 0.0, 0.0, 0.0, 0.0, 0.0, 0.0, 0.0, 0.0, 0.0, 0.0, 0.0, 0.0], [0.0, 0.0, 1.0080519683790121, 0.0, 1.0030347506917625, 0.0, 0.0, 0.0, 0.0, 0.0, 0.0, 0.971529698902966, 0.9758534605032826, 0.0, 0.0, 0.0, 0.0, 0.0, 0.0, 0.0, 0.0], [0.0, 0.0, 0.0, 1.0030347506917625, 0.0, 0.0, 0.0, 0.0, 0.0, 0.0, 0.0, 0.0, 0.0, 0.9888472006416491, 0.9867615195884459, 0.9867188588414267, 0.0, 0.0, 0.0, 0.0, 0.0], [0.0, 0.0, 1.0089608367602247, 0.0, 0.0, 0.0, 1.0021789001714767, 0.0, 0.0, 0.0, 0.0, 0.0, 0.0, 0.0, 0.0, 0.0, 0.9737436769358505, 0.9695850945739631, 0.0, 0.0, 0.0], [0.0, 0.0, 0.0, 0.0, 0.0, 1.0021789001714767, 0.0, 0.0, 0.0, 0.0, 0.0, 0.0, 0.0, 0.0, 0.0, 0.0, 0.0, 0.0, 0.9868691520102072, 0.9881352318651975, 0.9881752916192179], [0.9814442976830258, 0.0, 0.0, 0.0, 0.0, 0.0, 0.0, 0.0, 0.0, 0.0, 0.0, 0.0, 0.0, 0.0, 0.0, 0.0, 0.0, 0.0, 0.0, 0.0, 0.0], [0.9701703487973, 0.0, 0.0, 0.0, 0.0, 0.0, 0.0, 0.0, 0.0, 0.0, 0.0, 0.0, 0.0, 0.0, 0.0, 0.0, 0.0, 0.0, 0.0, 0.0, 0.0], [0.9744143086081378, 0.0, 0.0, 0.0, 0.0, 0.0, 0.0, 0.0, 0.0, 0.0, 0.0, 0.0, 0.0, 0.0, 0.0, 0.0, 0.0, 0.0, 0.0, 0.0, 0.0], [0.0, 0.9652035414761089, 0.0, 0.0, 0.0, 0.0, 0.0, 0.0, 0.0, 0.0, 0.0, 0.0, 0.0, 0.0, 0.0, 0.0, 0.0, 0.0, 0.0, 0.0, 0.0], [0.0, 0.0, 0.0, 0.971529698902966, 0.0, 0.0, 0.0, 0.0, 0.0, 0.0, 0.0, 0.0, 0.0, 0.0, 0.0, 0.0, 0.0, 0.0, 0.0, 0.0, 0.0], [0.0, 0.0, 0.0, 0.9758534605032826, 0.0, 0.0, 0.0, 0.0, 0.0, 0.0, 0.0, 0.0, 0.0, 0.0, 0.0, 0.0, 0.0, 0.0, 0.0, 0.0, 0.0], [0.0, 0.0, 0.0, 0.0, 0.9888472006416491, 0.0, 0.0, 0.0, 0.0, 0.0, 0.0, 0.0, 0.0, 0.0, 0.0, 0.0, 0.0, 0.0, 0.0, 0.0, 0.0], [0.0, 0.0, 0.0, 0.0, 0.9867615195884459, 0.0, 0.0, 0.0, 0.0, 0.0, 0.0, 0.0, 0.0, 0.0, 0.0, 0.0, 0.0, 0.0, 0.0, 0.0, 0.0], [0.0, 0.0, 0.0, 0.0, 0.9867188588414267, 0.0, 0.0, 0.0, 0.0, 0.0, 0.0, 0.0, 0.0, 0.0, 0.0, 0.0, 0.0, 0.0, 0.0, 0.0, 0.0], [0.0, 0.0, 0.0, 0.0, 0.0, 0.9737436769358505, 0.0, 0.0, 0.0, 0.0, 0.0, 0.0, 0.0, 0.0, 0.0, 0.0, 0.0, 0.0, 0.0, 0.0, 0.0], [0.0, 0.0, 0.0, 0.0, 0.0, 0.9695850945739631, 0.0, 0.0, 0.0, 0.0, 0.0, 0.0, 0.0, 0.0, 0.0, 0.0, 0.0, 0.0, 0.0, 0.0, 0.0], [0.0, 0.0, 0.0, 0.0, 0.0, 0.0, 0.9868691520102072, 0.0, 0.0, 0.0, 0.0, 0.0, 0.0, 0.0, 0.0, 0.0, 0.0, 0.0, 0.0, 0.0, 0.0], [0.0, 0.0, 0.0, 0.0, 0.0, 0.0, 0.9881352318651975, 0.0, 0.0, 0.0, 0.0, 0.0, 0.0, 0.0, 0.0, 0.0, 0.0, 0.0, 0.0, 0.0, 0.0], [0.0, 0.0, 0.0, 0.0, 0.0, 0.0, 0.9881752916192179, 0.0, 0.0, 0.0, 0.0, 0.0, 0.0, 0.0, 0.0, 0.0, 0.0, 0.0, 0.0, 0.0, 0.0]], "Born radii": [], "Atomic SASAs": [], "Solvent H bonds": [], "Total SASA": NaN, "Total FOD": 0.0, "FOD": [0.0, 0.0, 0.0, 0.0, 0.0, 0.0, 0.0, 0.0, 0.0, 0.0, 0.0, 0.0, 0.0, 0.0, 0.0, 0.0, 0.0, 0.0, 0.0, 0.0, 0.0], "FOD s proportion": [0.0, 0.0, 0.0, 0.0, 0.0, 0.0, 0.0, 0.0, 0.0, 0.0, 0.0, 0.0, 0.0, 0.0, 0.0, 0.0, 0.0, 0.0, 0.0, 0.0, 0.0], "FOD p proportion": [0.0, 0.0, 0.0, 0.0, 0.0, 0.0, 0.0, 0.0, 0.0, 0.0, 0.0, 0.0, 0.0, 0.0, 0.0, 0.0, 0.0, 0.0, 0.0, 0.0, 0.0], "FOD d proportion": [0.0, 0.0, 0.0, 0.0, 0.0, 0.0, 0.0, 0.0, 0.0, 0.0, 0.0, 0.0, 0.0, 0.0, 0.0, 0.0, 0.0, 0.0, 0.0, 0.0, 0.0], "coordinates": [["-1.15106444838307", "2.22541942132370", "0.37069463746478"], ["-0.23785992525974", "1.14748846337563", "0.85740874075759"], ["0.10739720621279", "0.03204005375887", "0.22578232916120"], ["1.05526534462020", "-0.94953735079670", "0.86467783450391"], ["2.48524424210881", "-0.74701267583933", "0.35980510548040"], ["-0.39854714055265", "-0.35583532926514", "-1.13856784278803"], ["-1.74552396299079", "-1.07462732288438", "-1.03779263195372"], ["-1.47588600269198", "2.06069865619757", "-0.65197542402380"], ["-2.03432683268797", "2.27728276732825", "1.00876300776005"], ["-0.64956223919247", "3.19195790371997", "0.42817963502190"], ["0.16801274833062", "1.32772898469041", "1.84619956981936"], ["0.73525144304729", "-1.96853977021387", "0.63512320346098"], ["1.04284351238166", "-0.82713986647539", "1.94940273600118"], ["2.83020017533016", "0.25459415578286", "0.60622588893950"], ["2.53476274495941", "-0.86799640183261", "-0.71999813172782"], ["3.15729557591205", "-1.46912859554035", "0.81810293768959"], ["0.32313495098250", "-1.02133114645160", "-1.61621017956916"], ["-0.50683135090815", "0.52464558162523", "-1.77399117344750"], ["-2.09456682075189", "-1.37133446067725", "-2.02458758786938"], ["-1.65562932788793", "-1.96627187339756", "-0.42108512875207"], ["-2.48960889257887", "-0.42310019442834", "-0.58615752592905"]], "bond_dist": [[0.0, 1.494245050016856, 2.5329110452688846, 3.8977251133557433, 4.696617085381629, 3.083347469929502, 3.63696673294931, 1.0855855688394396, 1.090859061179778, 1.0904153468839657, 2.173229756909197, 4.60623531846344, 4.077213460958324, 4.448605984097245, 4.933979557203876, 5.693138443334079, 4.08196568706692, 2.812000207185851, 4.423145052262729, 4.295553145528775, 3.117999911273608], [1.494245050016856, 0.0, 1.3275464455812198, 2.4636848557863655, 3.3544060950737347, 2.50394195794169, 3.2867366279244625, 2.155203466396841, 2.1275893948006948, 2.129223265186186, 1.0839403010903659, 3.2720006949489666, 2.5945730326750844, 3.2052060542827427, 3.7733046729174746, 4.286643285404327, 3.337257004508292, 2.7174518195620387, 4.2541429520788006, 3.6524129131663585, 3.1017746066019765], [2.5329110452688846, 1.3275464455812198, 0.0, 1.5066969422180079, 2.5058016254656312, 1.5059476705642276, 2.5009300718264367, 2.718952025712242, 3.200180533141981, 3.2556156237969325, 2.0756290813888114, 2.136370877486009, 2.141055168353667, 2.758246479040417, 2.7562056817820744, 3.450540694213081, 2.132854908841652, 2.1491931016554178, 3.4470669223691535, 2.7422528377715314, 2.7587750272475953], [3.8977251133557433, 2.4636848557863655, 1.5066969422180079, 0.0, 1.5299517520957893, 2.54539703700699, 3.3881354935256733, 4.215268089624644, 4.469754851663792, 4.499883410918963, 2.6337319623040885, 1.0924605972808439, 1.0916792376942095, 2.1603526903195656, 2.169506718570125, 2.1657967069631416, 2.587658130579473, 3.402342654399758, 4.2950215544090256, 3.1679465608753814, 3.8662892649471448], [4.696617085381629, 3.3544060950737347, 2.5058016254656312, 1.5299517520957893, 0.0, 3.273284886362314, 4.467662744424776, 4.9595862307462495, 5.476680745363483, 5.034597896369903, 3.4472428486128894, 2.151837190433776, 2.147966680084661, 1.0876277136674346, 1.0876875356301245, 1.0877229885223565, 2.9418707682091108, 3.8887938538925084, 5.200939874544242, 4.38670907075538, 5.074340184432726], [3.083347469929502, 2.50394195794169, 1.5059476705642276, 2.54539703700699, 3.273284886362314, 0.0, 1.5300863156682925, 2.6901798655054234, 3.7709568936180458, 3.886456363190493, 3.47335794502655, 2.65184742577187, 3.4402466883392435, 3.720448703088392, 3.0069613319285073, 4.208562683879578, 1.091719710283258, 1.0912080066609775, 2.166276120487853, 2.16530435120175, 2.163844026505752], [3.63696673294931, 3.2867366279244625, 2.5009300718264367, 3.3881354935256733, 4.467662744424776, 1.5300863156682925, 0.0, 3.1704618815994507, 3.9379053235011634, 4.642623857631707, 4.213116375559435, 3.1228149914900922, 4.093846526816306, 5.04052358653377, 4.297038978664691, 5.257149327401334, 2.1486640137939124, 2.152677751737191, 1.0879477594038522, 1.0878599148720116, 1.0872553750376155], [1.0855855688394396, 2.155203466396841, 2.718952025712242, 4.215268089624644, 4.9595862307462495, 2.6901798655054234, 3.1704618815994507, 0.0, 1.7654509272717718, 1.76898089272071, 3.0790462716279943, 4.772893669221442, 4.631498465355677, 4.836058537994982, 4.966607011706427, 6.007260803145251, 3.696638034752542, 2.1348173945332762, 3.7477568520780022, 4.037587105887729, 2.6835094230430476], [1.090859061179778, 2.1275893948006948, 3.200180533141981, 4.469754851663792, 5.476680745363483, 3.7709568936180458, 3.9379053235011634, 1.7654509272717718, 0.0, 1.7582038099242008, 2.54032517834168, 5.0830285803920034, 4.471154249206107, 5.2836472595207935, 5.81016141754483, 6.405067727637866, 4.830006630207254, 3.626113675078991, 4.745234701114993, 4.493955215893291, 3.1690884182974313], [1.0904153468839657, 2.129223265186186, 3.2556156237969325, 4.499883410918963, 5.034597896369903, 3.886456363190493, 4.642623857631707, 1.76898089272071, 1.7582038099242008, 0.0, 2.4808383377907752, 5.347080588294262, 4.618604100516035, 4.5572527599150785, 5.285968856503714, 6.030749038052608, 4.783040263062145, 3.461861262347704, 5.378451681793143, 5.323603672277471, 4.181303219776365], [2.173229756909197, 1.0839403010903659, 2.0756290813888114, 2.6337319623040885, 3.4472428486128894, 3.47335794502655, 4.213116375559435, 3.0790462716279943, 2.54032517834168, 2.4808383377907752, 0.0, 3.5572255208932004, 2.3279689699316637, 3.126722723038232, 4.124086100336664, 4.220806419674333, 4.18693535538073, 3.7691031463985163, 5.23327841879998, 4.395075878709619, 4.005585680262217], [4.60623531846344, 3.2720006949489666, 2.136370877486009, 1.0924605972808439, 2.151837190433776, 2.65184742577187, 3.1228149914900922, 4.772893669221442, 5.0830285803920034, 5.347080588294262, 3.5572255208932004, 0.0, 1.7676926517428584, 3.054827278030264, 2.5071478744743594, 2.479756215048521, 2.4770034682065623, 3.682740141075982, 3.9291967476049483, 2.6137888295002014, 3.778840336224656], [4.077213460958324, 2.5945730326750844, 2.141055168353667, 1.0916792376942095, 2.147966680084661, 3.4402466883392435, 4.093846526816306, 4.631498465355677, 4.471154249206107, 4.618604100516035, 2.3279689699316637, 1.7676926517428584, 0.0, 2.4837303351974356, 3.0582990772076424, 2.4825181350544474, 3.6427031350704477, 4.253525394837606, 5.092356080345182, 3.768101659431388, 4.366982240836229], [4.448605984097245, 3.2052060542827427, 2.758246479040417, 2.1603526903195656, 1.0876277136674346, 3.720448703088392, 5.04052358653377, 4.836058537994982, 5.2836472595207935, 4.5572527599150785, 3.126722723038232, 3.054827278030264, 2.4837303351974356, 0.0, 1.7624877271364123, 1.7672304344080687, 3.585049998901509, 4.107814558105817, 5.815337770180004, 5.109821932179237, 5.493761585595876], [4.933979557203876, 3.7733046729174746, 2.7562056817820744, 2.169506718570125, 1.0876875356301245, 3.0069613319285073, 4.297038978664691, 4.966607011706427, 5.81016141754483, 5.285968856503714, 4.124086100336664, 2.5071478744743594, 3.0582990772076424, 1.7624877271364123, 0.0, 1.7648404856158442, 2.39123505279061, 3.50737047802186, 4.835906851721402, 4.342227967181251, 5.04580581227839], [5.693138443334079, 4.286643285404327, 3.450540694213081, 2.1657967069631416, 1.0877229885223565, 4.208562683879578, 5.257149327401334, 6.007260803145251, 6.405067727637866, 6.030749038052608, 4.220806419674333, 2.479756215048521, 2.4825181350544474, 1.7672304344080687, 1.7648404856158442, 0.0, 3.76282730884231, 4.911202855347426, 5.972646963483532, 4.994695649621513, 5.912161444165585], [4.08196568706692, 3.337257004508292, 2.132854908841652, 2.587658130579473, 2.9418707682091108, 1.091719710283258, 2.1486640137939124, 3.696638034752542, 4.830006630207254, 4.783040263062145, 4.18693535538073, 2.4770034682065623, 3.6427031350704477, 3.585049998901509, 2.39123505279061, 3.76282730884231, 0.0, 1.761755643685701, 2.4768036427271647, 2.4973475801068066, 3.054573075033903], [2.812000207185851, 2.7174518195620387, 2.1491931016554178, 3.402342654399758, 3.8887938538925084, 1.0912080066609775, 2.152677751737191, 2.1348173945332762, 3.626113675078991, 3.461861262347704, 3.7691031463985163, 3.682740141075982, 4.253525394837606, 4.107814558105817, 3.50737047802186, 4.911202855347426, 1.761755643685701, 0.0, 2.485647361539914, 3.0585554311510323, 2.498114811204271], [4.423145052262729, 4.2541429520788006, 3.4470669223691535, 4.2950215544090256, 5.200939874544242, 2.166276120487853, 1.0879477594038522, 3.7477568520780022, 4.745234701114993, 5.378451681793143, 5.23327841879998, 3.9291967476049483, 5.092356080345182, 5.815337770180004, 4.835906851721402, 5.972646963483532, 2.4768036427271647, 2.485647361539914, 0.0, 1.765739727165727, 1.7675654175434705], [4.295553145528775, 3.6524129131663585, 2.7422528377715314, 3.1679465608753814, 4.38670907075538, 2.16530435120175, 1.0878599148720116, 4.037587105887729, 4.493955215893291, 5.323603672277471, 4.395075878709619, 2.6137888295002014, 3.768101659431388, 5.109821932179237, 4.342227967181251, 4.994695649621513, 2.4973475801068066, 3.0585554311510323, 1.765739727165727, 0.0, 1.761859711045271], [3.117999911273608, 3.1017746066019765, 2.7587750272475953, 3.8662892649471448, 5.074340184432726, 2.163844026505752, 1.0872553750376155, 2.6835094230430476, 3.1690884182974313, 4.181303219776365, 4.005585680262217, 3.778840336224656, 4.366982240836229, 5.493761585595876, 5.04580581227839, 5.912161444165585, 3.054573075033903, 2.498114811204271, 1.7675654175434705, 1.761859711045271, 0.0]]}