{"total energy": -26.49607913, "HOMO-LUMO gap/eV": 3.55573592, "electronic energy": -26.99462433, "dipole": [0.49678134, -0.2724055, 0.11124933], "partial charges": [-0.10671122, 0.00818142, -0.05828966, 0.003531, -0.03827358, -0.03478324, -0.03632193, -0.03941232, 4.147e-05, -0.06990383, 0.04231043, 0.04540257, 0.04540256, 0.02543933, 0.02639548, 0.02530195, 0.02540644, 0.02377922, 0.05625199, 0.05625192], "atomic dipole moments": [[-0.05729444, -0.00249169, -0.0035977], [0.07482578, -0.11520718, 0.03695406], [-0.0666341, 0.02881776, -0.01281992], [0.03443539, 0.00544474, 0.00108741], [-0.00225337, 0.00040846, -0.00027942], [0.00383642, -0.00399597, 0.00137438], [0.00936, 0.00039241, 0.00059172], [-0.00872797, -0.00271908, 8.897e-05], [0.09205996, -0.0207179, 0.01251188], [-0.01884064, 0.06309756, -0.01858681], [0.04781479, 0.11444625, -0.0275937], [0.03728641, -0.03167436, 0.11766001], [0.05197587, -0.08526524, -0.07915662], [0.04904524, 0.14611559, -0.03612509], [0.00161314, 0.14415917, -0.03913247], [-0.12497044, 0.07021841, -0.02844649], [-0.12923761, -0.06837354, 0.00897202], [-0.00744375, -0.14333502, 0.0384729], [0.0331381, -0.1027346, -0.08206998], [0.01758305, -0.04598469, 0.12634977]], "atomic quadrupole moments": [[0.17335433, -0.00809631, -0.08111654, 0.02224046, -0.00441153, -0.09223778], [-0.06122558, 0.15660978, -0.26765283, -0.07603745, 0.18972861, 0.32887841], [-0.14696427, 0.08198919, -0.242621, -0.06668342, 0.19399987, 0.38958526], [-0.14585036, 0.02325202, -0.1756361, -0.04448686, 0.14905063, 0.32148646], [-0.24909502, -0.02516571, -0.20213806, -0.04957684, 0.19121123, 0.45123308], [-0.24044149, -0.02140411, -0.20996371, -0.04994349, 0.19358048, 0.4504052], [-0.23313609, -0.01323393, -0.21022012, -0.05107635, 0.19226631, 0.44335621], [-0.25659189, -0.01494473, -0.19437822, -0.05288842, 0.18974829, 0.45097011], [-0.1053632, -0.08329293, -0.20564988, -0.01141568, 0.1454833, 0.31101308], [0.1083223, 0.00280322, 0.09181093, 0.02414326, -0.08616218, -0.20013323], [-0.01626605, 0.03487667, 0.06516634, -0.00647524, -0.03059257, -0.04890028], [-0.03145641, -0.001655, -0.04045674, 0.02391899, -0.0359777, 0.07191315], [-0.02344595, -0.02433833, 0.01843434, -0.02724902, 0.06305506, 0.0050116], [0.0119745, 0.00425662, 0.03082953, 0.00338275, -0.02138618, -0.04280403], [0.02974197, 0.00356021, 0.02899035, 0.00618934, -0.02564745, -0.05873232], [0.03510466, 0.00428327, 0.031072, 0.00700894, -0.0284087, -0.06617666], [0.03451902, -1.657e-05, 0.03126282, 0.00811906, -0.02871965, -0.06578184], [0.03001953, -0.00019218, 0.02949769, 0.00731097, -0.02635459, -0.05951723], [-0.01996076, -0.01387234, 0.01515923, -0.01747161, 0.05444258, 0.00480153], [-0.02468555, 0.00164007, -0.03513936, 0.01212915, -0.03042932, 0.05982491]], "number of molecular orbitals": 50, "number of electrons": 50, "number of unpaired electrons": 0, "orbital energies/eV": [-17.58105107, -17.18209385, -16.63330738, -16.59816381, -16.16156796, -16.02428157, -15.21078304, -15.13282039, -14.71207746, -14.06270386, -13.89673865, -13.53034583, -13.41168435, -13.05342549, -13.05075314, -12.69947978, -12.60041348, -12.49116861, -12.10394994, -11.86297144, -11.38332969, -11.37346012, -11.15457209, -10.60686326, -9.95194464, -6.39620872, -5.742365, -4.4704606, -1.85423094, 2.31136184, 2.68824516, 3.25362438, 3.96767083, 4.24177117, 4.56208738, 4.98833305, 5.2657945, 5.53620471, 5.826445, 6.10260029, 6.38541353, 6.62824522, 9.42852325, 10.49380267, 12.04756612, 12.51526997, 13.23668573, 16.39013767, 17.91582845, 19.80334615], "fractional occupation": [2.0, 2.0, 2.0, 2.0, 2.0, 2.0, 2.0, 2.0, 2.0, 2.0, 2.0, 2.0, 2.0, 2.0, 2.0, 2.0, 2.0, 2.0, 2.0, 2.0, 2.0, 2.0, 2.0, 2.0, 2.0, 0.0, 0.0, 0.0, 0.0, 0.0, 0.0, 0.0, 0.0, 0.0, 0.0, 0.0, 0.0, 0.0, 0.0, 0.0, 0.0, 0.0, 0.0, 0.0, 0.0, 0.0, 0.0, 0.0, 0.0, 0.0], "program call": "xtb /tmp/scratch/tmpvkh3j25k/437628_fd0a51_xyzopt.xyz --pop --wbo --acc 0.2 --gfn 2 --chrg 0 --uhf 0 --etemp 300 --input /tmp/scratch/tmpvkh3j25k/437628_fd0a51_xtb.inp", "method": "GFN2-xTB", "xtb version": "6.3.3 (7355c4f)", "Dipole module/D": 1.468, "Total charge": 0, "Transition dipole module/D": NaN, "HOMO": -9.9519, "LUMO": -6.3962, "HOMO occupancy": 2.0, "LUMO occupancy": 0, "mulliken charges": [-0.08614, 0.00761, -0.06912, 0.00221, -0.03952, -0.03198, -0.03468, -0.03936, -0.00601, -0.05424, 0.0377, 0.0389, 0.0389, 0.03201, 0.02847, 0.02651, 0.02654, 0.02623, 0.04798, 0.04798], "cm5 charges": [-0.23125, -0.0135, -0.1212, -0.00517, -0.09273, -0.08812, -0.09088, -0.09288, -0.01695, -0.15108, 0.0905, 0.09109, 0.09109, 0.08906, 0.08529, 0.08297, 0.08301, 0.083, 0.10387, 0.10387], "FUKUI+": [0.032, -0.1, -0.037, -0.057, -0.035, -0.025, -0.062, -0.025, -0.033, 0.024, -0.046, -0.058, -0.058, -0.077, -0.07, -0.073, -0.081, -0.069, -0.076, -0.076], "FUKUI-": [0.026, -0.076, -0.05, -0.045, -0.037, -0.026, -0.061, -0.023, -0.038, 0.017, -0.053, -0.082, -0.082, -0.073, -0.065, -0.068, -0.075, -0.064, -0.062, -0.062], "FUKUIrad": [0.029, -0.088, -0.044, -0.051, -0.036, -0.025, -0.061, -0.024, -0.036, 0.02, -0.049, -0.07, -0.07, -0.075, -0.068, -0.07, -0.078, -0.066, -0.069, -0.069], "s proportion": [1.002, 1.095, 1.057, 1.078, 1.054, 1.054, 1.054, 1.053, 1.084, 1.026, 0.962, 0.961, 0.961, 0.968, 0.972, 0.973, 0.973, 0.974, 0.952, 0.952], "p proportion": [3.084, 2.898, 3.012, 2.92, 2.986, 2.978, 2.981, 2.986, 2.922, 3.029, 0.0, 0.0, 0.0, 0.0, 0.0, 0.0, 0.0, 0.0, 0.0, 0.0], "d proportion": [0.0, 0.0, 0.0, 0.0, 0.0, 0.0, 0.0, 0.0, 0.0, 0.0, 0.0, 0.0, 0.0, 0.0, 0.0, 0.0, 0.0, 0.0, 0.0, 0.0], "Fermi-level/eV": -8.1741, "Coordination numbers": [3.754, 3.031, 2.973, 3.065, 2.914, 2.921, 2.922, 2.914, 3.053, 3.866, 0.925, 0.924, 0.924, 0.926, 0.926, 0.926, 0.926, 0.926, 0.924, 0.924], "Dispersion coefficient C6": [22.597, 27.805, 29.444, 27.879, 28.951, 28.866, 28.904, 28.979, 27.977, 21.792, 2.418, 2.378, 2.378, 2.652, 2.638, 2.654, 2.653, 2.676, 2.243, 2.243], "Total dispersion C6": 4613.933694, "Total dispersion C8": 112442.725134, "Polarizability alpha": [6.778, 8.649, 8.901, 8.658, 8.823, 8.811, 8.816, 8.827, 8.675, 6.638, 2.432, 2.412, 2.412, 2.547, 2.54, 2.548, 2.547, 2.558, 2.342, 2.342], "Total polarizability alpha": 108.256051, "Wiberg matrix": [[0.0, 1.9060579660872057, 0.0, 0.0, 0.0, 0.0, 0.0, 0.9721838055072837, 0.9750474633644832, 0.0, 0.0, 0.0, 0.0, 0.0, 0.0, 0.0, 0.0, 0.0, 0.0, 0.0], [1.9060579660872057, 0.0, 1.0197641522187009, 0.0, 0.0, 0.0, 0.0, 0.0, 0.0, 0.954619663935524, 0.0, 0.0, 0.0, 0.0, 0.0, 0.0, 0.0, 0.0, 0.0, 0.0], [0.0, 1.0197641522187009, 0.0, 1.0812543955388811, 0.15526522141184132, 0.0, 0.0, 0.0, 0.0, 0.0, 0.0, 0.0, 0.0, 0.0, 0.0, 0.0, 0.0, 0.0, 0.0, 0.0], [0.0, 0.0, 1.0812543955388811, 0.0, 1.7381734265048088, 1.019907245788755, 0.0, 0.0, 0.0, 0.0, 0.0, 0.0, 0.0, 0.0, 0.0, 0.0, 0.0, 0.0, 0.0, 0.0], [0.0, 0.0, 0.15526522141184132, 1.7381734265048088, 0.0, 0.0, 0.0, 0.0, 0.0, 0.0, 0.0, 0.0, 0.0, 0.0, 0.0, 0.0, 0.0, 0.0, 0.0, 0.0], [0.0, 0.0, 0.0, 1.019907245788755, 0.0, 0.0, 1.923564050759324, 0.0, 0.0, 0.0, 0.964212365245117, 0.0, 0.0, 0.0, 0.0, 0.0, 0.0, 0.0, 0.0, 0.0], [0.0, 0.0, 0.0, 0.0, 0.0, 1.923564050759324, 0.0, 0.0, 0.0, 0.0, 0.0, 0.9699033976235609, 0.9752698944638525, 0.0, 0.0, 0.0, 0.0, 0.0, 0.0, 0.0], [0.9721838055072837, 0.0, 0.0, 0.0, 0.0, 0.0, 0.0, 0.0, 0.0, 0.0, 0.0, 0.0, 0.0, 0.0, 0.0, 0.0, 0.0, 0.0, 0.0, 0.0], [0.9750474633644832, 0.0, 0.0, 0.0, 0.0, 0.0, 0.0, 0.0, 0.0, 0.0, 0.0, 0.0, 0.0, 0.0, 0.0, 0.0, 0.0, 0.0, 0.0, 0.0], [0.0, 0.954619663935524, 0.0, 0.0, 0.0, 0.0, 0.0, 0.0, 0.0, 0.0, 0.0, 0.0, 0.0, 0.0, 0.0, 0.0, 0.0, 0.0, 0.0, 0.0], [0.0, 0.0, 0.0, 0.0, 0.0, 0.964212365245117, 0.0, 0.0, 0.0, 0.0, 0.0, 0.0, 0.0, 0.0, 0.0, 0.0, 0.0, 0.0, 0.0, 0.0], [0.0, 0.0, 0.0, 0.0, 0.0, 0.0, 0.9699033976235609, 0.0, 0.0, 0.0, 0.0, 0.0, 0.0, 0.0, 0.0, 0.0, 0.0, 0.0, 0.0, 0.0], [0.0, 0.0, 0.0, 0.0, 0.0, 0.0, 0.9752698944638525, 0.0, 0.0, 0.0, 0.0, 0.0, 0.0, 0.0, 0.0, 0.0, 0.0, 0.0, 0.0, 0.0], [0.0, 0.0, 0.0, 0.0, 0.0, 0.0, 0.0, 0.0, 0.0, 0.0, 0.0, 0.0, 0.0, 0.0, 0.0, 0.0, 0.0, 0.0, 0.0, 0.0], [0.0, 0.0, 0.0, 0.0, 0.0, 0.0, 0.0, 0.0, 0.0, 0.0, 0.0, 0.0, 0.0, 0.0, 0.0, 0.0, 0.0, 0.0, 0.0, 0.0], [0.0, 0.0, 0.0, 0.0, 0.0, 0.0, 0.0, 0.0, 0.0, 0.0, 0.0, 0.0, 0.0, 0.0, 0.0, 0.0, 0.0, 0.0, 0.0, 0.0], [0.0, 0.0, 0.0, 0.0, 0.0, 0.0, 0.0, 0.0, 0.0, 0.0, 0.0, 0.0, 0.0, 0.0, 0.0, 0.0, 0.0, 0.0, 0.0, 0.0], [0.0, 0.0, 0.0, 0.0, 0.0, 0.0, 0.0, 0.0, 0.0, 0.0, 0.0, 0.0, 0.0, 0.0, 0.0, 0.0, 0.0, 0.0, 0.0, 0.0], [0.0, 0.0, 0.0, 0.0, 0.0, 0.0, 0.0, 0.0, 0.0, 0.0, 0.0, 0.0, 0.0, 0.0, 0.0, 0.0, 0.0, 0.0, 0.0, 0.0], [0.0, 0.0, 0.0, 0.0, 0.0, 0.0, 0.0, 0.0, 0.0, 0.0, 0.0, 0.0, 0.0, 0.0, 0.0, 0.0, 0.0, 0.0, 0.0, 0.0]], "Born radii": [], "Atomic SASAs": [], "Solvent H bonds": [], "Total SASA": NaN, "Total FOD": 0.0, "FOD": [0.0, 0.0, 0.0, 0.0, 0.0, 0.0, 0.0, 0.0, 0.0, 0.0, 0.0, 0.0, 0.0, 0.0, 0.0, 0.0, 0.0, 0.0, 0.0, 0.0], "FOD s proportion": [0.0, 0.0, 0.0, 0.0, 0.0, 0.0, 0.0, 0.0, 0.0, 0.0, 0.0, 0.0, 0.0, 0.0, 0.0, 0.0, 0.0, 0.0, 0.0, 0.0], "FOD p proportion": [0.0, 0.0, 0.0, 0.0, 0.0, 0.0, 0.0, 0.0, 0.0, 0.0, 0.0, 0.0, 0.0, 0.0, 0.0, 0.0, 0.0, 0.0, 0.0, 0.0], "FOD d proportion": [0.0, 0.0, 0.0, 0.0, 0.0, 0.0, 0.0, 0.0, 0.0, 0.0, 0.0, 0.0, 0.0, 0.0, 0.0, 0.0, 0.0, 0.0, 0.0, 0.0], "coordinates": [["3.20192791808158", "0.11026059857652", "0.20894965231422"], ["1.71905524785672", "0.12456851409492", "0.09437994722205"], ["0.92525882469491", "1.15091709329195", "-0.24432674240352"], ["-0.46043184426754", "0.72886312873977", "-0.23282564120489"], ["-1.62930278067463", "1.41983145996052", "-0.50820431490205"], ["-2.83453187558281", "0.74272569750098", "-0.41378562749128"], ["-2.87417868213275", "-0.59546199679520", "-0.05237165763158"], ["-1.70508033362943", "-1.29300160854139", "0.22481290711888"], ["-0.50362390984717", "-0.62629877767841", "0.13294544699160"], ["0.89587798814711", "-1.10622766071601", "0.36807361663902"], ["3.61608596958641", "1.08750405396091", "-0.02623159026593"], ["3.50375457195010", "-0.16392246427224", "1.22024653979343"], ["3.63013067063244", "-0.62497600202275", "-0.47300824234008"], ["1.24439201185589", "2.14807775867157", "-0.49202350744198"], ["-1.60231517273090", "2.46244046738099", "-0.79008040238664"], ["-3.75784203496751", "1.26323238894522", "-0.62442239760524"], ["-3.82618289397986", "-1.10179771133389", "0.01444736839569"], ["-1.74333895613939", "-2.33603518606410", "0.50596338693332"], ["1.16336840125498", "-1.92590928945009", "-0.30301901720869"], ["1.03697687989186", "-1.46479146424929", "1.39048127547368"]], "bond_dist": [[0.0, 1.4873608472294795, 2.5439433151671835, 3.7404162240534373, 5.05668623886083, 6.101365271035548, 6.122532533667593, 5.103736518193154, 3.778810752530732, 2.6120931071402844, 1.0871255123395103, 1.090411424905174, 1.0904114022854994, 2.911358612888367, 5.441650747799243, 7.103678675329981, 7.134511761269114, 5.525237070187133, 2.926401311358997, 2.926400344261942], [1.4873608472294795, 0.0, 1.340979637817576, 2.2852569796683375, 3.6403729725293847, 4.623365251142779, 4.651642495479023, 3.708264053437682, 2.3463997156747967, 1.5057849280395808, 2.130849022361389, 2.1297779946010564, 2.129778300864684, 2.1595749262620765, 4.1568517956196045, 5.6400031983524395, 5.679791315331009, 4.267568994280781, 2.1612896685191414, 2.1612900531635164], [2.5439433151671835, 1.340979637817576, 0.0, 1.4485856738117344, 2.5821950556642066, 3.785678623341896, 4.185978027791379, 3.620982562749944, 2.3113927459418, 2.3389313529595808, 2.700395791847569, 3.2438277204059163, 3.2438284814929967, 1.075885249986433, 2.8994087208653347, 4.699842666995546, 5.264777909595372, 4.454569069232218, 3.086584122150065, 3.0865854009191196], [3.7404162240534373, 2.2852569796683375, 1.4485856738117344, 0.0, 1.3854710082330783, 2.381027014995965, 2.7590894287092236, 2.417957799227219, 1.4043211299757743, 2.3597064404555614, 4.097475064206668, 4.31546739308797, 4.315468660780279, 2.2333334010133545, 2.149353575783348, 3.3633038060228526, 3.839367549648732, 3.4037129088506237, 3.1127915027793693, 3.1127927502914754], [5.05668623886083, 3.6403729725293847, 2.5821950556642066, 1.3854710082330783, 0.0, 1.3856277542332494, 2.412241102855982, 2.8111420709150554, 2.4217503766457873, 3.6776861760740456, 5.277958161395055, 5.643057383631236, 5.643059148089275, 2.9645785958097703, 1.0803777126692509, 2.137453922042707, 3.384975729870584, 3.8920527539437195, 4.3629227014739, 4.362923746105098], [6.101365271035548, 4.623365251142779, 3.785678623341896, 2.381027014995965, 1.3856277542332494, 0.0, 1.3867004838987702, 2.4140535492390462, 2.757947574950486, 4.236258980504776, 6.47144039849464, 6.608021421268797, 6.608023690440876, 4.314945615093387, 2.148807727588543, 1.0806464339390893, 2.1375270400147097, 3.3934361368897026, 4.80802335259226, 4.808023618938843], [6.122532533667593, 4.651642495479023, 4.185978027791379, 2.7590894287092236, 2.412241102855982, 1.3867004838987702, 0.0, 1.3893105273350943, 2.3779872297233, 3.8276602630351886, 6.704967806072952, 6.517961033796018, 6.517963360542044, 4.968191693186812, 3.3930249717694223, 2.1360823462194847, 1.080348396320037, 2.1494491236304563, 4.2584857106685785, 4.258485193106876], [5.103736518193154, 3.708264053437682, 3.620982562749944, 2.417957799227219, 2.8111420709150554, 2.4140535492390462, 1.3893105273350943, 0.0, 1.3771092306562345, 2.611588085839175, 5.8347786055130175, 5.42196172106249, 5.421963576749089, 4.588493083080968, 3.8915182504495287, 3.3866448669998825, 2.1400674432631286, 1.0809386468880056, 2.9844893730004376, 2.984488609750626], [3.778810752530732, 2.3463997156747967, 2.3113927459418, 1.4043211299757743, 2.4217503766457873, 2.757947574950486, 2.3779872297233, 1.3771092306562345, 0.0, 1.4980729459625979, 4.464803127308938, 4.177929848379329, 4.177931133346535, 3.3381598257097442, 3.4057905592868707, 3.838472311679877, 3.3585025284461634, 2.1445825621041696, 2.1582205312772333, 2.1582208271382903], [2.6120931071402844, 1.5057849280395808, 2.3389313529595808, 2.3597064404555614, 3.6776861760740456, 4.236258980504776, 3.8276602630351886, 2.611588085839175, 1.4980729459625979, 0.0, 3.5167409478745753, 2.9008891827421497, 2.9008894470794604, 3.3840409055195333, 4.5075139499882075, 5.315684275685425, 4.735285643169999, 2.9149453197553425, 1.0926089953837237, 1.0926089507685812], [1.0871255123395103, 2.130849022361389, 2.700395791847569, 4.097475064206668, 5.277958161395055, 6.47144039849464, 6.704967806072952, 5.8347786055130175, 4.464803127308938, 3.5167409478745753, 0.0, 1.769857169985293, 1.7698572181415817, 2.639452769489481, 5.450286747581754, 7.400238300625606, 7.75770989627794, 6.381793474897016, 3.895265681306308, 3.8952652608998353], [1.090411424905174, 2.1297779946010564, 3.2438277204059163, 4.31546739308797, 5.643057383631236, 6.608021421268797, 6.517961033796018, 5.42196172106249, 4.177929848379329, 2.9008891827421497, 1.769857169985293, 0.0, 1.7594467994822776, 3.658132436572963, 6.08367856652239, 7.626949570127171, 7.487425784289161, 5.7236583223624065, 3.3018696154194616, 2.793963529176713], [1.0904114022854994, 2.129778300864684, 3.2438284814929967, 4.315468660780279, 5.643059148089275, 6.608023690440876, 6.517963360542044, 5.421963576749089, 4.177931133346535, 2.9008894470794604, 1.7698572181415817, 1.7594467994822776, 0.0, 3.6581330877906475, 6.083680194911, 7.626952069655765, 7.487428389556027, 5.723660088794046, 2.7939648975285127, 3.3018676193979637], [2.911358612888367, 2.1595749262620765, 1.075885249986433, 2.2333334010133545, 2.9645785958097703, 4.314945615093387, 4.968191693186812, 4.588493083080968, 3.3381598257097442, 3.3840409055195333, 2.639452769489481, 3.658132436572963, 3.6581330877906475, 0.0, 2.8794797481540346, 5.081616500056043, 6.043917040653868, 5.479943711354056, 4.079173689739895, 4.079175077953479], [5.441650747799243, 4.1568517956196045, 2.8994087208653347, 2.149353575783348, 1.0803777126692509, 2.148807727588543, 3.3930249717694223, 3.8915182504495287, 3.4057905592868707, 4.5075139499882075, 5.450286747581754, 6.08367856652239, 6.083680194911, 2.8794797481540346, 0.0, 2.472213308708893, 4.277457933186695, 4.9724225291126425, 5.209975816894563, 5.209977199067878], [7.103678675329981, 5.6400031983524395, 4.699842666995546, 3.3633038060228526, 2.137453922042707, 1.0806464339390893, 2.1360823462194847, 3.3866448669998825, 3.838472311679877, 5.315684275685425, 7.400238300625606, 7.626949570127171, 7.626952069655765, 5.081616500056043, 2.472213308708893, 0.0, 2.450753440504949, 4.27676533761303, 5.8730091891119605, 5.873009397376981], [7.134511761269114, 5.679791315331009, 5.264777909595372, 3.839367549648732, 3.384975729870584, 2.1375270400147097, 1.080348396320037, 2.1400674432631286, 3.3585025284461634, 4.735285643169999, 7.75770989627794, 7.487425784289161, 7.487428389556027, 6.043917040653868, 4.277457933186695, 2.450753440504949, 0.0, 2.470459271047852, 5.067106366256144, 5.067105363448442], [5.525237070187133, 4.267568994280781, 4.454569069232218, 3.4037129088506237, 3.8920527539437195, 3.3934361368897026, 2.1494491236304563, 1.0809386468880056, 2.1445825621041696, 2.9149453197553425, 6.381793474897016, 5.7236583223624065, 5.723660088794046, 5.479943711354056, 4.9724225291126425, 4.27676533761303, 2.470459271047852, 0.0, 3.044930778000609, 3.0449291725811567], [2.926401311358997, 2.1612896685191414, 3.086584122150065, 3.1127915027793693, 4.3629227014739, 4.80802335259226, 4.2584857106685785, 2.9844893730004376, 2.1582205312772333, 1.0926089953837237, 3.895265681306308, 3.3018696154194616, 2.7939648975285127, 4.079173689739895, 5.209975816894563, 5.8730091891119605, 5.067106366256144, 3.044930778000609, 0.0, 1.7597010276480696], [2.926400344261942, 2.1612900531635164, 3.0865854009191196, 3.1127927502914754, 4.362923746105098, 4.808023618938843, 4.258485193106876, 2.984488609750626, 2.1582208271382903, 1.0926089507685812, 3.8952652608998353, 2.793963529176713, 3.3018676193979637, 4.079175077953479, 5.209977199067878, 5.873009397376981, 5.067105363448442, 3.0449291725811567, 1.7597010276480696, 0.0]]}