{"total energy": -27.11554508, "HOMO-LUMO gap/eV": 5.11141703, "electronic energy": -27.43358039, "dipole": [-0.31555705, 0.86884252, -0.14419544], "partial charges": [-0.10586152, -0.05241796, -0.09090306, 0.35546428, -0.41147915, -0.27362979, 0.08508641, -0.11575788, 0.03657873, 0.04038718, 0.03657873, 0.04728703, 0.04728701, 0.06593913, 0.06593912, 0.05015753, 0.05015751, 0.05264763, 0.05826954, 0.05826954], "atomic dipole moments": [[-0.08512167, -0.06421461, 0.00859699], [-0.03010313, 0.12743459, -0.02084207], [-0.00898761, -0.10346794, 0.01628726], [-0.14558261, 0.05395929, -0.01134884], [-0.00419861, 0.19132048, -0.03051169], [-0.01704607, -0.23855193, 0.03762085], [0.16467623, 0.1805894, -0.02559659], [0.09356747, -0.08802545, 0.01577905], [0.00307839, 0.05593378, -0.11004891], [0.10471719, -0.06588381, 0.01246925], [-0.00067118, 0.087326, 0.0873072], [0.00329769, -0.09033269, -0.08686258], [-0.00045488, -0.0589147, 0.11065636], [-0.00894862, 0.09277466, 0.09031789], [-0.00504973, 0.060131, -0.11490556], [6.16e-06, -0.05711341, 0.11225346], [0.00382791, -0.08911275, -0.08892155], [-0.10831292, -0.06297322, 0.00795901], [0.00508447, 0.08933418, 0.09024144], [0.00895017, 0.05696702, -0.11324583]], "atomic quadrupole moments": [[0.11593597, 0.17120319, 0.01092459, -0.02256984, -0.01907843, -0.12686056], [0.25100111, -0.00242302, -0.00060602, 0.01003827, -0.04084197, -0.25039509], [0.2210574, 0.01920391, 0.03118153, 0.00607794, -0.04589672, -0.25223894], [-0.12500522, -0.13261832, -0.31940604, 0.00991196, 0.12203298, 0.44441126], [-0.11120565, -0.01399791, -0.07737309, -0.00360024, 0.04313953, 0.18857874], [0.0670779, 0.03853311, 0.01623805, -0.00322641, -0.01548534, -0.08331594], [0.41333552, 0.17952249, -0.02957384, -0.01325351, -0.05426029, -0.38376169], [0.12050494, -0.20045775, 0.0287487, 0.03712325, -0.03307049, -0.14925364], [-0.03935546, 0.00846036, -0.02311472, 0.01158887, -0.04838728, 0.06247019], [0.0444463, -0.05412854, 0.00883467, 0.0105043, -0.01122449, -0.05328097], [-0.03827855, 0.00175335, 0.01370622, -0.0163921, 0.06434139, 0.02457232], [-0.01485328, -0.00196932, -0.00326986, -0.00360442, 0.04655641, 0.01812313], [-0.01507731, 0.00048601, -0.02867679, 0.00204939, -0.03126919, 0.0437541], [-0.0156652, -0.01276833, 0.00153487, 0.00847658, 0.05685903, 0.01413033], [-0.01512176, -0.01310324, -0.03095946, -0.00613207, -0.04274267, 0.04608122], [-0.00104861, 0.00869257, -0.02979597, -0.00691039, -0.02361737, 0.03084457], [-0.00142539, 0.00908253, -0.00991075, 0.00319192, 0.03733867, 0.01133614], [0.06037918, 0.05497911, -0.00611764, -0.00654918, -0.00676479, -0.05426154], [-0.04380052, -0.00250531, 0.01642164, 0.01553677, 0.05970821, 0.02737888], [-0.04255391, -0.00567921, -0.01782269, -0.01758677, -0.04531181, 0.0603766]], "number of molecular orbitals": 44, "number of electrons": 48, "number of unpaired electrons": 0, "orbital energies/eV": [-20.13970317, -19.37620339, -18.37358332, -17.32428425, -16.741121, -16.48543081, -16.22679494, -15.94717102, -15.36084562, -15.2707839, -14.89568234, -14.43454885, -13.86324462, -13.65478797, -13.39028386, -13.12743057, -12.94990744, -12.75374276, -12.74526883, -12.50302699, -12.09083262, -11.93470409, -11.70872863, -11.21064957, -6.09923254, 0.00372874, 2.62464488, 3.10390067, 3.20389131, 3.65061935, 3.91293595, 3.91436018, 4.10107556, 4.2935294, 4.64953065, 5.06691634, 5.98445361, 6.0254437, 6.58434392, 6.99891555, 7.18106439, 7.8967469, 8.10874027, 17.92918637], "fractional occupation": [2.0, 2.0, 2.0, 2.0, 2.0, 2.0, 2.0, 2.0, 2.0, 2.0, 2.0, 2.0, 2.0, 2.0, 2.0, 2.0, 2.0, 2.0, 2.0, 2.0, 2.0, 2.0, 2.0, 2.0, 0.0, 0.0, 0.0, 0.0, 0.0, 0.0, 0.0, 0.0, 0.0, 0.0, 0.0, 0.0, 0.0, 0.0, 0.0, 0.0, 0.0, 0.0, 0.0, 0.0], "program call": "xtb /tmp/scratch/tmpkzq6uf6t/4420_0_xyzopt.xyz --pop --wbo --acc 0.2 --gfn 2 --chrg 0 --uhf 0 --etemp 300 --input /tmp/scratch/tmpkzq6uf6t/4420_0_xtb.inp", "method": "GFN2-xTB", "xtb version": "6.3.3 (7355c4f)", "Dipole module/D": 2.378, "Total charge": 0, "Transition dipole module/D": NaN, "HOMO": -11.2106, "LUMO": -6.0992, "HOMO occupancy": 2.0, "LUMO occupancy": 0, "mulliken charges": [-0.08852, -0.03371, -0.08386, 0.581, -0.53243, -0.42351, 0.20596, -0.09684, 0.02841, 0.0343, 0.02841, 0.03714, 0.03714, 0.05303, 0.05303, 0.03894, 0.03894, 0.03524, 0.04366, 0.04366], "cm5 charges": [-0.24102, -0.14505, -0.18354, 0.63341, -0.58458, -0.50942, 0.12343, -0.24604, 0.08059, 0.086, 0.08059, 0.09464, 0.09464, 0.11226, 0.11226, 0.10416, 0.10416, 0.08752, 0.09799, 0.09799], "FUKUI+": [0.018, 0.013, 0.029, -0.189, -0.281, -0.121, 0.026, 0.016, -0.024, -0.04, -0.024, -0.024, -0.024, -0.098, -0.098, -0.04, -0.04, -0.044, -0.028, -0.028], "FUKUI-": [0.017, 0.005, 0.001, -0.008, -0.112, -0.067, 0.013, 0.013, -0.079, -0.068, -0.079, -0.086, -0.086, -0.064, -0.064, -0.073, -0.073, -0.058, -0.066, -0.066], "FUKUIrad": [0.017, 0.009, 0.015, -0.098, -0.196, -0.094, 0.019, 0.015, -0.051, -0.054, -0.051, -0.055, -0.055, -0.081, -0.081, -0.057, -0.057, -0.051, -0.047, -0.047], "s proportion": [1.006, 1.024, 1.038, 0.979, 1.721, 1.688, 0.995, 1.008, 0.972, 0.966, 0.972, 0.963, 0.963, 0.947, 0.947, 0.961, 0.961, 0.965, 0.956, 0.956], "p proportion": [3.083, 3.01, 3.045, 2.44, 4.812, 4.736, 2.799, 3.089, 0.0, 0.0, 0.0, 0.0, 0.0, 0.0, 0.0, 0.0, 0.0, 0.0, 0.0, 0.0], "d proportion": [0.0, 0.0, 0.0, 0.0, 0.0, 0.0, 0.0, 0.0, 0.0, 0.0, 0.0, 0.0, 0.0, 0.0, 0.0, 0.0, 0.0, 0.0, 0.0, 0.0], "Fermi-level/eV": -8.6549, "Coordination numbers": [3.753, 3.802, 3.804, 2.718, 0.856, 1.704, 3.701, 3.751, 0.925, 0.925, 0.925, 0.924, 0.924, 0.924, 0.924, 0.924, 0.924, 0.925, 0.925, 0.925], "Dispersion coefficient C6": [22.583, 21.514, 22.23, 20.966, 21.912, 18.539, 19.316, 22.778, 2.495, 2.444, 2.495, 2.354, 2.354, 2.131, 2.131, 2.318, 2.318, 2.287, 2.219, 2.219], "Total dispersion C6": 3019.120179, "Total dispersion C8": 64018.114653, "Polarizability alpha": [6.777, 6.604, 6.712, 7.495, 6.276, 5.813, 6.285, 6.806, 2.47, 2.445, 2.47, 2.399, 2.399, 2.283, 2.283, 2.381, 2.381, 2.365, 2.33, 2.33], "Total polarizability alpha": 81.303454, "Wiberg matrix": [[0.0, 1.0199805633958015, 0.0, 0.0, 0.0, 0.0, 0.0, 0.0, 0.9875952727708327, 0.9868896653409036, 0.9875952672236342, 0.0, 0.0, 0.0, 0.0, 0.0, 0.0, 0.0, 0.0, 0.0], [1.0199805633958015, 0.0, 1.0077810588724694, 0.0, 0.0, 0.0, 0.0, 0.0, 0.0, 0.0, 0.0, 0.9770909117486362, 0.9770909123721652, 0.0, 0.0, 0.0, 0.0, 0.0, 0.0, 0.0], [0.0, 1.0077810588724694, 0.0, 0.9716508173939044, 0.0, 0.0, 0.0, 0.0, 0.0, 0.0, 0.0, 0.0, 0.0, 0.9544072644004216, 0.9544072126166923, 0.0, 0.0, 0.0, 0.0, 0.0], [0.0, 0.0, 0.9716508173939044, 0.0, 1.756800217116013, 1.1286061588620782, 0.0, 0.0, 0.0, 0.0, 0.0, 0.0, 0.0, 0.0, 0.0, 0.0, 0.0, 0.0, 0.0, 0.0], [0.0, 0.0, 0.0, 1.756800217116013, 0.0, 0.17096062196389872, 0.0, 0.0, 0.0, 0.0, 0.0, 0.0, 0.0, 0.0, 0.0, 0.0, 0.0, 0.0, 0.0, 0.0], [0.0, 0.0, 0.0, 1.1286061588620782, 0.17096062196389872, 0.0, 0.9367136122580658, 0.0, 0.0, 0.0, 0.0, 0.0, 0.0, 0.0, 0.0, 0.0, 0.0, 0.0, 0.0, 0.0], [0.0, 0.0, 0.0, 0.0, 0.0, 0.9367136122580658, 0.0, 1.0197795302957937, 0.0, 0.0, 0.0, 0.0, 0.0, 0.0, 0.0, 0.9694127375764525, 0.9694127448798053, 0.0, 0.0, 0.0], [0.0, 0.0, 0.0, 0.0, 0.0, 0.0, 1.0197795302957937, 0.0, 0.0, 0.0, 0.0, 0.0, 0.0, 0.0, 0.0, 0.0, 0.0, 0.9836298100729872, 0.9853125644645127, 0.9853125626657256], [0.9875952727708327, 0.0, 0.0, 0.0, 0.0, 0.0, 0.0, 0.0, 0.0, 0.0, 0.0, 0.0, 0.0, 0.0, 0.0, 0.0, 0.0, 0.0, 0.0, 0.0], [0.9868896653409036, 0.0, 0.0, 0.0, 0.0, 0.0, 0.0, 0.0, 0.0, 0.0, 0.0, 0.0, 0.0, 0.0, 0.0, 0.0, 0.0, 0.0, 0.0, 0.0], [0.9875952672236342, 0.0, 0.0, 0.0, 0.0, 0.0, 0.0, 0.0, 0.0, 0.0, 0.0, 0.0, 0.0, 0.0, 0.0, 0.0, 0.0, 0.0, 0.0, 0.0], [0.0, 0.9770909117486362, 0.0, 0.0, 0.0, 0.0, 0.0, 0.0, 0.0, 0.0, 0.0, 0.0, 0.0, 0.0, 0.0, 0.0, 0.0, 0.0, 0.0, 0.0], [0.0, 0.9770909123721652, 0.0, 0.0, 0.0, 0.0, 0.0, 0.0, 0.0, 0.0, 0.0, 0.0, 0.0, 0.0, 0.0, 0.0, 0.0, 0.0, 0.0, 0.0], [0.0, 0.0, 0.9544072644004216, 0.0, 0.0, 0.0, 0.0, 0.0, 0.0, 0.0, 0.0, 0.0, 0.0, 0.0, 0.0, 0.0, 0.0, 0.0, 0.0, 0.0], [0.0, 0.0, 0.9544072126166923, 0.0, 0.0, 0.0, 0.0, 0.0, 0.0, 0.0, 0.0, 0.0, 0.0, 0.0, 0.0, 0.0, 0.0, 0.0, 0.0, 0.0], [0.0, 0.0, 0.0, 0.0, 0.0, 0.0, 0.9694127375764525, 0.0, 0.0, 0.0, 0.0, 0.0, 0.0, 0.0, 0.0, 0.0, 0.0, 0.0, 0.0, 0.0], [0.0, 0.0, 0.0, 0.0, 0.0, 0.0, 0.9694127448798053, 0.0, 0.0, 0.0, 0.0, 0.0, 0.0, 0.0, 0.0, 0.0, 0.0, 0.0, 0.0, 0.0], [0.0, 0.0, 0.0, 0.0, 0.0, 0.0, 0.0, 0.9836298100729872, 0.0, 0.0, 0.0, 0.0, 0.0, 0.0, 0.0, 0.0, 0.0, 0.0, 0.0, 0.0], [0.0, 0.0, 0.0, 0.0, 0.0, 0.0, 0.0, 0.9853125644645127, 0.0, 0.0, 0.0, 0.0, 0.0, 0.0, 0.0, 0.0, 0.0, 0.0, 0.0, 0.0], [0.0, 0.0, 0.0, 0.0, 0.0, 0.0, 0.0, 0.9853125626657256, 0.0, 0.0, 0.0, 0.0, 0.0, 0.0, 0.0, 0.0, 0.0, 0.0, 0.0, 0.0]], "Born radii": [], "Atomic SASAs": [], "Solvent H bonds": [], "Total SASA": NaN, "Total FOD": 0.0, "FOD": [0.0, 0.0, 0.0, 0.0, 0.0, 0.0, 0.0, 0.0, 0.0, 0.0, 0.0, 0.0, 0.0, 0.0, 0.0, 0.0, 0.0, 0.0, 0.0, 0.0], "FOD s proportion": [0.0, 0.0, 0.0, 0.0, 0.0, 0.0, 0.0, 0.0, 0.0, 0.0, 0.0, 0.0, 0.0, 0.0, 0.0, 0.0, 0.0, 0.0, 0.0, 0.0], "FOD p proportion": [0.0, 0.0, 0.0, 0.0, 0.0, 0.0, 0.0, 0.0, 0.0, 0.0, 0.0, 0.0, 0.0, 0.0, 0.0, 0.0, 0.0, 0.0, 0.0, 0.0], "FOD d proportion": [0.0, 0.0, 0.0, 0.0, 0.0, 0.0, 0.0, 0.0, 0.0, 0.0, 0.0, 0.0, 0.0, 0.0, 0.0, 0.0, 0.0, 0.0, 0.0, 0.0], "coordinates": [["3.53726599483689", "0.48957762622394", "0.18811497927171"], ["2.32103322561557", "-0.41859011616026", "0.30946451372206"], ["1.02063803150305", "0.36469778553490", "0.16016659688174"], ["-0.19421968457542", "-0.52578407991357", "0.27872935508730"], ["-0.17941098146331", "-1.71319192314807", "0.46788326522632"], ["-1.31898643965361", "0.18642199024636", "0.14407675800977"], ["-2.54758847567161", "-0.53886541024273", "0.23610279165238"], ["-3.69538875496305", "0.43679497424782", "0.05910695312542"], ["3.55426090820494", "0.98005057447670", "-0.78286368961295"], ["4.45292610433753", "-0.08591486331979", "0.29705157258712"], ["3.52116721909584", "1.25711901009347", "0.95900613154016"], ["2.35811993619871", "-1.19483175577759", "-0.45634182595896"], ["2.32514933084515", "-0.91878858525735", "1.27908836683554"], ["0.94500528718914", "1.14007764937372", "0.92594250210230"], ["0.97799648931539", "0.86385839401709", "-0.81058946335406"], ["-2.59146789528402", "-1.03552773234584", "1.21196693212006"], ["-2.55821385895254", "-1.31396230463462", "-0.53850780695608"], ["-4.63991253099330", "-0.09518692779905", "0.12578185587461"], ["-3.66073983677255", "1.19962242753531", "0.83214574579779"], ["-3.62763306881281", "0.92242226684957", "-0.91056853395221"]], "bond_dist": [[0.0, 1.5227332355820868, 2.519879440076959, 3.8682238475887187, 4.3294516659302875, 4.865904891389863, 6.17134117001006, 7.233997775017865, 1.0879577728373322, 1.086964683425884, 1.0879577727000678, 2.1547493978615826, 2.1547494344218134, 2.7726080339598314, 2.7726083493260534, 6.398093330985898, 6.398094372828486, 8.198297606528598, 7.2615581798939655, 7.261558960542613], [1.5227332355820868, 0.0, 1.525404033620537, 2.5177236540306986, 2.8201616216448664, 3.6936615873932572, 4.870659643095187, 6.082079908175321, 2.161070846226766, 2.157728933695217, 2.16107079740454, 1.0910480544290064, 1.0910480591321194, 2.1686270312808813, 2.1686269314642335, 5.032672242488945, 5.032673298039128, 6.970874749089036, 6.2187954200833815, 6.218796148071695], [2.519879440076959, 1.525404033620537, 0.0, 1.5109249983507764, 2.4191801964610287, 2.3464619767078623, 3.6816345773235017, 4.71766040605746, 2.772581839631045, 3.4644466615613427, 2.772581191269131, 2.14501115872347, 2.145011170459776, 1.0924042210992815, 1.0924042029692966, 4.014252691655336, 4.014252916138148, 5.679305321124241, 4.802494547626062, 4.802494616289676], [3.8682238475887187, 2.5177236540306986, 1.5109249983507764, 0.0, 1.2024707420904468, 1.3380841010943578, 2.3537911572650185, 3.637715944709362, 4.176795967409661, 4.66795293622079, 4.176795394187948, 2.739049465335962, 2.7390492747425403, 2.1193899346427645, 2.119389641357581, 2.6225121448959112, 2.622512144764654, 4.469115318451255, 3.9115290211172895, 3.9115289285315686], [4.3294516659302875, 2.8201616216448664, 2.4191801964610287, 1.2024707420904468, 0.0, 2.2387532018932133, 2.6534938460296598, 4.141454024379965, 4.770558549661737, 4.912815992192173, 4.770558429408883, 2.749900441903933, 2.7499004960397007, 3.1008510869076544, 3.1008503524580413, 2.6136005460559506, 2.6136010423203224, 4.757210066059123, 4.553770437242952, 4.553770644736116], [4.865904891389863, 3.6936615873932572, 2.3464619767078623, 1.3380841010943578, 2.2387532018932133, 0.0, 1.429676035710114, 2.3910655497221214, 5.023704274393235, 5.7803583860507795, 5.023702761157133, 3.9735973231083688, 3.9735962656267807, 2.578067434568658, 2.5780687057062535, 2.062222006338733, 2.062221936988694, 3.332894896378755, 2.6426923829678413, 2.642692255512493], [6.17134117001006, 4.870659643095187, 3.6816345773235017, 2.3537911572650185, 2.6534938460296598, 1.429676035710114, 0.0, 1.5168013033557224, 6.370083544357411, 7.01541754543347, 6.370082021425126, 4.9975740532010615, 4.9975728368890335, 3.936107190603641, 3.9361082420418767, 1.0958602494447451, 1.0958602438004474, 2.141691214235192, 2.148653792031054, 2.1486537942067674], [7.233997775017865, 6.082079908175321, 4.71766040605746, 3.637715944709362, 4.141454024379965, 2.3910655497221214, 1.5168013033557224, 0.0, 7.31856963136138, 8.16852974913597, 7.318567495201686, 6.290696360814433, 6.29069473740905, 4.772763063105462, 4.772764886602076, 2.1715113510993427, 2.1715112698633705, 1.0860826166772308, 1.0865980149057908, 1.0865980170075016], [1.0879577728373322, 2.161070846226766, 2.772581839631045, 4.176795967409661, 4.770558549661737, 5.023704274393235, 6.370083544357411, 7.31856963136138, 0.0, 1.7635471138728718, 1.7640783951168217, 2.503494138760547, 3.0607109806761468, 3.1231141768028623, 2.5790323180149977, 6.768447949594587, 6.53334161559416, 8.31421979293887, 7.396803568106093, 7.183260446777043], [1.086964683425884, 2.157728933695217, 3.4644466615613427, 4.66795293622079, 4.912815992192173, 5.7803583860507795, 7.01541754543347, 8.16852974913597, 1.7635471138728718, 0.0, 1.763547119722344, 2.4870687906496523, 2.4870683343578404, 3.768828717491688, 3.7688292259282696, 7.166751114559043, 7.16675265233185, 9.094456208878436, 8.232284428049896, 8.232285626761282], [1.0879577727000678, 2.16107079740454, 2.772581191269131, 4.176795394187948, 4.770558429408883, 5.023702761157133, 6.370082021425126, 7.318567495201686, 1.7640783951168217, 1.763547119722344, 0.0, 3.0607109274328743, 2.503494615507034, 2.57903124896074, 3.123113805553334, 6.533339597311414, 6.768447489274562, 8.314217746158251, 7.183257504336646, 7.396801801873007], [2.1547493978615826, 1.0910480544290064, 2.14501115872347, 2.739049465335962, 2.749900441903933, 3.9735973231083688, 4.9975740532010615, 6.290696360814433, 2.503494138760547, 2.4870687906496523, 3.0607109274328743, 0.0, 1.7575564989129089, 3.059314450185409, 2.503684734565985, 5.225614948092389, 4.918463308946249, 7.107780605823797, 6.604565392608956, 6.365400657899683], [2.1547494344218134, 1.0910480591321194, 2.145011170459776, 2.7390492747425403, 2.7499004960397007, 3.9735962656267807, 4.9975728368890335, 6.29069473740905, 3.0607109806761468, 2.4870683343578404, 2.503494615507034, 1.7575564989129089, 0.0, 2.5036852348330987, 3.059314378278883, 4.918460964949433, 5.2256151946866, 7.107779001743753, 6.365398027823887, 6.604564561177465], [2.7726080339598314, 2.1686270312808813, 1.0924042210992815, 2.1193899346427645, 3.1008510869076544, 2.578067434568658, 3.936107190603641, 4.772763063105462, 3.1231141768028623, 3.768828717491688, 2.57903124896074, 3.059314450185409, 2.5036852348330987, 0.0, 1.7586724434923164, 4.161936006462129, 4.52100333880258, 5.775590244402821, 4.607084930734015, 4.932460662374507], [2.7726083493260534, 2.1686269314642335, 1.0924042029692966, 2.119389641357581, 3.1008503524580413, 2.5780687057062535, 3.9361082420418767, 4.772764886602076, 2.5790323180149977, 3.7688292259282696, 3.123113805553334, 2.503684734565985, 3.059314378278883, 1.7586724434923164, 0.0, 4.52100409453662, 4.161936454394911, 5.775591825712514, 4.932462990896073, 4.607086841862541], [6.398093330985898, 5.032672242488945, 4.014252691655336, 2.6225121448959112, 2.6136005460559506, 2.062222006338733, 1.0958602494447451, 2.1715113510993427, 6.768447949594587, 7.166751114559043, 6.533339597311414, 5.225614948092389, 4.918460964949433, 4.161936006462129, 4.52100409453662, 0.0, 1.7727925581188713, 2.5020320289956643, 2.5066916155862966, 3.0679575080039623], [6.398094372828486, 5.032673298039128, 4.014252916138148, 2.622512144764654, 2.6136010423203224, 2.062221936988694, 1.0958602438004474, 2.1715112698633705, 6.53334161559416, 7.16675265233185, 6.768447489274562, 4.918463308946249, 5.2256151946866, 4.52100333880258, 4.161936454394911, 1.7727925581188713, 0.0, 2.5020318815915714, 3.0679574474302203, 2.506691561114685], [8.198297606528598, 6.970874749089036, 5.679305321124241, 4.469115318451255, 4.757210066059123, 3.332894896378755, 2.141691214235192, 1.0860826166772308, 8.31421979293887, 9.094456208878436, 8.314217746158251, 7.107780605823797, 7.107779001743753, 5.775590244402821, 5.775591825712514, 2.5020320289956643, 2.5020318815915714, 0.0, 1.7703842455117786, 1.7703842275280348], [7.2615581798939655, 6.2187954200833815, 4.802494547626062, 3.9115290211172895, 4.553770437242952, 2.6426923829678413, 2.148653792031054, 1.0865980149057908, 7.396803568106093, 8.232284428049896, 7.183257504336646, 6.604565392608956, 6.365398027823887, 4.607084930734015, 4.932462990896073, 2.5066916155862966, 3.0679574474302203, 1.7703842455117786, 0.0, 1.7649331568117534], [7.261558960542613, 6.218796148071695, 4.802494616289676, 3.9115289285315686, 4.553770644736116, 2.642692255512493, 2.1486537942067674, 1.0865980170075016, 7.183260446777043, 8.232285626761282, 7.396801801873007, 6.365400657899683, 6.604564561177465, 4.932460662374507, 4.607086841862541, 3.0679575080039623, 2.506691561114685, 1.7703842275280348, 1.7649331568117534, 0.0]]}