{"total energy": -28.54991007, "HOMO-LUMO gap/eV": 4.58364935, "electronic energy": -29.05663677, "dipole": [0.00128051, 0.07005518, -0.00088596], "partial charges": [-0.09674102, -0.05686235, 0.00869482, -0.03971362, -0.03971362, 0.00869483, -0.0568624, -0.09674107, -0.03971362, -0.03971362, 0.03407597, 0.0350291, 0.03502909, 0.03371893, 0.03371892, 0.02638187, 0.02638188, 0.03371895, 0.03371896, 0.03502912, 0.03407598, 0.03502913, 0.02638188, 0.02638188], "atomic dipole moments": [[-0.03187958, -0.0934312, -0.00056455], [-0.03632558, 0.09578757, -0.00341523], [0.08983717, -0.00188424, 0.0052253], [0.00126945, 0.00017048, -0.00792262], [-0.00033669, 0.00019869, -0.00801595], [-0.08984838, 0.00126834, -0.00521751], [0.03980309, 0.09445176, 0.00100942], [0.02844443, -0.09448941, 0.00294105], [-0.00125873, 0.00041698, 0.00791518], [0.00034742, 0.00038877, 0.00800854], [0.12380945, 0.00042708, 0.00715977], [-0.03462226, 0.06007073, -0.10377268], [-0.04626577, 0.06282796, 0.09740682], [0.04867299, -0.06024085, -0.09758642], [0.03699669, -0.05747585, 0.10415806], [0.06372154, 0.00013168, 0.13149046], [-0.07847655, 0.00262646, 0.12322631], [-0.03912036, -0.05870025, -0.10268889], [-0.05079667, -0.05593575, 0.09905564], [0.04848569, 0.05861282, -0.09894261], [-0.12371445, 0.00476974, -0.00722549], [0.03684216, 0.06136958, 0.10223694], [-0.06373492, -0.00086398, -0.1314812], [0.07846318, -0.00335876, -0.12321705]], "atomic quadrupole moments": [[-0.07387655, 0.12102783, 0.20182614, 0.00147381, 0.00248424, -0.12794959], [0.10572311, 0.09775274, 0.07743449, 0.01542972, 0.00207413, -0.1831576], [-0.0736982, 0.01029674, 0.42013197, 0.01570442, -0.00992336, -0.34643377], [-0.24348071, 0.01326005, 0.49194143, 0.00447607, -0.00862436, -0.24846073], [-0.24247001, 0.01352809, 0.49193173, -0.00410601, -0.00845709, -0.24946172], [-0.07377603, 0.00816825, 0.4202067, 0.01572907, -0.01004751, -0.34643067], [0.09856021, -0.09810985, 0.08430949, 0.01769933, -0.00935516, -0.1828697], [-0.08234625, -0.11056831, 0.2099554, 0.00415746, -0.01103031, -0.12760914], [-0.24346272, 0.01375118, 0.49188176, 0.00443968, -0.01027276, -0.24841904], [-0.24248095, 0.01322967, 0.49189978, -0.00413324, -0.01015159, -0.24941883], [0.08315429, -0.00804815, -0.02817484, 0.00813288, -0.00083976, -0.05497945], [-0.03846528, -0.00883763, -0.01143482, 0.03810467, -0.04201786, 0.0499001], [-0.02860101, -0.01488085, -0.00912584, -0.04676176, 0.04213475, 0.03772685], [-0.01208913, -0.00520647, -0.0162817, -0.02515996, 0.03805597, 0.02837084], [-0.01731873, -0.00023955, -0.01834081, 0.01980798, -0.03701465, 0.03565955], [0.03734298, -0.00200817, -0.07291783, -0.00020559, 0.00154185, 0.03557484], [0.03726414, -0.00203935, -0.07291671, 0.00046086, 0.00152828, 0.03565257], [-0.01728306, 0.00075352, -0.0164894, 0.02115948, 0.03758429, 0.03377246], [-0.01173901, 0.00435043, -0.0185034, -0.02663372, -0.03592756, 0.03024241], [-0.02753281, 0.01430916, -0.01225018, -0.0486173, -0.03914013, 0.03978299], [0.08360095, 0.00416484, -0.02860354, 0.00799136, -0.00012701, -0.05499741], [-0.03774712, 0.0108192, -0.01002502, 0.03939418, 0.04210736, 0.04777214], [0.03734218, -0.00203026, -0.07292538, -0.00021136, 0.00121132, 0.0355832], [0.03726633, -0.00197943, -0.07292714, 0.00045415, 0.00120254, 0.03566081]], "number of molecular orbitals": 54, "number of electrons": 54, "number of unpaired electrons": 0, "orbital energies/eV": [-17.35494828, -16.98242198, -16.68984699, -16.45641307, -16.23819493, -15.70631954, -15.42374714, -15.27287484, -14.95825718, -14.07452764, -13.91400662, -13.60910484, -13.42236851, -13.28641809, -13.082197, -12.87281415, -12.76481413, -12.72980625, -12.59716416, -12.12686632, -11.94566405, -11.9237949, -11.67630232, -11.20817546, -11.16251662, -10.73940102, -10.37872323, -5.79507388, -5.76657251, -2.35410531, 2.79148617, 2.85999541, 3.67762858, 3.71950477, 3.7703524, 4.14882502, 4.31546904, 4.74376379, 5.02925545, 5.08464998, 5.2902751, 5.38780177, 5.39558203, 5.60411573, 7.06129901, 7.10659129, 7.26933704, 7.63400011, 10.94147219, 11.66162919, 12.58425581, 13.12118176, 17.6294951, 18.08224475], "fractional occupation": [2.0, 2.0, 2.0, 2.0, 2.0, 2.0, 2.0, 2.0, 2.0, 2.0, 2.0, 2.0, 2.0, 2.0, 2.0, 2.0, 2.0, 2.0, 2.0, 2.0, 2.0, 2.0, 2.0, 2.0, 2.0, 2.0, 2.0, 0.0, 0.0, 0.0, 0.0, 0.0, 0.0, 0.0, 0.0, 0.0, 0.0, 0.0, 0.0, 0.0, 0.0, 0.0, 0.0, 0.0, 0.0, 0.0, 0.0, 0.0, 0.0, 0.0, 0.0, 0.0, 0.0, 0.0], "program call": "xtb /tmp/scratch/tmpo_fsomrb/4436_0_xyzopt.xyz --pop --wbo --acc 0.2 --gfn 2 --chrg 0 --uhf 0 --etemp 300 --input /tmp/scratch/tmpo_fsomrb/4436_0_xtb.inp", "method": "GFN2-xTB", "xtb version": "6.3.3 (7355c4f)", "Dipole module/D": 0.178, "Total charge": 0, "Transition dipole module/D": NaN, "HOMO": -10.3787, "LUMO": -5.7951, "HOMO occupancy": 2.0, "LUMO occupancy": 0, "mulliken charges": [-0.08051, -0.04229, 0.00376, -0.03975, -0.03975, 0.00376, -0.04229, -0.08051, -0.03975, -0.03975, 0.02938, 0.02917, 0.02917, 0.02815, 0.02815, 0.02725, 0.02725, 0.02815, 0.02815, 0.02917, 0.02938, 0.02917, 0.02725, 0.02725], "cm5 charges": [-0.23184, -0.1491, -0.01266, -0.09404, -0.09404, -0.01266, -0.1491, -0.23184, -0.09404, -0.09404, 0.08094, 0.0818, 0.0818, 0.08392, 0.08392, 0.08466, 0.08466, 0.08392, 0.08392, 0.0818, 0.08094, 0.0818, 0.08466, 0.08466], "FUKUI+": [0.014, 0.017, -0.083, -0.048, -0.048, -0.083, 0.017, 0.014, -0.048, -0.048, -0.045, -0.019, -0.019, -0.046, -0.046, -0.089, -0.089, -0.046, -0.046, -0.019, -0.045, -0.019, -0.089, -0.089], "FUKUI-": [0.002, 0.003, -0.07, -0.029, -0.029, -0.07, 0.003, 0.002, -0.029, -0.029, -0.058, -0.034, -0.034, -0.059, -0.059, -0.065, -0.065, -0.059, -0.059, -0.034, -0.058, -0.034, -0.065, -0.065], "FUKUIrad": [0.008, 0.01, -0.077, -0.039, -0.039, -0.077, 0.01, 0.008, -0.039, -0.039, -0.052, -0.026, -0.026, -0.052, -0.052, -0.077, -0.077, -0.052, -0.052, -0.026, -0.052, -0.026, -0.077, -0.077], "s proportion": [1.006, 1.025, 1.083, 1.057, 1.057, 1.083, 1.025, 1.006, 1.057, 1.057, 0.971, 0.971, 0.971, 0.972, 0.972, 0.973, 0.973, 0.972, 0.972, 0.971, 0.971, 0.971, 0.973, 0.973], "p proportion": [3.075, 3.017, 2.913, 2.983, 2.983, 2.913, 3.017, 3.075, 2.983, 2.983, 0.0, 0.0, 0.0, 0.0, 0.0, 0.0, 0.0, 0.0, 0.0, 0.0, 0.0, 0.0, 0.0, 0.0], "d proportion": [0.0, 0.0, 0.0, 0.0, 0.0, 0.0, 0.0, 0.0, 0.0, 0.0, 0.0, 0.0, 0.0, 0.0, 0.0, 0.0, 0.0, 0.0, 0.0, 0.0, 0.0, 0.0, 0.0, 0.0], "Fermi-level/eV": -8.0869, "Coordination numbers": [3.753, 3.806, 2.971, 2.924, 2.924, 2.971, 3.806, 3.753, 2.924, 2.924, 0.925, 0.925, 0.925, 0.924, 0.924, 0.925, 0.925, 0.924, 0.924, 0.925, 0.925, 0.925, 0.925, 0.925], "Dispersion coefficient C6": [22.405, 21.592, 27.821, 28.987, 28.987, 27.821, 21.592, 22.405, 28.987, 28.987, 2.529, 2.516, 2.516, 2.534, 2.534, 2.638, 2.638, 2.534, 2.534, 2.516, 2.529, 2.516, 2.638, 2.638], "Total dispersion C6": 5349.815494, "Total dispersion C8": 123082.365144, "Polarizability alpha": [6.75, 6.615, 8.652, 8.829, 8.829, 8.652, 6.615, 6.75, 8.829, 8.829, 2.487, 2.481, 2.481, 2.49, 2.49, 2.54, 2.54, 2.49, 2.49, 2.481, 2.487, 2.481, 2.54, 2.54], "Total polarizability alpha": 114.364042, "Wiberg matrix": [[0.0, 1.0016315475765307, 0.0, 0.0, 0.0, 0.0, 0.0, 0.0, 0.0, 0.0, 0.9865954989518225, 0.988473724642259, 0.9884737332635547, 0.0, 0.0, 0.0, 0.0, 0.0, 0.0, 0.0, 0.0, 0.0, 0.0, 0.0], [1.0016315475765307, 0.0, 1.0116321976133629, 0.0, 0.0, 0.0, 0.0, 0.0, 0.0, 0.0, 0.0, 0.0, 0.0, 0.9746330729437988, 0.9746331096195482, 0.0, 0.0, 0.0, 0.0, 0.0, 0.0, 0.0, 0.0, 0.0], [0.0, 1.0116321976133629, 0.0, 1.4106555095506672, 0.0, 0.10651811436221839, 0.0, 0.0, 0.0, 1.4106554626737604, 0.0, 0.0, 0.0, 0.0, 0.0, 0.0, 0.0, 0.0, 0.0, 0.0, 0.0, 0.0, 0.0, 0.0], [0.0, 0.0, 1.4106555095506672, 0.0, 1.4497010845447953, 0.0, 0.0, 0.0, 0.10878036029073532, 0.0, 0.0, 0.0, 0.0, 0.0, 0.0, 0.9694275018929337, 0.0, 0.0, 0.0, 0.0, 0.0, 0.0, 0.0, 0.0], [0.0, 0.0, 0.0, 1.4497010845447953, 0.0, 1.4106554948340082, 0.0, 0.0, 0.0, 0.10878037917505659, 0.0, 0.0, 0.0, 0.0, 0.0, 0.0, 0.9694275047695735, 0.0, 0.0, 0.0, 0.0, 0.0, 0.0, 0.0], [0.0, 0.0, 0.10651811436221839, 0.0, 1.4106554948340082, 0.0, 1.0116322259942814, 0.0, 1.4106554680816539, 0.0, 0.0, 0.0, 0.0, 0.0, 0.0, 0.0, 0.0, 0.0, 0.0, 0.0, 0.0, 0.0, 0.0, 0.0], [0.0, 0.0, 0.0, 0.0, 0.0, 1.0116322259942814, 0.0, 1.00163146920148, 0.0, 0.0, 0.0, 0.0, 0.0, 0.0, 0.0, 0.0, 0.0, 0.9746331254132334, 0.9746331024864148, 0.0, 0.0, 0.0, 0.0, 0.0], [0.0, 0.0, 0.0, 0.0, 0.0, 0.0, 1.00163146920148, 0.0, 0.0, 0.0, 0.0, 0.0, 0.0, 0.0, 0.0, 0.0, 0.0, 0.0, 0.0, 0.9884737503245602, 0.9865955146704253, 0.9884737441673583, 0.0, 0.0], [0.0, 0.0, 0.0, 0.10878036029073532, 0.0, 1.4106554680816539, 0.0, 0.0, 0.0, 1.4497011251886436, 0.0, 0.0, 0.0, 0.0, 0.0, 0.0, 0.0, 0.0, 0.0, 0.0, 0.0, 0.0, 0.9694275029193915, 0.0], [0.0, 0.0, 1.4106554626737604, 0.0, 0.10878037917505659, 0.0, 0.0, 0.0, 1.4497011251886436, 0.0, 0.0, 0.0, 0.0, 0.0, 0.0, 0.0, 0.0, 0.0, 0.0, 0.0, 0.0, 0.0, 0.0, 0.9694275047567937], [0.9865954989518225, 0.0, 0.0, 0.0, 0.0, 0.0, 0.0, 0.0, 0.0, 0.0, 0.0, 0.0, 0.0, 0.0, 0.0, 0.0, 0.0, 0.0, 0.0, 0.0, 0.0, 0.0, 0.0, 0.0], [0.988473724642259, 0.0, 0.0, 0.0, 0.0, 0.0, 0.0, 0.0, 0.0, 0.0, 0.0, 0.0, 0.0, 0.0, 0.0, 0.0, 0.0, 0.0, 0.0, 0.0, 0.0, 0.0, 0.0, 0.0], [0.9884737332635547, 0.0, 0.0, 0.0, 0.0, 0.0, 0.0, 0.0, 0.0, 0.0, 0.0, 0.0, 0.0, 0.0, 0.0, 0.0, 0.0, 0.0, 0.0, 0.0, 0.0, 0.0, 0.0, 0.0], [0.0, 0.9746330729437988, 0.0, 0.0, 0.0, 0.0, 0.0, 0.0, 0.0, 0.0, 0.0, 0.0, 0.0, 0.0, 0.0, 0.0, 0.0, 0.0, 0.0, 0.0, 0.0, 0.0, 0.0, 0.0], [0.0, 0.9746331096195482, 0.0, 0.0, 0.0, 0.0, 0.0, 0.0, 0.0, 0.0, 0.0, 0.0, 0.0, 0.0, 0.0, 0.0, 0.0, 0.0, 0.0, 0.0, 0.0, 0.0, 0.0, 0.0], [0.0, 0.0, 0.0, 0.9694275018929337, 0.0, 0.0, 0.0, 0.0, 0.0, 0.0, 0.0, 0.0, 0.0, 0.0, 0.0, 0.0, 0.0, 0.0, 0.0, 0.0, 0.0, 0.0, 0.0, 0.0], [0.0, 0.0, 0.0, 0.0, 0.9694275047695735, 0.0, 0.0, 0.0, 0.0, 0.0, 0.0, 0.0, 0.0, 0.0, 0.0, 0.0, 0.0, 0.0, 0.0, 0.0, 0.0, 0.0, 0.0, 0.0], [0.0, 0.0, 0.0, 0.0, 0.0, 0.0, 0.9746331254132334, 0.0, 0.0, 0.0, 0.0, 0.0, 0.0, 0.0, 0.0, 0.0, 0.0, 0.0, 0.0, 0.0, 0.0, 0.0, 0.0, 0.0], [0.0, 0.0, 0.0, 0.0, 0.0, 0.0, 0.9746331024864148, 0.0, 0.0, 0.0, 0.0, 0.0, 0.0, 0.0, 0.0, 0.0, 0.0, 0.0, 0.0, 0.0, 0.0, 0.0, 0.0, 0.0], [0.0, 0.0, 0.0, 0.0, 0.0, 0.0, 0.0, 0.9884737503245602, 0.0, 0.0, 0.0, 0.0, 0.0, 0.0, 0.0, 0.0, 0.0, 0.0, 0.0, 0.0, 0.0, 0.0, 0.0, 0.0], [0.0, 0.0, 0.0, 0.0, 0.0, 0.0, 0.0, 0.9865955146704253, 0.0, 0.0, 0.0, 0.0, 0.0, 0.0, 0.0, 0.0, 0.0, 0.0, 0.0, 0.0, 0.0, 0.0, 0.0, 0.0], [0.0, 0.0, 0.0, 0.0, 0.0, 0.0, 0.0, 0.9884737441673583, 0.0, 0.0, 0.0, 0.0, 0.0, 0.0, 0.0, 0.0, 0.0, 0.0, 0.0, 0.0, 0.0, 0.0, 0.0, 0.0], [0.0, 0.0, 0.0, 0.0, 0.0, 0.0, 0.0, 0.0, 0.9694275029193915, 0.0, 0.0, 0.0, 0.0, 0.0, 0.0, 0.0, 0.0, 0.0, 0.0, 0.0, 0.0, 0.0, 0.0, 0.0], [0.0, 0.0, 0.0, 0.0, 0.0, 0.0, 0.0, 0.0, 0.0, 0.9694275047567937, 0.0, 0.0, 0.0, 0.0, 0.0, 0.0, 0.0, 0.0, 0.0, 0.0, 0.0, 0.0, 0.0, 0.0]], "Born radii": [], "Atomic SASAs": [], "Solvent H bonds": [], "Total SASA": NaN, "Total FOD": 0.0, "FOD": [0.0, 0.0, 0.0, 0.0, 0.0, 0.0, 0.0, 0.0, 0.0, 0.0, 0.0, 0.0, 0.0, 0.0, 0.0, 0.0, 0.0, 0.0, 0.0, 0.0, 0.0, 0.0, 0.0, 0.0], "FOD s proportion": [0.0, 0.0, 0.0, 0.0, 0.0, 0.0, 0.0, 0.0, 0.0, 0.0, 0.0, 0.0, 0.0, 0.0, 0.0, 0.0, 0.0, 0.0, 0.0, 0.0, 0.0, 0.0, 0.0, 0.0], "FOD p proportion": [0.0, 0.0, 0.0, 0.0, 0.0, 0.0, 0.0, 0.0, 0.0, 0.0, 0.0, 0.0, 0.0, 0.0, 0.0, 0.0, 0.0, 0.0, 0.0, 0.0, 0.0, 0.0, 0.0, 0.0], "FOD d proportion": [0.0, 0.0, 0.0, 0.0, 0.0, 0.0, 0.0, 0.0, 0.0, 0.0, 0.0, 0.0, 0.0, 0.0, 0.0, 0.0, 0.0, 0.0, 0.0, 0.0, 0.0, 0.0, 0.0, 0.0], "coordinates": [["3.42154589221628", "0.91145813385276", "0.18553493896798"], ["2.89024621305671", "-0.52304159909403", "0.17444561783639"], ["1.39053642746382", "-0.53039373217435", "0.08774820050238"], ["0.61189206892478", "-0.49696242831716", "1.23687541899211"], ["-0.76801196759722", "-0.47275246786235", "1.15667936230322"], ["-1.40902936568177", "-0.48127627151671", "-0.07495455024597"], ["-2.90750883370761", "-0.42132222242394", "-0.16250313639957"], ["-3.38604042811090", "1.03089501779819", "-0.21009855356231"], ["-0.63021452453000", "-0.50537977236615", "-1.22419974985016"], ["0.74968949897037", "-0.52958975881350", "-1.14400366634052"], ["4.50751316243896", "0.91599849818684", "0.24832440939361"], ["3.12339944986335", "1.43192487291778", "-0.72196035386101"], ["3.02153800305184", "1.45604609823608", "1.03802672706799"], ["3.31293454339535", "-1.05634193975979", "-0.67992609027290"], ["3.21072199096949", "-1.03213750725479", "1.08611567211340"], ["1.09251839668370", "-0.49583517062064", "2.20539053060235"], ["-1.35723055173294", "-0.45285530633371", "2.06301814333625"], ["-3.24679481709805", "-0.94125153813167", "-1.06115990679663"], ["-3.34900744810695", "-0.91705156461304", "0.70488192377387"], ["-2.96679371168704", "1.53877717504352", "-1.07590011451056"], ["-4.47114537367884", "1.07352591535236", "-0.27348459268617"], ["-3.06865525837914", "1.56289431246751", "0.68408701128084"], ["-1.11092616525674", "-0.51117442012936", "-2.19265582359505"], ["1.33882279853244", "-0.55415432444374", "-2.05028341804952"]], "bond_dist": [[0.0, 1.5297685465267725, 2.492689009022119, 3.3140790412446326, 4.51791495510935, 5.034085936901317, 6.477219133526526, 6.820118953388135, 4.51791368001514, 3.314077325303769, 1.0877904414451882, 1.0878072596133281, 1.0878072490670907, 2.1524535646412772, 2.152453574500952, 3.388902496505182, 5.312532225502481, 7.032321734862495, 7.032322627850099, 6.541836933796541, 7.90768868348883, 6.541837221974095, 5.312530248249278, 3.388899391905037], [1.5297685465267725, 0.0, 1.5022316522548347, 2.514027607568248, 3.78816116893286, 4.306705851154017, 5.808428778667468, 6.477219097048837, 3.7881611118805347, 2.514027533572858, 2.166067141846776, 2.1632840785755523, 2.1632840729005527, 1.0922571554246137, 1.092257138131986, 2.7124348342774027, 4.648945167152686, 6.274144815942369, 6.274144784425128, 6.333985932083097, 7.545843584049781, 6.333985295478228, 4.648945091624754, 2.7124346804903308], [2.492689009022119, 1.5022316522548347, 0.0, 1.38848768573445, 2.409412276436096, 2.8047198327450515, 4.306705863294895, 5.0340859852519175, 2.4094122794995974, 1.3884877001988973, 3.4399679023629544, 2.740280369834373, 2.7402807552262467, 2.1357808525026067, 2.1357808665210496, 2.138788928126839, 3.3849559711329853, 4.795167885228127, 4.795167823991723, 4.962043085853017, 6.087886406992501, 4.962042453080404, 3.3849559816717707, 2.1387889253243064], [3.3140790412446326, 2.514027607568248, 1.38848768573445, 0.0, 1.3824444580898647, 2.409412245457084, 3.7881610968235444, 4.517913932751927, 2.7567717765307824, 2.3850865588898085, 4.260229498822555, 3.723615599170168, 3.1080824691318383, 3.3589676855600317, 2.6576414035963816, 1.081214344643251, 2.135860747891198, 4.5130725294456875, 4.018484409004286, 4.722304344005465, 5.530360806076669, 4.2538233913480745, 3.8379668045230706, 3.367062877133625], [4.51791495510935, 3.78816116893286, 2.409412276436096, 1.3824444580898647, 0.0, 1.3884876860876552, 2.514027520757434, 3.3140776473237037, 2.3850865860599937, 2.756771774658434, 5.530361955950192, 4.722305133679247, 4.253825494361272, 4.5130722003668735, 4.018484138294092, 2.1358607543782546, 1.0812143279351405, 3.358968117946943, 2.6576418651215614, 3.7236143439837828, 4.260228022041267, 3.1080799371850216, 3.3670629012343505, 3.8379668144207937], [5.034085936901317, 4.306705851154017, 2.8047198327450515, 2.409412245457084, 1.3884876860876552, 0.0, 1.5022316595768834, 2.4926890401387434, 1.3884876896698544, 2.409412240004259, 6.087886460411117, 4.962042532764177, 4.9620431776520295, 4.7951678016166746, 4.795167855202744, 3.3849559608195703, 2.1387889346290465, 2.1357809123610974, 2.1357808858998077, 2.7402805891488646, 3.4399677999184908, 2.740280199589631, 2.138788933143807, 3.384955961745028], [6.477219133526526, 5.808428778667468, 4.306705863294895, 3.7881610968235444, 2.514027520757434, 1.5022316595768834, 0.0, 1.529768846386744, 2.5140275935891134, 3.788161136257647, 7.545843702694541, 6.333985467255751, 6.333986119102449, 6.274144751465683, 6.274144775599649, 4.64894508910879, 2.712434709536832, 1.0922570498000919, 1.0922570438481307, 2.1632841663386766, 2.166067189120865, 2.163284148157747, 2.7124348167905477, 4.648945158858708], [6.820118953388135, 6.477219097048837, 5.0340859852519175, 4.517913932751927, 3.3140776473237037, 2.4926890401387434, 1.529768846386744, 0.0, 3.3140787374554668, 4.51791473220398, 7.907688733762013, 6.541837278033113, 6.541837013320336, 7.032322639079822, 7.0323217312678405, 5.312530633426372, 3.3889001249032544, 2.1524536708652713, 2.152453623993304, 1.0878071694104543, 1.0877903871050192, 1.087807161158712, 3.3889019444935684, 5.312531812922714], [4.51791368001514, 3.7881611118805347, 2.4094122794995974, 2.7567717765307824, 2.3850865860599937, 1.3884876896698544, 2.5140275935891134, 3.3140787374554668, 0.0, 1.3824444471032373, 5.530360691040341, 4.25382317078217, 4.722304162317118, 4.018484502681238, 4.513072609245838, 3.837966819688557, 3.3670629041683853, 2.6576415510881026, 3.3589678071300346, 3.1080818369760683, 4.260229133358256, 3.7236150801602856, 1.081214329467688, 2.1358607546862647], [3.314077325303769, 2.514027533572858, 1.3884877001988973, 2.3850865588898085, 2.756771774658434, 2.409412240004259, 3.788161136257647, 4.51791473220398, 1.3824444471032373, 0.0, 4.260227877118697, 3.108079654557285, 3.7236141072963953, 2.6576420026989505, 3.358968209120914, 3.367062890984661, 3.8379668007938106, 4.018484216421365, 4.513072261804259, 4.253825022487803, 5.530361659947962, 4.722304712759371, 2.135860744894367, 1.0812143408664265], [1.0877904414451882, 2.166067141846776, 3.4399679023629544, 4.260229498822555, 5.530361955950192, 6.087886460411117, 7.545843702694541, 7.907688733762013, 5.530360691040341, 4.260227877118697, 0.0, 1.7673152846300297, 1.7673152902566107, 2.485717978847715, 2.4857182941735076, 4.181575224876056, 6.289840452593363, 8.08043433939443, 8.080435223464168, 7.616212124059031, 8.995188081969792, 7.616212390705685, 6.289838433188429, 4.181572179047675], [1.0878072596133281, 2.1632840785755523, 2.740280369834373, 3.723615599170168, 4.722305133679247, 4.962042532764177, 6.333985467255751, 6.541837278033113, 4.25382317078217, 3.108079654557285, 1.7673152846300297, 0.0, 1.7630973067004476, 2.4958289528868303, 3.0575100253752825, 4.050940611561191, 5.602191246749361, 6.806349800994742, 7.03175797665241, 6.101405044220009, 7.616212404990869, 6.35103642699255, 4.885498279827622, 2.982225103093792], [1.0878072490670907, 2.1632840729005527, 2.7402807552262467, 3.1080824691318383, 4.253825494361272, 4.9620431776520295, 6.333986119102449, 6.541837013320336, 4.722304162317118, 3.7236141072963953, 1.7673152902566107, 1.7630973067004476, 0.0, 3.0575100130332205, 2.4958286765228, 2.9822299340038527, 4.88550161520433, 7.031757733689248, 6.806351983453529, 6.35103517927302, 7.61621216984486, 6.1014050697257645, 5.602189430338014, 4.05093763853489], [2.1524535646412772, 1.0922571554246137, 2.1357808525026067, 3.3589676855600317, 4.5130722003668735, 4.7951678016166746, 6.274144751465683, 7.032322639079822, 4.018484502681238, 2.6576420026989505, 2.485717978847715, 2.4958289528868303, 3.0575100130332205, 0.0, 1.7691627304798183, 3.683675841537579, 5.449622115446929, 6.571806015573444, 6.805774470441869, 6.806351857314504, 8.080435132256078, 7.0317578658756545, 4.707026921538974, 2.4550333578127983], [2.152453574500952, 1.092257138131986, 2.1357808665210496, 2.6576414035963816, 4.018484138294092, 4.795167855202744, 6.274144775599649, 7.0323217312678405, 4.513072609245838, 3.358968209120914, 2.4857182941735076, 3.0575100253752825, 2.4958286765228, 1.7691627304798183, 0.0, 2.4550321529401495, 4.707026315941613, 6.805775194468418, 6.571806011969073, 7.031757591231103, 8.080434241883154, 6.806349669914059, 5.4496227250545575, 3.6836766636706124], [3.388902496505182, 2.7124348342774027, 2.138788928126839, 1.081214344643251, 2.1358607543782546, 3.3849559608195703, 4.64894508910879, 5.312530633426372, 3.837966819688557, 3.367062890984661, 4.181575224876056, 4.050940611561191, 2.9822299340038527, 3.683675841537579, 2.4550321529401495, 0.0, 2.454258966706326, 5.449622617009281, 4.707026785527952, 5.602189794000183, 6.289838681927363, 4.885498712519066, 4.9191681170488, 4.263194546265383], [5.312532225502481, 4.648945167152686, 3.3849559711329853, 2.135860747891198, 1.0812143279351405, 2.1387889346290465, 2.712434709536832, 3.3889001249032544, 3.3670629041683853, 3.8379668007938106, 6.289840452593363, 5.602191246749361, 4.88550161520433, 5.449622115446929, 4.707026315941613, 2.454258966706326, 0.0, 3.68367648974653, 2.455033067397873, 4.05093832786952, 4.181572693101303, 2.9822260342180487, 4.263194563076862, 4.919168109898852], [7.032321734862495, 6.274144815942369, 4.795167885228127, 4.5130725294456875, 3.358968117946943, 2.1357809123610974, 1.0922570498000919, 2.1524536708652713, 2.6576415510881026, 4.018484216421365, 8.08043433939443, 6.806349800994742, 7.031757733689248, 6.571806015573444, 6.805775194468418, 5.449622617009281, 3.68367648974653, 0.0, 1.7691627420847598, 2.495828582040086, 2.4857181805116793, 3.0575099261511096, 2.4550324305554674, 4.707026501958414], [7.032322627850099, 6.274144784425128, 4.795167823991723, 4.018484409004286, 2.6576418651215614, 2.1357808858998077, 1.0922570438481307, 2.152453623993304, 3.3589678071300346, 4.513072261804259, 8.080435223464168, 7.03175797665241, 6.806351983453529, 6.805774470441869, 6.571806011969073, 4.707026785527952, 2.455033067397873, 1.7691627420847598, 0.0, 3.0575099029615007, 2.485717857738955, 2.4958287865796387, 3.6836760284376835, 5.449622270305935], [6.541836933796541, 6.333985932083097, 4.962043085853017, 4.722304344005465, 3.7236143439837828, 2.7402805891488646, 2.1632841663386766, 1.0878071694104543, 3.1080818369760683, 4.253825022487803, 7.616212124059031, 6.101405044220009, 6.35103517927302, 6.806351857314504, 7.031757591231103, 5.602189794000183, 4.05093832786952, 2.495828582040086, 3.0575099029615007, 0.0, 1.7673152880135479, 1.7630973013318092, 2.9822288990313703, 4.885500856292634], [7.90768868348883, 7.545843584049781, 6.087886406992501, 5.530360806076669, 4.260228022041267, 3.4399677999184908, 2.166067189120865, 1.0877903871050192, 4.260229133358256, 5.530361659947962, 8.995188081969792, 7.616212404990869, 7.61621216984486, 8.080435132256078, 8.080434241883154, 6.289838681927363, 4.181572693101303, 2.4857181805116793, 2.485717857738955, 1.7673152880135479, 0.0, 1.767315288320782, 4.181574643058883, 6.2898399972450285], [6.541837221974095, 6.333985295478228, 4.962042453080404, 4.2538233913480745, 3.1080799371850216, 2.740280199589631, 2.163284148157747, 1.087807161158712, 3.7236150801602856, 4.722304712759371, 7.616212390705685, 6.35103642699255, 6.1014050697257645, 7.0317578658756545, 6.806349669914059, 4.885498712519066, 2.9822260342180487, 3.0575099261511096, 2.4958287865796387, 1.7630973013318092, 1.767315288320782, 0.0, 4.050939847443259, 5.602190589225], [5.312530248249278, 4.648945091624754, 3.3849559816717707, 3.8379668045230706, 3.3670629012343505, 2.138788933143807, 2.7124348167905477, 3.3889019444935684, 1.081214329467688, 2.135860744894367, 6.289838433188429, 4.885498279827622, 5.602189430338014, 4.707026921538974, 5.4496227250545575, 4.9191681170488, 4.263194563076862, 2.4550324305554674, 3.6836760284376835, 2.9822288990313703, 4.181574643058883, 4.050939847443259, 0.0, 2.454258983811988], [3.388899391905037, 2.7124346804903308, 2.1387889253243064, 3.367062877133625, 3.8379668144207937, 3.384955961745028, 4.648945158858708, 5.312531812922714, 2.1358607546862647, 1.0812143408664265, 4.181572179047675, 2.982225103093792, 4.05093763853489, 2.4550333578127983, 3.6836766636706124, 4.263194546265383, 4.919168109898852, 4.707026501958414, 5.449622270305935, 4.885500856292634, 6.2898399972450285, 5.602190589225, 2.454258983811988, 0.0]]}