{"total energy": -26.43327365, "HOMO-LUMO gap/eV": 3.89290759, "electronic energy": -26.98588649, "dipole": [-0.32124302, -0.03696688, 0.00309519], "partial charges": [-0.10275033, -0.02316811, 0.0335965, -0.03053964, -0.03723933, 0.01327363, -0.05717229, -0.0968118, -0.03723911, -0.0305404, 0.0730562, 0.03098136, 0.02810862, 0.0352203, 0.03522065, 0.03555609, 0.03567797, 0.03567865, 0.02810936, 0.03098167], "atomic dipole moments": [[0.31684863, 0.06517172, 0.02076988], [-0.36704179, -0.07506382, -0.02367877], [-0.00672326, -0.00178994, -0.00078198], [0.00532766, -0.00276805, 0.00450635], [-0.00428337, -0.00659328, 0.00715591], [-0.08571254, -0.01796429, -0.00588311], [0.01894978, 0.07869178, 0.06322214], [0.04906964, -0.06435623, -0.05848409], [-0.00579397, 0.00528606, -0.00717876], [0.00442002, 0.00442053, -0.00416658], [0.20488606, 0.0418452, 0.01314823], [0.06323425, 0.09799857, -0.09427582], [-0.08047445, 0.06646529, -0.1037798], [-0.0396815, 0.01219731, -0.11786907], [-0.02333284, -0.11680549, 0.03780192], [-0.12204361, -0.02341219, -0.00658827], [0.02032125, 0.11804155, -0.03584236], [0.03658971, -0.01036015, 0.11910094], [-0.05977227, -0.09685841, 0.09332652], [0.08412885, -0.0668156, 0.10463205]], "atomic quadrupole moments": [[-1.04920815, -0.33248481, 0.49753619, -0.10853642, -0.00167256, 0.55167196], [-0.93280738, -0.28980838, 0.43167423, -0.08514611, -0.06300228, 0.50113315], [-0.16557311, -0.09197668, 0.13647416, -0.08619895, 0.33858549, 0.02909895], [-0.22198414, -0.12788332, 0.16331656, -0.08572512, 0.36390634, 0.05866757], [-0.21407143, -0.11570014, 0.16184147, -0.09344436, 0.35536703, 0.05222996], [-0.06017454, -0.06327812, 0.09244945, -0.08294809, 0.37395461, -0.03227491], [0.14032423, -0.04863394, -0.05589099, -0.07452322, 0.11251988, -0.08443324], [-0.02247863, -0.12058614, 0.02407085, -0.11107065, 0.13916396, -0.00159222], [-0.2156492, -0.1095352, 0.16280163, -0.10093092, 0.35453313, 0.05284757], [-0.22781443, -0.10550442, 0.17316599, -0.1136914, 0.35962257, 0.05464844], [-0.02756323, -0.00841464, 0.01300703, -0.00251474, -0.00056736, 0.0145562], [0.0312036, 0.01398106, -0.02363699, 0.01587196, -0.04806615, -0.00756661], [0.0330047, 0.0175389, -0.02370568, 0.01323905, -0.0501956, -0.00929902], [-0.0131915, -0.00710125, -0.03731793, 0.01860245, -0.01474684, 0.05050944], [-0.01807885, 0.00697946, 0.04457795, -0.00869684, -0.03225368, -0.0264991], [0.0755586, 0.02787982, -0.03252671, 0.00937635, 0.01584502, -0.04303188], [-0.04207057, 0.01971667, 0.06442122, -0.01932865, -0.03661519, -0.02235066], [-0.03101497, -0.01754941, -0.03614281, 0.03802811, -0.01302438, 0.06715778], [0.03335123, 0.01624391, -0.02477525, 0.01492101, -0.04984903, -0.00857598], [0.03020229, 0.01781206, -0.02195657, 0.01108429, -0.04880101, -0.00824572]], "number of molecular orbitals": 50, "number of electrons": 50, "number of unpaired electrons": 0, "orbital energies/eV": [-17.55395268, -17.09092068, -16.70188726, -16.6604439, -16.33809036, -15.78918992, -15.5911457, -15.23656312, -14.6102618, -13.95184871, -13.92655525, -13.4452284, -13.31400218, -13.18973902, -13.04407012, -12.94429013, -12.74460495, -12.35826235, -11.99486205, -11.68711916, -11.52461473, -11.49722875, -11.01025851, -10.96421929, -10.35242724, -6.45951965, -5.99538199, -4.1074302, -3.73275303, -1.57564216, 1.90428954, 2.73825081, 3.53331629, 3.7966393, 3.95469561, 4.61549713, 4.89298975, 5.08421065, 5.2019674, 5.71656873, 6.9404998, 7.36719762, 8.01520887, 11.30728754, 11.48316243, 12.62216941, 12.72845944, 17.27451958, 18.05427587, 39.40839317], "fractional occupation": [2.0, 2.0, 2.0, 2.0, 2.0, 2.0, 2.0, 2.0, 2.0, 2.0, 2.0, 2.0, 2.0, 2.0, 2.0, 2.0, 2.0, 2.0, 2.0, 2.0, 2.0, 2.0, 2.0, 2.0, 2.0, 0.0, 0.0, 0.0, 0.0, 0.0, 0.0, 0.0, 0.0, 0.0, 0.0, 0.0, 0.0, 0.0, 0.0, 0.0, 0.0, 0.0, 0.0, 0.0, 0.0, 0.0, 0.0, 0.0, 0.0, 0.0], "program call": "xtb /tmp/scratch/tmpp1v_mrq4/445913_b31cd3_xyzopt.xyz --pop --wbo --acc 0.2 --gfn 2 --chrg 0 --uhf 0 --etemp 300 --input /tmp/scratch/tmpp1v_mrq4/445913_b31cd3_xtb.inp", "method": "GFN2-xTB", "xtb version": "6.3.3 (7355c4f)", "Dipole module/D": 0.822, "Total charge": 0, "Transition dipole module/D": NaN, "HOMO": -10.3524, "LUMO": -6.4595, "HOMO occupancy": 2.0, "LUMO occupancy": 0, "mulliken charges": [-0.09147, -0.0235, 0.02336, -0.02865, -0.03936, 0.0085, -0.04251, -0.08031, -0.03936, -0.02865, 0.06082, 0.03439, 0.03067, 0.02985, 0.02985, 0.03105, 0.03014, 0.03014, 0.03067, 0.03439], "cm5 charges": [-0.14459, -0.02821, 0.01588, -0.08148, -0.09354, -0.00789, -0.14938, -0.23165, -0.09354, -0.08148, 0.11651, 0.09187, 0.0881, 0.08565, 0.08565, 0.08262, 0.08276, 0.08276, 0.08811, 0.09187], "FUKUI+": [-0.104, -0.056, -0.082, -0.035, -0.026, -0.093, 0.017, 0.012, -0.026, -0.035, -0.1, -0.074, -0.077, -0.044, -0.044, -0.043, -0.018, -0.018, -0.077, -0.074], "FUKUI-": [-0.101, -0.063, -0.064, -0.03, -0.028, -0.067, 0.004, 0.003, -0.028, -0.03, -0.092, -0.064, -0.066, -0.057, -0.057, -0.058, -0.034, -0.034, -0.066, -0.064], "FUKUIrad": [-0.102, -0.06, -0.073, -0.033, -0.027, -0.08, 0.01, 0.008, -0.027, -0.033, -0.096, -0.069, -0.071, -0.051, -0.051, -0.051, -0.026, -0.026, -0.071, -0.069], "s proportion": [1.09, 1.104, 1.063, 1.058, 1.057, 1.085, 1.025, 1.006, 1.057, 1.058, 0.939, 0.966, 0.969, 0.97, 0.97, 0.969, 0.97, 0.97, 0.969, 0.966], "p proportion": [3.002, 2.919, 2.914, 2.97, 2.982, 2.906, 3.017, 3.074, 2.982, 2.97, 0.0, 0.0, 0.0, 0.0, 0.0, 0.0, 0.0, 0.0, 0.0, 0.0], "d proportion": [0.0, 0.0, 0.0, 0.0, 0.0, 0.0, 0.0, 0.0, 0.0, 0.0, 0.0, 0.0, 0.0, 0.0, 0.0, 0.0, 0.0, 0.0, 0.0, 0.0], "Fermi-level/eV": -8.406, "Coordination numbers": [1.909, 1.981, 2.973, 2.926, 2.924, 2.97, 3.806, 3.754, 2.924, 2.926, 0.928, 0.926, 0.926, 0.924, 0.924, 0.925, 0.925, 0.925, 0.926, 0.926], "Dispersion coefficient C6": [33.95, 31.672, 27.245, 28.762, 28.926, 27.714, 21.597, 22.406, 28.926, 28.762, 2.052, 2.572, 2.613, 2.514, 2.514, 2.509, 2.507, 2.507, 2.613, 2.572], "Total dispersion C6": 4697.511883, "Total dispersion C8": 114642.690635, "Polarizability alpha": [9.41, 9.088, 8.562, 8.795, 8.82, 8.635, 6.616, 6.75, 8.82, 8.795, 2.24, 2.508, 2.528, 2.479, 2.479, 2.477, 2.476, 2.476, 2.528, 2.508], "Total polarizability alpha": 108.990812, "Wiberg matrix": [[0.0, 2.8295009973237844, 0.0, 0.0, 0.0, 0.0, 0.0, 0.0, 0.0, 0.0, 0.9719027567931036, 0.0, 0.0, 0.0, 0.0, 0.0, 0.0, 0.0, 0.0, 0.0], [2.8295009973237844, 0.0, 1.107850747041176, 0.0, 0.0, 0.0, 0.0, 0.0, 0.0, 0.0, 0.0, 0.0, 0.0, 0.0, 0.0, 0.0, 0.0, 0.0, 0.0, 0.0], [0.0, 1.107850747041176, 0.0, 1.3634172642947848, 0.0, 0.0, 0.0, 0.0, 0.0, 1.3634013980117883, 0.0, 0.0, 0.0, 0.0, 0.0, 0.0, 0.0, 0.0, 0.0, 0.0], [0.0, 0.0, 1.3634172642947848, 0.0, 1.4608084432021238, 0.0, 0.0, 0.0, 0.10407986480995658, 0.0, 0.0, 0.9708927957419125, 0.0, 0.0, 0.0, 0.0, 0.0, 0.0, 0.0, 0.0], [0.0, 0.0, 0.0, 1.4608084432021238, 0.0, 1.403633605443942, 0.0, 0.0, 0.0, 0.10408021942448002, 0.0, 0.0, 0.9686910932531922, 0.0, 0.0, 0.0, 0.0, 0.0, 0.0, 0.0], [0.0, 0.0, 0.0, 0.0, 1.403633605443942, 0.0, 1.0129792165597111, 0.0, 1.403620427353666, 0.0, 0.0, 0.0, 0.0, 0.0, 0.0, 0.0, 0.0, 0.0, 0.0, 0.0], [0.0, 0.0, 0.0, 0.0, 0.0, 1.0129792165597111, 0.0, 1.0004246030669117, 0.0, 0.0, 0.0, 0.0, 0.0, 0.9742406758640838, 0.9742396185063054, 0.0, 0.0, 0.0, 0.0, 0.0], [0.0, 0.0, 0.0, 0.0, 0.0, 0.0, 1.0004246030669117, 0.0, 0.0, 0.0, 0.0, 0.0, 0.0, 0.0, 0.0, 0.9863441048779635, 0.9884126354044002, 0.9884127237346505, 0.0, 0.0], [0.0, 0.0, 0.0, 0.10407986480995658, 0.0, 1.403620427353666, 0.0, 0.0, 0.0, 1.460822736619799, 0.0, 0.0, 0.0, 0.0, 0.0, 0.0, 0.0, 0.0, 0.9686911592530434, 0.0], [0.0, 0.0, 1.3634013980117883, 0.0, 0.10408021942448002, 0.0, 0.0, 0.0, 1.460822736619799, 0.0, 0.0, 0.0, 0.0, 0.0, 0.0, 0.0, 0.0, 0.0, 0.0, 0.9708928479310562], [0.9719027567931036, 0.0, 0.0, 0.0, 0.0, 0.0, 0.0, 0.0, 0.0, 0.0, 0.0, 0.0, 0.0, 0.0, 0.0, 0.0, 0.0, 0.0, 0.0, 0.0], [0.0, 0.0, 0.0, 0.9708927957419125, 0.0, 0.0, 0.0, 0.0, 0.0, 0.0, 0.0, 0.0, 0.0, 0.0, 0.0, 0.0, 0.0, 0.0, 0.0, 0.0], [0.0, 0.0, 0.0, 0.0, 0.9686910932531922, 0.0, 0.0, 0.0, 0.0, 0.0, 0.0, 0.0, 0.0, 0.0, 0.0, 0.0, 0.0, 0.0, 0.0, 0.0], [0.0, 0.0, 0.0, 0.0, 0.0, 0.0, 0.9742406758640838, 0.0, 0.0, 0.0, 0.0, 0.0, 0.0, 0.0, 0.0, 0.0, 0.0, 0.0, 0.0, 0.0], [0.0, 0.0, 0.0, 0.0, 0.0, 0.0, 0.9742396185063054, 0.0, 0.0, 0.0, 0.0, 0.0, 0.0, 0.0, 0.0, 0.0, 0.0, 0.0, 0.0, 0.0], [0.0, 0.0, 0.0, 0.0, 0.0, 0.0, 0.0, 0.9863441048779635, 0.0, 0.0, 0.0, 0.0, 0.0, 0.0, 0.0, 0.0, 0.0, 0.0, 0.0, 0.0], [0.0, 0.0, 0.0, 0.0, 0.0, 0.0, 0.0, 0.9884126354044002, 0.0, 0.0, 0.0, 0.0, 0.0, 0.0, 0.0, 0.0, 0.0, 0.0, 0.0, 0.0], [0.0, 0.0, 0.0, 0.0, 0.0, 0.0, 0.0, 0.9884127237346505, 0.0, 0.0, 0.0, 0.0, 0.0, 0.0, 0.0, 0.0, 0.0, 0.0, 0.0, 0.0], [0.0, 0.0, 0.0, 0.0, 0.0, 0.0, 0.0, 0.0, 0.9686911592530434, 0.0, 0.0, 0.0, 0.0, 0.0, 0.0, 0.0, 0.0, 0.0, 0.0, 0.0], [0.0, 0.0, 0.0, 0.0, 0.0, 0.0, 0.0, 0.0, 0.0, 0.9708928479310562, 0.0, 0.0, 0.0, 0.0, 0.0, 0.0, 0.0, 0.0, 0.0, 0.0]], "Born radii": [], "Atomic SASAs": [], "Solvent H bonds": [], "Total SASA": NaN, "Total FOD": 0.0, "FOD": [0.0, 0.0, 0.0, 0.0, 0.0, 0.0, 0.0, 0.0, 0.0, 0.0, 0.0, 0.0, 0.0, 0.0, 0.0, 0.0, 0.0, 0.0, 0.0, 0.0], "FOD s proportion": [0.0, 0.0, 0.0, 0.0, 0.0, 0.0, 0.0, 0.0, 0.0, 0.0, 0.0, 0.0, 0.0, 0.0, 0.0, 0.0, 0.0, 0.0, 0.0, 0.0], "FOD p proportion": [0.0, 0.0, 0.0, 0.0, 0.0, 0.0, 0.0, 0.0, 0.0, 0.0, 0.0, 0.0, 0.0, 0.0, 0.0, 0.0, 0.0, 0.0, 0.0, 0.0], "FOD d proportion": [0.0, 0.0, 0.0, 0.0, 0.0, 0.0, 0.0, 0.0, 0.0, 0.0, 0.0, 0.0, 0.0, 0.0, 0.0, 0.0, 0.0, 0.0, 0.0, 0.0], "coordinates": [["4.54156267409641", "0.71617362961721", "0.11661866302142"], ["3.36787960454668", "0.47542124069816", "0.04026933550483"], ["1.98531853930510", "0.18648341329863", "-0.05401829996195"], ["1.20069435320878", "0.80581026635372", "-1.02618621513304"], ["-0.14541375544423", "0.51309240402778", "-1.11761101115134"], ["-0.73996809844042", "-0.39803880975153", "-0.25213507188609"], ["-2.21250642267197", "-0.68120902435980", "-0.33212452436084"], ["-2.99346057250025", "0.29048416197774", "0.55510197792047"], ["0.04735013613929", "-1.00781636743751", "0.71792385099385"], ["1.39465948067809", "-0.72461170946945", "0.82082649216450"], ["5.56718179305323", "0.92631946312889", "0.18303121315409"], ["1.65539251586947", "1.51232722134059", "-1.70554806924652"], ["-0.74620143389681", "0.99562487664654", "-1.87596392760557"], ["-2.55370510579410", "-0.57905482683976", "-1.36445484433317"], ["-2.41107235831619", "-1.70445118898793", "-0.00638408802448"], ["-4.06019308376947", "0.08591633484427", "0.49757820190567"], ["-2.81861869516008", "1.31631281601587", "0.23805901617961"], ["-2.67652977652573", "0.19485010340695", "1.59135146118009"], ["-0.40232512652393", "-1.71749018489405", "1.39838973188960"], ["1.99995533214614", "-1.20614281961643", "1.57527510778891"]], "bond_dist": [[0.0, 1.2005510736033433, 2.6161178824844233, 3.5320587273840163, 4.851011536150478, 5.4103619082558385, 6.911692852968762, 7.559765503443616, 4.850943802535571, 3.531964151672535, 1.0490312079853523, 3.5048723691509482, 5.657643293962367, 7.363017068902932, 7.362994505168598, 8.633223994885123, 7.385606582453249, 7.385626152918487, 5.657533315869346, 3.5046750256637886], [1.2005510736033433, 0.0, 1.415574203433437, 2.4378630526295915, 3.699369709433681, 4.20985101258104, 5.711145153967884, 6.384818182289436, 3.6993412109607497, 2.437815869490676, 2.2495822450114673, 2.656250073376173, 4.568175186262553, 6.17659576791079, 6.17659340904913, 7.4523224120995595, 6.246517478683331, 6.246555906230754, 4.568128199356536, 2.6561470638708395], [2.6161178824844233, 1.415574203433437, 0.0, 1.394385642356711, 2.403731058169374, 2.794298434747338, 4.295575357250391, 5.016979680325868, 2.4037404565297185, 1.394390855026201, 3.665145866244362, 2.1434233280190824, 3.381626404823493, 4.786024277488299, 4.786037569112769, 6.071456433416217, 4.943646082652945, 4.943697135970075, 3.3816337513951984, 2.1434129487451252], [3.5320587273840163, 2.4378630526295915, 1.394385642356711, 0.0, 1.3805974360518853, 2.4113437170263508, 3.787200488226714, 4.511869776954016, 2.7679169735759213, 2.4065057314860625, 4.532432218765117, 1.0804856110265566, 2.132734149570723, 4.0159422667174685, 4.515115472621826, 5.524223193881022, 4.244267456098462, 4.717800627392197, 3.849062891477672, 3.384431170411882], [4.851011536150478, 3.699369709433681, 2.403731058169374, 1.3805974360518853, 0.0, 1.3902170898624633, 2.513208510586774, 3.3104220041229016, 2.391549631341328, 2.7679011903334967, 5.8733444219398985, 2.1417384133489628, 1.0811487259422967, 2.655858557988647, 3.3593948512157263, 4.256384942359117, 3.103067660067862, 3.721062234171836, 3.372204305431957, 3.848378090285358], [5.4103619082558385, 4.20985101258104, 2.794298434747338, 2.4113437170263508, 1.3902170898624633, 0.0, 1.5016500255649339, 2.4907677265902572, 1.3902204811533239, 2.411333920943636, 6.459367947744642, 3.3911148883861104, 2.1398966044934986, 2.1353369772622526, 2.1353445384916236, 3.43804836034684, 2.7386274014529413, 2.7386549607373323, 2.1399034641144135, 3.3911119800172878], [6.911692852968762, 5.711145153967884, 4.295575357250391, 3.787200488226714, 2.513208510586774, 1.5016500255649339, 0.0, 1.530113688213768, 2.513210220721612, 3.787192323327771, 7.960721198853516, 4.653873192687755, 2.710214448098546, 1.0920429986815594, 1.0920438590714787, 2.1658333103694014, 2.1639257980674262, 2.163921702654184, 2.7102240792392838, 4.653876113728513], [7.559765503443616, 6.384818182289436, 5.016979680325868, 4.511869776954016, 3.3104220041229016, 2.4907677265902572, 1.530113688213768, 0.0, 3.310381396879813, 4.511831861539749, 8.592282635894428, 5.311805167239662, 3.38488973240362, 2.1527148713734006, 2.1527214610356253, 1.0876926180239743, 1.0878466569820089, 1.087843736090618, 3.384830588535325, 5.311765048805978], [4.850943802535571, 3.6993412109607497, 2.4037404565297185, 2.7679169735759213, 2.391549631341328, 1.3902204811533239, 2.513210220721612, 3.310381396879813, 0.0, 1.3805927356524343, 5.87328979923222, 3.848394490077805, 3.3722032442857355, 3.3594085582192568, 2.6558921714494113, 4.25637342493949, 3.72097084952979, 3.1030314547147455, 1.0811468836831577, 2.1417403228764442], [3.531964151672535, 2.437815869490676, 1.394390855026201, 2.4065057314860625, 2.7679011903334967, 2.411333920943636, 3.787192323327771, 4.511831861539749, 1.3805927356524343, 0.0, 4.5323613053080045, 3.3844417442701533, 3.8490489651250352, 4.5151106557241345, 4.0159628459355075, 5.524206881321011, 4.717701117788991, 4.244255025465154, 2.132730794395821, 1.080485072299198], [1.0490312079853523, 2.2495822450114673, 3.665145866244362, 4.532432218765117, 5.8733444219398985, 6.459367947744642, 7.960721198853516, 8.592282635894428, 5.87328979923222, 4.5323613053080045, 0.0, 4.383176034302861, 6.641014380375098, 8.402955960546638, 8.402938276829309, 9.669103590563095, 8.395044532491797, 8.395069611838965, 6.640921520912723, 4.3830175761540175], [3.5048723691509482, 2.656250073376173, 2.1434233280190824, 1.0804856110265566, 2.1417384133489628, 3.3911148883861104, 4.653873192687755, 5.311805167239662, 3.848394490077805, 3.3844417442701533, 4.383176034302861, 0.0, 2.462453324907212, 4.712401325038726, 5.456276949461401, 6.289382491990465, 4.881885544134721, 5.600968060733467, 4.929538745841748, 4.274646607254713], [5.657643293962367, 4.568175186262553, 3.381626404823493, 2.132734149570723, 1.0811487259422967, 2.1398966044934986, 2.710214448098546, 3.38488973240362, 3.3722032442857355, 3.8490489651250352, 6.641014380375098, 2.462453324907212, 0.0, 2.4511889430976264, 3.682055775209986, 4.176579045943998, 2.977725149520865, 4.048417438101373, 4.266220357574164, 4.929524201322196], [7.363017068902932, 6.17659576791079, 4.786024277488299, 4.0159422667174685, 2.655858557988647, 2.1353369772622526, 1.0920429986815594, 2.1527148713734006, 3.3594085582192568, 4.5151106557241345, 8.402955960546638, 4.712401325038726, 2.4511889430976264, 0.0, 1.7695245835337494, 2.4857312282186146, 2.496126676382921, 3.057908706373106, 3.6820892210858083, 5.4562876506055344], [7.362994505168598, 6.17659340904913, 4.786037569112769, 4.515115472621826, 3.3593948512157263, 2.1353445384916236, 1.0920438590714787, 2.1527214610356253, 2.6558921714494113, 4.0159628459355075, 8.402938276829309, 5.456276949461401, 3.682055775209986, 1.7695245835337494, 0.0, 2.4857580387447684, 3.0579178572673276, 2.4961113607704615, 2.451249669406057, 4.712443350185993], [8.633223994885123, 7.4523224120995595, 6.071456433416217, 5.524223193881022, 4.256384942359117, 3.43804836034684, 2.1658333103694014, 1.0876926180239743, 4.25637342493949, 5.524206881321011, 9.669103590563095, 6.289382491990465, 4.176579045943998, 2.4857312282186146, 2.4857580387447684, 0.0, 1.7671255391426366, 1.7671249691093558, 4.176569702594502, 6.289375668736961], [7.385606582453249, 6.246517478683331, 4.943646082652945, 4.244267456098462, 3.103067660067862, 2.7386274014529413, 2.1639257980674262, 1.0878466569820089, 3.72097084952979, 4.717701117788991, 8.395044532491797, 4.881885544134721, 2.977725149520865, 2.496126676382921, 3.0579178572673276, 1.7671255391426366, 0.0, 1.7633117473283655, 4.048308613233743, 5.6008557351553065], [7.385626152918487, 6.246555906230754, 4.943697135970075, 4.717800627392197, 3.721062234171836, 2.7386549607373323, 2.163921702654184, 1.087843736090618, 3.1030314547147455, 4.244255025465154, 8.395069611838965, 5.600968060733467, 4.048417438101373, 3.057908706373106, 2.4961113607704615, 1.7671249691093558, 1.7633117473283655, 0.0, 2.9776310042246235, 4.881859542339344], [5.657533315869346, 4.568128199356536, 3.3816337513951984, 3.849062891477672, 3.372204305431957, 2.1399034641144135, 2.7102240792392838, 3.384830588535325, 1.0811468836831577, 2.132730794395821, 6.640921520912723, 4.929538745841748, 4.266220357574164, 3.6820892210858083, 2.451249669406057, 4.176569702594502, 4.048308613233743, 2.9776310042246235, 0.0, 2.4624613634109034], [3.5046750256637886, 2.6561470638708395, 2.1434129487451252, 3.384431170411882, 3.848378090285358, 3.3911119800172878, 4.653876113728513, 5.311765048805978, 2.1417403228764442, 1.080485072299198, 4.3830175761540175, 4.274646607254713, 4.929524201322196, 5.4562876506055344, 4.712443350185993, 6.289375668736961, 5.6008557351553065, 4.881859542339344, 2.4624613634109034, 0.0]]}