{"total energy": -30.28005561, "HOMO-LUMO gap/eV": 5.10949206, "electronic energy": -30.64474681, "dipole": [0.36744348, -0.01983923, 0.86056768], "partial charges": [-0.10973554, -0.06167206, 0.08153615, -0.27534397, 0.35611792, -0.41051073, -0.09099649, -0.05239657, -0.1058469, 0.04172639, 0.04172639, 0.0467522, 0.05033048, 0.05033048, 0.04914657, 0.04914653, 0.06576869, 0.0657687, 0.04732317, 0.04732316, 0.04037997, 0.03656273, 0.03656273], "atomic dipole moments": [[-0.10176471, 0.00864813, 0.05400611], [-0.01342722, -0.00039241, -0.1350169], [-0.16363091, 0.01496825, 0.18533872], [0.01316964, -0.00363986, -0.24065375], [0.14786991, -0.01114302, 0.05346939], [0.0081916, 0.00144295, 0.19394569], [0.00690855, -0.00167787, -0.10478291], [0.03288168, -0.00121863, 0.12861548], [0.08355044, -0.0073391, -0.06648416], [0.0182464, 0.09881122, -0.07359603], [0.00233032, -0.10200664, -0.07142954], [0.09405373, -0.00658573, 0.0805154], [-0.01679013, -0.09907621, 0.0741511], [-0.00084956, 0.1020508, 0.07198128], [0.00460358, 0.10046446, -0.07517739], [-0.01140526, -0.10152395, -0.07299824], [0.00044126, -0.10341786, 0.07839921], [0.01685778, 0.10371418, 0.07616479], [0.00491138, 0.09910065, -0.07657794], [-0.0108889, -0.10025588, -0.07442735], [-0.10576952, 0.00768312, -0.06486884], [-0.00757711, -0.09885291, 0.07361178], [0.00821237, 0.10036756, 0.07146268]], "atomic quadrupole moments": [[0.1674576, -0.02552596, -0.13089862, -0.15826366, 0.01358457, -0.03655898], [0.24462015, -0.03980032, -0.26133397, 0.05087472, -0.00099855, 0.01671381], [0.40524151, -0.06588054, -0.39449228, -0.19152716, 0.01937826, -0.01074922], [0.06451137, -0.01223916, -0.08355656, -0.03923706, 0.00422758, 0.01904519], [-0.11485236, 0.04718215, 0.45918564, 0.12731496, -0.01880097, -0.34433328], [-0.1087484, 0.02426388, 0.19363262, 0.01319256, -0.00407123, -0.08488422], [0.21717742, -0.03802004, -0.2565535, -0.02140074, 0.00492152, 0.03937608], [0.24811386, -0.04005092, -0.25391519, -0.00072793, 0.00289399, 0.00580133], [0.10719872, -0.02063172, -0.12765164, -0.17386323, 0.01539688, 0.02045292], [-0.03638402, 6.78e-05, 0.04334448, -0.01426007, -0.05948354, -0.00696046], [-0.03444315, 0.01233718, 0.04397902, -0.00493204, 0.05987403, -0.00953587], [0.02969426, -0.00616086, -0.05545296, 0.05776003, -0.00369687, 0.0257587], [-0.02147705, 0.00742905, 0.03142977, -0.00351583, -0.04135216, -0.00995272], [-0.0224652, 0.00130434, 0.03418307, 0.00303523, 0.04044103, -0.01171787], [-0.00429812, 0.00574639, 0.02269483, -0.0119243, -0.03157869, -0.01839671], [-0.0054392, -0.00135265, 0.02521081, -0.00679625, 0.03213016, -0.01977161], [-0.01363637, 0.00979363, 0.02885448, 0.00863803, -0.05382028, -0.01521811], [-0.01557103, -0.00224547, 0.03304592, 0.01705988, 0.05075626, -0.01747489], [-0.01528664, -0.00012896, 0.03161379, -0.00266657, -0.04135443, -0.01632715], [-0.01406984, 0.0075689, 0.03215672, 0.003715, 0.04020567, -0.01808688], [0.04617114, -0.0074556, -0.05473722, 0.05430122, -0.00361487, 0.00856608], [-0.04099695, -0.0089023, 0.04550912, -0.00927619, -0.05906806, -0.00451217], [-0.03608103, 0.02201642, 0.04313449, -0.00027529, 0.05873281, -0.00705346]], "number of molecular orbitals": 50, "number of electrons": 54, "number of unpaired electrons": 0, "orbital energies/eV": [-20.12748652, -19.36200595, -18.34936894, -17.35130442, -16.98891289, -16.48990674, -16.40888309, -15.92988594, -15.72868119, -15.35236738, -15.21360361, -14.94176625, -14.50121292, -13.95388448, -13.8129458, -13.40827191, -13.36998612, -13.0871342, -12.91149734, -12.76819349, -12.49802711, -12.30119784, -12.29556914, -12.08111491, -11.83771214, -11.69058314, -11.1954958, -6.08600374, -0.13676258, 2.53022424, 2.97719659, 3.1139142, 3.36129224, 3.58835937, 3.67066328, 3.91391135, 4.09237786, 4.2871222, 4.64555451, 5.03273842, 5.475501, 5.70270073, 6.0090835, 6.32238603, 6.79331043, 7.01345018, 7.85380146, 7.93640621, 8.11763362, 17.95743576], "fractional occupation": [2.0, 2.0, 2.0, 2.0, 2.0, 2.0, 2.0, 2.0, 2.0, 2.0, 2.0, 2.0, 2.0, 2.0, 2.0, 2.0, 2.0, 2.0, 2.0, 2.0, 2.0, 2.0, 2.0, 2.0, 2.0, 2.0, 2.0, 0.0, 0.0, 0.0, 0.0, 0.0, 0.0, 0.0, 0.0, 0.0, 0.0, 0.0, 0.0, 0.0, 0.0, 0.0, 0.0, 0.0, 0.0, 0.0, 0.0, 0.0, 0.0, 0.0], "program call": "xtb /tmp/scratch/tmph4bgacyd/4467_0_xyzopt.xyz --pop --wbo --acc 0.2 --gfn 2 --chrg 0 --uhf 0 --etemp 300 --input /tmp/scratch/tmph4bgacyd/4467_0_xtb.inp", "method": "GFN2-xTB", "xtb version": "6.3.3 (7355c4f)", "Dipole module/D": 2.379, "Total charge": 0, "Transition dipole module/D": NaN, "HOMO": -11.1955, "LUMO": -6.086, "HOMO occupancy": 2.0, "LUMO occupancy": 0, "mulliken charges": [-0.09015, -0.05212, 0.19958, -0.42311, 0.58109, -0.53198, -0.08388, -0.03369, -0.08851, 0.03211, 0.03211, 0.03681, 0.03709, 0.03709, 0.03816, 0.03816, 0.05297, 0.05297, 0.03713, 0.03713, 0.03427, 0.02839, 0.02839], "cm5 charges": [-0.2427, -0.16219, 0.11886, -0.50902, 0.6335, -0.58412, -0.18357, -0.14503, -0.24101, 0.08442, 0.08442, 0.08856, 0.09454, 0.09454, 0.10402, 0.10402, 0.1122, 0.1122, 0.09463, 0.09463, 0.08596, 0.08057, 0.08057], "FUKUI+": [0.013, 0.004, 0.027, -0.12, -0.189, -0.28, 0.029, 0.013, 0.018, -0.016, -0.016, -0.031, -0.022, -0.022, -0.038, -0.038, -0.098, -0.098, -0.024, -0.024, -0.04, -0.024, -0.024], "FUKUI-": [0.016, 0.004, 0.016, -0.051, -0.008, -0.1, 0.001, 0.005, 0.015, -0.062, -0.062, -0.05, -0.074, -0.074, -0.056, -0.056, -0.055, -0.055, -0.075, -0.075, -0.06, -0.07, -0.07], "FUKUIrad": [0.014, 0.004, 0.021, -0.085, -0.099, -0.19, 0.015, 0.009, 0.016, -0.039, -0.039, -0.04, -0.048, -0.048, -0.047, -0.047, -0.076, -0.076, -0.05, -0.05, -0.05, -0.047, -0.047], "s proportion": [1.006, 1.029, 0.998, 1.688, 0.979, 1.721, 1.039, 1.024, 1.006, 0.968, 0.968, 0.963, 0.963, 0.963, 0.962, 0.962, 0.947, 0.947, 0.963, 0.963, 0.966, 0.972, 0.972], "p proportion": [3.084, 3.023, 2.802, 4.735, 2.44, 4.811, 3.045, 3.01, 3.083, 0.0, 0.0, 0.0, 0.0, 0.0, 0.0, 0.0, 0.0, 0.0, 0.0, 0.0, 0.0, 0.0, 0.0], "d proportion": [0.0, 0.0, 0.0, 0.0, 0.0, 0.0, 0.0, 0.0, 0.0, 0.0, 0.0, 0.0, 0.0, 0.0, 0.0, 0.0, 0.0, 0.0, 0.0, 0.0, 0.0, 0.0, 0.0], "Fermi-level/eV": -8.6407, "Coordination numbers": [3.753, 3.8, 3.704, 1.704, 2.719, 0.856, 3.804, 3.802, 3.753, 0.925, 0.925, 0.925, 0.924, 0.924, 0.924, 0.924, 0.924, 0.924, 0.924, 0.924, 0.925, 0.925, 0.925], "Dispersion coefficient C6": [22.657, 21.686, 19.365, 18.568, 20.955, 21.892, 22.232, 21.514, 22.582, 2.426, 2.426, 2.361, 2.316, 2.316, 2.331, 2.331, 2.133, 2.133, 2.354, 2.354, 2.444, 2.495, 2.495], "Total dispersion C6": 3943.38833, "Total dispersion C8": 83603.494519, "Polarizability alpha": [6.788, 6.63, 6.291, 5.818, 7.494, 6.273, 6.713, 6.604, 6.777, 2.436, 2.436, 2.403, 2.38, 2.38, 2.387, 2.387, 2.284, 2.284, 2.399, 2.399, 2.445, 2.47, 2.47], "Total polarizability alpha": 92.946168, "Wiberg matrix": [[0.0, 1.0189805523627262, 0.0, 0.0, 0.0, 0.0, 0.0, 0.0, 0.9845275347622429, 0.9867794890071458, 0.9858918707540619, 0.0, 0.0, 0.0, 0.0, 0.0, 0.0, 0.0, 0.0, 0.0, 0.0, 0.0, 0.0], [1.0189805523627262, 0.0, 0.9695788912004217, 0.0, 0.0, 0.0, 0.0, 0.0, 0.0, 0.0, 0.0, 0.9799134865573672, 0.9770370471130051, 0.0, 0.0, 0.0, 0.0, 0.0, 0.0, 0.0, 0.0, 0.0, 0.0], [0.0, 0.9695788912004217, 0.0, 1.030854057855085, 0.0, 0.9294157251488161, 0.0, 0.0, 0.0, 0.0, 0.0, 0.0, 0.0, 0.9295011278673514, 0.0, 0.0, 0.0, 0.0, 0.0, 0.0, 0.0, 0.0, 0.0], [0.0, 0.0, 1.030854057855085, 0.0, 2.8696196177783326, 0.0, 0.0, 0.0, 0.0, 0.0, 0.0, 0.0, 0.0, 0.0, 0.0, 0.0, 0.0, 0.0, 0.0, 0.0, 0.0, 0.0, 0.0], [0.0, 0.0, 0.0, 2.8696196177783326, 0.0, 0.0, 0.0, 0.0, 0.0, 0.0, 0.0, 0.0, 0.0, 0.0, 0.0, 0.0, 0.0, 0.0, 0.0, 0.0, 0.0, 0.0, 0.0], [0.0, 0.0, 0.9294157251488161, 0.0, 0.0, 0.0, 1.7314697655787439, 1.1132042149426202, 0.0, 0.0, 0.0, 0.0, 0.0, 0.0, 0.0, 0.0, 0.0, 0.0, 0.0, 0.0, 0.0, 0.0, 0.0], [0.0, 0.0, 0.0, 0.0, 0.0, 1.7314697655787439, 0.0, 0.13455929076896395, 0.0, 0.0, 0.0, 0.0, 0.0, 0.0, 0.0, 0.0, 0.0, 0.0, 0.0, 0.0, 0.0, 0.0, 0.0], [0.0, 0.0, 0.0, 0.0, 0.0, 1.1132042149426202, 0.13455929076896395, 0.0, 0.0, 0.0, 0.0, 0.0, 0.0, 0.0, 0.8319620430324907, 0.0, 0.0, 0.0, 0.0, 0.0, 0.0, 0.0, 0.0], [0.9845275347622429, 0.0, 0.0, 0.0, 0.0, 0.0, 0.0, 0.0, 0.0, 0.0, 0.0, 0.0, 0.0, 0.0, 0.0, 0.0, 0.0, 0.0, 0.0, 0.0, 0.0, 0.0, 0.0], [0.9867794890071458, 0.0, 0.0, 0.0, 0.0, 0.0, 0.0, 0.0, 0.0, 0.0, 0.0, 0.0, 0.0, 0.0, 0.0, 0.0, 0.0, 0.0, 0.0, 0.0, 0.0, 0.0, 0.0], [0.9858918707540619, 0.0, 0.0, 0.0, 0.0, 0.0, 0.0, 0.0, 0.0, 0.0, 0.0, 0.0, 0.0, 0.0, 0.0, 0.0, 0.0, 0.0, 0.0, 0.0, 0.0, 0.0, 0.0], [0.0, 0.9799134865573672, 0.0, 0.0, 0.0, 0.0, 0.0, 0.0, 0.0, 0.0, 0.0, 0.0, 0.0, 0.0, 0.0, 0.0, 0.0, 0.0, 0.0, 0.0, 0.0, 0.0, 0.0], [0.0, 0.9770370471130051, 0.0, 0.0, 0.0, 0.0, 0.0, 0.0, 0.0, 0.0, 0.0, 0.0, 0.0, 0.0, 0.0, 0.0, 0.0, 0.0, 0.0, 0.0, 0.0, 0.0, 0.0], [0.0, 0.0, 0.9295011278673514, 0.0, 0.0, 0.0, 0.0, 0.0, 0.0, 0.0, 0.0, 0.0, 0.0, 0.0, 0.0, 0.0, 0.0, 0.0, 0.0, 0.0, 0.0, 0.0, 0.0], [0.0, 0.0, 0.0, 0.0, 0.0, 0.0, 0.0, 0.8319620430324907, 0.0, 0.0, 0.0, 0.0, 0.0, 0.0, 0.0, 0.0, 0.0, 0.0, 0.0, 0.0, 0.0, 0.0, 0.0], [0.0, 0.0, 0.0, 0.0, 0.0, 0.0, 0.0, 0.0, 0.0, 0.0, 0.0, 0.0, 0.0, 0.0, 0.0, 0.0, 0.0, 0.0, 0.0, 0.0, 0.0, 0.0, 0.0], [0.0, 0.0, 0.0, 0.0, 0.0, 0.0, 0.0, 0.0, 0.0, 0.0, 0.0, 0.0, 0.0, 0.0, 0.0, 0.0, 0.0, 0.0, 0.0, 0.0, 0.0, 0.0, 0.0], [0.0, 0.0, 0.0, 0.0, 0.0, 0.0, 0.0, 0.0, 0.0, 0.0, 0.0, 0.0, 0.0, 0.0, 0.0, 0.0, 0.0, 0.0, 0.0, 0.0, 0.0, 0.0, 0.0], [0.0, 0.0, 0.0, 0.0, 0.0, 0.0, 0.0, 0.0, 0.0, 0.0, 0.0, 0.0, 0.0, 0.0, 0.0, 0.0, 0.0, 0.0, 0.0, 0.0, 0.0, 0.0, 0.0], [0.0, 0.0, 0.0, 0.0, 0.0, 0.0, 0.0, 0.0, 0.0, 0.0, 0.0, 0.0, 0.0, 0.0, 0.0, 0.0, 0.0, 0.0, 0.0, 0.0, 0.0, 0.0, 0.0], [0.0, 0.0, 0.0, 0.0, 0.0, 0.0, 0.0, 0.0, 0.0, 0.0, 0.0, 0.0, 0.0, 0.0, 0.0, 0.0, 0.0, 0.0, 0.0, 0.0, 0.0, 0.0, 0.0], [0.0, 0.0, 0.0, 0.0, 0.0, 0.0, 0.0, 0.0, 0.0, 0.0, 0.0, 0.0, 0.0, 0.0, 0.0, 0.0, 0.0, 0.0, 0.0, 0.0, 0.0, 0.0, 0.0], [0.0, 0.0, 0.0, 0.0, 0.0, 0.0, 0.0, 0.0, 0.0, 0.0, 0.0, 0.0, 0.0, 0.0, 0.0, 0.0, 0.0, 0.0, 0.0, 0.0, 0.0, 0.0, 0.0]], "Born radii": [], "Atomic SASAs": [], "Solvent H bonds": [], "Total SASA": NaN, "Total FOD": 0.0, "FOD": [0.0, 0.0, 0.0, 0.0, 0.0, 0.0, 0.0, 0.0, 0.0, 0.0, 0.0, 0.0, 0.0, 0.0, 0.0, 0.0, 0.0, 0.0, 0.0, 0.0, 0.0, 0.0, 0.0], "FOD s proportion": [0.0, 0.0, 0.0, 0.0, 0.0, 0.0, 0.0, 0.0, 0.0, 0.0, 0.0, 0.0, 0.0, 0.0, 0.0, 0.0, 0.0, 0.0, 0.0, 0.0, 0.0, 0.0, 0.0], "FOD p proportion": [0.0, 0.0, 0.0, 0.0, 0.0, 0.0, 0.0, 0.0, 0.0, 0.0, 0.0, 0.0, 0.0, 0.0, 0.0, 0.0, 0.0, 0.0, 0.0, 0.0, 0.0, 0.0, 0.0], "FOD d proportion": [0.0, 0.0, 0.0, 0.0, 0.0, 0.0, 0.0, 0.0, 0.0, 0.0, 0.0, 0.0, 0.0, 0.0, 0.0, 0.0, 0.0, 0.0, 0.0, 0.0, 0.0, 0.0, 0.0], "coordinates": [["4.30795357916318", "-0.34454622927998", "-0.30892054914951"], ["2.98562384091231", "-0.23168569839810", "0.43795014765352"], ["1.81380062378786", "-0.14924199416222", "-0.52889542454331"], ["0.60559093246194", "-0.04533723396399", "0.22625154863366"], ["-0.53098983607904", "0.03716964708119", "-0.47588646270428"], ["-0.57163807910007", "0.02742947398979", "-1.67747337570849"], ["-1.72316455753382", "0.14161068864556", "0.44677779918665"], ["-3.03624138159845", "0.23736954452039", "-0.32363400224256"], ["-4.22936965721539", "0.34207560303785", "0.61662102449404"], ["4.46046550860390", "0.52089640054157", "-0.94943905199101"], ["4.32116177116746", "-1.23673890328719", "-0.93047711647759"], ["5.13414581219606", "-0.40243660785635", "0.39467396897033"], ["2.84573849518009", "-1.09814483534265", "1.08620417758176"], ["2.98505778904706", "0.65968767813022", "1.06724007635159"], ["1.90043295386197", "0.72570174564580", "-1.18342617168062"], ["1.76043156807890", "-1.04073905614435", "-1.16436921918181"], ["-1.71996378304453", "-0.73370795267860", "1.10030281118589"], ["-1.58102617595087", "1.01930617096197", "1.08139205124537"], ["-3.00089549182760", "1.10907778233281", "-0.97880876519196"], ["-3.13974837724839", "-0.64286813720196", "-0.95990947378602"], ["-5.15443475944590", "0.40927867186701", "0.04983888760819"], ["-4.28614831126922", "-0.53129364702036", "1.26288614601389"], ["-4.14678146414746", "1.22713788858160", "1.24391697373227"]], "bond_dist": [[0.0, 1.522862197914374, 2.5114401555416155, 3.7527888782627055, 4.856846508020548, 5.081507405711213, 6.09768927720332, 7.367227570475621, 8.61475274094199, 1.0874349574188278, 1.0874349591018415, 1.0867337060125917, 2.1569322692250386, 2.1569323307602604, 2.776030686595879, 2.7760304890610135, 6.202672412104216, 6.202672412162812, 7.482048364696166, 7.48204831395002, 9.499144876550577, 8.738651966300463, 8.738652069478045], [1.522862197914374, 0.0, 1.5214325410732625, 2.396684938061457, 3.643343560580809, 4.146838521491415, 4.723570291776371, 6.087929368542873, 7.239976276983332, 2.1601820644783714, 2.16018209533951, 2.1557308184954933, 1.0911244811035634, 1.0911244801391977, 2.173267389956316, 2.1732673085533567, 4.7784194333918695, 4.778419248770391, 6.296289879735324, 6.296289965546911, 8.174473664486843, 7.324544665541419, 7.324544642386482], [2.5114401555416155, 1.5214325410732625, 0.0, 1.4285705472618655, 2.3527859126382795, 2.653443408629142, 3.6805782448525663, 4.869754427826841, 6.170373405356801, 2.7623861828428953, 2.7623861616439336, 3.455688080140387, 2.138658246938575, 2.138658247383902, 1.0961031919447362, 1.0961031937287156, 3.9348924039880786, 3.9348925740255343, 4.996707852149726, 4.996707674599757, 7.014498064337472, 6.369130370179595, 6.369130569247021], [3.7527888782627055, 2.396684938061457, 1.4285705472618655, 0.0, 1.3385144809835288, 2.2394936318309155, 2.3466323711089423, 3.693946378251573, 4.866140250515831, 4.069757599050369, 4.0697574620356685, 4.545733755211593, 2.620340335206002, 2.620340503067052, 2.0635668740342505, 2.0635667668267614, 2.577988477624986, 2.5779886030901973, 3.973863198248499, 3.9738630696456485, 5.780630849677483, 5.023930508330682, 5.023930657462692], [4.856846508020548, 3.643343560580809, 2.3527859126382795, 1.3385144809835288, 0.0, 1.2023137111983437, 1.511124693005037, 2.5178455308018215, 3.868404522920369, 5.0371490036326465, 5.03714908225918, 5.748468581973379, 3.8899049301491457, 3.8899047696151374, 2.6242152491700512, 2.624215640889561, 2.119500872257554, 2.119501082000498, 2.7390421393357274, 2.7390419473665246, 4.668093318443304, 4.177043915900575, 4.177044095214727], [5.081507405711213, 4.146838521491415, 2.653443408629142, 2.2394936318309155, 1.2023137111983437, 0.0, 2.418986075684952, 2.819791715897991, 4.329072833888051, 5.108386252183206, 5.108386777857568, 6.085601801018174, 4.536881505486823, 4.536880852426842, 2.61587499647468, 2.615876282148552, 3.1006487464871606, 3.1006486669891875, 2.7494339195953015, 2.749434004366538, 4.912376398273287, 4.770269584397101, 4.770269602181423], [6.09768927720332, 4.723570291776371, 3.6805782448525663, 2.3466323711089423, 1.511124693005037, 2.418986075684952, 0.0, 1.5254097312379755, 2.519939861336979, 6.350634609360178, 6.350634572082854, 6.879055732930151, 4.77710529062792, 4.7771052813667145, 4.01611581930761, 4.016115984404123, 1.0923771830807854, 1.0923771913188707, 2.144967591912689, 2.1449675592939657, 3.4645088897701934, 2.772673583498549, 2.7726736330516295], [7.367227570475621, 6.087929368542873, 4.869754427826841, 3.693946378251573, 2.5178455308018215, 2.819791715897991, 1.5254097312379755, 0.0, 1.5226943081493274, 7.528122849421581, 7.528122968809814, 8.226818653078993, 6.194265866342759, 6.1942656554992155, 5.034725852285959, 5.034726277193377, 2.168680306236467, 2.1686803345580086, 1.0910447075163923, 1.0910447058486037, 2.1577251756132747, 2.1610545147432747, 2.1610545370566827], [8.61475274094199, 7.239976276983332, 6.170373405356801, 4.866140250515831, 3.868404522920369, 4.329072833888051, 2.519939861336979, 1.5226943081493274, 0.0, 8.831633838078307, 8.831633801904555, 9.395689483669292, 7.235461188955801, 7.235461169650931, 6.4001421059629084, 6.400142291250619, 2.7727921254307124, 2.7727921927534687, 2.1547244213323333, 2.1547243715152256, 1.0869699565846758, 1.0879596820638489, 1.0879596807128673], [1.0874349574188278, 2.1601820644783714, 2.7623861828428953, 4.069757599050369, 5.0371490036326465, 5.108386252183206, 6.350634609360178, 7.528122849421581, 8.831633838078307, 0.0, 1.763248974911766, 1.7643777398740323, 3.061450834078433, 2.502615764426348, 2.578848945344103, 3.126513002745113, 6.631227640327606, 6.39314547336968, 7.484565979180055, 7.688804109856352, 9.667332728445226, 9.083211986511778, 8.91034725164755], [1.0874349591018415, 2.16018209533951, 2.7623861616439336, 4.0697574620356685, 5.03714908225918, 5.108386777857568, 6.350634572082854, 7.528122968809814, 8.831633801904555, 1.763248974911766, 0.0, 1.7643777289435962, 2.5026157517293006, 3.0614508998626473, 3.126513158783419, 2.578848702192006, 6.393145173826744, 6.631227600390976, 7.688804486614246, 7.484566052430963, 9.667332772619092, 8.910346921756345, 9.08321204979631], [1.0867337060125917, 2.1557308184954933, 3.455688080140387, 4.545733755211593, 5.748468581973379, 6.085601801018174, 6.879055732930151, 8.226818653078993, 9.395689483669292, 1.7643777398740323, 1.7643777289435962, 0.0, 2.489785536102764, 2.4897856331264623, 3.7709408704884675, 3.770940662351115, 6.8982947972985285, 6.898294650421851, 8.38749233030718, 8.387492395335792, 10.326310236858218, 9.461096019674638, 9.461096016284541], [2.1569322692250386, 1.0911244811035634, 2.138658246938575, 2.620340335206002, 3.8899049301491457, 4.536881505486823, 4.77710529062792, 6.194265866342759, 7.235461188955801, 3.061450834078433, 2.5026157517293006, 2.489785536102764, 0.0, 1.7634468090082578, 3.0612482486271637, 2.4992533212379864, 4.580245660038431, 4.907124144978759, 6.581735266313477, 6.3419169851234365, 8.206652834644785, 7.156559662832217, 7.370695249014462], [2.1569323307602604, 1.0911244801391977, 2.138658247383902, 2.620340503067052, 3.8899047696151374, 4.536880852426842, 4.7771052813667145, 6.1942656554992155, 7.235461169650931, 2.502615764426348, 3.0614508998626473, 2.4897856331264623, 1.7634468090082578, 0.0, 2.499253378559609, 3.061248194385668, 4.90712466952278, 4.580245464403757, 6.34191643027177, 6.581735145489338, 8.206652715708557, 7.370695493283414, 7.156559620433239], [2.776030686595879, 2.173267389956316, 1.0961031919447362, 2.0635668740342505, 2.6242152491700512, 2.61587499647468, 4.01611581930761, 5.034725852285959, 6.4001421059629084, 2.578848945344103, 3.126513158783419, 3.7709408704884675, 3.0612482486271637, 2.499253378559609, 0.0, 1.7720825775591695, 4.522451466555617, 4.163671794704771, 4.920555456558713, 5.227463159980091, 7.168837054945249, 6.770396526272304, 6.535459828382882], [2.7760304890610135, 2.1732673085533567, 1.0961031937287156, 2.0635667668267614, 2.624215640889561, 2.615876282148552, 4.016115984404123, 5.034726277193377, 6.400142291250619, 3.126513002745113, 2.578848702192006, 3.770940662351115, 2.4992533212379864, 3.061248194385668, 1.7720825775591695, 0.0, 4.163671373168966, 4.522451755034071, 5.227464059415686, 4.920555715792184, 7.168837358015461, 6.535459545440271, 6.770396888772847], [6.202672412104216, 4.7784194333918695, 3.9348924039880786, 2.577988477624986, 2.119500872257554, 3.1006487464871606, 1.0923771830807854, 2.168680306236467, 2.7727921254307124, 6.631227640327606, 6.393145173826744, 6.8982947972985285, 4.580245660038431, 4.90712466952278, 4.522451466555617, 4.163671373168966, 0.0, 1.7586130311099586, 3.059305518374366, 2.5037002266972035, 3.76901628629697, 2.5792843823042615, 3.1232972157937713], [6.202672412162812, 4.778419248770391, 3.9348925740255343, 2.5779886030901973, 2.119501082000498, 3.1006486669891875, 1.0923771913188707, 2.1686803345580086, 2.7727921927534687, 6.39314547336968, 6.631227600390976, 6.898294650421851, 4.907124144978759, 4.580245464403757, 4.163671794704771, 4.522451755034071, 1.7586130311099586, 0.0, 2.5037003056327274, 3.05930551721032, 3.7690163681865174, 3.1232972431313657, 2.579284507801895], [7.482048364696166, 6.296289879735324, 4.996707852149726, 3.973863198248499, 2.7390421393357274, 2.7494339195953015, 2.144967591912689, 1.0910447075163923, 2.1547244213323333, 7.484565979180055, 7.688804486614246, 8.38749233030718, 6.581735266313477, 6.34191643027177, 4.920555456558713, 5.227464059415686, 3.059305518374366, 2.5037003056327274, 0.0, 1.7575414111706888, 2.4870798470885385, 3.0607007875725127, 2.503498064853091], [7.48204831395002, 6.296289965546911, 4.996707674599757, 3.9738630696456485, 2.7390419473665246, 2.749434004366538, 2.1449675592939657, 1.0910447058486037, 2.1547243715152256, 7.688804109856352, 7.484566052430963, 8.387492395335792, 6.3419169851234365, 6.581735145489338, 5.227463159980091, 4.920555715792184, 2.5037002266972035, 3.05930551721032, 1.7575414111706888, 0.0, 2.48707978958947, 2.5034979614499218, 3.0607007670396955], [9.499144876550577, 8.174473664486843, 7.014498064337472, 5.780630849677483, 4.668093318443304, 4.912376398273287, 3.4645088897701934, 2.1577251756132747, 1.0869699565846758, 9.667332728445226, 9.667332772619092, 10.326310236858218, 8.206652834644785, 8.206652715708557, 7.168837054945249, 7.168837358015461, 3.76901628629697, 3.7690163681865174, 2.4870798470885385, 2.48707978958947, 0.0, 1.7635422575799038, 1.763542269879731], [8.738651966300463, 7.324544665541419, 6.369130370179595, 5.023930508330682, 4.177043915900575, 4.770269584397101, 2.772673583498549, 2.1610545147432747, 1.0879596820638489, 9.083211986511778, 8.910346921756345, 9.461096019674638, 7.156559662832217, 7.370695493283414, 6.770396526272304, 6.535459545440271, 2.5792843823042615, 3.1232972431313657, 3.0607007875725127, 2.5034979614499218, 1.7635422575799038, 0.0, 1.7640477354576256], [8.738652069478045, 7.324544642386482, 6.369130569247021, 5.023930657462692, 4.177044095214727, 4.770269602181423, 2.7726736330516295, 2.1610545370566827, 1.0879596807128673, 8.91034725164755, 9.08321204979631, 9.461096016284541, 7.370695249014462, 7.156559620433239, 6.535459828382882, 6.770396888772847, 3.1232972157937713, 2.579284507801895, 2.503498064853091, 3.0607007670396955, 1.763542269879731, 1.7640477354576256, 0.0]]}