{"total energy": -23.93944579, "HOMO-LUMO gap/eV": 5.10622403, "electronic energy": -24.20897224, "dipole": [-0.95253209, 0.56719964, 0.01423938], "partial charges": [-0.10609167, -0.05687481, -0.06829745, 0.07597781, -0.24388906, 0.3373107, -0.37809506, 0.03968558, 0.04117502, 0.03968537, 0.0364609, 0.03646043, 0.05376387, 0.05376345, 0.05469134, 0.05469307, 0.0295805], "atomic dipole moments": [[0.09477564, -0.05773022, -0.00163072], [0.01213339, 0.11883453, 0.02209205], [0.04301175, -0.13321368, -0.01964705], [0.14290812, 0.20832491, 0.04972976], [0.03483065, -0.23113422, -0.03769014], [-0.19219088, -0.01102511, -0.01917502], [-0.04424751, 0.18820019, 0.02924425], [-0.00020893, 0.08864287, -0.08669522], [-0.09581142, -0.07593893, -0.02207826], [-0.01801199, 0.0538527, 0.11022299], [0.01283206, -0.05440793, -0.10952553], [-0.00475162, -0.08876763, 0.08496091], [0.00592338, 0.09038281, -0.0864984], [-0.01199734, 0.05536448, 0.11169903], [0.00527195, -0.08995332, 0.08902766], [0.02344242, -0.05445072, -0.11194442], [0.08736251, 0.09821637, 0.02516191]], "atomic quadrupole moments": [[0.15498154, -0.15988764, -0.02269835, -0.00221369, 0.00502716, -0.13228319], [0.22707979, 0.02135697, 0.00491691, 0.04639395, 0.04596281, -0.2319967], [0.25930484, -0.03064988, 0.00406758, 0.04294167, 0.04662125, -0.26337241], [0.33421979, 0.24457179, 0.04081565, 0.10985511, 0.10047939, -0.37503545], [0.04498739, 0.03947477, 0.01333119, 0.01669969, 0.01703182, -0.05831858], [-0.11236833, -0.14847114, -0.41447837, -0.08759341, -0.18691555, 0.52684671], [-0.11767035, -0.00710422, -0.08626172, -0.03140972, -0.05415841, 0.20393207], [-0.03457015, -0.00122549, 0.01468377, -0.01461826, -0.06593144, 0.01988639], [0.03074031, 0.05510128, 0.01985219, 0.01752327, 0.0182777, -0.0505925], [-0.03710252, -0.01424227, -0.02652044, -0.00258977, 0.04681649, 0.06362296], [-0.01637603, -0.00314389, -0.02761099, -0.00839833, 0.03182006, 0.04398703], [-0.01758562, 0.00308802, 0.00136702, -0.00045121, -0.04773673, 0.01621859], [-0.02503713, 0.00299441, 0.00577927, -0.00253194, -0.04517584, 0.01925785], [-0.02423239, -0.00324569, -0.0216823, -0.00818633, 0.0301915, 0.0459147], [-0.00715159, 0.01237707, -0.00449681, 0.00175494, -0.03601569, 0.0116484], [-0.00634528, 0.0075578, -0.02640435, -0.00367533, 0.02410693, 0.03274963], [0.04286362, -0.03692726, 0.03001086, 0.00425922, 0.0154458, -0.07287448]], "number of molecular orbitals": 38, "number of electrons": 42, "number of unpaired electrons": 0, "orbital energies/eV": [-20.54171872, -19.75841971, -18.6166449, -17.36248239, -16.82691947, -16.63731415, -16.26836728, -16.01709773, -15.50347737, -15.32791965, -14.64469706, -14.04182225, -13.93960081, -13.64204187, -13.11817434, -12.95652913, -12.50787894, -12.29963782, -12.23592378, -11.91842347, -11.65835301, -6.55212898, -0.24586325, 2.1421708, 2.91469971, 3.07014496, 3.65130268, 3.71369747, 4.2920016, 4.66500454, 4.72081153, 5.04581507, 6.0296025, 6.64925865, 6.90993544, 7.59059555, 8.02859828, 17.64558224], "fractional occupation": [2.0, 2.0, 2.0, 2.0, 2.0, 2.0, 2.0, 2.0, 2.0, 2.0, 2.0, 2.0, 2.0, 2.0, 2.0, 2.0, 2.0, 2.0, 2.0, 2.0, 2.0, 0.0, 0.0, 0.0, 0.0, 0.0, 0.0, 0.0, 0.0, 0.0, 0.0, 0.0, 0.0, 0.0, 0.0, 0.0, 0.0, 0.0], "program call": "xtb /tmp/scratch/tmpykddbkzb/4504_0_xyzopt.xyz --pop --wbo --acc 0.2 --gfn 2 --chrg 0 --uhf 0 --etemp 300 --input /tmp/scratch/tmpykddbkzb/4504_0_xtb.inp", "method": "GFN2-xTB", "xtb version": "6.3.3 (7355c4f)", "Dipole module/D": 2.818, "Total charge": 0, "Transition dipole module/D": NaN, "HOMO": -11.6584, "LUMO": -6.5521, "HOMO occupancy": 2.0, "LUMO occupancy": 0, "mulliken charges": [-0.08438, -0.04305, -0.06011, 0.19616, -0.40691, 0.57828, -0.51874, 0.03116, 0.03387, 0.03116, 0.02622, 0.02622, 0.03895, 0.03895, 0.04089, 0.04089, 0.03045], "cm5 charges": [-0.23718, -0.15647, -0.16852, 0.11489, -0.49874, 0.59563, -0.57433, 0.08339, 0.08552, 0.08339, 0.08158, 0.08158, 0.09707, 0.09707, 0.10647, 0.10648, 0.10216], "FUKUI+": [0.01, 0.005, 0.006, 0.032, -0.148, -0.166, -0.321, -0.013, -0.023, -0.013, -0.013, -0.013, -0.025, -0.025, -0.046, -0.046, -0.202], "FUKUI-": [0.021, 0.007, 0.009, 0.02, -0.062, -0.0, -0.162, -0.087, -0.07, -0.087, -0.103, -0.103, -0.08, -0.08, -0.048, -0.048, -0.126], "FUKUIrad": [0.015, 0.006, 0.007, 0.026, -0.105, -0.083, -0.241, -0.05, -0.046, -0.05, -0.058, -0.058, -0.052, -0.052, -0.047, -0.047, -0.164], "s proportion": [1.005, 1.026, 1.033, 1.0, 1.684, 0.957, 1.716, 0.969, 0.966, 0.969, 0.974, 0.974, 0.961, 0.961, 0.959, 0.959, 0.97], "p proportion": [3.079, 3.017, 3.027, 2.804, 4.723, 2.464, 4.802, 0.0, 0.0, 0.0, 0.0, 0.0, 0.0, 0.0, 0.0, 0.0, 0.0], "d proportion": [0.0, 0.0, 0.0, 0.0, 0.0, 0.0, 0.0, 0.0, 0.0, 0.0, 0.0, 0.0, 0.0, 0.0, 0.0, 0.0, 0.0], "Fermi-level/eV": -9.1052, "Coordination numbers": [3.752, 3.802, 3.802, 3.708, 1.703, 2.668, 0.856, 0.925, 0.925, 0.925, 0.924, 0.924, 0.924, 0.924, 0.924, 0.924, 0.923], "Dispersion coefficient C6": [22.587, 21.596, 21.807, 19.446, 18.042, 21.27, 21.249, 2.453, 2.433, 2.453, 2.497, 2.497, 2.274, 2.274, 2.262, 2.262, 2.593], "Total dispersion C6": 2238.049867, "Total dispersion C8": 47212.526867, "Polarizability alpha": [6.777, 6.616, 6.648, 6.303, 5.735, 7.546, 6.18, 2.449, 2.439, 2.449, 2.471, 2.471, 2.358, 2.358, 2.352, 2.352, 2.518], "Total polarizability alpha": 70.024164, "Wiberg matrix": [[0.0, 1.0196205783159504, 0.0, 0.0, 0.0, 0.0, 0.0, 0.987554998116716, 0.9867732994079816, 0.9875549502899885, 0.0, 0.0, 0.0, 0.0, 0.0, 0.0, 0.0], [1.0196205783159504, 0.0, 1.0057446320158134, 0.0, 0.0, 0.0, 0.0, 0.0, 0.0, 0.0, 0.9780303358841786, 0.9780302464852403, 0.0, 0.0, 0.0, 0.0, 0.0], [0.0, 1.0057446320158134, 0.0, 1.0061936060854222, 0.0, 0.0, 0.0, 0.0, 0.0, 0.0, 0.0, 0.0, 0.9750148522674764, 0.975014788862167, 0.0, 0.0, 0.0], [0.0, 0.0, 1.0061936060854222, 0.0, 0.9268152226039972, 0.0, 0.0, 0.0, 0.0, 0.0, 0.0, 0.0, 0.0, 0.0, 0.9680097831089798, 0.9680080855621938, 0.0], [0.0, 0.0, 0.0, 0.9268152226039972, 0.0, 1.1849857616410384, 0.1967357834213448, 0.0, 0.0, 0.0, 0.0, 0.0, 0.0, 0.0, 0.0, 0.0, 0.0], [0.0, 0.0, 0.0, 0.0, 1.1849857616410384, 0.0, 1.7952704685289365, 0.0, 0.0, 0.0, 0.0, 0.0, 0.0, 0.0, 0.0, 0.0, 0.9144120508640249], [0.0, 0.0, 0.0, 0.0, 0.1967357834213448, 1.7952704685289365, 0.0, 0.0, 0.0, 0.0, 0.0, 0.0, 0.0, 0.0, 0.0, 0.0, 0.0], [0.987554998116716, 0.0, 0.0, 0.0, 0.0, 0.0, 0.0, 0.0, 0.0, 0.0, 0.0, 0.0, 0.0, 0.0, 0.0, 0.0, 0.0], [0.9867732994079816, 0.0, 0.0, 0.0, 0.0, 0.0, 0.0, 0.0, 0.0, 0.0, 0.0, 0.0, 0.0, 0.0, 0.0, 0.0, 0.0], [0.9875549502899885, 0.0, 0.0, 0.0, 0.0, 0.0, 0.0, 0.0, 0.0, 0.0, 0.0, 0.0, 0.0, 0.0, 0.0, 0.0, 0.0], [0.0, 0.9780303358841786, 0.0, 0.0, 0.0, 0.0, 0.0, 0.0, 0.0, 0.0, 0.0, 0.0, 0.0, 0.0, 0.0, 0.0, 0.0], [0.0, 0.9780302464852403, 0.0, 0.0, 0.0, 0.0, 0.0, 0.0, 0.0, 0.0, 0.0, 0.0, 0.0, 0.0, 0.0, 0.0, 0.0], [0.0, 0.0, 0.9750148522674764, 0.0, 0.0, 0.0, 0.0, 0.0, 0.0, 0.0, 0.0, 0.0, 0.0, 0.0, 0.0, 0.0, 0.0], [0.0, 0.0, 0.975014788862167, 0.0, 0.0, 0.0, 0.0, 0.0, 0.0, 0.0, 0.0, 0.0, 0.0, 0.0, 0.0, 0.0, 0.0], [0.0, 0.0, 0.0, 0.9680097831089798, 0.0, 0.0, 0.0, 0.0, 0.0, 0.0, 0.0, 0.0, 0.0, 0.0, 0.0, 0.0, 0.0], [0.0, 0.0, 0.0, 0.9680080855621938, 0.0, 0.0, 0.0, 0.0, 0.0, 0.0, 0.0, 0.0, 0.0, 0.0, 0.0, 0.0, 0.0], [0.0, 0.0, 0.0, 0.0, 0.0, 0.9144120508640249, 0.0, 0.0, 0.0, 0.0, 0.0, 0.0, 0.0, 0.0, 0.0, 0.0, 0.0]], "Born radii": [], "Atomic SASAs": [], "Solvent H bonds": [], "Total SASA": NaN, "Total FOD": 0.0, "FOD": [0.0, 0.0, 0.0, 0.0, 0.0, 0.0, 0.0, 0.0, 0.0, 0.0, 0.0, 0.0, 0.0, 0.0, 0.0, 0.0, 0.0], "FOD s proportion": [0.0, 0.0, 0.0, 0.0, 0.0, 0.0, 0.0, 0.0, 0.0, 0.0, 0.0, 0.0, 0.0, 0.0, 0.0, 0.0, 0.0], "FOD p proportion": [0.0, 0.0, 0.0, 0.0, 0.0, 0.0, 0.0, 0.0, 0.0, 0.0, 0.0, 0.0, 0.0, 0.0, 0.0, 0.0, 0.0], "FOD d proportion": [0.0, 0.0, 0.0, 0.0, 0.0, 0.0, 0.0, 0.0, 0.0, 0.0, 0.0, 0.0, 0.0, 0.0, 0.0, 0.0, 0.0], "coordinates": [["-2.72501464189704", "0.31661302374137", "-0.20985056157461"], ["-1.41447152813218", "-0.46021495897707", "-0.22861279494141"], ["-0.21924389893096", "0.45102250815197", "0.04043830380806"], ["1.08761904124753", "-0.32666361170304", "0.02120712650354"], ["2.16787558842140", "0.58030249900481", "0.27916452914430"], ["3.37887976438519", "0.06090229092012", "0.29698127946322"], ["3.66814874081418", "-1.08563874970584", "0.12036619448329"], ["-2.71956360829351", "1.09325866784642", "-0.97101574368277"], ["-3.56372983535745", "-0.34743334174237", "-0.40299518564509"], ["-2.87593375051319", "0.78768213254590", "0.75860092129357"], ["-1.29023453414459", "-0.94131463156365", "-1.20098154798175"], ["-1.44656107370750", "-1.24679896119124", "0.52812301047117"], ["-0.17382521918528", "1.23682443577769", "-0.71551378629999"], ["-0.33021264802629", "0.93123720428241", "1.01413807792228"], ["1.09558250897356", "-1.11020943648365", "0.78706134159395"], ["1.25281441690725", "-0.80302131484627", "-0.95159062950704"], ["4.10786967743886", "0.86345324394243", "0.50436546494929"]], "bond_dist": [[0.0, 1.5235934461567513, 2.521824228993537, 3.8734181399349628, 4.9243317012830445, 6.13023600010744, 6.553464059576188, 1.0874652200086414, 1.0870628303188483, 1.0874653821087659, 2.1501898929628767, 2.15018732990535, 2.7588134786965774, 2.758801852756104, 4.198406634060389, 4.198438209809549, 6.891839150792737], [1.5235934461567513, 0.0, 1.5268632227033352, 2.51807529134622, 3.764800825369181, 4.850157619363273, 5.132832556335128, 2.1604878581551485, 2.159268436890244, 2.1604883475734855, 1.091967361017358, 1.0919675868211098, 2.157827274514607, 2.157819773227465, 2.7846827542121786, 2.7847131736504593, 5.725871726788887], [2.521824228993537, 1.5268632227033352, 0.0, 1.5208735264996975, 2.402507642775688, 3.62829188169401, 4.180853719595272, 2.772562934187696, 3.4669512807009077, 2.7725616702520277, 2.1509874243622633, 2.1509861836788464, 1.0913345447060985, 1.0913347184826092, 2.1733981753066907, 2.1734081530542677, 4.371411605588432], [3.8734181399349628, 2.51807529134622, 1.5208735264996975, 0.0, 1.433905071914352, 2.340114188177587, 2.6916554963840613, 4.1827413535919264, 4.670698593916391, 4.182734366343954, 2.743306154671929, 2.743297583170653, 2.1397416199522903, 2.1397366745118984, 1.095691633225835, 1.095692314284658, 3.2820319948951218], [4.9243317012830445, 3.764800825369181, 2.402507642775688, 1.433905071914352, 0.0, 1.3178107325986097, 2.247531242727736, 5.070812227573007, 5.846138588896054, 5.070786745076994, 4.057668877750425, 4.057638778380429, 2.6275404234806516, 2.627505684456249, 2.065333441446486, 2.0653522658682784, 1.9734403642544802], [6.13023600010744, 4.850157619363273, 3.62829188169401, 2.340114188177587, 1.3178107325986097, 0.0, 1.19558595960575, 6.313840963269208, 6.989744851927434, 6.313793925847802, 5.004893577775157, 5.00483649548311, 3.8768094935459145, 3.8767464785309094, 2.6124944979714284, 2.6125561563756934, 1.1038670780128987], [6.553464059576188, 5.132832556335128, 4.180853719595272, 2.6916554963840613, 2.247531242727736, 1.19558595960575, 0.0, 6.836781227018597, 7.288272916064999, 6.8367894766245705, 5.133454393387151, 5.1334680988114645, 4.566540758551761, 4.566564418594397, 2.657664981715394, 2.65759363771608, 2.0346423620696323], [1.0874652200086414, 2.1604878581551485, 2.772562934187696, 4.1827413535919264, 5.070812227573007, 6.313840963269208, 6.836781227018597, 0.0, 1.7637622968421203, 1.763349780408853, 2.497069158839351, 3.056766619237718, 2.562552697161074, 3.110640554840505, 4.743568975009538, 4.401822609206285, 6.988805728789905], [1.0870628303188483, 2.159268436890244, 3.4669512807009077, 4.670698593916391, 5.846138588896054, 6.989744851927434, 7.288272916064999, 1.7637622968421203, 0.0, 1.7637619198607355, 2.481583789742356, 2.481580782060465, 3.7548626989722917, 3.754849990711537, 4.869009491751719, 4.869046713298931, 7.819398235054601], [1.0874653821087659, 2.1604883475734855, 2.7725616702520277, 4.182734366343954, 5.070786745076994, 6.313793925847802, 6.8367894766245705, 1.763349780408853, 1.7637619198607355, 0.0, 3.0567687627598605, 2.4970662060405195, 3.110648404235213, 2.562538434577378, 4.401788704911305, 4.743590836903281, 6.988840193398304], [2.1501898929628767, 1.091967361017358, 2.1509874243622633, 2.743306154671929, 4.057668877750425, 5.004893577775157, 5.133454393387151, 2.497069158839351, 2.481583789742356, 3.0567687627598605, 0.0, 1.7628276253458248, 2.495263213137808, 3.0552982435143377, 3.110138734711765, 2.558987854428429, 5.941794728706683], [2.15018732990535, 1.0919675868211098, 2.1509861836788464, 2.743297583170653, 4.057638778380429, 5.00483649548311, 5.1334680988114645, 3.056766619237718, 2.481580782060465, 2.4970662060405195, 1.7628276253458248, 0.0, 3.0553026389608484, 2.4952526908955703, 2.5589450468017074, 3.110163837334726, 5.941837237717056], [2.7588134786965774, 2.157827274514607, 1.0913345447060985, 2.1397416199522903, 2.6275404234806516, 3.8768094935459145, 4.566540758551761, 2.562552697161074, 3.7548626989722917, 3.110648404235213, 2.495263213137808, 3.0553026389608484, 0.0, 1.7633876928684813, 3.062302400615742, 2.5004006905909018, 4.467708878418354], [2.758801852756104, 2.157819773227465, 1.0913347184826092, 2.1397366745118984, 2.627505684456249, 3.8767464785309094, 4.566564418594397, 3.110640554840505, 3.754849990711537, 2.562538434577378, 3.0552982435143377, 2.4952526908955703, 1.7633876928684813, 0.0, 2.500391981470262, 3.0623057735461763, 4.467777692524868], [4.198406634060389, 2.7846827542121786, 2.1733981753066907, 1.095691633225835, 2.065333441446486, 2.6124944979714284, 2.657664981715394, 4.743568975009538, 4.869009491751719, 4.401788704911305, 3.110138734711765, 2.5589450468017074, 3.062302400615742, 2.500391981470262, 0.0, 1.77256793707912, 3.6123586920569286], [4.198438209809549, 2.7847131736504593, 2.1734081530542677, 1.095692314284658, 2.0653522658682784, 2.6125561563756934, 2.65759363771608, 4.401822609206285, 4.869046713298931, 4.743590836903281, 2.558987854428429, 3.110163837334726, 2.5004006905909018, 3.0623057735461763, 1.77256793707912, 0.0, 3.612241152631388], [6.891839150792737, 5.725871726788887, 4.371411605588432, 3.2820319948951218, 1.9734403642544802, 1.1038670780128987, 2.0346423620696323, 6.988805728789905, 7.819398235054601, 6.988840193398304, 5.941794728706683, 5.941837237717056, 4.467708878418354, 4.467777692524868, 3.6123586920569286, 3.612241152631388, 0.0]]}