{"total energy": -23.01898888, "HOMO-LUMO gap/eV": 3.75646547, "electronic energy": -23.33034483, "dipole": [-1.26723752, -0.07181389, 0.23883946], "partial charges": [-0.11342542, 0.03433459, -0.11291163, -0.11028879, -0.09283619, 0.21926118, -0.32752868, 0.04346229, 0.03739369, 0.0372866, 0.03974157, 0.04258764, 0.03795748, 0.0356005, 0.04159469, 0.04259526, 0.06436514, 0.06423054, 0.01657954], "atomic dipole moments": [[0.04053437, -0.02025304, -0.09311745], [0.01880499, -0.01518883, -0.00028646], [0.07923855, 0.03937173, 0.05817859], [-0.02840554, -0.08611284, 0.04723306], [0.00024476, 0.0897249, 0.05531729], [0.03040163, -0.01890775, -0.0718206], [-0.15317837, -0.00393566, 0.07216315], [-0.10129767, 0.07153987, -0.00592053], [0.08277033, 0.06163233, 0.07051102], [-0.03230644, -0.10499953, 0.05855102], [0.03823307, -0.02505986, -0.11601063], [-0.09590432, 0.07913079, -0.00808874], [-0.04210187, -0.10553086, 0.05043887], [0.09346578, 0.05288486, 0.06561817], [-0.09259377, 0.08211262, -0.00724182], [0.04304377, -0.02036514, -0.11589506], [-0.04114913, -0.10579217, 0.0610469], [0.03262325, -0.03322965, -0.12021627], [-0.01263626, 0.04065824, 0.12377771]], "atomic quadrupole moments": [[-0.06841628, -0.01888918, -0.10549147, -0.10296849, 0.05395885, 0.17390775], [0.00319878, -0.02644032, 0.00813877, -0.00575349, 0.00367473, -0.01133756], [0.07815834, 0.09979798, -0.06428506, 0.14064707, 0.07705908, -0.01387328], [-0.08062112, 0.09621486, 0.13597048, -0.04158094, -0.12281099, -0.05534935], [0.17509168, -0.04113324, -0.0257343, 0.1186879, 0.05577752, -0.14935739], [-0.25614998, -0.16532307, 0.57752897, 0.08743701, -0.36528496, -0.32137899], [-0.13881648, -0.07240684, 0.22961465, 0.02315221, -0.13662447, -0.09079817], [0.0357882, -0.06538647, -0.00794715, 0.01238252, -0.00658986, -0.02784106], [0.03324797, 0.04631305, -0.02634266, 0.03816498, 0.0294573, -0.0069053], [-0.04608501, 0.0233462, 0.06224211, -0.01769518, -0.04018602, -0.01615711], [-0.01427369, -0.00227071, -0.04670935, -0.04210914, 0.0241098, 0.06098304], [0.02612334, -0.06148836, 0.02001103, 0.00904949, 0.00659492, -0.04613437], [-0.03318425, 0.03444298, 0.04485749, -0.00672704, -0.05180833, -0.01167324], [0.02010478, 0.03674531, -0.02317705, 0.05615134, 0.01745043, 0.00307227], [0.04150467, -0.05859795, 0.00921845, -0.00277992, -0.00889909, -0.05072312], [-0.03788764, -0.00586842, -0.02410977, -0.04075067, 0.02761127, 0.06199741], [-0.02314682, 0.02142475, 0.03340515, -0.02606711, -0.04266678, -0.01025832], [-0.01039355, -0.01337432, -0.04132467, -0.01509187, 0.01693982, 0.05171822], [0.06820746, 0.02380138, -0.06388065, -0.01092593, 0.02804892, -0.00432681]], "number of molecular orbitals": 40, "number of electrons": 42, "number of unpaired electrons": 0, "orbital energies/eV": [-19.47632493, -17.73465305, -17.11366462, -16.40337203, -16.31283932, -16.11205454, -15.38111296, -14.91416514, -14.67035875, -14.30723043, -13.95434014, -13.78416793, -13.48441445, -13.02452745, -12.8053069, -12.5692964, -12.52637169, -12.14797113, -12.01532233, -11.99413277, -10.8508445, -7.09437903, 1.77854964, 1.92315276, 2.09296475, 2.41683932, 2.77793397, 3.91601661, 5.06113017, 5.23503133, 5.38572981, 5.51022548, 6.18560696, 6.21192494, 6.50591837, 6.88024442, 7.19768935, 7.3102109, 7.49068251, 16.75876327], "fractional occupation": [2.0, 2.0, 2.0, 2.0, 2.0, 2.0, 2.0, 2.0, 2.0, 2.0, 2.0, 2.0, 2.0, 2.0, 2.0, 2.0, 2.0, 2.0, 2.0, 2.0, 2.0, 0.0, 0.0, 0.0, 0.0, 0.0, 0.0, 0.0, 0.0, 0.0, 0.0, 0.0, 0.0, 0.0, 0.0, 0.0, 0.0, 0.0, 0.0, 0.0], "program call": "xtb /tmp/scratch/tmp36yzapsh/45102_0_xyzopt.xyz --pop --wbo --acc 0.2 --gfn 2 --chrg 0 --uhf 0 --etemp 300 --input /tmp/scratch/tmp36yzapsh/45102_0_xtb.inp", "method": "GFN2-xTB", "xtb version": "6.3.3 (7355c4f)", "Dipole module/D": 3.283, "Total charge": 0, "Transition dipole module/D": NaN, "HOMO": -10.8508, "LUMO": -7.0944, "HOMO occupancy": 2.0, "LUMO occupancy": 0, "mulliken charges": [-0.10522, 0.04162, -0.0987, -0.10166, -0.10436, 0.39595, -0.46881, 0.03897, 0.03209, 0.03302, 0.03577, 0.03599, 0.03279, 0.03754, 0.03489, 0.04061, 0.05355, 0.05664, 0.00933], "cm5 charges": [-0.2546, 0.00454, -0.24821, -0.25019, -0.20544, 0.37781, -0.52667, 0.09224, 0.08584, 0.08619, 0.08896, 0.0892, 0.08593, 0.09236, 0.08807, 0.09422, 0.11095, 0.11648, 0.07232], "FUKUI+": [0.026, -0.013, 0.022, 0.021, 0.028, -0.164, -0.324, -0.046, -0.004, -0.024, -0.024, -0.043, -0.027, 0.007, -0.047, -0.021, -0.106, -0.073, -0.188], "FUKUI-": [0.024, -0.025, -0.002, 0.023, -0.007, -0.014, -0.21, -0.065, -0.07, -0.047, -0.052, -0.065, -0.054, -0.056, -0.055, -0.044, -0.073, -0.066, -0.142], "FUKUIrad": [0.025, -0.019, 0.01, 0.022, 0.01, -0.089, -0.267, -0.056, -0.037, -0.036, -0.038, -0.054, -0.04, -0.024, -0.051, -0.032, -0.09, -0.069, -0.165], "s proportion": [1.015, 1.082, 1.015, 1.015, 1.049, 1.047, 1.726, 0.961, 0.968, 0.967, 0.964, 0.964, 0.967, 0.962, 0.965, 0.959, 0.946, 0.943, 0.991], "p proportion": [3.09, 2.876, 3.084, 3.087, 3.055, 2.557, 4.743, 0.0, 0.0, 0.0, 0.0, 0.0, 0.0, 0.0, 0.0, 0.0, 0.0, 0.0, 0.0], "d proportion": [0.0, 0.0, 0.0, 0.0, 0.0, 0.0, 0.0, 0.0, 0.0, 0.0, 0.0, 0.0, 0.0, 0.0, 0.0, 0.0, 0.0, 0.0, 0.0], "Fermi-level/eV": -8.9726, "Coordination numbers": [3.759, 3.899, 3.762, 3.76, 3.81, 2.756, 0.856, 0.925, 0.925, 0.925, 0.925, 0.925, 0.925, 0.925, 0.925, 0.925, 0.924, 0.924, 0.922], "Dispersion coefficient C6": [22.719, 19.943, 22.705, 22.657, 22.262, 23.373, 20.286, 2.403, 2.484, 2.485, 2.452, 2.415, 2.476, 2.508, 2.428, 2.415, 2.149, 2.15, 2.786], "Total dispersion C6": 2641.436587, "Total dispersion C8": 56167.924839, "Polarizability alpha": [6.795, 6.348, 6.792, 6.786, 6.716, 7.917, 6.039, 2.424, 2.465, 2.465, 2.449, 2.43, 2.461, 2.477, 2.437, 2.43, 2.292, 2.293, 2.61], "Total polarizability alpha": 76.626171, "Wiberg matrix": [[0.0, 0.9997377724936667, 0.0, 0.0, 0.0, 0.0, 0.0, 0.9843811895427752, 0.9831476643971747, 0.9856617505042877, 0.0, 0.0, 0.0, 0.0, 0.0, 0.0, 0.0, 0.0, 0.0], [0.9997377724936667, 0.0, 0.9978798224298283, 0.9992369037009708, 0.960417633504677, 0.0, 0.0, 0.0, 0.0, 0.0, 0.0, 0.0, 0.0, 0.0, 0.0, 0.0, 0.0, 0.0, 0.0], [0.0, 0.9978798224298283, 0.0, 0.0, 0.0, 0.0, 0.0, 0.0, 0.0, 0.0, 0.9853845436622484, 0.9840539472109148, 0.9859558025964581, 0.0, 0.0, 0.0, 0.0, 0.0, 0.0], [0.0, 0.9992369037009708, 0.0, 0.0, 0.0, 0.0, 0.0, 0.0, 0.0, 0.0, 0.0, 0.0, 0.0, 0.9832049728452137, 0.9854132097108362, 0.9852231675471687, 0.0, 0.0, 0.0], [0.0, 0.960417633504677, 0.0, 0.0, 0.0, 1.0134501472498663, 0.0, 0.0, 0.0, 0.0, 0.0, 0.0, 0.0, 0.0, 0.0, 0.0, 0.9415657834755988, 0.9711001019459164, 0.0], [0.0, 0.0, 0.0, 0.0, 1.0134501472498663, 0.0, 1.9228196361669474, 0.0, 0.0, 0.0, 0.0, 0.0, 0.0, 0.0, 0.0, 0.0, 0.0, 0.0, 0.9290154480100239], [0.0, 0.0, 0.0, 0.0, 0.0, 1.9228196361669474, 0.0, 0.0, 0.0, 0.0, 0.0, 0.0, 0.0, 0.0, 0.0, 0.0, 0.0, 0.0, 0.0], [0.9843811895427752, 0.0, 0.0, 0.0, 0.0, 0.0, 0.0, 0.0, 0.0, 0.0, 0.0, 0.0, 0.0, 0.0, 0.0, 0.0, 0.0, 0.0, 0.0], [0.9831476643971747, 0.0, 0.0, 0.0, 0.0, 0.0, 0.0, 0.0, 0.0, 0.0, 0.0, 0.0, 0.0, 0.0, 0.0, 0.0, 0.0, 0.0, 0.0], [0.9856617505042877, 0.0, 0.0, 0.0, 0.0, 0.0, 0.0, 0.0, 0.0, 0.0, 0.0, 0.0, 0.0, 0.0, 0.0, 0.0, 0.0, 0.0, 0.0], [0.0, 0.0, 0.9853845436622484, 0.0, 0.0, 0.0, 0.0, 0.0, 0.0, 0.0, 0.0, 0.0, 0.0, 0.0, 0.0, 0.0, 0.0, 0.0, 0.0], [0.0, 0.0, 0.9840539472109148, 0.0, 0.0, 0.0, 0.0, 0.0, 0.0, 0.0, 0.0, 0.0, 0.0, 0.0, 0.0, 0.0, 0.0, 0.0, 0.0], [0.0, 0.0, 0.9859558025964581, 0.0, 0.0, 0.0, 0.0, 0.0, 0.0, 0.0, 0.0, 0.0, 0.0, 0.0, 0.0, 0.0, 0.0, 0.0, 0.0], [0.0, 0.0, 0.0, 0.9832049728452137, 0.0, 0.0, 0.0, 0.0, 0.0, 0.0, 0.0, 0.0, 0.0, 0.0, 0.0, 0.0, 0.0, 0.0, 0.0], [0.0, 0.0, 0.0, 0.9854132097108362, 0.0, 0.0, 0.0, 0.0, 0.0, 0.0, 0.0, 0.0, 0.0, 0.0, 0.0, 0.0, 0.0, 0.0, 0.0], [0.0, 0.0, 0.0, 0.9852231675471687, 0.0, 0.0, 0.0, 0.0, 0.0, 0.0, 0.0, 0.0, 0.0, 0.0, 0.0, 0.0, 0.0, 0.0, 0.0], [0.0, 0.0, 0.0, 0.0, 0.9415657834755988, 0.0, 0.0, 0.0, 0.0, 0.0, 0.0, 0.0, 0.0, 0.0, 0.0, 0.0, 0.0, 0.0, 0.0], [0.0, 0.0, 0.0, 0.0, 0.9711001019459164, 0.0, 0.0, 0.0, 0.0, 0.0, 0.0, 0.0, 0.0, 0.0, 0.0, 0.0, 0.0, 0.0, 0.0], [0.0, 0.0, 0.0, 0.0, 0.0, 0.9290154480100239, 0.0, 0.0, 0.0, 0.0, 0.0, 0.0, 0.0, 0.0, 0.0, 0.0, 0.0, 0.0, 0.0]], "Born radii": [], "Atomic SASAs": [], "Solvent H bonds": [], "Total SASA": NaN, "Total FOD": 0.0, "FOD": [0.0, 0.0, 0.0, 0.0, 0.0, 0.0, 0.0, 0.0, 0.0, 0.0, 0.0, 0.0, 0.0, 0.0, 0.0, 0.0, 0.0, 0.0, 0.0], "FOD s proportion": [0.0, 0.0, 0.0, 0.0, 0.0, 0.0, 0.0, 0.0, 0.0, 0.0, 0.0, 0.0, 0.0, 0.0, 0.0, 0.0, 0.0, 0.0, 0.0], "FOD p proportion": [0.0, 0.0, 0.0, 0.0, 0.0, 0.0, 0.0, 0.0, 0.0, 0.0, 0.0, 0.0, 0.0, 0.0, 0.0, 0.0, 0.0, 0.0, 0.0], "FOD d proportion": [0.0, 0.0, 0.0, 0.0, 0.0, 0.0, 0.0, 0.0, 0.0, 0.0, 0.0, 0.0, 0.0, 0.0, 0.0, 0.0, 0.0, 0.0, 0.0], "coordinates": [["-0.83693001588466", "0.31552285884275", "1.30632443593828"], ["-0.31312704407875", "0.03485014104335", "-0.10371068087371"], ["-1.44286565110189", "-0.56876758807711", "-0.94267081052289"], ["0.16481687546223", "1.33623564735521", "-0.75068909024686"], ["0.85445544518543", "-0.97453774622590", "-0.07219669417046"], ["2.08197731258786", "-0.46354534136867", "0.61854684890319"], ["3.18083244030104", "-0.43100369194010", "0.13937598201768"], ["-1.72219830320877", "0.94537023769901", "1.25246436940047"], ["-0.09676374060546", "0.83366350319550", "1.91003405740609"], ["-1.10938676897751", "-0.60992512599127", "1.80930232911274"], ["-1.10064700941109", "-0.78621462410460", "-1.95176641358515"], ["-2.27652552746086", "0.12647032794382", "-1.00878214070943"], ["-1.80317175455875", "-1.49267375451192", "-0.49558469409726"], ["0.97090272433765", "1.78166274426703", "-0.17130415246827"], ["-0.65181795508113", "2.05220666559443", "-0.81154940383616"], ["0.53379631319861", "1.15028817214022", "-1.75670869766004"], ["0.53203797047405", "-1.87212033519564", "0.46337402673243"], ["1.12388871145773", "-1.25705431682595", "-1.09196819306624"], ["1.91072697736429", "-0.12042877384017", "1.65750892172559"]], "bond_dist": [[0.0, 1.53014566575624, 2.4914066723730133, 2.5053255432906645, 2.5348297080525253, 3.0983875261204905, 4.249880673556231, 1.0877998749592324, 1.0866375428098247, 1.0879675619987321, 3.4494243168613057, 2.732744876059072, 2.7294824789708145, 2.757029493046449, 2.745127815036919, 3.4580190535981528, 2.714852018891236, 3.4741353729047733, 2.804104727296479], [1.53014566575624, 0.0, 1.5311818253388767, 1.5299070849106433, 1.5437311642770422, 2.550799654134271, 3.533251165409634, 2.1572527498432508, 2.177173336597772, 2.1701113959547866, 2.1701716603928194, 2.1639043903564703, 2.1695916051095203, 2.169021805875351, 2.164595698524218, 2.166537241272062, 2.1615793681176587, 2.170411094776199, 2.841044304243744], [2.4914066723730133, 1.5311818253388767, 0.0, 2.5001074805190564, 2.4899917325024217, 3.8565515969554145, 4.7506197693321335, 2.6812792738012696, 3.4520614685598985, 2.772410191336424, 1.0875066658726384, 1.087527129456094, 1.0878001140214522, 3.456270683646432, 2.740885863928001, 2.7431738751933694, 2.7524416037960773, 2.6616266242891613, 4.2671449295811215], [2.5053255432906645, 1.5299070849106433, 2.5001074805190564, 0.0, 2.505120149786376, 2.9647129382305737, 3.6071734921636596, 2.779608935785306, 2.7203769678564518, 3.459001698526739, 2.7475044559337785, 2.7368406747667833, 3.4555442270066448, 1.0880563407035497, 1.0877549922594134, 1.0875650507031076, 3.4499780717275548, 2.785936655946022, 3.3120221896551647], [2.5348297080525253, 1.5437311642770422, 2.4899917325024217, 2.505120149786376, 0.0, 1.4983490297894089, 2.398379075309178, 3.4756176629763753, 2.8466907893765927, 2.7440220807381266, 2.718579323182509, 3.4485435953643715, 2.7405664842117368, 2.7604389869920465, 3.4607345636621996, 2.730437355477588, 1.0938206110278441, 1.0919449654620508, 2.1993392653393924], [3.0983875261204905, 2.550799654134271, 3.8565515969554145, 2.9647129382305737, 1.4983490297894089, 0.0, 1.1992273638976443, 4.105928232148573, 2.845628677992274, 3.40941789109238, 4.103623192780259, 4.689655119215129, 4.1707046958274905, 2.626653896657646, 3.9809320539501, 3.2623859256185086, 2.100112873682573, 2.1150536566599043, 1.1074736317358271], [4.249880673556231, 3.533251165409634, 4.7506197693321335, 3.6071734921636596, 2.398379075309178, 1.1992273638976443, 0.0, 5.212780584689805, 3.9341136053097414, 4.607238625027778, 4.778087232703481, 5.604623122559096, 5.135232827862198, 3.142642877162437, 4.664740273847103, 3.619726692735324, 3.0328046517758347, 2.535662756759113, 2.003584859535711], [1.0877998749592324, 2.1572527498432508, 2.6812792738012696, 2.779608935785306, 3.4756176629763753, 4.105928232148573, 5.212780584689805, 0.0, 1.75696152673377, 1.7619733704514022, 3.6948351864571225, 2.4680177295206547, 3.0010482728830983, 3.1590022325059697, 2.575063848506412, 3.766513721817178, 3.6935752158077944, 4.2950261062515045, 3.807641621344241], [1.0866375428098247, 2.177173336597772, 3.4520614685598985, 2.7203769678564518, 2.8466907893765927, 2.845628677992274, 3.9341136053097414, 1.75696152673377, 0.0, 1.7662107487476357, 4.306424229269722, 3.710925980525499, 3.7564178314274663, 2.5240013837792006, 3.033141796247537, 3.734013871729415, 3.132009421490287, 3.856567246078312, 2.2369801071945785], [1.0879675619987321, 2.1701113959547866, 2.772410191336424, 3.459001698526739, 2.7440220807381266, 3.40941789109238, 4.607238625027778, 1.7619733704514022, 1.7662107487476357, 0.0, 3.765208155977756, 3.137848183896605, 2.563803217318932, 3.737659555396235, 3.7636655937161954, 4.302886954073254, 2.469602177795126, 3.7180191236743645, 3.063288259067066], [3.4494243168613057, 2.1701716603928194, 1.0875066658726384, 2.7475044559337785, 2.718579323182509, 4.103623192780259, 4.778087232703481, 3.6948351864571225, 4.306424229269722, 3.765208155977756, 0.0, 1.7620736221274922, 1.7643952846942659, 3.7490476579594345, 3.0916302765932997, 2.54155377028096, 3.110908999533749, 2.4309467640552684, 4.747474331970868], [2.732744876059072, 2.1639043903564703, 1.087527129456094, 2.7368406747667833, 3.4485435953643715, 4.689655119215129, 5.604623122559096, 2.4680177295206547, 3.710925980525499, 3.137848183896605, 1.7620736221274922, 0.0, 1.7632535192879535, 3.739895929891827, 2.527258572127225, 3.08310005688667, 3.7482845865886047, 3.672039945075805, 4.970226426959551], [2.7294824789708145, 2.1695916051095203, 1.0878001140214522, 3.4555442270066448, 2.7405664842117368, 4.1707046958274905, 5.135232827862198, 3.0010482728830983, 3.7564178314274663, 2.563803217318932, 1.7643952846942659, 1.7632535192879535, 0.0, 4.303710793185285, 3.7405382583560502, 3.74661196920799, 2.552799638776151, 2.9964767259190497, 4.506873882909915], [2.757029493046449, 2.169021805875351, 3.456270683646432, 1.0880563407035497, 2.7604389869920465, 2.626653896657646, 3.142642877162437, 3.1590022325059697, 2.5240013837792006, 3.737659555396235, 3.7490476579594345, 3.739895929891827, 4.303710793185285, 0.0, 1.7653131163280031, 1.7615911662193038, 3.734374037921883, 3.178809268465607, 2.8010317795724546], [2.745127815036919, 2.164595698524218, 2.740885863928001, 1.0877549922594134, 3.4607345636621996, 3.9809320539501, 4.664740273847103, 2.575063848506412, 3.033141796247537, 3.7636655937161954, 3.0916302765932997, 2.527258572127225, 3.7405382583560502, 1.7653131163280031, 0.0, 1.7642177452584673, 4.292701598692236, 3.766029356326596, 4.169320124254634], [3.4580190535981528, 2.166537241272062, 2.7431738751933694, 1.0875650507031076, 2.730437355477588, 3.2623859256185086, 3.619726692735324, 3.766513721817178, 3.734013871729415, 4.302886954073254, 2.54155377028096, 3.08310005688667, 3.74661196920799, 1.7615911662193038, 1.7642177452584673, 0.0, 3.750163140468853, 2.5662008565411742, 3.8945528065805894], [2.714852018891236, 2.1615793681176587, 2.7524416037960773, 3.4499780717275548, 1.0938206110278441, 2.100112873682573, 3.0328046517758347, 3.6935752158077944, 3.132009421490287, 2.469602177795126, 3.110908999533749, 3.7482845865886047, 2.552799638776151, 3.734374037921883, 4.292701598692236, 3.750163140468853, 0.0, 1.7741710535470725, 2.5288663174008006], [3.4741353729047733, 2.170411094776199, 2.6616266242891613, 2.785936655946022, 1.0919449654620508, 2.1150536566599043, 2.535662756759113, 4.2950261062515045, 3.856567246078312, 3.7180191236743645, 2.4309467640552684, 3.672039945075805, 2.9964767259190497, 3.178809268465607, 3.766029356326596, 2.5662008565411742, 1.7741710535470725, 0.0, 3.0774431735495242], [2.804104727296479, 2.841044304243744, 4.2671449295811215, 3.3120221896551647, 2.1993392653393924, 1.1074736317358271, 2.003584859535711, 3.807641621344241, 2.2369801071945785, 3.063288259067066, 4.747474331970868, 4.970226426959551, 4.506873882909915, 2.8010317795724546, 4.169320124254634, 3.8945528065805894, 2.5288663174008006, 3.0774431735495242, 0.0]]}