{"total energy": -29.35439061, "HOMO-LUMO gap/eV": 3.97857084, "electronic energy": -29.75998121, "dipole": [0.12496976, 0.35122241, 1.15713432], "partial charges": [-0.10251262, -0.05388209, -0.05991628, -0.05570607, -0.08742515, 0.2341601, -0.35033828, -0.08234088, -0.1002804, 0.03323071, 0.03415449, 0.03323071, 0.03144365, 0.03144365, 0.02944878, 0.02944877, 0.04458373, 0.04458375, 0.05277683, 0.05277669, 0.05282109, 0.05282117, 0.04960705, 0.0496071, 0.0362635], "atomic dipole moments": [[-0.08486147, -0.01867507, -0.04523782], [0.00925377, 0.03305614, 0.10942834], [-0.01614729, -0.03321705, -0.10853425], [-0.00347118, 0.03649382, 0.12365914], [-0.00689304, -0.02549442, -0.08444692], [-0.00153195, -0.00781763, -0.02601457], [0.01433782, 0.04921662, 0.16280944], [-0.00910816, -0.02580579, -0.08503491], [0.0977982, 0.02427926, 0.06141953], [0.00505545, 0.11651299, 0.04011992], [0.093602, -0.01766911, -0.07901413], [0.01686416, -0.07450569, 0.09682428], [-0.01255444, 0.07360977, -0.09720299], [-0.00086456, -0.11548584, -0.04106947], [0.00210559, 0.11469728, 0.04075808], [0.01370822, -0.07298248, 0.09647151], [-0.01560742, 0.07351579, -0.10001146], [-0.00381183, -0.11728029, -0.04337333], [0.00080642, 0.12095014, 0.04435282], [0.01300614, -0.07637471, 0.10292944], [0.01172929, -0.07684951, 0.10298273], [-0.00051773, 0.12122913, 0.0441828], [-0.00017761, -0.11912139, -0.04347181], [-0.01220498, 0.07540452, -0.10121727], [-0.09554437, 0.01687841, 0.07675824]], "atomic quadrupole moments": [[0.15579224, 0.05713647, -0.11266745, 0.13380019, 0.03285954, -0.04312479], [0.22291056, 0.02123714, -0.21938795, -0.02510744, 0.06899796, -0.0035226], [0.22327929, 0.02247598, -0.2234909, -0.02205567, 0.07178135, 0.00021161], [0.23923298, 0.01809728, -0.23817944, -0.0433094, 0.07462148, -0.00105354], [0.19356734, 0.01806311, -0.21867685, -0.03004517, 0.07768867, 0.0251095], [-0.27886817, -0.05175145, 0.53393125, 0.01151771, -0.25710754, -0.25506308], [-0.12743218, -0.02258495, 0.23247945, 0.00596761, -0.10992721, -0.10504727], [0.19528633, 0.02533687, -0.21301962, -0.00467358, 0.07531186, 0.01773329], [0.17111475, 0.06361836, -0.12789552, 0.14880496, 0.03893551, -0.04321923], [-0.03533377, -0.00772891, 0.07315589, 0.00909234, 0.03744902, -0.03782212], [0.02780619, -0.01166778, -0.05047261, -0.0566763, 0.01973254, 0.02266642], [-0.03657566, 0.00433998, 0.00766684, 0.01305895, -0.06522814, 0.02890882], [-0.01685511, -0.00572888, 0.00407018, 0.00434263, -0.04869608, 0.01278493], [-0.01776074, 0.00011427, 0.05202773, -0.00273126, 0.02343704, -0.03426699], [-0.02173321, -0.00067512, 0.05384181, -0.0023318, 0.02304887, -0.0321086], [-0.02094738, -0.00556471, 0.00646026, 0.00440633, -0.04840124, 0.01448712], [-0.01716783, -0.00487332, 0.00668609, 0.00326528, -0.04752278, 0.01048174], [-0.01778261, -0.00129348, 0.05179699, -0.00284481, 0.0207281, -0.03401438], [-0.01863196, 0.00334892, 0.05700501, -0.0223974, 0.03154183, -0.03837305], [-0.01567571, -0.01866784, -0.00407379, -0.00924836, -0.05729015, 0.01974949], [-0.00843666, 0.00749666, -0.00449045, 0.01788717, -0.05940493, 0.01292711], [-0.00741788, -0.00258563, 0.05511859, 0.01401931, 0.03386539, -0.04770071], [-0.03186963, -0.00788867, 0.07042476, 0.00879332, 0.03462073, -0.03855513], [-0.03319019, 0.00471537, 0.00815703, 0.01224536, -0.06324144, 0.02503317], [0.03293882, -0.01169016, -0.05180122, -0.05804407, 0.01883285, 0.0188624]], "number of molecular orbitals": 52, "number of electrons": 54, "number of unpaired electrons": 0, "orbital energies/eV": [-19.23432569, -17.47276405, -17.21916217, -16.89219425, -16.43501612, -15.94910689, -15.42128225, -15.31033972, -15.16925322, -14.92450475, -14.71625825, -14.15471078, -13.84697991, -13.63637147, -13.39856869, -13.30995489, -13.16216818, -12.83918965, -12.64041134, -12.43332178, -12.28386727, -12.11059439, -11.92269248, -11.8011449, -11.77372115, -11.47927221, -10.61611955, -6.6375487, 0.9178097, 2.83858891, 2.94531846, 3.10965578, 3.4285617, 3.66144314, 3.93972498, 4.2549805, 4.27205618, 4.56576846, 4.59798478, 4.91768047, 5.01384134, 5.1318002, 5.55734589, 6.13987223, 6.30553451, 6.76747777, 7.38111051, 7.43663769, 7.59072602, 7.61150234, 8.52509208, 17.43445645], "fractional occupation": [2.0, 2.0, 2.0, 2.0, 2.0, 2.0, 2.0, 2.0, 2.0, 2.0, 2.0, 2.0, 2.0, 2.0, 2.0, 2.0, 2.0, 2.0, 2.0, 2.0, 2.0, 2.0, 2.0, 2.0, 2.0, 2.0, 2.0, 0.0, 0.0, 0.0, 0.0, 0.0, 0.0, 0.0, 0.0, 0.0, 0.0, 0.0, 0.0, 0.0, 0.0, 0.0, 0.0, 0.0, 0.0, 0.0, 0.0, 0.0, 0.0, 0.0, 0.0, 0.0], "program call": "xtb /tmp/scratch/tmprvww3g7d/4525_0_xyzopt.xyz --pop --wbo --acc 0.2 --gfn 2 --chrg 0 --uhf 0 --etemp 300 --input /tmp/scratch/tmprvww3g7d/4525_0_xtb.inp", "method": "GFN2-xTB", "xtb version": "6.3.3 (7355c4f)", "Dipole module/D": 3.09, "Total charge": 0, "Transition dipole module/D": NaN, "HOMO": -10.6161, "LUMO": -6.6375, "HOMO occupancy": 2.0, "LUMO occupancy": 0, "mulliken charges": [-0.08586, -0.0387, -0.05035, -0.03503, -0.09019, 0.39893, -0.48546, -0.08345, -0.07269, 0.0275, 0.03077, 0.0275, 0.02485, 0.02485, 0.02164, 0.02164, 0.03777, 0.03777, 0.04384, 0.04384, 0.0435, 0.0435, 0.04302, 0.04302, 0.02777], "cm5 charges": [-0.23852, -0.15237, -0.16203, -0.14476, -0.19327, 0.41819, -0.54021, -0.18825, -0.22313, 0.07964, 0.08236, 0.07964, 0.08013, 0.08013, 0.07756, 0.07756, 0.0961, 0.0961, 0.10069, 0.10069, 0.09965, 0.09965, 0.09745, 0.09745, 0.07955], "FUKUI+": [0.009, 0.004, 0.006, 0.014, 0.032, -0.191, -0.294, 0.03, 0.031, -0.01, -0.019, -0.01, -0.01, -0.01, -0.018, -0.018, -0.021, -0.021, -0.095, -0.095, -0.096, -0.096, -0.03, -0.03, -0.061], "FUKUI-": [0.015, 0.001, 0.002, 0.007, -0.01, -0.03, -0.146, -0.013, 0.017, -0.058, -0.063, -0.058, -0.069, -0.069, -0.051, -0.051, -0.033, -0.033, -0.051, -0.051, -0.057, -0.057, -0.035, -0.035, -0.073], "FUKUIrad": [0.012, 0.002, 0.004, 0.011, 0.011, -0.11, -0.22, 0.009, 0.024, -0.034, -0.041, -0.034, -0.039, -0.039, -0.034, -0.034, -0.027, -0.027, -0.073, -0.073, -0.076, -0.076, -0.032, -0.032, -0.067], "s proportion": [1.005, 1.026, 1.031, 1.026, 1.042, 1.07, 1.728, 1.038, 1.001, 0.972, 0.969, 0.972, 0.975, 0.975, 0.978, 0.978, 0.962, 0.962, 0.956, 0.956, 0.957, 0.957, 0.957, 0.957, 0.972], "p proportion": [3.081, 3.013, 3.019, 3.009, 3.048, 2.531, 4.757, 3.046, 3.072, 0.0, 0.0, 0.0, 0.0, 0.0, 0.0, 0.0, 0.0, 0.0, 0.0, 0.0, 0.0, 0.0, 0.0, 0.0, 0.0], "d proportion": [0.0, 0.0, 0.0, 0.0, 0.0, 0.0, 0.0, 0.0, 0.0, 0.0, 0.0, 0.0, 0.0, 0.0, 0.0, 0.0, 0.0, 0.0, 0.0, 0.0, 0.0, 0.0, 0.0, 0.0, 0.0], "Fermi-level/eV": -8.6268, "Coordination numbers": [3.752, 3.801, 3.803, 3.804, 3.804, 2.812, 0.857, 3.802, 3.753, 0.925, 0.925, 0.925, 0.924, 0.924, 0.924, 0.924, 0.924, 0.924, 0.924, 0.924, 0.924, 0.924, 0.925, 0.925, 0.925], "Dispersion coefficient C6": [22.519, 21.542, 21.651, 21.573, 22.165, 23.101, 20.714, 22.07, 22.475, 2.541, 2.528, 2.541, 2.566, 2.566, 2.594, 2.594, 2.389, 2.389, 2.286, 2.286, 2.285, 2.285, 2.325, 2.325, 2.499], "Total dispersion C6": 4492.107151, "Total dispersion C8": 95542.766903, "Polarizability alpha": [6.767, 6.608, 6.624, 6.612, 6.702, 7.875, 6.102, 6.689, 6.76, 2.493, 2.486, 2.493, 2.505, 2.505, 2.519, 2.519, 2.417, 2.417, 2.364, 2.364, 2.364, 2.364, 2.384, 2.384, 2.472], "Total polarizability alpha": 99.791105, "Wiberg matrix": [[0.0, 1.0192185880068427, 0.0, 0.0, 0.0, 0.0, 0.0, 0.0, 0.0, 0.9879800374346319, 0.9874263817399418, 0.9879800292496941, 0.0, 0.0, 0.0, 0.0, 0.0, 0.0, 0.0, 0.0, 0.0, 0.0, 0.0, 0.0, 0.0], [1.0192185880068427, 0.0, 1.0076619101007152, 0.0, 0.0, 0.0, 0.0, 0.0, 0.0, 0.0, 0.0, 0.0, 0.9784632788474503, 0.9784632558264984, 0.0, 0.0, 0.0, 0.0, 0.0, 0.0, 0.0, 0.0, 0.0, 0.0, 0.0], [0.0, 1.0076619101007152, 0.0, 1.0074109872808001, 0.0, 0.0, 0.0, 0.0, 0.0, 0.0, 0.0, 0.0, 0.0, 0.0, 0.9773773408090123, 0.9773772931338961, 0.0, 0.0, 0.0, 0.0, 0.0, 0.0, 0.0, 0.0, 0.0], [0.0, 0.0, 1.0074109872808001, 0.0, 1.0071367179859159, 0.0, 0.0, 0.0, 0.0, 0.0, 0.0, 0.0, 0.0, 0.0, 0.0, 0.0, 0.9761993560541182, 0.9761993018966846, 0.0, 0.0, 0.0, 0.0, 0.0, 0.0, 0.0], [0.0, 0.0, 0.0, 1.0071367179859159, 0.0, 0.9847792365734772, 0.0, 0.0, 0.0, 0.0, 0.0, 0.0, 0.0, 0.0, 0.0, 0.0, 0.0, 0.0, 0.953744613513336, 0.9537447925224583, 0.0, 0.0, 0.0, 0.0, 0.0], [0.0, 0.0, 0.0, 0.0, 0.9847792365734772, 0.0, 1.876106843742165, 0.9837486478697647, 0.0, 0.0, 0.0, 0.0, 0.0, 0.0, 0.0, 0.0, 0.0, 0.0, 0.0, 0.0, 0.0, 0.0, 0.0, 0.0, 0.0], [0.0, 0.0, 0.0, 0.0, 0.0, 1.876106843742165, 0.0, 0.0, 0.0, 0.0, 0.0, 0.0, 0.0, 0.0, 0.0, 0.0, 0.0, 0.0, 0.0, 0.0, 0.0, 0.0, 0.0, 0.0, 0.0], [0.0, 0.0, 0.0, 0.0, 0.0, 0.9837486478697647, 0.0, 0.0, 1.0200031505221936, 0.0, 0.0, 0.0, 0.0, 0.0, 0.0, 0.0, 0.0, 0.0, 0.0, 0.0, 0.9553443258179655, 0.9553442178148485, 0.0, 0.0, 0.0], [0.0, 0.0, 0.0, 0.0, 0.0, 0.0, 0.0, 1.0200031505221936, 0.0, 0.0, 0.0, 0.0, 0.0, 0.0, 0.0, 0.0, 0.0, 0.0, 0.0, 0.0, 0.0, 0.0, 0.9866317286212455, 0.9866317214455899, 0.9872771255680808], [0.9879800374346319, 0.0, 0.0, 0.0, 0.0, 0.0, 0.0, 0.0, 0.0, 0.0, 0.0, 0.0, 0.0, 0.0, 0.0, 0.0, 0.0, 0.0, 0.0, 0.0, 0.0, 0.0, 0.0, 0.0, 0.0], [0.9874263817399418, 0.0, 0.0, 0.0, 0.0, 0.0, 0.0, 0.0, 0.0, 0.0, 0.0, 0.0, 0.0, 0.0, 0.0, 0.0, 0.0, 0.0, 0.0, 0.0, 0.0, 0.0, 0.0, 0.0, 0.0], [0.9879800292496941, 0.0, 0.0, 0.0, 0.0, 0.0, 0.0, 0.0, 0.0, 0.0, 0.0, 0.0, 0.0, 0.0, 0.0, 0.0, 0.0, 0.0, 0.0, 0.0, 0.0, 0.0, 0.0, 0.0, 0.0], [0.0, 0.9784632788474503, 0.0, 0.0, 0.0, 0.0, 0.0, 0.0, 0.0, 0.0, 0.0, 0.0, 0.0, 0.0, 0.0, 0.0, 0.0, 0.0, 0.0, 0.0, 0.0, 0.0, 0.0, 0.0, 0.0], [0.0, 0.9784632558264984, 0.0, 0.0, 0.0, 0.0, 0.0, 0.0, 0.0, 0.0, 0.0, 0.0, 0.0, 0.0, 0.0, 0.0, 0.0, 0.0, 0.0, 0.0, 0.0, 0.0, 0.0, 0.0, 0.0], [0.0, 0.0, 0.9773773408090123, 0.0, 0.0, 0.0, 0.0, 0.0, 0.0, 0.0, 0.0, 0.0, 0.0, 0.0, 0.0, 0.0, 0.0, 0.0, 0.0, 0.0, 0.0, 0.0, 0.0, 0.0, 0.0], [0.0, 0.0, 0.9773772931338961, 0.0, 0.0, 0.0, 0.0, 0.0, 0.0, 0.0, 0.0, 0.0, 0.0, 0.0, 0.0, 0.0, 0.0, 0.0, 0.0, 0.0, 0.0, 0.0, 0.0, 0.0, 0.0], [0.0, 0.0, 0.0, 0.9761993560541182, 0.0, 0.0, 0.0, 0.0, 0.0, 0.0, 0.0, 0.0, 0.0, 0.0, 0.0, 0.0, 0.0, 0.0, 0.0, 0.0, 0.0, 0.0, 0.0, 0.0, 0.0], [0.0, 0.0, 0.0, 0.9761993018966846, 0.0, 0.0, 0.0, 0.0, 0.0, 0.0, 0.0, 0.0, 0.0, 0.0, 0.0, 0.0, 0.0, 0.0, 0.0, 0.0, 0.0, 0.0, 0.0, 0.0, 0.0], [0.0, 0.0, 0.0, 0.0, 0.953744613513336, 0.0, 0.0, 0.0, 0.0, 0.0, 0.0, 0.0, 0.0, 0.0, 0.0, 0.0, 0.0, 0.0, 0.0, 0.0, 0.0, 0.0, 0.0, 0.0, 0.0], [0.0, 0.0, 0.0, 0.0, 0.9537447925224583, 0.0, 0.0, 0.0, 0.0, 0.0, 0.0, 0.0, 0.0, 0.0, 0.0, 0.0, 0.0, 0.0, 0.0, 0.0, 0.0, 0.0, 0.0, 0.0, 0.0], [0.0, 0.0, 0.0, 0.0, 0.0, 0.0, 0.0, 0.9553443258179655, 0.0, 0.0, 0.0, 0.0, 0.0, 0.0, 0.0, 0.0, 0.0, 0.0, 0.0, 0.0, 0.0, 0.0, 0.0, 0.0, 0.0], [0.0, 0.0, 0.0, 0.0, 0.0, 0.0, 0.0, 0.9553442178148485, 0.0, 0.0, 0.0, 0.0, 0.0, 0.0, 0.0, 0.0, 0.0, 0.0, 0.0, 0.0, 0.0, 0.0, 0.0, 0.0, 0.0], [0.0, 0.0, 0.0, 0.0, 0.0, 0.0, 0.0, 0.0, 0.9866317286212455, 0.0, 0.0, 0.0, 0.0, 0.0, 0.0, 0.0, 0.0, 0.0, 0.0, 0.0, 0.0, 0.0, 0.0, 0.0, 0.0], [0.0, 0.0, 0.0, 0.0, 0.0, 0.0, 0.0, 0.0, 0.9866317214455899, 0.0, 0.0, 0.0, 0.0, 0.0, 0.0, 0.0, 0.0, 0.0, 0.0, 0.0, 0.0, 0.0, 0.0, 0.0, 0.0], [0.0, 0.0, 0.0, 0.0, 0.0, 0.0, 0.0, 0.0, 0.9872771255680808, 0.0, 0.0, 0.0, 0.0, 0.0, 0.0, 0.0, 0.0, 0.0, 0.0, 0.0, 0.0, 0.0, 0.0, 0.0, 0.0]], "Born radii": [], "Atomic SASAs": [], "Solvent H bonds": [], "Total SASA": NaN, "Total FOD": 0.0, "FOD": [0.0, 0.0, 0.0, 0.0, 0.0, 0.0, 0.0, 0.0, 0.0, 0.0, 0.0, 0.0, 0.0, 0.0, 0.0, 0.0, 0.0, 0.0, 0.0, 0.0, 0.0, 0.0, 0.0, 0.0, 0.0], "FOD s proportion": [0.0, 0.0, 0.0, 0.0, 0.0, 0.0, 0.0, 0.0, 0.0, 0.0, 0.0, 0.0, 0.0, 0.0, 0.0, 0.0, 0.0, 0.0, 0.0, 0.0, 0.0, 0.0, 0.0, 0.0, 0.0], "FOD p proportion": [0.0, 0.0, 0.0, 0.0, 0.0, 0.0, 0.0, 0.0, 0.0, 0.0, 0.0, 0.0, 0.0, 0.0, 0.0, 0.0, 0.0, 0.0, 0.0, 0.0, 0.0, 0.0, 0.0, 0.0, 0.0], "FOD d proportion": [0.0, 0.0, 0.0, 0.0, 0.0, 0.0, 0.0, 0.0, 0.0, 0.0, 0.0, 0.0, 0.0, 0.0, 0.0, 0.0, 0.0, 0.0, 0.0, 0.0, 0.0, 0.0, 0.0, 0.0, 0.0], "coordinates": [["4.36190260474395", "0.25000903695065", "-0.23762379697033"], ["3.02706317877340", "-0.03377032135987", "-0.91560317013037"], ["1.85044871782713", "0.17554083628434", "0.03453057598787"], ["0.51371299559612", "-0.10842293179545", "-0.64366418642804"], ["-0.66445415981048", "0.09990359117273", "0.30349244003302"], ["-1.99826505520135", "-0.17991069209448", "-0.36131023880403"], ["-2.09764990604526", "-0.52684243740080", "-1.50932014281219"], ["-3.19829836455499", "0.01552788169712", "0.54700360902861"], ["-4.51302281835399", "-0.27671064752609", "-0.16362095431210"], ["4.40023512935797", "1.27856021676197", "0.11510821907583"], ["5.18453259423919", "0.09483124935865", "-0.93168047840479"], ["4.50457228766035", "-0.40920552522241", "0.61612577001779"], ["2.91180289283510", "0.62317703319229", "-1.78043884060047"], ["3.01606449944325", "-1.06336021506965", "-1.27978608678282"], ["1.86186749046621", "1.20603191196290", "0.39904509061145"], ["1.96621937075355", "-0.48192574841702", "0.90012168785358"], ["0.39233841564011", "0.54549239919133", "-1.50920688086916"], ["0.49632845567304", "-1.13656759887405", "-1.00988486413218"], ["-0.67421350614336", "1.12815352502741", "0.67412434111937"], ["-0.57016498678127", "-0.55476941287652", "1.17370731281588"], ["-3.08006414191274", "-0.63900949126238", "1.41390901162001"], ["-3.18415825043175", "1.04457570207098", "0.91413330168734"], ["-4.52467976148807", "-1.30262544022964", "-0.52240512624595"], ["-4.62871742811013", "0.38003985249468", "-1.02190800121860"], ["-5.35340125417598", "-0.12872177403673", "0.50994240786028"]], "bond_dist": [[0.0, 1.523805449445236, 2.527254269308957, 3.8861170262928906, 5.057627976767659, 6.375881270219026, 6.629217785596785, 7.604423730605909, 8.890849864455417, 1.0880288539733363, 1.0874350198621998, 1.0880288601580788, 2.149958554658345, 2.1499584266071174, 2.751272902236894, 2.751270883771918, 4.178716765711017, 4.178713369547401, 5.192772659339936, 5.192765600537923, 7.674684594151104, 7.674693155406526, 9.025692238108874, 9.025699878745222, 9.751380483241359], [1.523805449445236, 0.0, 1.5267569832605716, 2.529120986900225, 3.889905279396509, 5.057916717469809, 5.182499798068412, 6.395058658716, 7.58138470855168, 2.161059604684416, 2.1613586288496682, 2.161059533013985, 1.092156351941025, 1.092156361038935, 2.1501373489322226, 2.1501371192823187, 2.7621884878282676, 2.762185567955635, 4.19246343849724, 4.19245856539693, 6.56429322690408, 6.564300217476827, 7.667686707879078, 7.66769302188293, 8.501375187887175], [2.527254269308957, 1.5267569832605716, 0.0, 1.5255969154527371, 2.530375063327302, 3.8853099549947197, 4.297010594461594, 5.0772118192066475, 6.382598642038857, 2.779308413023316, 3.472202922353928, 2.7793080435529847, 2.1496429547113354, 2.1496428204320974, 1.0931207969812864, 1.093120819954865, 2.155475619891039, 2.1554753168503735, 2.7731697503566224, 2.773165592729275, 5.184219725749832, 5.18422509907234, 6.567908041775678, 6.567912625918567, 7.225928768335105], [3.8861170262928906, 2.529120986900225, 1.5255969154527371, 0.0, 1.525969679023796, 2.528807620065174, 2.7827416914911938, 3.900266906404479, 5.052408851549411, 4.195773124700279, 4.684103048574921, 4.195771537146159, 2.7528767277846953, 2.7528747403222105, 2.1523370355830496, 2.1523368578195865, 1.0915590706230434, 1.0915590975520209, 2.1626042889162935, 2.16260394620005, 4.174968703654437, 4.1749719299506864, 5.179403919899006, 5.179406813306272, 5.97948575023477], [5.057627976767659, 3.889905279396509, 2.530375063327302, 1.525969679023796, 0.0, 1.516347631505604, 2.3943997351904467, 2.546916450080852, 3.895062762971953, 5.203440943411262, 5.977986610568992, 5.203437912194871, 4.172073727071825, 4.17207037063189, 2.7595201125817845, 2.7595171795393103, 2.1450498272436826, 2.145049469667474, 1.0930513150881256, 1.093051286625605, 2.759382012603699, 2.7593833302613913, 4.189336005831843, 4.189337168928667, 4.699054798636817], [6.375881270219026, 5.057916717469809, 3.8853099549947197, 2.528807620065174, 1.516347631505604, 0.0, 1.2033975752756776, 1.5176660455609068, 2.5243727719794005, 6.579887274930691, 7.2106440362442115, 6.57988227702877, 5.173745561706516, 5.173739636428153, 4.171282824124228, 4.1712780251951065, 2.749338338675443, 2.7493341496451866, 2.1298519361633366, 2.1298515792770556, 2.1289585149746566, 2.1289588593890816, 2.769334078182322, 2.769334523352906, 3.466791080137569], [6.629217785596785, 5.182499798068412, 4.297010594461594, 2.7827416914911938, 2.3943997351904467, 1.2033975752756776, 0.0, 2.3945897278329014, 2.7762381965080887, 6.936912582689896, 7.331461499738975, 6.936908293074909, 5.146908535737146, 5.146903168851414, 4.724668177565458, 4.724665167312978, 2.711077987946282, 2.7110743463037883, 3.087492936774191, 3.0874951695819983, 3.0859338729353007, 3.085932913907731, 2.732455751995414, 2.7324547360844833, 3.851731838017898], [7.604423730605909, 6.395058658716, 5.0772118192066475, 3.900266906404479, 2.546916450080852, 1.5176660455609068, 2.3945897278329014, 0.0, 1.5227905362861955, 7.714887916580443, 8.51261713800576, 7.714881245025984, 6.566548806123973, 6.566541397380226, 5.200429794697136, 5.2004226684014085, 4.171514887407011, 4.171509685349147, 2.7613583387865996, 2.7613550275013528, 1.092668056203117, 1.0926680972167642, 2.1541705673688507, 2.154170679172191, 2.160243032777588], [8.890849864455417, 7.58138470855168, 6.382598642038857, 5.052408851549411, 3.895062762971953, 2.5243727719794005, 2.7762381965080887, 1.5227905362861955, 0.0, 9.05222208387815, 9.735016168142993, 9.052214167966461, 7.651923598472823, 7.651914661316805, 6.56919668036508, 6.569188762054746, 5.152590433146415, 5.15258350426673, 4.172758974450482, 4.17275585806815, 2.1617659017513153, 2.161766151514918, 1.0869052986536858, 1.0869052934325223, 1.0871173924338733], [1.0880288539733363, 2.161059604684416, 2.779308413023316, 4.195773124700279, 5.203440943411262, 6.579887274930691, 6.936912582689896, 7.714887916580443, 9.05222208387815, 0.0, 1.764115460751368, 1.7636490662177045, 2.4976101167864186, 3.0571636799925845, 2.555228125273239, 3.104833279403151, 4.386231188263736, 4.726408691593059, 5.107362347823428, 5.402463038901296, 7.830634346693701, 7.629954965473626, 9.312521058777154, 9.144513601894056, 9.862543249104494], [1.0874350198621998, 2.1613586288496682, 3.472202922353928, 4.684103048574921, 5.977986610568992, 7.2106440362442115, 7.331461499738975, 8.51261713800576, 9.735016168142993, 1.764115460751368, 0.0, 1.7641154359363362, 2.4829096480412254, 2.4829093541663463, 3.747759443245581, 3.747757704982353, 4.847861101858309, 4.847856958929852, 6.162083244532488, 6.162076194011249, 8.622289226158165, 8.622298387896063, 9.817799961384765, 9.817808357994917, 10.63843514310477], [1.0880288601580788, 2.161059533013985, 2.7793080435529847, 4.195771537146159, 5.203437912194871, 6.57988227702877, 6.936908293074909, 7.714881245025984, 9.052214167966461, 1.7636490662177045, 1.7641154359363362, 0.0, 3.0571637222888026, 2.4976099700692336, 3.1048356872738703, 2.55522551704896, 4.726410310372622, 4.386226713841856, 5.4024678603151335, 5.107351997548753, 7.629939562814129, 7.83063634918341, 9.1444980350662, 9.312520815233517, 9.862534582581873], [2.149958554658345, 1.092156351941025, 2.1496429547113354, 2.7528767277846953, 4.172073727071825, 5.173745561706516, 5.146908535737146, 6.566548806123973, 7.651923598472823, 2.4976101167864186, 2.4829096480412254, 3.0571637222888026, 0.0, 1.7623653288386791, 2.4884200540232735, 3.049718856199476, 2.535212600589342, 3.0862552320442918, 4.3748594587830105, 4.715786004499237, 6.906478377986745, 6.678251127978457, 7.784127328168523, 7.582475284069108, 8.60957592866119], [2.1499584266071174, 1.092156361038935, 2.1496428204320974, 2.7528747403222105, 4.17207037063189, 5.173739636428153, 5.146903168851414, 6.566541397380226, 7.651914661316805, 3.0571636799925845, 2.4829093541663463, 2.4976099700692336, 1.7623653288386791, 0.0, 3.0497189188448, 2.4884209328739666, 3.0862565023021915, 2.535207234390622, 4.715787335304191, 4.374852728243091, 6.678237135046644, 6.906477992576556, 7.582459876327948, 7.784124586741001, 8.609566429327263], [2.751272902236894, 2.1501373489322226, 1.0931207969812864, 2.1523370355830496, 2.7595201125817845, 4.171282824124228, 4.724668177565458, 5.200429794697136, 6.56919668036508, 2.555228125273239, 3.747759443245581, 3.1048356872738703, 2.4884200540232735, 3.0497189188448, 0.0, 1.7638503719019107, 2.4974494462053465, 3.0557409806937605, 2.552144286394455, 3.100855500414922, 5.371853945975081, 5.0748162282694365, 6.9231797618075035, 6.695450930052178, 7.338526328539883], [2.751270883771918, 2.1501371192823187, 1.093120819954865, 2.1523368578195865, 2.7595171795393103, 4.1712780251951065, 4.724665167312978, 5.2004226684014085, 6.569188762054746, 3.104833279403151, 3.747757704982353, 2.55522551704896, 3.049718856199476, 2.4884209328739666, 1.7638503719019107, 0.0, 3.0557410660864797, 2.4974507569188535, 3.1008572758036346, 2.552136536861855, 5.074803445113614, 5.371851882216276, 6.695438900169914, 6.923176597764663, 7.338517494082023], [4.178716765711017, 2.7621884878282676, 2.155475619891039, 1.0915590706230434, 2.1450498272436826, 2.749338338675443, 2.711077987946282, 4.171514887407011, 5.152590433146415, 4.386231188263736, 4.847861101858309, 4.726410310372622, 2.535212600589342, 3.0862565023021915, 2.4974494462053465, 3.0557410660864797, 0.0, 1.757686616526405, 2.498792151086302, 3.0553260751422604, 4.690973328757129, 4.34890678056329, 5.344753035035614, 5.0473593620204555, 6.127401811115092], [4.178713369547401, 2.762185567955635, 2.1554753168503735, 1.0915590975520209, 2.145049469667474, 2.7493341496451866, 2.7110743463037883, 4.171509685349147, 5.15258350426673, 4.726408691593059, 4.847856958929852, 4.386226713841856, 3.0862552320442918, 2.535207234390622, 3.0557409806937605, 2.4974507569188535, 1.757686616526405, 0.0, 3.055326047542297, 2.498794146634898, 4.348899267015769, 4.690971583315655, 5.04734932596553, 5.344748640324947, 6.127394700982168], [5.192772659339936, 4.19246343849724, 2.7731697503566224, 2.1626042889162935, 1.0930513150881256, 2.1298519361633366, 3.087492936774191, 2.7613583387865996, 4.172758974450482, 5.107362347823428, 6.162083244532488, 5.4024678603151335, 4.3748594587830105, 4.715787335304191, 2.552144286394455, 3.1008572758036346, 2.498792151086302, 3.055326047542297, 0.0, 1.7585900189963988, 3.075429037790028, 2.52277866112427, 4.708126965976808, 4.3674135414610555, 4.847833454848138], [5.192765600537923, 4.19245856539693, 2.773165592729275, 2.16260394620005, 1.093051286625605, 2.1298515792770556, 3.0874951695819983, 2.7613550275013528, 4.17275585806815, 5.402463038901296, 6.162076194011249, 5.107351997548753, 4.715786004499237, 4.374852728243091, 3.100855500414922, 2.552136536861855, 3.0553260751422604, 2.498794146634898, 1.7585900189963988, 0.0, 2.522773675113269, 3.075425864229193, 4.367410347902179, 4.70812519893673, 4.8478293729597945], [7.674684594151104, 6.56429322690408, 5.184219725749832, 4.174968703654437, 2.759382012603699, 2.1289585149746566, 3.0859338729353007, 1.092668056203117, 2.1617659017513153, 7.830634346693701, 8.622289226158165, 7.629939562814129, 6.906478377986745, 6.678237135046644, 5.371853945975081, 5.074803445113614, 4.690973328757129, 4.348899267015769, 3.075429037790028, 2.522773675113269, 0.0, 1.7592812301841905, 2.5053169173867658, 3.061044443632872, 2.4991220060368464], [7.674693155406526, 6.564300217476827, 5.18422509907234, 4.1749719299506864, 2.7593833302613913, 2.1289588593890816, 3.085932913907731, 1.0926680972167642, 2.161766151514918, 7.629954965473626, 8.622298387896063, 7.83063634918341, 6.678251127978457, 6.906477992576556, 5.0748162282694365, 5.371851882216276, 4.34890678056329, 4.690971583315655, 2.52277866112427, 3.075425864229193, 1.7592812301841905, 0.0, 3.061044556838581, 2.5053173531001343, 2.4991223370188838], [9.025692238108874, 7.667686707879078, 6.567908041775678, 5.179403919899006, 4.189336005831843, 2.769334078182322, 2.732455751995414, 2.1541705673688507, 1.0869052986536858, 9.312521058777154, 9.817799961384765, 9.1444980350662, 7.784127328168523, 7.582459876327948, 6.9231797618075035, 6.695438900169914, 5.344753035035614, 5.04734932596553, 4.708126965976808, 4.367410347902179, 2.5053169173867658, 3.061044556838581, 0.0, 1.758320063447246, 1.7693418440536715], [9.025699878745222, 7.66769302188293, 6.567912625918567, 5.179406813306272, 4.189337168928667, 2.769334523352906, 2.7324547360844833, 2.154170679172191, 1.0869052934325223, 9.144513601894056, 9.817808357994917, 9.312520815233517, 7.582475284069108, 7.784124586741001, 6.695450930052178, 6.923176597764663, 5.0473593620204555, 5.344748640324947, 4.3674135414610555, 4.70812519893673, 3.061044443632872, 2.5053173531001343, 1.758320063447246, 0.0, 1.7693418878745444], [9.751380483241359, 8.501375187887175, 7.225928768335105, 5.97948575023477, 4.699054798636817, 3.466791080137569, 3.851731838017898, 2.160243032777588, 1.0871173924338733, 9.862543249104494, 10.63843514310477, 9.862534582581873, 8.60957592866119, 8.609566429327263, 7.338526328539883, 7.338517494082023, 6.127401811115092, 6.127394700982168, 4.847833454848138, 4.8478293729597945, 2.4991220060368464, 2.4991223370188838, 1.7693418440536715, 1.7693418878745444, 0.0]]}