{"total energy": -27.11516063, "HOMO-LUMO gap/eV": 5.1167356, "electronic energy": -27.43314822, "dipole": [0.34796154, -0.86263811, -4.5e-05], "partial charges": [-0.10973373, -0.0616669, 0.08176293, -0.27694995, 0.35640994, -0.40731306, -0.08585048, -0.10430446, 0.04677018, 0.04173868, 0.0417387, 0.05026442, 0.05026446, 0.04905591, 0.0490558, 0.06492662, 0.06492662, 0.05285603, 0.0431923, 0.052856], "atomic dipole moments": [[-0.10443949, -0.0491685, -0.00482577], [-0.00705905, 0.13531951, 0.00185134], [-0.17266061, -0.17741361, -0.00948727], [0.02514593, 0.23926322, 0.0047339], [0.14552434, -0.06248992, 0.00466568], [-0.00061391, -0.19394572, -0.00307003], [0.00909169, 0.10353578, 0.00197927], [0.10512459, -0.07310427, 0.00293125], [0.09041527, -0.08483411, 0.00217667], [0.01759444, 0.07351829, -0.09898011], [0.00978234, 0.07035672, 0.1023025], [-0.0083671, -0.07099084, -0.10243127], [-0.01619277, -0.07415765, 0.09919835], [-0.00376403, 0.07251902, 0.10237866], [0.0040919, 0.07569782, -0.10003828], [0.00103658, -0.07905164, 0.10308592], [0.00911663, -0.07578081, -0.10512411], [0.00137273, 0.07759222, -0.10042395], [-0.09889747, -0.07341437, -0.00499109], [-0.00650646, 0.07440297, 0.10261225]], "atomic quadrupole moments": [[0.18342442, 0.14835388, -0.05100582, 0.01461485, 0.00704727, -0.1324186], [0.2416619, -0.06149696, 0.02199486, 0.01867599, 0.00211151, -0.26365676], [0.42660709, 0.17127693, -0.02814825, 0.03477103, 0.01248715, -0.39845884], [0.06911704, 0.03714009, 0.01536799, 0.00655615, 0.00301446, -0.08448502], [-0.12804271, -0.13850395, -0.33277883, -0.02507711, -0.01785958, 0.46082154], [-0.11179545, -0.01223276, -0.0846507, -0.01217597, -0.00489865, 0.19644615], [0.21792871, 0.00769689, 0.03295486, 0.018345, 0.00476987, -0.25088357], [0.16282936, -0.1758683, -0.0171731, 0.00921973, -0.00480225, -0.14565626], [0.02464335, -0.05782115, 0.03116642, 0.00221714, -0.00087684, -0.05580977], [-0.03508093, 0.01313607, -0.00731712, 0.00045824, -0.06044751, 0.04239805], [-0.03456537, 0.00857964, -0.01108951, -0.00624696, 0.05961444, 0.04565488], [-0.02260162, -0.00089891, -0.01213441, 0.00288303, 0.04010453, 0.03473603], [-0.02181727, 0.00242531, -0.00957249, -0.00715668, -0.04142776, 0.03138976], [-0.00454528, 0.00733948, -0.02091156, 0.00409502, 0.03140278, 0.02545683], [-0.00375629, 0.00996503, -0.01891578, -0.0060167, -0.03211387, 0.02267207], [-0.01153685, -0.00988579, -0.01552298, -0.0111572, -0.05379834, 0.02705983], [-0.01299494, -0.01426456, -0.01882881, 0.00753393, 0.05139383, 0.03182375], [-0.03304384, -0.00571613, -0.0081909, -0.0120655, -0.05862519, 0.04123474], [0.03993926, 0.05861041, 0.01703223, 0.0046906, 0.00344063, -0.05697149], [-0.03443696, -0.01045966, -0.01180281, 0.00578721, 0.05630497, 0.04623977]], "number of molecular orbitals": 44, "number of electrons": 48, "number of unpaired electrons": 0, "orbital energies/eV": [-20.13079344, -19.36544977, -18.35356682, -17.32917945, -16.93433569, -16.42545952, -16.01646271, -15.93415243, -15.5574786, -15.28695227, -14.92036388, -14.48712916, -13.81225158, -13.76352328, -13.3069123, -13.15797037, -13.06065045, -12.78099859, -12.50002129, -12.31349471, -12.28917607, -12.13660988, -11.78658661, -11.20319163, -6.08645603, -0.08903079, 2.65960259, 3.25652147, 3.3593137, 3.44707376, 3.6299303, 3.95540927, 4.23505946, 4.26696339, 4.72889201, 5.06533919, 5.61677243, 5.71669489, 6.71775396, 7.04710319, 7.47340957, 7.85856276, 7.85939379, 17.99472192], "fractional occupation": [2.0, 2.0, 2.0, 2.0, 2.0, 2.0, 2.0, 2.0, 2.0, 2.0, 2.0, 2.0, 2.0, 2.0, 2.0, 2.0, 2.0, 2.0, 2.0, 2.0, 2.0, 2.0, 2.0, 2.0, 0.0, 0.0, 0.0, 0.0, 0.0, 0.0, 0.0, 0.0, 0.0, 0.0, 0.0, 0.0, 0.0, 0.0, 0.0, 0.0, 0.0, 0.0, 0.0, 0.0], "program call": "xtb /tmp/scratch/tmpb60lbcui/4698_0_xyzopt.xyz --pop --wbo --acc 0.2 --gfn 2 --chrg 0 --uhf 0 --etemp 300 --input /tmp/scratch/tmpb60lbcui/4698_0_xtb.inp", "method": "GFN2-xTB", "xtb version": "6.3.3 (7355c4f)", "Dipole module/D": 2.364, "Total charge": 0, "Transition dipole module/D": NaN, "HOMO": -11.2032, "LUMO": -6.0865, "HOMO occupancy": 2.0, "LUMO occupancy": 0, "mulliken charges": [-0.09015, -0.05214, 0.19959, -0.42373, 0.58025, -0.53133, -0.07597, -0.07871, 0.0368, 0.03211, 0.03211, 0.03705, 0.03705, 0.0381, 0.0381, 0.05258, 0.05258, 0.04279, 0.03013, 0.04279], "cm5 charges": [-0.24271, -0.16222, 0.11889, -0.50967, 0.63266, -0.58336, -0.17739, -0.22907, 0.08855, 0.08442, 0.08442, 0.0945, 0.0945, 0.10396, 0.10396, 0.11115, 0.11115, 0.09715, 0.08198, 0.09715], "FUKUI+": [0.013, 0.004, 0.027, -0.12, -0.19, -0.282, 0.027, 0.031, -0.031, -0.016, -0.016, -0.022, -0.022, -0.039, -0.039, -0.099, -0.099, -0.032, -0.063, -0.032], "FUKUI-": [0.017, 0.003, 0.018, -0.061, -0.018, -0.132, -0.008, 0.016, -0.058, -0.072, -0.072, -0.085, -0.085, -0.062, -0.062, -0.066, -0.066, -0.058, -0.091, -0.058], "FUKUIrad": [0.015, 0.004, 0.023, -0.091, -0.104, -0.207, 0.009, 0.024, -0.045, -0.044, -0.044, -0.054, -0.054, -0.05, -0.05, -0.083, -0.083, -0.045, -0.077, -0.045], "s proportion": [1.006, 1.029, 0.998, 1.688, 0.98, 1.721, 1.034, 1.002, 0.963, 0.968, 0.968, 0.963, 0.963, 0.962, 0.962, 0.947, 0.947, 0.957, 0.97, 0.957], "p proportion": [3.084, 3.023, 2.802, 4.736, 2.44, 4.811, 3.042, 3.076, 0.0, 0.0, 0.0, 0.0, 0.0, 0.0, 0.0, 0.0, 0.0, 0.0, 0.0, 0.0], "d proportion": [0.0, 0.0, 0.0, 0.0, 0.0, 0.0, 0.0, 0.0, 0.0, 0.0, 0.0, 0.0, 0.0, 0.0, 0.0, 0.0, 0.0, 0.0, 0.0, 0.0], "Fermi-level/eV": -8.6448, "Coordination numbers": [3.753, 3.8, 3.704, 1.704, 2.719, 0.856, 3.802, 3.753, 0.925, 0.925, 0.925, 0.924, 0.924, 0.924, 0.924, 0.924, 0.924, 0.925, 0.925, 0.925], "Dispersion coefficient C6": [22.657, 21.686, 19.362, 18.595, 20.95, 21.828, 22.137, 22.551, 2.361, 2.426, 2.426, 2.317, 2.317, 2.332, 2.332, 2.142, 2.142, 2.285, 2.407, 2.285], "Total dispersion C6": 3018.863613, "Total dispersion C8": 64008.981002, "Polarizability alpha": [6.788, 6.63, 6.291, 5.822, 7.493, 6.264, 6.699, 6.772, 2.403, 2.436, 2.436, 2.38, 2.38, 2.388, 2.388, 2.289, 2.289, 2.364, 2.426, 2.364], "Total polarizability alpha": 81.299246, "Wiberg matrix": [[0.0, 1.0183916792787588, 0.0, 0.0, 0.0, 0.0, 0.0, 0.0, 0.9864770080573899, 0.9873057755461613, 0.9873057776414665, 0.0, 0.0, 0.0, 0.0, 0.0, 0.0, 0.0, 0.0, 0.0], [1.0183916792787588, 0.0, 1.0058501961828354, 0.0, 0.0, 0.0, 0.0, 0.0, 0.0, 0.0, 0.0, 0.9765028179504253, 0.9765027983983315, 0.0, 0.0, 0.0, 0.0, 0.0, 0.0, 0.0], [0.0, 1.0058501961828354, 0.0, 0.9372378633272224, 0.0, 0.0, 0.0, 0.0, 0.0, 0.0, 0.0, 0.0, 0.0, 0.9685843110538075, 0.9685843388386557, 0.0, 0.0, 0.0, 0.0, 0.0], [0.0, 0.0, 0.9372378633272224, 0.0, 1.1264473300334183, 0.17110800506219004, 0.0, 0.0, 0.0, 0.0, 0.0, 0.0, 0.0, 0.0, 0.0, 0.0, 0.0, 0.0, 0.0, 0.0], [0.0, 0.0, 0.0, 1.1264473300334183, 0.0, 1.760553873593179, 0.9699472761562742, 0.0, 0.0, 0.0, 0.0, 0.0, 0.0, 0.0, 0.0, 0.0, 0.0, 0.0, 0.0, 0.0], [0.0, 0.0, 0.0, 0.17110800506219004, 1.760553873593179, 0.0, 0.0, 0.0, 0.0, 0.0, 0.0, 0.0, 0.0, 0.0, 0.0, 0.0, 0.0, 0.0, 0.0, 0.0], [0.0, 0.0, 0.0, 0.0, 0.9699472761562742, 0.0, 0.0, 1.02031307926567, 0.0, 0.0, 0.0, 0.0, 0.0, 0.0, 0.0, 0.9562199989666306, 0.9562198880263322, 0.0, 0.0, 0.0], [0.0, 0.0, 0.0, 0.0, 0.0, 0.0, 1.02031307926567, 0.0, 0.0, 0.0, 0.0, 0.0, 0.0, 0.0, 0.0, 0.0, 0.0, 0.9863980502143902, 0.9869601082693088, 0.9863980528402922], [0.9864770080573899, 0.0, 0.0, 0.0, 0.0, 0.0, 0.0, 0.0, 0.0, 0.0, 0.0, 0.0, 0.0, 0.0, 0.0, 0.0, 0.0, 0.0, 0.0, 0.0], [0.9873057755461613, 0.0, 0.0, 0.0, 0.0, 0.0, 0.0, 0.0, 0.0, 0.0, 0.0, 0.0, 0.0, 0.0, 0.0, 0.0, 0.0, 0.0, 0.0, 0.0], [0.9873057776414665, 0.0, 0.0, 0.0, 0.0, 0.0, 0.0, 0.0, 0.0, 0.0, 0.0, 0.0, 0.0, 0.0, 0.0, 0.0, 0.0, 0.0, 0.0, 0.0], [0.0, 0.9765028179504253, 0.0, 0.0, 0.0, 0.0, 0.0, 0.0, 0.0, 0.0, 0.0, 0.0, 0.0, 0.0, 0.0, 0.0, 0.0, 0.0, 0.0, 0.0], [0.0, 0.9765027983983315, 0.0, 0.0, 0.0, 0.0, 0.0, 0.0, 0.0, 0.0, 0.0, 0.0, 0.0, 0.0, 0.0, 0.0, 0.0, 0.0, 0.0, 0.0], [0.0, 0.0, 0.9685843110538075, 0.0, 0.0, 0.0, 0.0, 0.0, 0.0, 0.0, 0.0, 0.0, 0.0, 0.0, 0.0, 0.0, 0.0, 0.0, 0.0, 0.0], [0.0, 0.0, 0.9685843388386557, 0.0, 0.0, 0.0, 0.0, 0.0, 0.0, 0.0, 0.0, 0.0, 0.0, 0.0, 0.0, 0.0, 0.0, 0.0, 0.0, 0.0], [0.0, 0.0, 0.0, 0.0, 0.0, 0.0, 0.9562199989666306, 0.0, 0.0, 0.0, 0.0, 0.0, 0.0, 0.0, 0.0, 0.0, 0.0, 0.0, 0.0, 0.0], [0.0, 0.0, 0.0, 0.0, 0.0, 0.0, 0.9562198880263322, 0.0, 0.0, 0.0, 0.0, 0.0, 0.0, 0.0, 0.0, 0.0, 0.0, 0.0, 0.0, 0.0], [0.0, 0.0, 0.0, 0.0, 0.0, 0.0, 0.0, 0.9863980502143902, 0.0, 0.0, 0.0, 0.0, 0.0, 0.0, 0.0, 0.0, 0.0, 0.0, 0.0, 0.0], [0.0, 0.0, 0.0, 0.0, 0.0, 0.0, 0.0, 0.9869601082693088, 0.0, 0.0, 0.0, 0.0, 0.0, 0.0, 0.0, 0.0, 0.0, 0.0, 0.0, 0.0], [0.0, 0.0, 0.0, 0.0, 0.0, 0.0, 0.0, 0.9863980528402922, 0.0, 0.0, 0.0, 0.0, 0.0, 0.0, 0.0, 0.0, 0.0, 0.0, 0.0, 0.0]], "Born radii": [], "Atomic SASAs": [], "Solvent H bonds": [], "Total SASA": NaN, "Total FOD": 0.0, "FOD": [0.0, 0.0, 0.0, 0.0, 0.0, 0.0, 0.0, 0.0, 0.0, 0.0, 0.0, 0.0, 0.0, 0.0, 0.0, 0.0, 0.0, 0.0, 0.0, 0.0], "FOD s proportion": [0.0, 0.0, 0.0, 0.0, 0.0, 0.0, 0.0, 0.0, 0.0, 0.0, 0.0, 0.0, 0.0, 0.0, 0.0, 0.0, 0.0, 0.0, 0.0, 0.0], "FOD p proportion": [0.0, 0.0, 0.0, 0.0, 0.0, 0.0, 0.0, 0.0, 0.0, 0.0, 0.0, 0.0, 0.0, 0.0, 0.0, 0.0, 0.0, 0.0, 0.0, 0.0], "FOD d proportion": [0.0, 0.0, 0.0, 0.0, 0.0, 0.0, 0.0, 0.0, 0.0, 0.0, 0.0, 0.0, 0.0, 0.0, 0.0, 0.0, 0.0, 0.0, 0.0, 0.0], "coordinates": [["3.62376388669789", "-0.02490878468705", "0.02397557015739"], ["2.26451753547343", "-0.70882660818380", "-0.03952117163316"], ["1.13692954816438", "0.31216757492341", "-0.06724920468619"], ["-0.10869113494088", "-0.38464470851908", "-0.12653562473016"], ["-1.21330660855549", "0.37111768168988", "-0.15753485566711"], ["-1.19736321911338", "1.57268638861373", "-0.13804289447903"], ["-2.45102124995068", "-0.49621976139995", "-0.21919117898208"], ["-3.72365041686348", "0.33736638900583", "-0.25548394037396"], ["4.41798758810334", "-0.76638778016256", "0.04315427389229"], ["3.77050003305354", "0.61530773888870", "-0.84267908094731"], ["3.70212478323886", "0.58763638646158", "0.91904369364429"], ["2.19829607674353", "-1.32967619123545", "-0.93434486299317"], ["2.12991253113879", "-1.35734890822941", "0.82757123627775"], ["1.14999264536314", "0.94166437039929", "0.82999997528026"], ["1.21871102289062", "0.96947088302133", "-0.94060885567482"], ["-2.43923351892777", "-1.15544695017555", "0.65125608339852"], ["-2.37102572642759", "-1.12783705168422", "-1.10635413342264"], ["-3.72134448823079", "0.98936739269340", "-1.12487500298826"], ["-4.59759581554830", "-0.30726663049261", "-0.29952486697309"], ["-3.78950347230917", "0.96177856907253", "0.63149084090046"]], "bond_dist": [[0.0, 1.5229333763600938, 2.5112322590837555, 3.7527701825768967, 4.856648430018871, 5.081518167932222, 6.097891320866871, 7.361646410123135, 1.0867153313000126, 1.0874276886249197, 1.087427681497289, 2.15702445860055, 2.157024466699153, 2.775514936050986, 2.7755167655442894, 6.199317295198049, 6.199322423182539, 7.503281338378964, 8.23256544702981, 7.503276595886268], [1.5229333763600938, 0.0, 1.5213982499265022, 2.3968280731933307, 3.643551519553487, 4.1472432341746135, 4.723747349264059, 6.082706234090681, 2.1558250822796983, 2.160180010880718, 2.160179968488028, 1.0911227818127884, 1.09112278168184, 2.1730976107826243, 2.173097500131463, 4.7751352784743535, 4.775140171039891, 6.316043062763021, 6.878768202196119, 6.316039038979503], [2.5112322590837555, 1.5213982499265022, 0.0, 1.4285073062947846, 2.3527083555371266, 2.6538353659462373, 3.681028032870085, 4.864288734479157, 3.4555480670242376, 2.7620425324180955, 2.762043327226459, 2.138692296969735, 2.138692150255061, 1.0961263389652185, 1.0961263286774245, 3.9318042328835587, 3.9318065295883247, 5.017967570155591, 5.7725585198587845, 5.017965165307346], [3.7527701825768967, 2.3968280731933307, 1.4285073062947846, 0.0, 1.3387729782610165, 2.2397509566727942, 2.3468158027081976, 3.6886119751221944, 4.545914945982113, 4.069507398298395, 4.069506677832249, 2.6206545487003003, 2.6206525401399205, 2.0635748073934725, 2.0635747500900554, 2.5749803573106465, 2.5749829072739465, 3.991973825001353, 4.492903056651686, 3.9919718470900563], [4.856648430018871, 3.643551519553487, 2.3527083555371266, 1.3387729782610165, 0.0, 1.2018325530940295, 1.5126180204910782, 2.512480688256731, 5.748536259935295, 5.036604018028005, 5.036602772682277, 3.8903941275919256, 3.8903913660289056, 2.624105929627056, 2.6241076964744443, 2.118357653455153, 2.118357115887616, 2.75830267948632, 3.4545303407111665, 2.7583023972258545], [5.081518167932222, 4.1472432341746135, 2.6538353659462373, 2.2397509566727942, 1.2018325530940295, 0.0, 2.4204578409724617, 2.8145932043917483, 6.0857427705229, 5.108106432569741, 5.108105152277476, 4.537434013129858, 4.537431146417538, 2.616366820546297, 2.616370732738849, 3.099668729437578, 3.0996672705531254, 2.7721075210463617, 3.8886863452001594, 2.772107794819968], [6.097891320866871, 4.723747349264059, 3.681028032870085, 2.3468158027081976, 1.5126180204910782, 2.4204578409724617, 0.0, 1.5217647752379284, 6.879323972038983, 6.350713158588523, 6.350710895661695, 4.777263444325397, 4.777259598163627, 4.016915972348141, 4.016917659564581, 1.0919697219289233, 1.0919696849736629, 2.1542872397124997, 2.156371756626518, 2.1542872812560767], [7.361646410123135, 6.082706234090681, 4.864288734479157, 3.6886119751221944, 2.512480688256731, 2.8145932043917483, 1.5217647752379284, 0.0, 8.221540454981465, 7.522256343217715, 7.5222528245967615, 6.18945339991677, 6.189448088527782, 5.029497795948408, 5.029501848303549, 2.168039645405861, 2.168039381839141, 1.0867158993361972, 1.0868633276202466, 1.0867159049834447], [1.0867153313000126, 2.1558250822796983, 3.4555480670242376, 4.545914945982113, 5.748536259935295, 6.0857427705229, 6.879323972038983, 8.221540454981465, 0.0, 1.764376199640281, 1.7643761715757027, 2.4899455420277046, 2.4899462829682504, 3.770458758905501, 3.7704596184504533, 6.895116834340729, 6.895122692109944, 8.408073219680132, 9.033768058338524, 8.408068051190996], [1.0874276886249197, 2.160180010880718, 2.7620425324180955, 4.069507398298395, 5.036604018028005, 5.108106432569741, 6.350713158588523, 7.522256343217715, 1.764376199640281, 0.0, 1.7632662910199046, 2.502636686432154, 3.0614763956379862, 3.125927517555911, 2.5781095643568652, 6.627835636971881, 6.38955530131555, 7.506483164180086, 8.436301802246327, 7.710179764165385], [1.087427681497289, 2.160179968488028, 2.762043327226459, 4.069506677832249, 5.036602772682277, 5.108105152277476, 6.350710895661695, 7.5222528245967615, 1.7643761715757027, 1.7632662910199046, 0.0, 3.061476349892211, 2.5026358849569874, 2.57810842409104, 3.1259317158311517, 6.38954861615859, 6.6278384551777565, 7.71018076728855, 8.436297930052657, 7.506474734204839], [2.15702445860055, 1.0911227818127884, 2.138692296969735, 2.6206545487003003, 3.8903941275919256, 4.537434013129858, 4.777263444325397, 6.18945339991677, 2.4899455420277046, 2.502636686432154, 3.061476349892211, 0.0, 1.7634597895742783, 3.0611828987359138, 2.4991405291419357, 4.904198909135491, 4.5770108114689245, 6.3605352995559725, 6.901627659397683, 6.599723464643187], [2.157024466699153, 1.09112278168184, 2.138692150255061, 2.6206525401399205, 3.8903913660289056, 4.537431146417538, 4.777259598163627, 6.189448088527782, 2.4899462829682504, 3.0614763956379862, 2.5026358849569874, 1.7634597895742783, 0.0, 2.499142040105522, 3.061182674583024, 4.57700197297747, 4.904201079308463, 6.59972214725458, 6.901622053599038, 6.360525575713377], [2.775514936050986, 2.1730976107826243, 1.0961263389652185, 2.0635748073934725, 2.624105929627056, 2.616366820546297, 4.016915972348141, 5.029497795948408, 3.770458758905501, 3.125927517555911, 2.57810842409104, 3.0611828987359138, 2.499142040105522, 0.0, 1.7721599955450762, 4.160813589695964, 4.519941785552566, 5.249165383956526, 5.98919261088326, 4.943524284750739], [2.7755167655442894, 2.173097500131463, 1.0961263286774245, 2.0635747500900554, 2.6241076964744443, 2.616370732738849, 4.016917659564581, 5.029501848303549, 3.7704596184504533, 2.5781095643568652, 3.1259317158311517, 2.4991405291419357, 3.061182674583024, 1.7721599955450762, 0.0, 4.5199411559342275, 4.16081506432096, 4.943530958444973, 5.989196323201872, 5.249168415815524], [6.199317295198049, 4.7751352784743535, 3.9318042328835587, 2.5749803573106465, 2.118357653455153, 3.099668729437578, 1.0919697219289233, 2.168039645405861, 6.895116834340729, 6.627835636971881, 6.38954861615859, 4.904198909135491, 4.57700197297747, 4.160813589695964, 4.5199411559342275, 0.0, 1.7591498752882244, 3.065726461870494, 2.5063762833541268, 2.5112274909236953], [6.199322423182539, 4.775140171039891, 3.9318065295883247, 2.5749829072739465, 2.118357115887616, 3.0996672705531254, 1.0919696849736629, 2.168039381839141, 6.895122692109944, 6.38955530131555, 6.6278384551777565, 4.5770108114689245, 4.904201079308463, 4.519941785552566, 4.16081506432096, 1.7591498752882244, 0.0, 2.5112264812994347, 2.5063765964238303, 3.0657262945103176], [7.503281338378964, 6.316043062763021, 5.017967570155591, 3.991973825001353, 2.75830267948632, 2.7721075210463617, 2.1542872397124997, 1.0867158993361972, 8.408073219680132, 7.506483164180086, 7.71018076728855, 6.3605352995559725, 6.59972214725458, 5.249165383956526, 4.943530958444973, 3.065726461870494, 2.5112264812994347, 0.0, 1.7692594568715738, 1.7579043682402964], [8.23256544702981, 6.878768202196119, 5.7725585198587845, 4.492903056651686, 3.4545303407111665, 3.8886863452001594, 2.156371756626518, 1.0868633276202466, 9.033768058338524, 8.436301802246327, 8.436297930052657, 6.901627659397683, 6.901622053599038, 5.98919261088326, 5.989196323201872, 2.5063762833541268, 2.5063765964238303, 1.7692594568715738, 0.0, 1.7692595066999985], [7.503276595886268, 6.316039038979503, 5.017965165307346, 3.9919718470900563, 2.7583023972258545, 2.772107794819968, 2.1542872812560767, 1.0867159049834447, 8.408068051190996, 7.710179764165385, 7.506474734204839, 6.599723464643187, 6.360525575713377, 4.943524284750739, 5.249168415815524, 2.5112274909236953, 3.0657262945103176, 1.7579043682402964, 1.7692595066999985, 0.0]]}