{"total energy": -33.44142622, "HOMO-LUMO gap/eV": 5.07815866, "electronic energy": -33.85157354, "dipole": [0.10616571, -0.19053739, -0.76239023], "partial charges": [-0.10296071, -0.0532073, -0.06053482, -0.06016607, -0.05783438, -0.09113503, 0.35592142, -0.40401982, -0.26919034, 0.03331307, 0.03350402, 0.03439649, 0.03439649, 0.02907195, 0.02907196, 0.03340924, 0.03340926, 0.03124777, 0.03124777, 0.04781851, 0.04781861, 0.066184, 0.06618404, 0.0620051, 0.06804364, 0.06200514], "atomic dipole moments": [[0.07712995, -0.01904374, -0.05829796], [0.00672894, 0.02618316, 0.11050126], [0.00150818, -0.0276366, -0.11431873], [0.01668585, 0.02613073, 0.11296358], [0.01996156, -0.03229037, -0.12867263], [0.01840228, 0.02290869, 0.10004949], [0.14010092, -0.02567224, -0.06886998], [-0.01563208, -0.0441968, -0.187675], [0.0472346, 0.05307324, 0.23302562], [-0.23784496, -0.00797433, -0.09710039], [-0.10399454, -0.00917434, -0.06606891], [0.00590901, 0.11402444, 0.04718363], [-0.00666759, -0.07998394, 0.09391964], [-0.01022933, -0.11202634, -0.04713617], [0.002139, 0.07876886, -0.09309805], [-0.0028298, -0.07889301, 0.09366171], [0.00957552, 0.11247576, 0.04756192], [0.00175813, 0.07849809, -0.0931161], [-0.01057438, -0.11174893, -0.04728654], [-0.00026317, -0.07935007, 0.09674193], [0.01226786, 0.11396298, 0.05017414], [-0.00694027, -0.11901122, -0.05144127], [0.00612703, 0.08258148, -0.10000406], [0.00251519, -0.08409876, 0.09669884], [0.07792252, -0.02798394, -0.0952], [0.01560162, 0.11779688, 0.04806331]], "atomic quadrupole moments": [[0.11222894, -0.05347229, -0.11420898, -0.15741906, 0.04143374, 0.00198004], [0.22043809, -0.03111159, -0.22213587, -0.00574044, 0.05815338, 0.00169777], [0.2262787, -0.03282215, -0.23344456, -0.00790901, 0.06262103, 0.00716586], [0.22721965, -0.02928027, -0.23108898, 0.00619038, 0.06014653, 0.00386933], [0.24760043, -0.03915043, -0.24594081, -0.02482881, 0.06482844, -0.00165962], [0.21972001, -0.02908972, -0.23942054, 0.00758917, 0.06622665, 0.01970053], [-0.14888881, 0.00191228, 0.42297153, -0.15682831, -0.1675018, -0.27408272], [-0.11304876, 0.01667651, 0.18254302, -0.01473112, -0.06371805, -0.06949426], [0.07929722, -0.0023979, -0.08177085, 0.03467187, 0.01919833, 0.00247363], [0.44549273, 0.02057761, -0.28846821, 0.2834438, 0.01376953, -0.15702452], [0.04432246, 0.00682959, -0.05335496, 0.05529665, 0.01203616, 0.0090325], [-0.03625941, 0.01788501, 0.06697176, -0.00642164, 0.04235112, -0.03071235], [-0.0397267, -0.01051098, 0.01598692, -0.0073057, -0.06452748, 0.02373978], [-0.01743277, 0.00586348, 0.04923871, 0.0017226, 0.02816498, -0.03180594], [-0.01797359, 0.00042282, 0.01009006, -0.00261271, -0.04949839, 0.00788353], [-0.02068064, 0.00064376, 0.01151955, -0.00230241, -0.04864833, 0.00916109], [-0.02011613, 0.00624143, 0.04990765, 0.00188981, 0.0275776, -0.02979151], [-0.02097974, 0.00141246, 0.01189923, -0.00369696, -0.04867065, 0.0090805], [-0.02067249, 0.00503488, 0.05052055, 0.00096975, 0.02747741, -0.02984806], [-0.01806854, 0.00130546, 0.01263202, -0.00319686, -0.04732211, 0.00543652], [-0.01775375, 0.00491828, 0.04922681, 0.00118451, 0.02487969, -0.03147306], [-0.01579661, 0.01254373, 0.0507375, -0.01291662, 0.03657199, -0.0349409], [-0.01887546, -0.01262545, 0.00696543, -0.01349863, -0.05539938, 0.01191003], [-0.01315279, 0.0065166, 0.00722553, 0.01477311, -0.05687086, 0.00592727], [0.03205153, -0.0176737, -0.05256331, -0.04884307, 0.02234174, 0.02051178], [-0.01314091, 0.00805811, 0.05196792, 0.02077217, 0.03063187, -0.03882701]], "number of molecular orbitals": 56, "number of electrons": 60, "number of unpaired electrons": 0, "orbital energies/eV": [-20.23592375, -19.44956215, -18.3944862, -17.31360503, -16.95801236, -16.59842372, -16.54527812, -15.99835252, -15.96931607, -15.40514845, -15.27272007, -15.12806726, -15.00558042, -14.40495275, -14.0733349, -13.83573808, -13.63240687, -13.56123579, -13.11963951, -12.99060657, -12.96981555, -12.77913677, -12.270174, -12.21779869, -12.14891643, -11.83772231, -11.71510133, -11.6722425, -11.45766489, -11.25075611, -6.17259745, 0.1219814, 1.82507205, 2.82524683, 2.95702206, 3.25336054, 3.55064955, 3.69413467, 3.93162947, 4.09961349, 4.13527497, 4.60944901, 4.76620337, 4.97363375, 5.20973964, 5.22133747, 5.54108194, 6.00628135, 6.33109752, 6.85350606, 7.01442354, 7.39766278, 7.75987415, 7.89304728, 8.60569404, 17.9651292], "fractional occupation": [2.0, 2.0, 2.0, 2.0, 2.0, 2.0, 2.0, 2.0, 2.0, 2.0, 2.0, 2.0, 2.0, 2.0, 2.0, 2.0, 2.0, 2.0, 2.0, 2.0, 2.0, 2.0, 2.0, 2.0, 2.0, 2.0, 2.0, 2.0, 2.0, 2.0, 0.0, 0.0, 0.0, 0.0, 0.0, 0.0, 0.0, 0.0, 0.0, 0.0, 0.0, 0.0, 0.0, 0.0, 0.0, 0.0, 0.0, 0.0, 0.0, 0.0, 0.0, 0.0, 0.0, 0.0, 0.0, 0.0], "program call": "xtb /tmp/scratch/tmpo_phs7hd/4742_0_xyzopt.xyz --pop --wbo --acc 0.2 --gfn 2 --chrg 0 --uhf 0 --etemp 300 --input /tmp/scratch/tmpo_phs7hd/4742_0_xtb.inp", "method": "GFN2-xTB", "xtb version": "6.3.3 (7355c4f)", "Dipole module/D": 2.016, "Total charge": 0, "Transition dipole module/D": NaN, "HOMO": -11.2508, "LUMO": -6.1726, "HOMO occupancy": 2.0, "LUMO occupancy": 0, "mulliken charges": [-0.08555, -0.03945, -0.0469, -0.04831, -0.04034, -0.08243, 0.58029, -0.5295, -0.41811, 0.17579, 0.0297, 0.02848, 0.02848, 0.0222, 0.0222, 0.02525, 0.02525, 0.02284, 0.02284, 0.0376, 0.0376, 0.05383, 0.05383, 0.04354, 0.03732, 0.04354], "cm5 charges": [-0.23825, -0.15306, -0.15893, -0.15999, -0.14997, -0.18212, 0.63249, -0.5815, -0.50834, 0.05515, 0.08127, 0.08066, 0.08066, 0.07741, 0.07741, 0.08127, 0.08127, 0.07883, 0.07883, 0.0958, 0.0958, 0.11309, 0.11309, 0.10549, 0.09817, 0.10549], "FUKUI+": [0.006, 0.003, 0.004, 0.007, 0.014, 0.029, -0.189, -0.283, -0.124, 0.047, -0.015, -0.007, -0.007, -0.008, -0.008, -0.01, -0.01, -0.018, -0.018, -0.023, -0.023, -0.098, -0.098, -0.049, -0.075, -0.049], "FUKUI-": [0.018, 0.006, 0.008, 0.007, 0.008, -0.006, -0.013, -0.119, -0.062, 0.019, -0.059, -0.063, -0.063, -0.081, -0.081, -0.07, -0.07, -0.052, -0.052, -0.038, -0.038, -0.045, -0.045, -0.032, -0.047, -0.032], "FUKUIrad": [0.012, 0.005, 0.006, 0.007, 0.011, 0.012, -0.101, -0.201, -0.093, 0.033, -0.037, -0.035, -0.035, -0.044, -0.044, -0.04, -0.04, -0.035, -0.035, -0.03, -0.03, -0.071, -0.071, -0.04, -0.061, -0.04], "s proportion": [1.005, 1.026, 1.03, 1.031, 1.028, 1.038, 0.98, 1.72, 1.686, 0.973, 0.97, 0.972, 0.972, 0.978, 0.978, 0.975, 0.975, 0.977, 0.977, 0.962, 0.962, 0.946, 0.946, 0.956, 0.963, 0.956], "p proportion": [3.081, 3.013, 3.017, 3.018, 3.013, 3.044, 2.44, 4.809, 4.732, 2.852, 0.0, 0.0, 0.0, 0.0, 0.0, 0.0, 0.0, 0.0, 0.0, 0.0, 0.0, 0.0, 0.0, 0.0, 0.0, 0.0], "d proportion": [0.0, 0.0, 0.0, 0.0, 0.0, 0.0, 0.0, 0.0, 0.0, 0.0, 0.0, 0.0, 0.0, 0.0, 0.0, 0.0, 0.0, 0.0, 0.0, 0.0, 0.0, 0.0, 0.0, 0.0, 0.0, 0.0], "Fermi-level/eV": -8.7117, "Coordination numbers": [3.752, 3.801, 3.803, 3.803, 3.804, 3.804, 2.721, 0.856, 1.704, 3.655, 0.925, 0.925, 0.925, 0.924, 0.924, 0.924, 0.924, 0.924, 0.924, 0.924, 0.924, 0.924, 0.924, 0.924, 0.925, 0.924], "Dispersion coefficient C6": [22.527, 21.53, 21.662, 21.655, 21.611, 22.235, 20.958, 21.762, 18.463, 20.307, 2.537, 2.525, 2.525, 2.6, 2.6, 2.539, 2.539, 2.569, 2.569, 2.347, 2.347, 2.128, 2.128, 2.176, 2.107, 2.176], "Total dispersion C6": 5000.012073, "Total dispersion C8": 105918.37911, "Polarizability alpha": [6.768, 6.606, 6.626, 6.625, 6.618, 6.713, 7.494, 6.254, 5.801, 6.47, 2.491, 2.485, 2.485, 2.521, 2.521, 2.492, 2.492, 2.506, 2.506, 2.396, 2.396, 2.281, 2.281, 2.307, 2.27, 2.307], "Total polarizability alpha": 104.714325, "Wiberg matrix": [[0.0, 1.0191931783624726, 0.0, 0.0, 0.0, 0.0, 0.0, 0.0, 0.0, 0.0, 0.9874696277228314, 0.987932940735393, 0.9879329430005042, 0.0, 0.0, 0.0, 0.0, 0.0, 0.0, 0.0, 0.0, 0.0, 0.0, 0.0, 0.0, 0.0], [1.0191931783624726, 0.0, 1.0077776858769705, 0.0, 0.0, 0.0, 0.0, 0.0, 0.0, 0.0, 0.0, 0.0, 0.0, 0.9785921755652479, 0.9785921605198732, 0.0, 0.0, 0.0, 0.0, 0.0, 0.0, 0.0, 0.0, 0.0, 0.0, 0.0], [0.0, 1.0077776858769705, 0.0, 1.0070869861095466, 0.0, 0.0, 0.0, 0.0, 0.0, 0.0, 0.0, 0.0, 0.0, 0.0, 0.0, 0.9772837799131808, 0.9772837571098216, 0.0, 0.0, 0.0, 0.0, 0.0, 0.0, 0.0, 0.0, 0.0], [0.0, 0.0, 1.0070869861095466, 0.0, 1.00735765710387, 0.0, 0.0, 0.0, 0.0, 0.0, 0.0, 0.0, 0.0, 0.0, 0.0, 0.0, 0.0, 0.9772046316461857, 0.9772046640009461, 0.0, 0.0, 0.0, 0.0, 0.0, 0.0, 0.0], [0.0, 0.0, 0.0, 1.00735765710387, 0.0, 1.0068527075782898, 0.0, 0.0, 0.0, 0.0, 0.0, 0.0, 0.0, 0.0, 0.0, 0.0, 0.0, 0.0, 0.0, 0.9760050886529495, 0.9760050404753928, 0.0, 0.0, 0.0, 0.0, 0.0], [0.0, 0.0, 0.0, 0.0, 1.0068527075782898, 0.0, 0.9728440060542811, 0.0, 0.0, 0.0, 0.0, 0.0, 0.0, 0.0, 0.0, 0.0, 0.0, 0.0, 0.0, 0.0, 0.0, 0.9539518549373757, 0.9539517832175441, 0.0, 0.0, 0.0], [0.0, 0.0, 0.0, 0.0, 0.0, 0.9728440060542811, 0.0, 1.764884062965628, 1.118623545248957, 0.0, 0.0, 0.0, 0.0, 0.0, 0.0, 0.0, 0.0, 0.0, 0.0, 0.0, 0.0, 0.0, 0.0, 0.0, 0.0, 0.0], [0.0, 0.0, 0.0, 0.0, 0.0, 0.0, 1.764884062965628, 0.0, 0.16945250380288107, 0.0, 0.0, 0.0, 0.0, 0.0, 0.0, 0.0, 0.0, 0.0, 0.0, 0.0, 0.0, 0.0, 0.0, 0.0, 0.0, 0.0], [0.0, 0.0, 0.0, 0.0, 0.0, 0.0, 1.118623545248957, 0.16945250380288107, 0.0, 0.9582591184862042, 0.0, 0.0, 0.0, 0.0, 0.0, 0.0, 0.0, 0.0, 0.0, 0.0, 0.0, 0.0, 0.0, 0.0, 0.0, 0.0], [0.0, 0.0, 0.0, 0.0, 0.0, 0.0, 0.0, 0.0, 0.9582591184862042, 0.0, 0.0, 0.0, 0.0, 0.0, 0.0, 0.0, 0.0, 0.0, 0.0, 0.0, 0.0, 0.0, 0.0, 0.977532872157995, 0.9819419020966575, 0.9775328674634329], [0.9874696277228314, 0.0, 0.0, 0.0, 0.0, 0.0, 0.0, 0.0, 0.0, 0.0, 0.0, 0.0, 0.0, 0.0, 0.0, 0.0, 0.0, 0.0, 0.0, 0.0, 0.0, 0.0, 0.0, 0.0, 0.0, 0.0], [0.987932940735393, 0.0, 0.0, 0.0, 0.0, 0.0, 0.0, 0.0, 0.0, 0.0, 0.0, 0.0, 0.0, 0.0, 0.0, 0.0, 0.0, 0.0, 0.0, 0.0, 0.0, 0.0, 0.0, 0.0, 0.0, 0.0], [0.9879329430005042, 0.0, 0.0, 0.0, 0.0, 0.0, 0.0, 0.0, 0.0, 0.0, 0.0, 0.0, 0.0, 0.0, 0.0, 0.0, 0.0, 0.0, 0.0, 0.0, 0.0, 0.0, 0.0, 0.0, 0.0, 0.0], [0.0, 0.9785921755652479, 0.0, 0.0, 0.0, 0.0, 0.0, 0.0, 0.0, 0.0, 0.0, 0.0, 0.0, 0.0, 0.0, 0.0, 0.0, 0.0, 0.0, 0.0, 0.0, 0.0, 0.0, 0.0, 0.0, 0.0], [0.0, 0.9785921605198732, 0.0, 0.0, 0.0, 0.0, 0.0, 0.0, 0.0, 0.0, 0.0, 0.0, 0.0, 0.0, 0.0, 0.0, 0.0, 0.0, 0.0, 0.0, 0.0, 0.0, 0.0, 0.0, 0.0, 0.0], [0.0, 0.0, 0.9772837799131808, 0.0, 0.0, 0.0, 0.0, 0.0, 0.0, 0.0, 0.0, 0.0, 0.0, 0.0, 0.0, 0.0, 0.0, 0.0, 0.0, 0.0, 0.0, 0.0, 0.0, 0.0, 0.0, 0.0], [0.0, 0.0, 0.9772837571098216, 0.0, 0.0, 0.0, 0.0, 0.0, 0.0, 0.0, 0.0, 0.0, 0.0, 0.0, 0.0, 0.0, 0.0, 0.0, 0.0, 0.0, 0.0, 0.0, 0.0, 0.0, 0.0, 0.0], [0.0, 0.0, 0.0, 0.9772046316461857, 0.0, 0.0, 0.0, 0.0, 0.0, 0.0, 0.0, 0.0, 0.0, 0.0, 0.0, 0.0, 0.0, 0.0, 0.0, 0.0, 0.0, 0.0, 0.0, 0.0, 0.0, 0.0], [0.0, 0.0, 0.0, 0.9772046640009461, 0.0, 0.0, 0.0, 0.0, 0.0, 0.0, 0.0, 0.0, 0.0, 0.0, 0.0, 0.0, 0.0, 0.0, 0.0, 0.0, 0.0, 0.0, 0.0, 0.0, 0.0, 0.0], [0.0, 0.0, 0.0, 0.0, 0.9760050886529495, 0.0, 0.0, 0.0, 0.0, 0.0, 0.0, 0.0, 0.0, 0.0, 0.0, 0.0, 0.0, 0.0, 0.0, 0.0, 0.0, 0.0, 0.0, 0.0, 0.0, 0.0], [0.0, 0.0, 0.0, 0.0, 0.9760050404753928, 0.0, 0.0, 0.0, 0.0, 0.0, 0.0, 0.0, 0.0, 0.0, 0.0, 0.0, 0.0, 0.0, 0.0, 0.0, 0.0, 0.0, 0.0, 0.0, 0.0, 0.0], [0.0, 0.0, 0.0, 0.0, 0.0, 0.9539518549373757, 0.0, 0.0, 0.0, 0.0, 0.0, 0.0, 0.0, 0.0, 0.0, 0.0, 0.0, 0.0, 0.0, 0.0, 0.0, 0.0, 0.0, 0.0, 0.0, 0.0], [0.0, 0.0, 0.0, 0.0, 0.0, 0.9539517832175441, 0.0, 0.0, 0.0, 0.0, 0.0, 0.0, 0.0, 0.0, 0.0, 0.0, 0.0, 0.0, 0.0, 0.0, 0.0, 0.0, 0.0, 0.0, 0.0, 0.0], [0.0, 0.0, 0.0, 0.0, 0.0, 0.0, 0.0, 0.0, 0.0, 0.977532872157995, 0.0, 0.0, 0.0, 0.0, 0.0, 0.0, 0.0, 0.0, 0.0, 0.0, 0.0, 0.0, 0.0, 0.0, 0.0, 0.0], [0.0, 0.0, 0.0, 0.0, 0.0, 0.0, 0.0, 0.0, 0.0, 0.9819419020966575, 0.0, 0.0, 0.0, 0.0, 0.0, 0.0, 0.0, 0.0, 0.0, 0.0, 0.0, 0.0, 0.0, 0.0, 0.0, 0.0], [0.0, 0.0, 0.0, 0.0, 0.0, 0.0, 0.0, 0.0, 0.0, 0.9775328674634329, 0.0, 0.0, 0.0, 0.0, 0.0, 0.0, 0.0, 0.0, 0.0, 0.0, 0.0, 0.0, 0.0, 0.0, 0.0, 0.0]], "Born radii": [], "Atomic SASAs": [], "Solvent H bonds": [], "Total SASA": NaN, "Total FOD": 0.0, "FOD": [0.0, 0.0, 0.0, 0.0, 0.0, 0.0, 0.0, 0.0, 0.0, 0.0, 0.0, 0.0, 0.0, 0.0, 0.0, 0.0, 0.0, 0.0, 0.0, 0.0, 0.0, 0.0, 0.0, 0.0, 0.0, 0.0], "FOD s proportion": [0.0, 0.0, 0.0, 0.0, 0.0, 0.0, 0.0, 0.0, 0.0, 0.0, 0.0, 0.0, 0.0, 0.0, 0.0, 0.0, 0.0, 0.0, 0.0, 0.0, 0.0, 0.0, 0.0, 0.0, 0.0, 0.0], "FOD p proportion": [0.0, 0.0, 0.0, 0.0, 0.0, 0.0, 0.0, 0.0, 0.0, 0.0, 0.0, 0.0, 0.0, 0.0, 0.0, 0.0, 0.0, 0.0, 0.0, 0.0, 0.0, 0.0, 0.0, 0.0, 0.0, 0.0], "FOD d proportion": [0.0, 0.0, 0.0, 0.0, 0.0, 0.0, 0.0, 0.0, 0.0, 0.0, 0.0, 0.0, 0.0, 0.0, 0.0, 0.0, 0.0, 0.0, 0.0, 0.0, 0.0, 0.0, 0.0, 0.0, 0.0, 0.0], "coordinates": [["-4.60507120024203", "0.40582600913138", "0.31570391491480"], ["-3.38859404467397", "0.11718895390911", "-0.55512120070980"], ["-2.08583590709203", "0.22292249656364", "0.23436723772549"], ["-0.86375070374231", "-0.06545467747121", "-0.63388168872791"], ["0.43662193943271", "0.04087657850148", "0.15744155875408"], ["1.65361594871916", "-0.24828374053002", "-0.71544343936052"], ["2.94541144406879", "-0.14523991790099", "0.05990900892935"], ["3.05020922925826", "0.12858580092089", "1.22480356920331"], ["3.99589270859078", "-0.40473722386481", "-0.73465183371526"], ["5.27637872146452", "-0.34010920265228", "-0.12182548117835"], ["-5.52072046902756", "0.32515401789161", "-0.26557797194343"], ["-4.54819539065416", "1.41037895545900", "0.72921969443658"], ["-4.65909685150981", "-0.30040353972125", "1.14134175084466"], ["-3.47432279672253", "-0.88723030394017", "-0.97632785863312"], ["-3.36343520517836", "0.82333437567266", "-1.38839678647907"], ["-2.11088771377506", "-0.48282948492419", "1.06768848557987"], ["-2.00004947964343", "1.22700109666026", "0.65579888423419"], ["-0.83976457320362", "0.64074491451526", "-1.46753653847005"], ["-0.95065804715602", "-1.06994985967630", "-1.05543847523270"], ["0.42109862708381", "-0.66277924034462", "0.99146199608613"], ["0.53162310846574", "1.04225778177911", "0.58072997616942"], ["1.59658564819140", "-1.25296422055066", "-1.14043126803325"], ["1.70715923211433", "0.45287687688862", "-1.55136037523058"], ["5.34304565640153", "-1.06236496447337", "0.69426921601834"], ["5.99808563969676", "-0.57433272305493", "-0.89994184500067"], ["5.45465547913309", "0.65953324121178", "0.27947346981848"]], "bond_dist": [[0.0, 1.523635258737779, 2.5271754613042563, 3.888611238185042, 5.057361443968383, 6.376698931218491, 7.574885665929425, 7.714054884998306, 8.702691544252847, 9.919218914199785, 1.0875707726798884, 1.0878220348960042, 1.0878220363581717, 2.1494028670059673, 2.1494027963275744, 2.752479000064852, 2.7524772982396986, 4.172848835305963, 4.172850508041535, 5.182754990986616, 5.182751454149665, 6.582739730752615, 6.582734680879866, 10.062997834423388, 10.717529599969495, 10.062990652310743], [1.523635258737779, 0.0, 1.5269742438892793, 2.5326657511017103, 3.89176651276517, 5.057979352276967, 6.369203765224639, 6.680303112514615, 7.405084928100123, 8.687843220413248, 2.1617233492259187, 2.160219247357332, 2.1602192988007123, 1.0925303259613597, 1.0925303317169313, 2.1508293453630123, 2.1508292478470974, 2.7573799642236843, 2.757380616799364, 4.184976490006112, 4.184974642705198, 5.203068725910665, 5.203064513571097, 8.899092972274277, 9.418431876030029, 8.899086904304163], [2.5271754613042563, 1.5269742438892793, 0.0, 1.5266007457872321, 2.5301881083948152, 3.88685937771259, 5.047715240143988, 5.23152207120294, 6.190345518650745, 7.392298843002368, 3.4725823892957486, 2.7781551472107657, 2.7781549265235905, 2.1508411609156584, 2.1508411074039118, 1.092308452094766, 1.0923084632947855, 2.150289702693574, 2.150289859623092, 2.7644856300120098, 2.7644835239708234, 4.198635616960219, 4.198632426248754, 7.553261214306782, 8.201954678916495, 7.553255845014855], [3.888611238185042, 2.5326657511017103, 1.5266007457872321, 0.0, 1.5259317904546588, 2.5253145642454693, 3.872651221716598, 4.337216267658244, 4.872514891043484, 6.167562405536181, 4.68781294160414, 4.1965775274366, 4.196578559928796, 2.7582007200688508, 2.758198981299648, 2.1505565581457393, 2.150556396953126, 1.092828260377021, 1.0928282489305952, 2.1562412968174782, 2.1562412816470893, 2.7784935407241202, 2.778491072276126, 6.425117586659704, 6.885821873689027, 6.4251133701809255], [5.057361443968383, 3.89176651276517, 2.5301881083948152, 1.5259317904546588, 0.0, 1.5253249911658275, 2.517573579278388, 2.824498732622357, 3.6963239427747507, 4.8627549757577615, 5.979104260467195, 5.201045165278922, 5.201046212393686, 4.176398473122321, 4.1763968556947235, 2.75547145545937, 2.7554707403599146, 2.1516408544759575, 2.151641028096493, 1.0913123175836514, 1.0913123387524672, 2.1688738306877213, 2.168873741727616, 5.057501312524149, 5.694420131726514, 5.057498241145695], [6.376698931218491, 5.057979352276967, 3.88685937771259, 2.5253145642454693, 1.5253249911658275, 0.0, 1.5101407385593884, 2.4201367516653427, 2.347574721855722, 3.6722233460616183, 7.211262915506884, 6.580325022246052, 6.580327546118636, 5.1741732835415295, 5.174169873051741, 4.172056925892482, 4.172054880184699, 2.75190159822689, 2.7519038648474456, 2.1457939400266395, 2.145793763974174, 1.0923598201292246, 1.0923599307417011, 4.032605804915927, 4.3605922185538395, 4.032603729636528], [7.574885665929425, 6.369203765224639, 5.047715240143988, 3.872651221716598, 2.517573579278388, 1.5101407385593884, 0.0, 1.2012253896021348, 1.342451739012733, 2.346147887777718, 8.485434685359175, 7.682582265507769, 7.682585433455758, 6.545022864823221, 6.54501886039317, 5.166792754014171, 5.166789515114723, 4.156731833880179, 4.156735012879395, 2.740035239946884, 2.740032736256221, 2.1183014277490404, 2.1183015056763352, 2.6442732535683247, 3.2286613389883336, 2.6442719258086247], [7.714054884998306, 6.680303112514615, 5.23152207120294, 4.337216267658244, 2.824498732622357, 2.4201367516653427, 1.2012253896021348, 0.0, 2.240137533250091, 2.643655691223073, 8.701764883922792, 7.72168050594273, 7.721683623179329, 6.960343388048705, 6.96033954720874, 5.1995610830775805, 5.199557242714843, 4.758455463368771, 4.758458833952384, 2.7555270778470065, 2.7555223333694254, 3.1009736878179313, 3.100973112291584, 2.637599155887354, 3.701163716690868, 2.63759662376405], [8.702691544252847, 7.405084928100123, 6.190345518650745, 4.872514891043484, 3.6963239427747507, 2.347574721855722, 1.342451739012733, 2.240137533250091, 0.0, 1.4210479754937302, 9.556081722390683, 8.856579929241066, 8.856584089388367, 7.489681339627481, 7.489676205233196, 6.367675883301924, 6.36767193488821, 5.00137323533312, 5.001377440205703, 3.9780909191316693, 3.978088449806571, 2.5769789206170155, 2.5769780196849124, 2.0710168218498097, 2.0161497847498913, 2.0710167973297606], [9.919218914199785, 8.687843220413248, 7.392298843002368, 6.167562405536181, 4.8627549757577615, 3.6722233460616183, 2.346147887777718, 2.643655691223073, 1.4210479754937302, 0.0, 10.818529976874599, 10.015525106909664, 10.015530083669812, 8.8093298764975, 8.809323953537467, 7.4837836647849425, 7.483778571669113, 6.338787096108822, 6.338792276535375, 4.991720119873293, 4.991715985247809, 3.925778788320271, 3.9257769547970756, 1.091837176730219, 1.0868240929341586, 1.0918371975576233], [1.0875707726798884, 2.1617233492259187, 3.4725823892957486, 4.68781294160414, 5.979104260467195, 7.211262915506884, 8.485434685359175, 8.701764883922792, 9.556081722390683, 10.818529976874599, 0.0, 1.764409416835686, 1.7644094259896304, 2.482495635135811, 2.482495814452662, 3.749319432426647, 3.749318295380419, 4.8431033551151215, 4.843104890838496, 6.1531598203578906, 6.153156728968066, 7.342470417399432, 7.3424651508531, 10.993995178218054, 11.571274263924588, 10.993987799821237], [1.0878220348960042, 2.160219247357332, 2.7781551472107657, 4.1965775274366, 5.201045165278922, 6.580325022246052, 7.682582265507769, 7.72168050594273, 8.856579929241066, 10.015525106909664, 1.764409416835686, 0.0, 1.7632131094150543, 3.056321827402391, 2.4965130874863752, 3.104717061680492, 2.555790609237989, 4.378416795099617, 4.720096476940004, 5.39079205352317, 5.095303561020018, 6.95322411619369, 6.72661260525837, 10.195701715942043, 10.854367385506665, 10.04106899071833], [1.0878220363581717, 2.1602192988007123, 2.7781549265235905, 4.196578559928796, 5.201046212393686, 6.580327546118636, 7.682585433455758, 7.721683623179329, 8.856584089388367, 10.015530083669812, 1.7644094259896304, 1.7632131094150543, 0.0, 2.496513526301533, 3.056321820667611, 2.5557922135029347, 3.104714113148834, 4.7200959093519455, 4.378420179228785, 5.095308252697949, 5.3907883179592755, 6.726620510881329, 6.953221745931841, 10.04108130694963, 10.854373061905923, 10.195699179693944], [2.1494028670059673, 1.0925303259613597, 2.1508411609156584, 2.7582007200688508, 4.176398473122321, 5.1741732835415295, 6.545022864823221, 6.960343388048705, 7.489681339627481, 8.8093298764975, 2.482495635135811, 3.056321827402391, 2.496513526301533, 0.0, 1.7629884805050546, 2.490079931095106, 3.0507857895170094, 3.08494591013719, 2.5315071980762314, 4.369998084820472, 4.711152297384079, 5.08672819044181, 5.382778619487582, 8.975943024178655, 9.477882743817304, 9.148560951966896], [2.1494027963275744, 1.0925303317169313, 2.1508411074039118, 2.758198981299648, 4.1763968556947235, 5.174169873051741, 6.54501886039317, 6.96033954720874, 7.489676205233196, 8.809323953537467, 2.482495814452662, 2.4965130874863752, 3.056321820667611, 1.7629884805050546, 0.0, 3.050785818862872, 2.4900810023748474, 2.5315045862811956, 3.084944091409647, 4.711152495112174, 4.369996216452343, 5.382778987184957, 5.086720341946043, 9.148561016490111, 9.477876031989005, 8.975931445829625], [2.752479000064852, 2.1508293453630123, 1.092308452094766, 2.1505565581457393, 2.75547145545937, 4.172056925892482, 5.166792754014171, 5.1995610830775805, 6.367675883301924, 7.4837836647849425, 3.749319432426647, 3.104717061680492, 2.5557922135029347, 2.490079931095106, 3.050785818862872, 0.0, 1.7622311924272422, 3.050498220314321, 2.4896809645979157, 2.539517123878534, 3.08964127474494, 4.383407246310318, 4.72360517103883, 7.485748193064491, 8.344782250467947, 7.691795584445506], [2.7524772982396986, 2.1508292478470974, 1.0923084632947855, 2.150556396953126, 2.7554707403599146, 4.172054880184699, 5.166789515114723, 5.199557242714843, 6.36767193488821, 7.483778571669113, 3.749318295380419, 2.555790609237989, 3.104714113148834, 3.0507857895170094, 2.4900810023748474, 1.7622311924272422, 0.0, 2.489680841498738, 3.0504982174767172, 3.089643604284692, 2.5395140335770336, 4.723606141208138, 4.383402415568385, 7.691795830968555, 8.344776697663805, 7.4857375459542865], [4.172848835305963, 2.7573799642236843, 2.150289702693574, 1.092828260377021, 2.1516408544759575, 2.75190159822689, 4.156731833880179, 4.758455463368771, 5.00137323533312, 6.338787096108822, 4.8431033551151215, 4.378416795099617, 4.7200959093519455, 3.08494591013719, 2.5315045862811956, 3.050498220314321, 2.489680841498738, 0.0, 1.7631218865227438, 3.055425506388867, 2.497461205105341, 3.1030524564485225, 2.555218523975241, 6.767653191125995, 6.968125496533449, 6.532390126556958], [4.172850508041535, 2.757380616799364, 2.150289859623092, 1.0928282489305952, 2.151641028096493, 2.7519038648474456, 4.156735012879395, 4.758458833952384, 5.001377440205703, 6.338792276535375, 4.843104890838496, 4.720096476940004, 4.378420179228785, 2.5315071980762314, 3.084944091409647, 2.4896809645979157, 3.0504982174767172, 1.7631218865227438, 0.0, 2.497459874763499, 3.055425624409408, 2.5552237621393292, 3.103052125002498, 6.532399317527389, 6.968131340158756, 6.76765417758325], [5.182754990986616, 4.184976490006112, 2.7644856300120098, 2.1562412968174782, 1.0913123175836514, 2.1457939400266395, 2.740035239946884, 2.7555270778470065, 3.9780909191316693, 4.991720119873293, 6.1531598203578906, 5.39079205352317, 5.095308252697949, 4.369998084820472, 4.711152495112174, 2.539517123878534, 3.089643604284692, 3.055425506388867, 2.497459874763499, 0.0, 1.7572898736355829, 2.5050063746926443, 3.0601611172943413, 4.947075384392423, 5.889653250858839, 5.252821388856552], [5.182751454149665, 4.184974642705198, 2.7644835239708234, 2.1562412816470893, 1.0913123387524672, 2.145793763974174, 2.740032736256221, 2.7555223333694254, 3.978088449806571, 4.991715985247809, 6.153156728968066, 5.095303561020018, 5.3907883179592755, 4.711152297384079, 4.369996216452343, 3.08964127474494, 2.5395140335770336, 2.497461205105341, 3.055425624409408, 1.7572898736355829, 0.0, 3.060160989154474, 2.505007843417913, 5.252819718761889, 5.889649098858045, 4.9470679477049675], [6.582739730752615, 5.203068725910665, 4.198635616960219, 2.7784935407241202, 2.1688738306877213, 1.0923598201292246, 2.1183014277490404, 3.1009736878179313, 2.5769789206170155, 3.925778788320271, 7.342470417399432, 6.95322411619369, 6.726620510881329, 5.08672819044181, 5.382778987184957, 4.383407246310318, 4.723606141208138, 3.1030524564485225, 2.5552237621393292, 2.5050063746926443, 3.060160989154474, 0.0, 1.7581191934326874, 4.1759330137963415, 4.459997538923707, 4.534145876153965], [6.582734680879866, 5.203064513571097, 4.198632426248754, 2.778491072276126, 2.168873741727616, 1.0923599307417011, 2.1183015056763352, 3.100973112291584, 2.5769780196849124, 3.9257769547970756, 7.3424651508531, 6.72661260525837, 6.953221745931841, 5.382778619487582, 5.086720341946043, 4.72360517103883, 4.383402415568385, 2.555218523975241, 3.103052125002498, 3.0601611172943413, 2.505007843417913, 1.7581191934326874, 0.0, 4.534146026455568, 4.459994966256279, 4.175929542330914], [10.062997834423388, 8.899092972274277, 7.553261214306782, 6.425117586659704, 5.057501312524149, 4.032605804915927, 2.6442732535683247, 2.637599155887354, 2.0710168218498097, 1.091837176730219, 10.993995178218054, 10.195701715942043, 10.04108130694963, 8.975943024178655, 9.148561016490111, 7.485748193064491, 7.691795830968555, 6.767653191125995, 6.532399317527389, 4.947075384392423, 5.252819718761889, 4.1759330137963415, 4.534146026455568, 0.0, 1.7913016930307077, 1.7746677701297806], [10.717529599969495, 9.418431876030029, 8.201954678916495, 6.885821873689027, 5.694420131726514, 4.3605922185538395, 3.2286613389883336, 3.701163716690868, 2.0161497847498913, 1.0868240929341586, 11.571274263924588, 10.854367385506665, 10.854373061905923, 9.477882743817304, 9.477876031989005, 8.344782250467947, 8.344776697663805, 6.968125496533449, 6.968131340158756, 5.889653250858839, 5.889649098858045, 4.459997538923707, 4.459994966256279, 1.7913016930307077, 0.0, 1.7913017730176086], [10.062990652310743, 8.899086904304163, 7.553255845014855, 6.4251133701809255, 5.057498241145695, 4.032603729636528, 2.6442719258086247, 2.63759662376405, 2.0710167973297606, 1.0918371975576233, 10.993987799821237, 10.04106899071833, 10.195699179693944, 9.148560951966896, 8.975931445829625, 7.691795584445506, 7.4857375459542865, 6.532390126556958, 6.76765417758325, 5.252821388856552, 4.9470679477049675, 4.534145876153965, 4.175929542330914, 1.7746677701297806, 1.7913017730176086, 0.0]]}