{"total energy": -30.59612633, "HOMO-LUMO gap/eV": 5.0961531, "electronic energy": -31.07889964, "dipole": [-0.04027967, 0.07743606, -0.01080013], "partial charges": [-0.10355731, 0.02349312, -0.1060698, -0.10845428, -0.00589067, -0.05550117, -0.05272482, -0.05435829, -0.05346889, -0.05836134, 0.03508254, 0.0333097, 0.03264811, 0.03360782, 0.03239939, 0.03547165, 0.03531623, 0.03498137, 0.03477987, 0.02491189, 0.03311233, 0.03029629, 0.03038902, 0.02318896, 0.02334595, 0.03159493, 0.03768162, 0.03277578], "atomic dipole moments": [[0.03313747, -0.01992543, 0.08632198], [-0.02985696, -0.00477327, -0.00370011], [0.04518205, -0.05526435, -0.06376322], [0.02812942, 0.08997866, -0.01981704], [-0.11250817, 0.1237033, -0.00184581], [0.13944288, -0.03227159, 0.00214173], [-0.03040888, 0.08387021, 0.01772654], [-0.07447563, -0.02879862, -0.07248553], [-0.03295665, -0.06350573, 0.08294559], [0.07031118, -0.05634125, -0.0296291], [-0.12156463, -0.02175057, -0.00751092], [0.05823153, -0.06983292, -0.08551889], [0.01716459, 0.1181395, -0.02980012], [-0.12097676, -0.02242433, 0.00074659], [0.04414024, -0.02383859, 0.11400266], [0.01654503, 0.12157738, -0.0240258], [0.04753525, -0.03614653, 0.10949722], [-0.12177886, -0.0091908, 0.0050761], [0.03951256, -0.07676219, -0.08914385], [-0.04521926, -0.13773696, -0.00236014], [0.04715673, -0.03255736, -0.10959833], [0.04835619, -0.07812066, 0.08305073], [-0.01453395, 0.0215943, 0.12032192], [0.11844078, 0.01620304, -0.0288395], [0.03767639, 0.11538955, 0.01518578], [0.00624883, -0.02852726, -0.12005267], [-0.00737359, 0.04649381, 0.1153907], [-0.0708356, 0.07109638, -0.07074735]], "atomic quadrupole moments": [[-0.08360916, -0.01581751, -0.08454672, 0.10595744, -0.0675218, 0.16815588], [-0.05120561, -0.02162029, 0.04326581, -0.00273458, -0.00266766, 0.00793981], [-0.04406965, -0.07010644, 0.0060644, -0.10711715, 0.13202415, 0.03800525], [-0.07472919, 0.06232784, 0.1827948, -0.02202943, -0.06465248, -0.10806562], [-0.20290859, 0.18847331, -0.21395232, -0.01239356, 0.00568813, 0.41686091], [-0.08455088, 0.13211822, -0.37499433, -0.01821152, -0.00659853, 0.45954521], [0.07297641, 0.10038555, 0.12521885, 0.02111256, 0.05882125, -0.19819526], [-0.07399643, -0.04017992, 0.20264212, 0.1227222, -0.05007835, -0.12864569], [0.1838796, -0.09413925, -0.07173044, 0.00330661, -0.12556957, -0.11214916], [0.1650102, 0.06469283, 0.02699948, -0.09364458, -0.00149849, -0.19200968], [0.07850792, 0.02651641, -0.04532918, -0.00019813, -0.00996463, -0.03317874], [-0.01508305, -0.04540418, -0.00111169, -0.03540061, 0.04406855, 0.01619474], [-0.04387662, 0.02766021, 0.07667456, 0.0042571, -0.01692412, -0.03279794], [0.0772469, 0.02723818, -0.03190188, 0.00339358, 0.01498344, -0.04534502], [-0.02261458, -0.02118742, -0.03632148, 0.04372575, -0.02167902, 0.05893607], [-0.03470166, 0.02495725, 0.06719975, -0.01777237, -0.03061563, -0.0324981], [-0.0228778, -0.00477084, -0.03045502, 0.04748316, -0.02687556, 0.05333281], [0.08410227, 0.00096364, -0.02778695, -0.00443096, -0.0025862, -0.05631531], [-0.02522007, -0.02265821, 0.00116301, -0.04022542, 0.04812804, 0.02405706], [0.04834631, 0.00247832, 0.03006944, 0.00330041, 2.578e-05, -0.07841575], [-0.01999876, 0.00994313, -0.02526593, -0.03156763, 0.02243251, 0.04526469], [-0.02198337, -0.0069102, 0.00844712, 0.03793168, -0.03730339, 0.01353625], [-0.03914319, -0.01096778, -0.01326722, -0.01629749, 0.00897451, 0.05241041], [0.04997753, 0.00826403, -0.01888587, -0.02910016, -0.00023281, -0.03109166], [-0.01199957, 0.02195335, 0.04973015, 0.00483597, 0.01841771, -0.03773058], [-0.0200287, -0.01063844, -0.02990734, 0.00045045, 0.02550362, 0.04993604], [-0.01685367, 0.01011482, -0.03163363, -0.0087046, 0.0263335, 0.0484873], [0.01738503, -0.01554083, -0.01391151, 0.02949574, -0.04209516, -0.00347352]], "number of molecular orbitals": 58, "number of electrons": 58, "number of unpaired electrons": 0, "orbital energies/eV": [-17.13057512, -16.94761566, -16.38831231, -16.32618527, -15.8943547, -15.87704415, -15.44438053, -15.25728504, -14.77533911, -14.22374127, -14.10442824, -13.52264307, -13.41723039, -13.34419644, -13.28198117, -13.09294407, -12.70843008, -12.67926497, -12.50740303, -12.30533922, -12.16903496, -12.12277587, -11.88779155, -11.69856726, -11.68457125, -11.51800819, -11.01947478, -10.84417936, -10.03807169, -4.94191859, 1.62092682, 2.1842633, 2.76734619, 2.91759802, 3.05549733, 3.17040701, 3.26175798, 3.7117898, 3.95861595, 4.20273161, 4.45873929, 5.0843227, 5.42485545, 5.70387838, 5.79698881, 6.13319712, 6.28811567, 6.39193341, 6.78921695, 6.98314086, 7.05899921, 7.3214576, 7.60636099, 7.71246786, 8.1450395, 8.84910664, 11.20431707, 17.83301375], "fractional occupation": [2.0, 2.0, 2.0, 2.0, 2.0, 2.0, 2.0, 2.0, 2.0, 2.0, 2.0, 2.0, 2.0, 2.0, 2.0, 2.0, 2.0, 2.0, 2.0, 2.0, 2.0, 2.0, 2.0, 2.0, 2.0, 2.0, 2.0, 2.0, 2.0, 0.0, 0.0, 0.0, 0.0, 0.0, 0.0, 0.0, 0.0, 0.0, 0.0, 0.0, 0.0, 0.0, 0.0, 0.0, 0.0, 0.0, 0.0, 0.0, 0.0, 0.0, 0.0, 0.0, 0.0, 0.0, 0.0, 0.0, 0.0, 0.0], "program call": "xtb /tmp/scratch/tmpyr0gmbgu/48556_0_xyzopt.xyz --pop --wbo --acc 0.2 --gfn 2 --chrg 0 --uhf 0 --etemp 300 --input /tmp/scratch/tmpyr0gmbgu/48556_0_xtb.inp", "method": "GFN2-xTB", "xtb version": "6.3.3 (7355c4f)", "Dipole module/D": 0.224, "Total charge": 0, "Transition dipole module/D": NaN, "HOMO": -10.0381, "LUMO": -4.9419, "HOMO occupancy": 2.0, "LUMO occupancy": 0, "mulliken charges": [-0.09503, 0.03667, -0.09752, -0.097, -0.02165, -0.06532, -0.0382, -0.04565, -0.04277, -0.0479, 0.03026, 0.03085, 0.03027, 0.03016, 0.03105, 0.03025, 0.03105, 0.02979, 0.03146, 0.02711, 0.02948, 0.02759, 0.02445, 0.02327, 0.0229, 0.0248, 0.03112, 0.02849], "cm5 charges": [-0.24364, 0.00476, -0.24657, -0.24653, -0.03935, -0.12532, -0.14403, -0.15538, -0.15253, -0.15309, 0.0835, 0.08433, 0.08394, 0.08345, 0.08452, 0.08441, 0.08477, 0.08319, 0.08524, 0.08611, 0.08473, 0.0824, 0.08076, 0.07787, 0.07754, 0.08139, 0.08788, 0.08565], "FUKUI+": [0.014, -0.001, 0.017, 0.024, -0.156, -0.141, 0.027, 0.019, 0.019, 0.026, -0.051, -0.019, -0.027, -0.047, -0.021, -0.027, -0.016, -0.048, -0.018, -0.113, -0.078, -0.074, -0.031, -0.054, -0.054, -0.027, -0.074, -0.068], "FUKUI-": [0.002, -0.016, 0.015, 0.021, -0.065, -0.066, 0.012, 0.015, 0.015, 0.014, -0.056, -0.032, -0.034, -0.046, -0.038, -0.029, -0.029, -0.041, -0.03, -0.073, -0.111, -0.088, -0.046, -0.056, -0.052, -0.031, -0.086, -0.066], "FUKUIrad": [0.008, -0.009, 0.016, 0.023, -0.111, -0.104, 0.02, 0.017, 0.017, 0.02, -0.053, -0.026, -0.031, -0.047, -0.03, -0.028, -0.022, -0.045, -0.024, -0.093, -0.095, -0.081, -0.038, -0.055, -0.053, -0.029, -0.08, -0.067], "s proportion": [1.014, 1.08, 1.014, 1.014, 1.096, 1.06, 1.023, 1.025, 1.025, 1.027, 0.97, 0.969, 0.97, 0.97, 0.969, 0.97, 0.969, 0.97, 0.969, 0.973, 0.971, 0.972, 0.976, 0.977, 0.977, 0.975, 0.969, 0.972], "p proportion": [3.081, 2.884, 3.083, 3.083, 2.926, 3.006, 3.015, 3.021, 3.018, 3.021, 0.0, 0.0, 0.0, 0.0, 0.0, 0.0, 0.0, 0.0, 0.0, 0.0, 0.0, 0.0, 0.0, 0.0, 0.0, 0.0, 0.0, 0.0], "d proportion": [0.0, 0.0, 0.0, 0.0, 0.0, 0.0, 0.0, 0.0, 0.0, 0.0, 0.0, 0.0, 0.0, 0.0, 0.0, 0.0, 0.0, 0.0, 0.0, 0.0, 0.0, 0.0, 0.0, 0.0, 0.0, 0.0, 0.0, 0.0], "Fermi-level/eV": -7.49, "Coordination numbers": [3.762, 3.902, 3.761, 3.762, 2.949, 2.897, 3.808, 3.807, 3.807, 3.813, 0.925, 0.925, 0.925, 0.925, 0.925, 0.925, 0.925, 0.925, 0.925, 0.926, 0.924, 0.924, 0.924, 0.924, 0.924, 0.924, 0.924, 0.924], "Dispersion coefficient C6": [22.524, 20.124, 22.573, 22.619, 28.168, 29.378, 21.514, 21.545, 21.528, 21.613, 2.515, 2.54, 2.549, 2.536, 2.553, 2.51, 2.512, 2.517, 2.519, 2.66, 2.543, 2.582, 2.581, 2.685, 2.683, 2.564, 2.48, 2.547], "Total dispersion C6": 5884.460357, "Total dispersion C8": 128092.766364, "Polarizability alpha": [6.765, 6.377, 6.773, 6.78, 8.705, 8.887, 6.603, 6.608, 6.605, 6.617, 2.48, 2.492, 2.497, 2.49, 2.498, 2.478, 2.479, 2.481, 2.482, 2.55, 2.494, 2.513, 2.512, 2.563, 2.562, 2.504, 2.463, 2.496], "Total polarizability alpha": 115.751904, "Wiberg matrix": [[0.0, 0.9849135813470281, 0.0, 0.0, 0.0, 0.0, 0.0, 0.0, 0.0, 0.0, 0.9844859157487805, 0.9869073652153031, 0.9825566228787846, 0.0, 0.0, 0.0, 0.0, 0.0, 0.0, 0.0, 0.0, 0.0, 0.0, 0.0, 0.0, 0.0, 0.0, 0.0], [0.9849135813470281, 0.0, 0.9909864861221468, 0.9978155725907438, 0.9815317350134729, 0.0, 0.0, 0.0, 0.0, 0.0, 0.0, 0.0, 0.0, 0.0, 0.0, 0.0, 0.0, 0.0, 0.0, 0.0, 0.0, 0.0, 0.0, 0.0, 0.0, 0.0, 0.0, 0.0], [0.0, 0.9909864861221468, 0.0, 0.0, 0.0, 0.0, 0.0, 0.0, 0.0, 0.0, 0.0, 0.0, 0.0, 0.9848437771939497, 0.9870428482722547, 0.984270921144879, 0.0, 0.0, 0.0, 0.0, 0.0, 0.0, 0.0, 0.0, 0.0, 0.0, 0.0, 0.0], [0.0, 0.9978155725907438, 0.0, 0.0, 0.0, 0.0, 0.0, 0.0, 0.0, 0.0, 0.0, 0.0, 0.0, 0.0, 0.0, 0.0, 0.9858887715412434, 0.9844281215962878, 0.9838184428277577, 0.0, 0.0, 0.0, 0.0, 0.0, 0.0, 0.0, 0.0, 0.0], [0.0, 0.9815317350134729, 0.0, 0.0, 0.0, 1.8913998226114392, 0.0, 0.0, 0.0, 1.0074757350163035, 0.0, 0.0, 0.0, 0.0, 0.0, 0.0, 0.0, 0.0, 0.0, 0.0, 0.0, 0.0, 0.0, 0.0, 0.0, 0.0, 0.0, 0.0], [0.0, 0.0, 0.0, 0.0, 1.8913998226114392, 0.0, 1.0211113586832818, 0.0, 0.0, 0.0, 0.0, 0.0, 0.0, 0.0, 0.0, 0.0, 0.0, 0.0, 0.0, 0.9625465247564473, 0.0, 0.0, 0.0, 0.0, 0.0, 0.0, 0.0, 0.0], [0.0, 0.0, 0.0, 0.0, 0.0, 1.0211113586832818, 0.0, 1.0072640095363885, 0.0, 0.0, 0.0, 0.0, 0.0, 0.0, 0.0, 0.0, 0.0, 0.0, 0.0, 0.0, 0.960659993720787, 0.9678186300385341, 0.0, 0.0, 0.0, 0.0, 0.0, 0.0], [0.0, 0.0, 0.0, 0.0, 0.0, 0.0, 1.0072640095363885, 0.0, 1.0092553735882297, 0.0, 0.0, 0.0, 0.0, 0.0, 0.0, 0.0, 0.0, 0.0, 0.0, 0.0, 0.0, 0.0, 0.9785435504417906, 0.9785831886435038, 0.0, 0.0, 0.0, 0.0], [0.0, 0.0, 0.0, 0.0, 0.0, 0.0, 0.0, 1.0092553735882297, 0.0, 1.005754460342765, 0.0, 0.0, 0.0, 0.0, 0.0, 0.0, 0.0, 0.0, 0.0, 0.0, 0.0, 0.0, 0.0, 0.0, 0.9781929821815023, 0.97827581994095, 0.0, 0.0], [0.0, 0.0, 0.0, 0.0, 1.0074757350163035, 0.0, 0.0, 0.0, 1.005754460342765, 0.0, 0.0, 0.0, 0.0, 0.0, 0.0, 0.0, 0.0, 0.0, 0.0, 0.0, 0.0, 0.0, 0.0, 0.0, 0.0, 0.0, 0.960404397337873, 0.9652102472397317], [0.9844859157487805, 0.0, 0.0, 0.0, 0.0, 0.0, 0.0, 0.0, 0.0, 0.0, 0.0, 0.0, 0.0, 0.0, 0.0, 0.0, 0.0, 0.0, 0.0, 0.0, 0.0, 0.0, 0.0, 0.0, 0.0, 0.0, 0.0, 0.0], [0.9869073652153031, 0.0, 0.0, 0.0, 0.0, 0.0, 0.0, 0.0, 0.0, 0.0, 0.0, 0.0, 0.0, 0.0, 0.0, 0.0, 0.0, 0.0, 0.0, 0.0, 0.0, 0.0, 0.0, 0.0, 0.0, 0.0, 0.0, 0.0], [0.9825566228787846, 0.0, 0.0, 0.0, 0.0, 0.0, 0.0, 0.0, 0.0, 0.0, 0.0, 0.0, 0.0, 0.0, 0.0, 0.0, 0.0, 0.0, 0.0, 0.0, 0.0, 0.0, 0.0, 0.0, 0.0, 0.0, 0.0, 0.0], [0.0, 0.0, 0.9848437771939497, 0.0, 0.0, 0.0, 0.0, 0.0, 0.0, 0.0, 0.0, 0.0, 0.0, 0.0, 0.0, 0.0, 0.0, 0.0, 0.0, 0.0, 0.0, 0.0, 0.0, 0.0, 0.0, 0.0, 0.0, 0.0], [0.0, 0.0, 0.9870428482722547, 0.0, 0.0, 0.0, 0.0, 0.0, 0.0, 0.0, 0.0, 0.0, 0.0, 0.0, 0.0, 0.0, 0.0, 0.0, 0.0, 0.0, 0.0, 0.0, 0.0, 0.0, 0.0, 0.0, 0.0, 0.0], [0.0, 0.0, 0.984270921144879, 0.0, 0.0, 0.0, 0.0, 0.0, 0.0, 0.0, 0.0, 0.0, 0.0, 0.0, 0.0, 0.0, 0.0, 0.0, 0.0, 0.0, 0.0, 0.0, 0.0, 0.0, 0.0, 0.0, 0.0, 0.0], [0.0, 0.0, 0.0, 0.9858887715412434, 0.0, 0.0, 0.0, 0.0, 0.0, 0.0, 0.0, 0.0, 0.0, 0.0, 0.0, 0.0, 0.0, 0.0, 0.0, 0.0, 0.0, 0.0, 0.0, 0.0, 0.0, 0.0, 0.0, 0.0], [0.0, 0.0, 0.0, 0.9844281215962878, 0.0, 0.0, 0.0, 0.0, 0.0, 0.0, 0.0, 0.0, 0.0, 0.0, 0.0, 0.0, 0.0, 0.0, 0.0, 0.0, 0.0, 0.0, 0.0, 0.0, 0.0, 0.0, 0.0, 0.0], [0.0, 0.0, 0.0, 0.9838184428277577, 0.0, 0.0, 0.0, 0.0, 0.0, 0.0, 0.0, 0.0, 0.0, 0.0, 0.0, 0.0, 0.0, 0.0, 0.0, 0.0, 0.0, 0.0, 0.0, 0.0, 0.0, 0.0, 0.0, 0.0], [0.0, 0.0, 0.0, 0.0, 0.0, 0.9625465247564473, 0.0, 0.0, 0.0, 0.0, 0.0, 0.0, 0.0, 0.0, 0.0, 0.0, 0.0, 0.0, 0.0, 0.0, 0.0, 0.0, 0.0, 0.0, 0.0, 0.0, 0.0, 0.0], [0.0, 0.0, 0.0, 0.0, 0.0, 0.0, 0.960659993720787, 0.0, 0.0, 0.0, 0.0, 0.0, 0.0, 0.0, 0.0, 0.0, 0.0, 0.0, 0.0, 0.0, 0.0, 0.0, 0.0, 0.0, 0.0, 0.0, 0.0, 0.0], [0.0, 0.0, 0.0, 0.0, 0.0, 0.0, 0.9678186300385341, 0.0, 0.0, 0.0, 0.0, 0.0, 0.0, 0.0, 0.0, 0.0, 0.0, 0.0, 0.0, 0.0, 0.0, 0.0, 0.0, 0.0, 0.0, 0.0, 0.0, 0.0], [0.0, 0.0, 0.0, 0.0, 0.0, 0.0, 0.0, 0.9785435504417906, 0.0, 0.0, 0.0, 0.0, 0.0, 0.0, 0.0, 0.0, 0.0, 0.0, 0.0, 0.0, 0.0, 0.0, 0.0, 0.0, 0.0, 0.0, 0.0, 0.0], [0.0, 0.0, 0.0, 0.0, 0.0, 0.0, 0.0, 0.9785831886435038, 0.0, 0.0, 0.0, 0.0, 0.0, 0.0, 0.0, 0.0, 0.0, 0.0, 0.0, 0.0, 0.0, 0.0, 0.0, 0.0, 0.0, 0.0, 0.0, 0.0], [0.0, 0.0, 0.0, 0.0, 0.0, 0.0, 0.0, 0.0, 0.9781929821815023, 0.0, 0.0, 0.0, 0.0, 0.0, 0.0, 0.0, 0.0, 0.0, 0.0, 0.0, 0.0, 0.0, 0.0, 0.0, 0.0, 0.0, 0.0, 0.0], [0.0, 0.0, 0.0, 0.0, 0.0, 0.0, 0.0, 0.0, 0.97827581994095, 0.0, 0.0, 0.0, 0.0, 0.0, 0.0, 0.0, 0.0, 0.0, 0.0, 0.0, 0.0, 0.0, 0.0, 0.0, 0.0, 0.0, 0.0, 0.0], [0.0, 0.0, 0.0, 0.0, 0.0, 0.0, 0.0, 0.0, 0.0, 0.960404397337873, 0.0, 0.0, 0.0, 0.0, 0.0, 0.0, 0.0, 0.0, 0.0, 0.0, 0.0, 0.0, 0.0, 0.0, 0.0, 0.0, 0.0, 0.0], [0.0, 0.0, 0.0, 0.0, 0.0, 0.0, 0.0, 0.0, 0.0, 0.9652102472397317, 0.0, 0.0, 0.0, 0.0, 0.0, 0.0, 0.0, 0.0, 0.0, 0.0, 0.0, 0.0, 0.0, 0.0, 0.0, 0.0, 0.0, 0.0]], "Born radii": [], "Atomic SASAs": [], "Solvent H bonds": [], "Total SASA": NaN, "Total FOD": 0.0, "FOD": [0.0, 0.0, 0.0, 0.0, 0.0, 0.0, 0.0, 0.0, 0.0, 0.0, 0.0, 0.0, 0.0, 0.0, 0.0, 0.0, 0.0, 0.0, 0.0, 0.0, 0.0, 0.0, 0.0, 0.0, 0.0, 0.0, 0.0, 0.0], "FOD s proportion": [0.0, 0.0, 0.0, 0.0, 0.0, 0.0, 0.0, 0.0, 0.0, 0.0, 0.0, 0.0, 0.0, 0.0, 0.0, 0.0, 0.0, 0.0, 0.0, 0.0, 0.0, 0.0, 0.0, 0.0, 0.0, 0.0, 0.0, 0.0], "FOD p proportion": [0.0, 0.0, 0.0, 0.0, 0.0, 0.0, 0.0, 0.0, 0.0, 0.0, 0.0, 0.0, 0.0, 0.0, 0.0, 0.0, 0.0, 0.0, 0.0, 0.0, 0.0, 0.0, 0.0, 0.0, 0.0, 0.0, 0.0, 0.0], "FOD d proportion": [0.0, 0.0, 0.0, 0.0, 0.0, 0.0, 0.0, 0.0, 0.0, 0.0, 0.0, 0.0, 0.0, 0.0, 0.0, 0.0, 0.0, 0.0, 0.0, 0.0, 0.0, 0.0, 0.0, 0.0, 0.0, 0.0, 0.0, 0.0], "coordinates": [["-1.96235855397451", "0.03160566745231", "-1.47032021957860"], ["-1.44522610087509", "-0.31459103314577", "-0.06596042214804"], ["-2.13784730619414", "0.58140394096694", "0.97009413050866"], ["-1.83197806176628", "-1.76582445300865", "0.23831034403042"], ["0.06089771267354", "-0.09389596596639", "-0.02535518368353"], ["0.94368676944188", "-1.08431833872768", "-0.01467765457354"], ["2.43376115024218", "-0.91533495294935", "0.00438096618576"], ["2.85310680346515", "0.51725094450128", "0.31250159833064"], ["1.97303782682773", "1.47434350160269", "-0.47885322774027"], ["0.52847079935476", "1.34055032122250", "-0.00802850434090"], ["-3.03182626671618", "-0.15847853539344", "-1.53256835678091"], ["-1.45822877690585", "-0.57824473047086", "-2.21691024978160"], ["-1.79091166163920", "1.07774483101763", "-1.71058082893384"], ["-3.20830954984308", "0.38589603022657", "0.97311883923860"], ["-1.75002432292645", "0.37537082139499", "1.96548887387677"], ["-1.99080972664806", "1.63508523016968", "0.75140588752900"], ["-1.42438282493898", "-2.08154856408588", "1.19564529242214"], ["-2.91575864150587", "-1.85297180399710", "0.28295739237629"], ["-1.47592968048787", "-2.43903662818911", "-0.53714227576551"], ["0.62380021575310", "-2.11488437289573", "-0.04023924121168"], ["2.82632232362774", "-1.21278893751847", "-0.97496167539304"], ["2.86401377453820", "-1.60202388668347", "0.73910929679270"], ["2.72884750444028", "0.71557954284625", "1.37926215256436"], ["3.90621792793311", "0.66291444842535", "0.06336705489038"], ["2.31112449029202", "2.50465295392743", "-0.34832723052550"], ["2.03588442386562", "1.22896762710779", "-1.54117256200381"], ["0.45003285729905", "1.72768668320677", "1.01283968636817"], ["-0.11561410533279", "1.95488965896380", "-0.63927088265324"]], "bond_dist": [[0.0, 1.5360678924425262, 2.507727386265719, 2.4833792528704994, 2.489425744118633, 3.436463456283739, 4.732579484769772, 5.157810735014872, 4.30718515135178, 3.171098237912709, 1.088011040088087, 1.0878699431333057, 1.0869803801561158, 2.7655578061964428, 3.4594861516431332, 2.740077201883604, 3.4441560363137493, 2.7449201003638883, 2.685425008596035, 3.6525016468496276, 4.97246041388883, 5.553754960510212, 5.531306738950294, 6.098437288092826, 5.063347556534095, 4.174283486624389, 3.8551791465106637, 2.7928711697816393], [1.5360678924425262, 0.0, 1.5349072166660513, 1.5323955812161942, 1.5227488433114433, 2.5103813951618092, 3.925860830750883, 4.394412399087569, 3.8801154000828144, 2.5764953840474396, 2.1662432993847984, 2.167087331579877, 2.182400959487676, 2.1630605829288907, 2.1669645957437074, 2.1833430121358255, 2.171225998677672, 2.1565771468861445, 2.176286776892807, 2.742733597562264, 4.4586061383231765, 4.568935205118967, 4.535725980335289, 5.441525131457692, 4.705107590362113, 4.083742729492413, 2.9877607774693176, 2.6920430075823076], [2.507727386265719, 1.5349072166660513, 0.0, 2.477608653182445, 2.506277909455634, 3.6387165925736737, 4.906366589572, 5.034497638300844, 4.449288266995651, 2.9397753920049814, 2.7586126922726306, 3.4588528888214856, 2.7482243101284713, 1.0881736566848543, 1.0879646169963737, 1.0861348243345523, 2.7660840437015475, 2.646410438720135, 3.439906649812263, 3.989666806759873, 5.625420009823762, 5.4625383607723865, 4.885707721739875, 6.112243655718504, 5.022994295936832, 4.913841235025658, 2.830709283607934, 2.92676372155268], [2.4833792528704994, 1.5323955812161942, 2.477608653182445, 0.0, 2.5392603398921594, 2.869280182632189, 4.355982824621382, 5.2122891139450775, 5.048876892460143, 3.9092155085341806, 2.6756696333409704, 2.7528425835116805, 3.4475715404230756, 2.6578436612554577, 2.7521953586910404, 3.4430627655712804, 1.0873388592393758, 1.088195003081242, 1.0868817084533868, 2.4960528134328754, 4.845373025379104, 4.725459717662883, 5.316038625273985, 6.233479848524108, 5.9788309629813385, 5.205352939403318, 4.2440652204857425, 4.190437631489408], [2.489425744118633, 1.5227488433114433, 2.506277909455634, 2.5392603398921594, 0.0, 1.3267882290870436, 2.5112003387413564, 2.8782076641594956, 2.5142226074399696, 1.5088276760570234, 3.4410469439001057, 2.7102126530512183, 2.7644032975235753, 3.4517918331429747, 2.731869323057975, 2.7932484950163223, 2.7654408850799843, 3.4712947871618085, 2.8501665196271326, 2.0979692333503195, 3.130694371821797, 3.273578382052255, 3.1218834943097717, 3.9200919883126812, 3.4525770060686374, 2.8192628326717264, 2.1324722968313305, 2.146059515544235], [3.436463456283739, 2.5103813951618092, 3.6387165925736737, 2.869280182632189, 1.3267882290870436, 0.0, 1.4997467372899174, 2.5135543158728213, 2.796743280179435, 2.4601700207552293, 4.354982827285114, 3.297747290523914, 3.876678127733277, 4.514016574983189, 3.647990045726929, 4.073488609236094, 2.840264664115548, 3.9464837071663124, 2.8218388843038533, 1.0793735001023539, 2.1173017558391694, 2.126939023323522, 2.8930087140895364, 3.4402767700011063, 3.855116457312183, 2.9789888181177537, 3.0342805266313806, 3.2785698554542426], [4.732579484769772, 3.925860830750883, 4.906366589572, 4.355982824621382, 2.5112003387413564, 1.4997467372899174, 0.0, 1.524169102955701, 2.481198174888016, 2.952846708918169, 5.727799810623345, 4.493923683958827, 4.976074894073383, 5.8706572820276675, 4.797491689104931, 5.161348349820427, 4.202908494720079, 5.438210155186717, 4.230909666797023, 2.171835251159367, 1.0962185719100164, 1.0938394453588587, 2.153428969269237, 2.15927753977302, 3.440313954506835, 2.6730273385678385, 3.4551020679170077, 3.8925301821673517], [5.157810735014872, 4.394412399087569, 5.034497638300844, 5.2122891139450775, 2.8782076641594956, 2.5135543158728213, 1.524169102955701, 0.0, 1.5221005312541849, 2.4868642829946506, 6.204299372996759, 5.117191569389032, 5.096461851967373, 6.098724248614738, 4.892986109647693, 4.990562875668084, 5.08238321964719, 6.23687720416118, 5.3105637934807906, 3.4673289851102997, 2.156691234953758, 2.161813798757477, 1.0921321744114427, 1.0919381473274006, 2.1633784495346564, 2.147207709261114, 2.780358341263564, 3.4330714765663886], [4.30718515135178, 3.8801154000828144, 4.449288266995651, 5.048876892460143, 2.5142226074399696, 2.796743280179435, 2.481198174888016, 1.5221005312541849, 0.0, 1.525237828059097, 5.368900071012164, 4.359765035894867, 3.9801707426669988, 5.489927269005068, 4.587345750269182, 4.153488030704054, 5.195265225366648, 5.9625257628451465, 5.216638622704064, 3.8594534710750588, 2.8626733606349366, 3.426559084311243, 2.1446593623242713, 2.1655496407485435, 1.0921891756976132, 1.0920995295729738, 2.146828976624748, 2.149215049053998], [3.171098237912709, 2.5764953840474396, 2.9397753920049814, 3.9092155085341806, 1.5088276760570234, 2.4601700207552293, 2.952846708918169, 2.4868642829946506, 1.525237828059097, 0.0, 4.152953704692414, 3.536652120587797, 2.8891670329049934, 3.9796409766813365, 3.165103842099607, 2.6476906497626143, 4.119857845576714, 4.70595078572296, 4.310784171686992, 3.4568995002048513, 3.568560319668492, 3.8303679786470792, 2.67522363267893, 3.4457892226018108, 2.1561058286470183, 2.1529693993491774, 1.0946227369856525, 1.0912035220435319], [1.088011040088087, 2.1662432993847984, 2.7586126922726306, 2.6756696333409704, 3.4410469439001057, 4.354982827285114, 5.727799810623345, 6.204299372996759, 5.368900071012164, 4.152953704692414, 0.0, 1.7665606542043537, 1.7606265103638743, 2.5702058947121995, 3.763564234579108, 3.084983754658585, 3.7047567355314293, 2.486144178606279, 2.93472869008677, 4.406605833237118, 5.9783275706259085, 6.481147455122064, 6.513685342183792, 7.166460320060375, 6.086199073834307, 5.254214739580403, 4.707447747715667, 3.710606267499159], [1.0878699431333057, 2.167087331579877, 3.4588528888214856, 2.7528425835116805, 2.7102126530512183, 3.297747290523914, 4.493923683958827, 5.117191569389032, 4.359765035894867, 3.536652120587797, 1.7665606542043537, 0.0, 1.763334571761517, 3.764124826176443, 4.299649949823377, 3.740771668214446, 3.7291558419100186, 3.162065882692796, 2.5068865660678834, 3.3814202336433823, 4.505825201359574, 5.335537085799171, 5.669042686682698, 5.959650085585395, 5.215734338063609, 3.991423929861836, 4.403415356200583, 3.2723584711906053], [1.0869803801561158, 2.182400959487676, 2.7482243101284713, 3.4475715404230756, 2.7644032975235753, 3.876678127733277, 4.976074894073383, 5.096461851967373, 3.9801707426669988, 2.8891670329049934, 1.7606265103638743, 1.763334571761517, 0.0, 3.1128629018300358, 3.742791669834494, 2.5321860415381665, 4.30832083449333, 3.7186792497729066, 3.7207423343107338, 4.337482645979588, 5.206393200533772, 5.903428911134856, 5.4869405196001, 5.981326015293469, 4.551758149259814, 3.833527849774484, 3.586262128087446, 2.173409752522218], [2.7655578061964428, 2.1630605829288907, 1.0881736566848543, 2.6578436612554577, 3.4517918331429747, 4.514016574983189, 5.8706572820276675, 6.098724248614738, 5.489927269005068, 3.9796409766813365, 2.5702058947121995, 3.764124826176443, 3.1128629018300358, 0.0, 1.7639458236329135, 1.7583902040474964, 3.052899508368273, 2.3610247850934116, 3.641740404233134, 4.686775275115291, 6.539693659942442, 6.393723220301945, 5.960157506029445, 7.17780528749412, 6.05801145099837, 5.8765637409724425, 3.8968511737063034, 3.8244354792276423], [3.4594861516431332, 2.1669645957437074, 1.0879646169963737, 2.7521953586910404, 2.731869323057975, 3.647990045726929, 4.797491689104931, 4.892986109647693, 4.587345750269182, 3.165103842099607, 3.763564234579108, 4.299649949823377, 3.742791669834494, 1.7639458236329135, 0.0, 1.7660281707999634, 2.595217600100252, 3.0257824680391905, 3.7761329209189456, 3.982381089848805, 5.666696522839472, 5.167537543499884, 4.529867171221645, 5.974430947974769, 5.136196749348586, 5.230526452629013, 2.7525534074437705, 3.4570145945378297], [2.740077201883604, 2.1833430121358255, 1.0861348243345523, 3.4430627655712804, 2.7932484950163223, 4.073488609236094, 5.161348349820427, 4.990562875668084, 4.153488030704054, 2.6476906497626143, 3.084983754658585, 3.740771668214446, 2.5321860415381665, 1.7583902040474964, 1.7660281707999634, 0.0, 3.785704009090256, 3.6388894406546393, 4.303943162707943, 4.639521439187063, 5.8562354313235385, 5.835095360679886, 4.849212160498728, 6.016099120110239, 4.524621416652112, 4.651356064263419, 2.456549445846687, 2.3563988138684846], [3.4441560363137493, 2.171225998677672, 2.7660840437015475, 1.0873388592393758, 2.7654408850799843, 2.840264664115548, 4.202908494720079, 5.08238321964719, 5.195265225366648, 4.119857845576714, 3.7047567355314293, 3.7291558419100186, 4.30832083449333, 3.052899508368273, 2.595217600100252, 3.785704009090256, 0.0, 1.7633627999885177, 1.770030381309576, 2.3923995537541267, 4.851265005906498, 4.339206658589873, 5.010684880013306, 6.101592875696538, 6.113191508335821, 5.515717437796271, 4.249367624557955, 4.623053802355035], [2.7449201003638883, 2.1565771468861445, 2.646410438720135, 1.088195003081242, 3.4712947871618085, 3.9464837071663124, 5.438210155186717, 6.23687720416118, 5.9625257628451465, 4.70595078572296, 2.486144178606279, 3.162065882692796, 3.7186792497729066, 2.3610247850934116, 3.0257824680391905, 3.6388894406546393, 1.7633627999885177, 0.0, 1.7575957671852978, 3.5639207569347136, 5.913010087403893, 5.803173149094439, 6.297691536700957, 7.274425603813672, 6.83430472538812, 6.111020356234092, 4.968138059524455, 4.8157162848144015], [2.685425008596035, 2.176286776892807, 3.439906649812263, 1.0868817084533868, 2.8501665196271326, 2.8218388843038533, 4.230909666797023, 5.3105637934807906, 5.216638622704064, 4.310784171686992, 2.93472869008677, 2.5068865660678834, 3.7207423343107338, 3.641740404233134, 3.7761329209189456, 4.303943162707943, 1.770030381309576, 1.7575957671852978, 0.0, 2.181937888100554, 4.4949684684636075, 4.6004910171332485, 5.595029963670653, 6.2410115219206315, 6.230368937555621, 5.176405155713377, 4.844931262012729, 4.600812638359411], [3.6525016468496276, 2.742733597562264, 3.989666806759873, 2.4960528134328754, 2.0979692333503195, 1.0793735001023539, 2.171835251159367, 3.4673289851102997, 3.8594534710750588, 3.4568995002048513, 4.406605833237118, 3.3814202336433823, 4.337482645979588, 4.686775275115291, 3.982381089848805, 4.639521439187063, 2.3923995537541267, 3.5639207569347136, 2.181937888100554, 0.0, 2.557065865238313, 2.426719351505658, 3.802332740944536, 4.301298245129931, 4.9276877468565505, 3.927865685355393, 3.9880474726078057, 4.1795493915101956], [4.97246041388883, 4.4586061383231765, 5.625420009823762, 4.845373025379104, 3.130694371821797, 2.1173017558391694, 1.0962185719100164, 2.156691234953758, 2.8626733606349366, 3.568560319668492, 5.9783275706259085, 4.505825201359574, 5.206393200533772, 6.539693659942442, 5.666696522839472, 5.8562354313235385, 4.851265005906498, 5.913010087403893, 4.4949684684636075, 2.557065865238313, 0.0, 1.7581137019012687, 3.0447456656611176, 2.4005341614672244, 3.804927561891966, 2.628224108098916, 4.271358420653071, 4.336111847149148], [5.553754960510212, 4.568935205118967, 5.4625383607723865, 4.725459717662883, 3.273578382052255, 2.126939023323522, 1.0938394453588587, 2.161813798757477, 3.426559084311243, 3.8303679786470792, 6.481147455122064, 5.335537085799171, 5.903428911134856, 6.393723220301945, 5.167537543499884, 5.835095360679886, 4.339206658589873, 5.803173149094439, 4.6004910171332485, 2.426719351505658, 1.7581137019012687, 0.0, 2.4081842238277194, 2.5831691266137193, 4.284040083238023, 3.728269910851411, 4.121796292177804, 4.840428513344965], [5.531306738950294, 4.535725980335289, 4.885707721739875, 5.316038625273985, 3.1218834943097717, 2.8930087140895364, 2.153428969269237, 1.0921321744114427, 2.1446593623242713, 2.67522363267893, 6.513685342183792, 5.669042686682698, 5.4869405196001, 5.960157506029445, 4.529867171221645, 4.849212160498728, 5.010684880013306, 6.297691536700957, 5.595029963670653, 3.802332740944536, 3.0447456656611176, 2.4081842238277194, 0.0, 1.7665091662282602, 2.521872570799635, 3.045111505044787, 2.520242544543571, 3.7015303629240806], [6.098437288092826, 5.441525131457692, 6.112243655718504, 6.233479848524108, 3.9200919883126812, 3.4402767700011063, 2.15927753977302, 1.0919381473274006, 2.1655496407485435, 3.4457892226018108, 7.166460320060375, 5.959650085585395, 5.981326015293469, 7.17780528749412, 5.974430947974769, 6.016099120110239, 6.101592875696538, 7.274425603813672, 6.2410115219206315, 4.301298245129931, 2.4005341614672244, 2.5831691266137193, 1.7665091662282602, 0.0, 2.47099493769186, 2.528460203308888, 3.7390444544509687, 4.282292951179911], [5.063347556534095, 4.705107590362113, 5.022994295936832, 5.9788309629813385, 3.4525770060686374, 3.855116457312183, 3.440313954506835, 2.1633784495346564, 1.0921891756976132, 2.1561058286470183, 6.086199073834307, 5.215734338063609, 4.551758149259814, 6.05801145099837, 5.136196749348586, 4.524621416652112, 6.113191508335821, 6.83430472538812, 6.230368937555621, 4.9276877468565505, 3.804927561891966, 4.284040083238023, 2.521872570799635, 2.47099493769186, 0.0, 1.7680526383733433, 2.433128444591413, 2.5051842448605988], [4.174283486624389, 4.083742729492413, 4.913841235025658, 5.205352939403318, 2.8192628326717264, 2.9789888181177537, 2.6730273385678385, 2.147207709261114, 1.0920995295729738, 2.1529693993491774, 5.254214739580403, 3.991423929861836, 3.833527849774484, 5.8765637409724425, 5.230526452629013, 4.651356064263419, 5.515717437796271, 6.111020356234092, 5.176405155713377, 3.927865685355393, 2.628224108098916, 3.728269910851411, 3.045111505044787, 2.528460203308888, 1.7680526383733433, 0.0, 3.0473963399813946, 2.443222330589719], [3.8551791465106637, 2.9877607774693176, 2.830709283607934, 4.2440652204857425, 2.1324722968313305, 3.0342805266313806, 3.4551020679170077, 2.780358341263564, 2.146828976624748, 1.0946227369856525, 4.707447747715667, 4.403415356200583, 3.586262128087446, 3.8968511737063034, 2.7525534074437705, 2.456549445846687, 4.249367624557955, 4.968138059524455, 4.844931262012729, 3.9880474726078057, 4.271358420653071, 4.121796292177804, 2.520242544543571, 3.7390444544509687, 2.433128444591413, 3.0473963399813946, 0.0, 1.76097899215173], [2.7928711697816393, 2.6920430075823076, 2.92676372155268, 4.190437631489408, 2.146059515544235, 3.2785698554542426, 3.8925301821673517, 3.4330714765663886, 2.149215049053998, 1.0912035220435319, 3.710606267499159, 3.2723584711906053, 2.173409752522218, 3.8244354792276423, 3.4570145945378297, 2.3563988138684846, 4.623053802355035, 4.8157162848144015, 4.600812638359411, 4.1795493915101956, 4.336111847149148, 4.840428513344965, 3.7015303629240806, 4.282292951179911, 2.5051842448605988, 2.443222330589719, 1.76097899215173, 0.0]]}