{"total energy": -19.86232205, "HOMO-LUMO gap/eV": 4.03572423, "electronic energy": -20.12820376, "dipole": [0.01155148, 0.26295297, 1.26519083], "partial charges": [-0.10461483, -0.0504703, -0.08824348, 0.2402253, -0.14096775, -0.35426955, 0.03801413, 0.03371872, 0.03371873, 0.04466342, 0.04466339, 0.05615741, 0.05615736, 0.06224056, 0.06224048, 0.0667664], "atomic dipole moments": [[-0.08114844, -0.00886556, -0.05822572], [-0.01583958, 0.02660761, 0.12474247], [0.00217625, -0.01875094, -0.08964106], [-0.00225142, -0.00581263, -0.0283523], [0.07597231, -0.0088929, -0.02806651], [-0.00425943, 0.03498287, 0.167202], [0.1030341, -0.01820373, -0.0675685], [-0.00060674, -0.08300141, 0.0911851], [0.00723021, 0.11224212, 0.0505347], [0.00336697, 0.08266578, -0.09430942], [-0.00450267, -0.11339243, -0.0534894], [0.00235797, 0.11695025, 0.05453134], [-0.00576171, -0.08533741, 0.09664843], [-0.00325332, 0.11996271, 0.05434854], [-0.01158968, -0.08773224, 0.09759166], [-0.10176218, -0.0131758, -0.08290062]], "atomic quadrupole moments": [[0.12081835, 0.02431113, -0.12255907, 0.16429912, 0.01994628, 0.00174072], [0.24321613, -0.02000951, -0.24315377, -5.32e-05, 0.05308294, -6.236e-05], [0.19898073, -0.01821748, -0.23231479, -0.00187881, 0.05805325, 0.03333406], [-0.28205991, 0.03344794, 0.57957317, -0.01337001, -0.19061755, -0.29751326], [0.12210124, -0.03956266, -0.12008518, -0.14173896, 0.03198885, -0.00201607], [-0.12950394, 0.01502428, 0.24902968, -0.00414836, -0.08016844, -0.11952574], [0.04104522, -0.0150015, -0.05123496, -0.05351339, 0.01574472, 0.01018974], [-0.03755574, 0.01654845, 0.01776296, 0.0006842, -0.06511326, 0.01979277], [-0.03956754, -0.00751425, 0.06746934, 0.01049933, 0.04425048, -0.02790179], [-0.01450279, 0.003448, 0.01311546, -0.0034624, -0.04751326, 0.00138733], [-0.01485751, -0.00030284, 0.04639499, 0.00063137, 0.02809104, -0.03153748], [-0.01294013, 0.00511147, 0.04995425, -0.01681487, 0.0415755, -0.03701412], [-0.01399636, -0.00890426, 0.0072365, -0.01829478, -0.05910061, 0.00675986], [-0.03244967, 0.00385409, 0.06670238, 0.00898677, 0.05406012, -0.0342527], [-0.03230142, 0.00457505, 0.01069914, 0.00321879, -0.07424473, 0.02160228], [0.03184366, 0.00822879, -0.04850195, 0.05542066, 0.01178427, 0.01665829]], "number of molecular orbitals": 34, "number of electrons": 36, "number of unpaired electrons": 0, "orbital energies/eV": [-19.28595926, -17.47550671, -17.1082022, -16.49653386, -15.56822263, -15.31835872, -14.90689083, -14.69920987, -14.04690242, -13.87716097, -13.1609174, -13.06480797, -13.01886524, -12.78494971, -12.44175268, -12.04457138, -11.72293256, -10.73341783, -6.6976936, 1.48891876, 3.1940673, 3.6534977, 3.77955335, 4.15832793, 4.47854334, 4.77766148, 5.0021437, 5.57571329, 5.66473115, 5.94144945, 7.03410197, 7.4362587, 8.08414703, 17.3527253], "fractional occupation": [2.0, 2.0, 2.0, 2.0, 2.0, 2.0, 2.0, 2.0, 2.0, 2.0, 2.0, 2.0, 2.0, 2.0, 2.0, 2.0, 2.0, 2.0, 0.0, 0.0, 0.0, 0.0, 0.0, 0.0, 0.0, 0.0, 0.0, 0.0, 0.0, 0.0, 0.0, 0.0, 0.0, 0.0], "program call": "xtb /tmp/scratch/tmp76mc6bvo/4875_0_xyzopt.xyz --pop --wbo --acc 0.2 --gfn 2 --chrg 0 --uhf 0 --etemp 300 --input /tmp/scratch/tmp76mc6bvo/4875_0_xtb.inp", "method": "GFN2-xTB", "xtb version": "6.3.3 (7355c4f)", "Dipole module/D": 3.285, "Total charge": 0, "Transition dipole module/D": NaN, "HOMO": -10.7334, "LUMO": -6.6977, "HOMO occupancy": 2.0, "LUMO occupancy": 0, "mulliken charges": [-0.08924, -0.02855, -0.09172, 0.40604, -0.13394, -0.48504, 0.03472, 0.02741, 0.02741, 0.03779, 0.03779, 0.04459, 0.04459, 0.05235, 0.05235, 0.06347], "cm5 charges": [-0.2417, -0.13999, -0.19477, 0.42355, -0.27785, -0.53807, 0.0864, 0.07954, 0.07954, 0.09532, 0.09532, 0.10143, 0.10143, 0.10556, 0.10556, 0.11874], "FUKUI+": [0.018, 0.014, 0.032, -0.194, 0.051, -0.298, -0.04, -0.024, -0.024, -0.023, -0.023, -0.098, -0.098, -0.107, -0.107, -0.078], "FUKUI-": [0.015, 0.005, -0.013, -0.036, -0.004, -0.196, -0.097, -0.079, -0.079, -0.074, -0.074, -0.074, -0.074, -0.074, -0.074, -0.072], "FUKUIrad": [0.016, 0.01, 0.01, -0.115, 0.024, -0.247, -0.069, -0.052, -0.052, -0.048, -0.048, -0.086, -0.086, -0.091, -0.091, -0.075], "s proportion": [1.006, 1.022, 1.042, 1.066, 1.021, 1.728, 0.965, 0.973, 0.973, 0.962, 0.962, 0.955, 0.955, 0.948, 0.948, 0.937], "p proportion": [3.083, 3.006, 3.05, 2.528, 3.113, 4.757, 0.0, 0.0, 0.0, 0.0, 0.0, 0.0, 0.0, 0.0, 0.0, 0.0], "d proportion": [0.0, 0.0, 0.0, 0.0, 0.0, 0.0, 0.0, 0.0, 0.0, 0.0, 0.0, 0.0, 0.0, 0.0, 0.0, 0.0], "Fermi-level/eV": -8.7156, "Coordination numbers": [3.752, 3.801, 3.805, 2.81, 3.753, 0.857, 0.925, 0.925, 0.925, 0.924, 0.924, 0.924, 0.924, 0.925, 0.925, 0.925], "Dispersion coefficient C6": [22.559, 21.479, 22.18, 22.988, 23.275, 20.788, 2.475, 2.534, 2.534, 2.388, 2.388, 2.245, 2.245, 2.173, 2.173, 2.121], "Total dispersion C6": 1885.377607, "Total dispersion C8": 40239.47438, "Polarizability alpha": [6.773, 6.598, 6.705, 7.855, 6.879, 6.113, 2.46, 2.489, 2.489, 2.416, 2.416, 2.343, 2.343, 2.305, 2.305, 2.278], "Total polarizability alpha": 64.769935, "Wiberg matrix": [[0.0, 1.0197440065210248, 0.0, 0.0, 0.0, 0.0, 0.9870460993633527, 0.9877483903682442, 0.9877483914209009, 0.0, 0.0, 0.0, 0.0, 0.0, 0.0, 0.0], [1.0197440065210248, 0.0, 1.0080539164776885, 0.0, 0.0, 0.0, 0.0, 0.0, 0.0, 0.9772633084690021, 0.9772633111039148, 0.0, 0.0, 0.0, 0.0, 0.0], [0.0, 1.0080539164776885, 0.0, 0.9884002247164797, 0.0, 0.0, 0.0, 0.0, 0.0, 0.0, 0.0, 0.9524478255581067, 0.9524479105874912, 0.0, 0.0, 0.0], [0.0, 0.0, 0.9884002247164797, 0.0, 0.9985418022246666, 1.8733880194765953, 0.0, 0.0, 0.0, 0.0, 0.0, 0.0, 0.0, 0.0, 0.0, 0.0], [0.0, 0.0, 0.0, 0.9985418022246666, 0.0, 0.0, 0.0, 0.0, 0.0, 0.0, 0.0, 0.0, 0.0, 0.9645715713220371, 0.9645717241419854, 0.9836610421641219], [0.0, 0.0, 0.0, 1.8733880194765953, 0.0, 0.0, 0.0, 0.0, 0.0, 0.0, 0.0, 0.0, 0.0, 0.0, 0.0, 0.0], [0.9870460993633527, 0.0, 0.0, 0.0, 0.0, 0.0, 0.0, 0.0, 0.0, 0.0, 0.0, 0.0, 0.0, 0.0, 0.0, 0.0], [0.9877483903682442, 0.0, 0.0, 0.0, 0.0, 0.0, 0.0, 0.0, 0.0, 0.0, 0.0, 0.0, 0.0, 0.0, 0.0, 0.0], [0.9877483914209009, 0.0, 0.0, 0.0, 0.0, 0.0, 0.0, 0.0, 0.0, 0.0, 0.0, 0.0, 0.0, 0.0, 0.0, 0.0], [0.0, 0.9772633084690021, 0.0, 0.0, 0.0, 0.0, 0.0, 0.0, 0.0, 0.0, 0.0, 0.0, 0.0, 0.0, 0.0, 0.0], [0.0, 0.9772633111039148, 0.0, 0.0, 0.0, 0.0, 0.0, 0.0, 0.0, 0.0, 0.0, 0.0, 0.0, 0.0, 0.0, 0.0], [0.0, 0.0, 0.9524478255581067, 0.0, 0.0, 0.0, 0.0, 0.0, 0.0, 0.0, 0.0, 0.0, 0.0, 0.0, 0.0, 0.0], [0.0, 0.0, 0.9524479105874912, 0.0, 0.0, 0.0, 0.0, 0.0, 0.0, 0.0, 0.0, 0.0, 0.0, 0.0, 0.0, 0.0], [0.0, 0.0, 0.0, 0.0, 0.9645715713220371, 0.0, 0.0, 0.0, 0.0, 0.0, 0.0, 0.0, 0.0, 0.0, 0.0, 0.0], [0.0, 0.0, 0.0, 0.0, 0.9645717241419854, 0.0, 0.0, 0.0, 0.0, 0.0, 0.0, 0.0, 0.0, 0.0, 0.0, 0.0], [0.0, 0.0, 0.0, 0.0, 0.9836610421641219, 0.0, 0.0, 0.0, 0.0, 0.0, 0.0, 0.0, 0.0, 0.0, 0.0, 0.0]], "Born radii": [], "Atomic SASAs": [], "Solvent H bonds": [], "Total SASA": NaN, "Total FOD": 0.0, "FOD": [0.0, 0.0, 0.0, 0.0, 0.0, 0.0, 0.0, 0.0, 0.0, 0.0, 0.0, 0.0, 0.0, 0.0, 0.0, 0.0], "FOD s proportion": [0.0, 0.0, 0.0, 0.0, 0.0, 0.0, 0.0, 0.0, 0.0, 0.0, 0.0, 0.0, 0.0, 0.0, 0.0, 0.0], "FOD p proportion": [0.0, 0.0, 0.0, 0.0, 0.0, 0.0, 0.0, 0.0, 0.0, 0.0, 0.0, 0.0, 0.0, 0.0, 0.0, 0.0], "FOD d proportion": [0.0, 0.0, 0.0, 0.0, 0.0, 0.0, 0.0, 0.0, 0.0, 0.0, 0.0, 0.0, 0.0, 0.0, 0.0, 0.0], "coordinates": [["2.44252476112608", "-0.02859854383433", "0.46862404880281"], ["1.20329285019824", "-0.16098321700369", "-0.40612847045641"], ["-0.07859035422010", "0.05682617830458", "0.39287547036558"], ["-1.32440165908327", "-0.07036446664566", "-0.45819796085028"], ["-2.61675879983259", "0.13862999367238", "0.29645610700330"], ["-1.29422418154185", "-0.31680715686825", "-1.63604726871509"], ["3.34210865742505", "-0.18740266717130", "-0.12068083714182"], ["2.42602734151610", "-0.76252925288456", "1.27197853870206"], ["2.49531200412018", "0.96357372720358", "0.91259767343779"], ["1.24227260908020", "0.56697883407346", "-1.21818463594033"], ["1.17323803377912", "-1.15289516332159", "-0.86010071063824"], ["-0.07502476589044", "1.05038484558766", "0.84870732050332"], ["-0.14407417860635", "-0.66986441674213", "1.20686983929392"], ["-2.62971801212085", "1.13143974356403", "0.74037558610185"], ["-2.69884670178003", "-0.59085213071136", "1.09896530133238"], ["-3.46313860416948", "0.03246569277720", "-0.37661200180083"]], "bond_dist": [[0.0, 1.5226337053613308, 2.5236990024792485, 3.8794945656820943, 5.064973576843887, 4.2983715776953675, 1.0870833384186664, 1.0882577300355118, 1.0882577304163588, 2.1542147479977864, 2.154214745832298, 2.76527106610839, 2.765270844231895, 5.210296006659336, 5.210293629938906, 5.966155596900491], [1.5226337053613308, 0.0, 1.5261300009840106, 2.5298542491610503, 3.8956626873228037, 2.788292071210765, 2.157941471855836, 2.1617077516928878, 2.1617077641198463, 1.0912760353418354, 1.091276040282137, 2.162434131469095, 2.1624341684810577, 4.204378780671803, 4.204377198582781, 4.670532755578291], [2.5236990024792485, 1.5261300009840106, 0.0, 1.5141166575958633, 2.5413161188925, 2.394555272371032, 3.467646109137036, 2.7779984393754917, 2.777998494612665, 2.1448658154152445, 2.1448658110822376, 1.0931396133858942, 1.0931395998831246, 2.7899467686646844, 2.7899450475399292, 3.4710043588724564], [3.8794945656820943, 2.5298542491610503, 1.5141166575958633, 0.0, 1.5110818726387205, 1.2037332228332498, 4.680163916280849, 4.187877803786677, 4.187877902774456, 2.751654598262372, 2.751654514086849, 2.1272101580580984, 2.1272103634600197, 2.1412058959003626, 2.141206204205847, 2.142761309777093], [5.064973576843887, 3.8956626873228037, 2.5413161188925, 1.5110818726387205, 0.0, 2.385600576759021, 5.982340837771755, 5.21473144752258, 5.2147320638751005, 4.167702331529114, 4.167701633078861, 2.756209391919114, 2.7562085573598374, 1.0876137386895133, 1.087613718387303, 1.0865773378195787], [4.2983715776953675, 2.788292071210765, 2.394555272371032, 1.2037332228332498, 2.385600576759021, 0.0, 4.879412171314871, 4.742947783635862, 4.742947475136104, 2.718363998159598, 2.7183645817960294, 3.0870158009550406, 3.08701670565815, 3.0868023002814047, 3.0868039831460945, 2.5322635107209894], [1.0870833384186664, 2.157941471855836, 3.467646109137036, 4.680163916280849, 5.982340837771755, 4.879412171314871, 0.0, 1.7633705521181673, 1.7633705546146974, 2.4865472985097172, 2.4865472630855554, 3.7614667564215547, 3.7614665895822967, 6.176040579486426, 6.176038360035855, 6.813606471479698], [1.0882577300355118, 2.1617077516928878, 2.7779984393754917, 4.187877803786677, 5.21473144752258, 4.742947783635862, 1.7633705521181673, 0.0, 1.764479092723803, 3.0610095811996785, 2.5035232211982636, 3.1178642844994844, 2.5725955255989335, 5.42496832613273, 5.130666679315003, 6.167020615312234], [1.0882577304163588, 2.1617077641198463, 2.777998494612665, 4.187877902774456, 5.2147320638751005, 4.742947475136104, 1.7633705546146974, 1.764479092723803, 0.0, 2.503523214339704, 3.061009589746492, 2.5725958211001223, 3.1178639642008417, 5.130669752984167, 5.424966110729228, 6.167021761752559], [2.1542147479977864, 1.0912760353418354, 2.1448658154152445, 2.751654598262372, 4.167702331529114, 2.718363998159598, 2.4865472985097172, 3.0610095811996785, 2.503523214339704, 0.0, 1.7581116110936703, 2.4981985721083233, 3.0549349994182458, 4.3757154423451405, 4.71616134130851, 4.809869383104568], [2.154214745832298, 1.091276040282137, 2.1448658110822376, 2.751654514086849, 4.167701633078861, 2.7183645817960294, 2.4865472630855554, 2.5035232211982636, 3.061009589746492, 1.7581116110936703, 0.0, 3.0549349750840733, 2.49819883542681, 4.71616210814367, 4.375713908508456, 4.8098679835999745], [2.76527106610839, 2.162434131469095, 1.0931396133858942, 2.1272101580580984, 2.756209391919114, 3.0870158009550406, 3.7614667564215547, 3.1178642844994844, 2.5725958211001223, 2.4981985721083233, 3.0549349750840733, 0.0, 1.7584953044603293, 2.558273488800535, 3.1049524023075112, 3.7439126892074013], [2.765270844231895, 2.1624341684810577, 1.0931395998831246, 2.1272103634600197, 2.7562085573598374, 3.08701670565815, 3.7614665895822967, 2.5725955255989335, 3.1178639642008417, 3.0549349994182458, 2.49819883542681, 1.7584953044603293, 0.0, 3.104953918061614, 2.5582707002621348, 3.7439111881631173], [5.210296006659336, 4.204378780671803, 2.7899467686646844, 2.1412058959003626, 1.0876137386895133, 3.0868023002814047, 6.176040579486426, 5.42496832613273, 5.130669752984167, 4.3757154423451405, 4.71616210814367, 2.558273488800535, 3.104953918061614, 0.0, 1.7605836134072541, 1.7748225598865226], [5.210293629938906, 4.204377198582781, 2.7899450475399292, 2.141206204205847, 1.087613718387303, 3.0868039831460945, 6.176038360035855, 5.130666679315003, 5.424966110729228, 4.71616134130851, 4.375713908508456, 3.1049524023075112, 2.5582707002621348, 1.7605836134072541, 0.0, 1.7748226949919468], [5.966155596900491, 4.670532755578291, 3.4710043588724564, 2.142761309777093, 1.0865773378195787, 2.5322635107209894, 6.813606471479698, 6.167020615312234, 6.167021761752559, 4.809869383104568, 4.8098679835999745, 3.7439126892074013, 3.7439111881631173, 1.7748225598865226, 1.7748226949919468, 0.0]]}