{"total energy": -25.27425892, "HOMO-LUMO gap/eV": 5.17758112, "electronic energy": -25.68649081, "dipole": [-0.10491864, 0.17954508, 0.11934053], "partial charges": [-0.10972874, 0.02047195, -0.10950486, -0.07297386, 0.03285599, -0.108725, -0.10950785, -0.10604377, 0.03069539, 0.02516363, 0.04022953, 0.03687736, 0.04696435, 0.0383087, 0.03677598, 0.03491224, 0.03292821, 0.03236893, 0.03341398, 0.03295965, 0.04005736, 0.03681415, 0.03290904, 0.03177764], "atomic dipole moments": [[0.02509876, -0.0461774, -0.03975174], [-0.05944257, 0.12468987, 0.10105919], [-0.03690581, -0.04899984, -0.01762895], [0.0067463, 0.03783617, -0.09267157], [-0.00193111, -0.00142586, 0.00470502], [0.08586978, -0.00121096, -0.0404733], [0.00395455, 0.0519119, 0.08128016], [-0.0235971, -0.08779244, 0.02257046], [-0.08523658, -0.11036154, -0.04458084], [0.13949324, 0.00121694, -0.04264254], [0.01738519, -0.01311569, 0.12439387], [0.11303157, -0.00387708, -0.05501426], [-0.05069054, 0.11517126, -0.01762453], [-0.03640946, -0.11646953, 0.02150106], [-0.00742197, 0.06261624, 0.10591368], [-0.08617212, 0.04636068, -0.07565805], [-0.0344775, -0.11461736, 0.03129161], [0.00111563, 0.0686674, 0.10254882], [-0.08468869, 0.04765074, -0.0759586], [-0.03267181, -0.116597, 0.02448734], [0.11035568, -0.00049838, -0.05887499], [0.10762064, 0.00192292, -0.06410729], [-0.08711365, 0.05097289, -0.07084769], [0.01011354, 0.06983814, 0.10137579]], "atomic quadrupole moments": [[-0.19025373, -0.07950118, -0.07368041, 0.19015793, -0.38425992, 0.26393414], [-0.06421846, 0.04946986, -0.0983949, 0.16962169, -0.37889736, 0.16261336], [0.00772519, 0.10669856, 0.05131974, 0.04224403, 0.08799057, -0.05904493], [0.15692958, -0.0729775, -0.13204395, 0.03290623, -0.06653642, -0.02488563], [-0.01669382, 7.14e-05, 0.00320445, -0.00372137, -0.00963948, 0.01348937], [0.15708062, -0.00249982, -0.11287134, -0.12920746, -0.00087194, -0.04420929], [-0.110332, 0.00337943, -0.0075718, 0.01816627, 0.15012629, 0.1179038], [-0.0819919, 0.08540742, 0.17628324, -0.01161579, -0.06717513, -0.09429134], [0.02455123, 0.02741751, 0.01297181, -0.00452873, 0.04299632, -0.03752304], [0.04667305, 0.01127054, -0.00967298, -0.02954732, 0.0352059, -0.03700007], [-0.04204246, 0.00493544, -0.0411029, 0.01055088, -0.0209992, 0.08314536], [0.05459157, 0.00046535, -0.03659236, -0.05512794, 0.01808194, -0.01799921], [-0.00365695, -0.04995433, 0.05297036, 0.01691109, -0.02376451, -0.04931342], [-0.00792255, 0.01318186, 0.05461313, -0.00331443, -0.01048478, -0.04669059], [-0.010565, -0.00082283, -0.01366916, 0.00322804, 0.0507768, 0.02423416], [0.01492019, -0.03257707, -0.03351313, 0.04726039, -0.03736916, 0.01859294], [-0.02993399, 0.02157025, 0.07428583, -0.01392761, -0.02666849, -0.04435184], [-0.03131475, 0.01115824, -0.00841525, 0.00613797, 0.06427027, 0.03973001], [0.01290151, -0.04526992, -0.01622069, 0.052955, -0.0232984, 0.00331918], [-0.04536013, 0.0325118, 0.06815209, -0.01026683, -0.02958538, -0.02279196], [0.05950732, 0.00704133, -0.04334527, -0.04553801, 0.00729427, -0.01616205], [0.0536685, -0.00566297, -0.0323064, -0.05437535, 0.00236509, -0.02136209], [0.02757919, -0.02555108, -0.01924321, 0.05801133, -0.0305985, -0.00833598], [-0.05122133, 0.01000791, -0.00537009, 0.00921722, 0.05027602, 0.05659142]], "number of molecular orbitals": 48, "number of electrons": 48, "number of unpaired electrons": 0, "orbital energies/eV": [-17.11111388, -16.76109732, -16.00696202, -15.92126358, -15.88531888, -15.73968208, -14.7335947, -14.3125047, -13.75270982, -13.67864498, -13.56005354, -13.14404375, -13.07485311, -12.91085293, -12.50018969, -12.45201913, -12.16234886, -12.09003952, -11.92647914, -11.78155326, -11.62742943, -11.47098177, -11.21332781, -10.33637402, -5.15879291, 1.97473774, 2.38743811, 2.49050327, 2.77340355, 3.47282531, 3.77394567, 4.11139535, 4.86287494, 5.25422635, 5.60374238, 5.81270228, 5.90384368, 6.18937153, 6.50039101, 6.60483672, 6.91671365, 7.0197623, 7.10722449, 7.47135875, 7.66443867, 7.76185947, 11.52861165, 17.40118322], "fractional occupation": [2.0, 2.0, 2.0, 2.0, 2.0, 2.0, 2.0, 2.0, 2.0, 2.0, 2.0, 2.0, 2.0, 2.0, 2.0, 2.0, 2.0, 2.0, 2.0, 2.0, 2.0, 2.0, 2.0, 2.0, 0.0, 0.0, 0.0, 0.0, 0.0, 0.0, 0.0, 0.0, 0.0, 0.0, 0.0, 0.0, 0.0, 0.0, 0.0, 0.0, 0.0, 0.0, 0.0, 0.0, 0.0, 0.0, 0.0, 0.0], "program call": "xtb /tmp/scratch/tmpslgfl350/4921_0_xyzopt.xyz --pop --wbo --acc 0.2 --gfn 2 --chrg 0 --uhf 0 --etemp 300 --input /tmp/scratch/tmpslgfl350/4921_0_xtb.inp", "method": "GFN2-xTB", "xtb version": "6.3.3 (7355c4f)", "Dipole module/D": 0.609, "Total charge": 0, "Transition dipole module/D": NaN, "HOMO": -10.3364, "LUMO": -5.1588, "HOMO occupancy": 2.0, "LUMO occupancy": 0, "mulliken charges": [-0.11438, 0.02392, -0.09184, -0.06613, 0.04245, -0.09918, -0.09977, -0.09947, 0.03018, 0.02998, 0.03754, 0.03444, 0.03513, 0.03333, 0.02867, 0.0311, 0.0303, 0.02966, 0.03012, 0.02986, 0.03169, 0.03233, 0.03098, 0.02907], "cm5 charges": [-0.21724, -0.00372, -0.23884, -0.1685, 0.0051, -0.24876, -0.24904, -0.24877, 0.08508, 0.08423, 0.08987, 0.08739, 0.0886, 0.09104, 0.08655, 0.08426, 0.08344, 0.08276, 0.08336, 0.08324, 0.08652, 0.08677, 0.0842, 0.08246], "FUKUI+": [-0.117, -0.174, 0.047, 0.026, -0.012, 0.019, 0.019, 0.019, -0.139, -0.138, -0.09, -0.061, -0.086, -0.06, -0.068, -0.037, -0.021, -0.023, -0.042, -0.018, 0.012, 0.004, -0.039, -0.02], "FUKUI-": [-0.071, -0.057, 0.027, -0.0, -0.026, 0.022, 0.015, 0.019, -0.08, -0.089, -0.083, -0.055, -0.072, -0.068, -0.061, -0.068, -0.042, -0.049, -0.053, -0.04, -0.028, -0.027, -0.071, -0.043], "FUKUIrad": [-0.094, -0.116, 0.037, 0.013, -0.019, 0.021, 0.017, 0.019, -0.11, -0.113, -0.087, -0.058, -0.079, -0.064, -0.065, -0.052, -0.032, -0.036, -0.048, -0.029, -0.008, -0.012, -0.055, -0.031], "s proportion": [1.041, 1.091, 1.008, 1.037, 1.081, 1.015, 1.013, 1.014, 0.97, 0.97, 0.962, 0.966, 0.965, 0.967, 0.971, 0.969, 0.97, 0.97, 0.97, 0.97, 0.968, 0.968, 0.969, 0.971], "p proportion": [3.073, 2.885, 3.084, 3.029, 2.877, 3.084, 3.086, 3.086, 0.0, 0.0, 0.0, 0.0, 0.0, 0.0, 0.0, 0.0, 0.0, 0.0, 0.0, 0.0, 0.0, 0.0, 0.0, 0.0], "d proportion": [0.0, 0.0, 0.0, 0.0, 0.0, 0.0, 0.0, 0.0, 0.0, 0.0, 0.0, 0.0, 0.0, 0.0, 0.0, 0.0, 0.0, 0.0, 0.0, 0.0, 0.0, 0.0, 0.0, 0.0], "Fermi-level/eV": -7.7476, "Coordination numbers": [2.845, 2.935, 3.759, 3.814, 3.898, 3.762, 3.761, 3.76, 0.926, 0.926, 0.924, 0.925, 0.925, 0.924, 0.924, 0.925, 0.925, 0.925, 0.925, 0.925, 0.925, 0.925, 0.925, 0.925], "Dispersion coefficient C6": [30.767, 27.551, 22.643, 21.883, 19.968, 22.623, 22.641, 22.574, 2.576, 2.656, 2.446, 2.491, 2.358, 2.472, 2.492, 2.518, 2.545, 2.553, 2.538, 2.545, 2.448, 2.492, 2.545, 2.561], "Total dispersion C6": 4126.271103, "Total dispersion C8": 88389.163275, "Polarizability alpha": [9.091, 8.608, 6.784, 6.658, 6.352, 6.78, 6.783, 6.773, 2.51, 2.549, 2.446, 2.468, 2.401, 2.459, 2.469, 2.481, 2.495, 2.499, 2.492, 2.495, 2.447, 2.468, 2.495, 2.503], "Total polarizability alpha": 97.5044, "Wiberg matrix": [[0.0, 1.9268622415969119, 0.0, 0.0, 0.0, 0.0, 0.0, 0.0, 0.975540118642424, 0.9760349756043075, 0.0, 0.0, 0.0, 0.0, 0.0, 0.0, 0.0, 0.0, 0.0, 0.0, 0.0, 0.0, 0.0, 0.0], [1.9268622415969119, 0.0, 1.0250528056564947, 1.0109936688939154, 0.0, 0.0, 0.0, 0.0, 0.0, 0.0, 0.0, 0.0, 0.0, 0.0, 0.0, 0.0, 0.0, 0.0, 0.0, 0.0, 0.0, 0.0, 0.0, 0.0], [0.0, 1.0250528056564947, 0.0, 0.0, 0.0, 0.0, 0.0, 0.0, 0.0, 0.0, 0.9692952633823034, 0.9851119138723935, 0.9720007332141011, 0.0, 0.0, 0.0, 0.0, 0.0, 0.0, 0.0, 0.0, 0.0, 0.0, 0.0], [0.0, 1.0109936688939154, 0.0, 0.0, 0.9652851920533495, 0.0, 0.0, 0.0, 0.0, 0.0, 0.0, 0.0, 0.0, 0.9695576004436742, 0.9729344725949859, 0.0, 0.0, 0.0, 0.0, 0.0, 0.0, 0.0, 0.0, 0.0], [0.0, 0.0, 0.0, 0.9652851920533495, 0.0, 0.9969556910341066, 1.000681454089712, 0.9998898168265701, 0.0, 0.0, 0.0, 0.0, 0.0, 0.0, 0.0, 0.0, 0.0, 0.0, 0.0, 0.0, 0.0, 0.0, 0.0, 0.0], [0.0, 0.0, 0.0, 0.0, 0.9969556910341066, 0.0, 0.0, 0.0, 0.0, 0.0, 0.0, 0.0, 0.0, 0.0, 0.0, 0.9852276299150395, 0.9861605985280386, 0.9860917441602739, 0.0, 0.0, 0.0, 0.0, 0.0, 0.0], [0.0, 0.0, 0.0, 0.0, 1.000681454089712, 0.0, 0.0, 0.0, 0.0, 0.0, 0.0, 0.0, 0.0, 0.0, 0.0, 0.0, 0.0, 0.0, 0.9851658625161162, 0.9858648222051505, 0.9826790192295858, 0.0, 0.0, 0.0], [0.0, 0.0, 0.0, 0.0, 0.9998898168265701, 0.0, 0.0, 0.0, 0.0, 0.0, 0.0, 0.0, 0.0, 0.0, 0.0, 0.0, 0.0, 0.0, 0.0, 0.0, 0.0, 0.9841538927934133, 0.9851873192587801, 0.9851883512391357], [0.975540118642424, 0.0, 0.0, 0.0, 0.0, 0.0, 0.0, 0.0, 0.0, 0.0, 0.0, 0.0, 0.0, 0.0, 0.0, 0.0, 0.0, 0.0, 0.0, 0.0, 0.0, 0.0, 0.0, 0.0], [0.9760349756043075, 0.0, 0.0, 0.0, 0.0, 0.0, 0.0, 0.0, 0.0, 0.0, 0.0, 0.0, 0.0, 0.0, 0.0, 0.0, 0.0, 0.0, 0.0, 0.0, 0.0, 0.0, 0.0, 0.0], [0.0, 0.0, 0.9692952633823034, 0.0, 0.0, 0.0, 0.0, 0.0, 0.0, 0.0, 0.0, 0.0, 0.0, 0.0, 0.0, 0.0, 0.0, 0.0, 0.0, 0.0, 0.0, 0.0, 0.0, 0.0], [0.0, 0.0, 0.9851119138723935, 0.0, 0.0, 0.0, 0.0, 0.0, 0.0, 0.0, 0.0, 0.0, 0.0, 0.0, 0.0, 0.0, 0.0, 0.0, 0.0, 0.0, 0.0, 0.0, 0.0, 0.0], [0.0, 0.0, 0.9720007332141011, 0.0, 0.0, 0.0, 0.0, 0.0, 0.0, 0.0, 0.0, 0.0, 0.0, 0.0, 0.0, 0.0, 0.0, 0.0, 0.0, 0.0, 0.0, 0.0, 0.0, 0.0], [0.0, 0.0, 0.0, 0.9695576004436742, 0.0, 0.0, 0.0, 0.0, 0.0, 0.0, 0.0, 0.0, 0.0, 0.0, 0.0, 0.0, 0.0, 0.0, 0.0, 0.0, 0.0, 0.0, 0.0, 0.0], [0.0, 0.0, 0.0, 0.9729344725949859, 0.0, 0.0, 0.0, 0.0, 0.0, 0.0, 0.0, 0.0, 0.0, 0.0, 0.0, 0.0, 0.0, 0.0, 0.0, 0.0, 0.0, 0.0, 0.0, 0.0], [0.0, 0.0, 0.0, 0.0, 0.0, 0.9852276299150395, 0.0, 0.0, 0.0, 0.0, 0.0, 0.0, 0.0, 0.0, 0.0, 0.0, 0.0, 0.0, 0.0, 0.0, 0.0, 0.0, 0.0, 0.0], [0.0, 0.0, 0.0, 0.0, 0.0, 0.9861605985280386, 0.0, 0.0, 0.0, 0.0, 0.0, 0.0, 0.0, 0.0, 0.0, 0.0, 0.0, 0.0, 0.0, 0.0, 0.0, 0.0, 0.0, 0.0], [0.0, 0.0, 0.0, 0.0, 0.0, 0.9860917441602739, 0.0, 0.0, 0.0, 0.0, 0.0, 0.0, 0.0, 0.0, 0.0, 0.0, 0.0, 0.0, 0.0, 0.0, 0.0, 0.0, 0.0, 0.0], [0.0, 0.0, 0.0, 0.0, 0.0, 0.0, 0.9851658625161162, 0.0, 0.0, 0.0, 0.0, 0.0, 0.0, 0.0, 0.0, 0.0, 0.0, 0.0, 0.0, 0.0, 0.0, 0.0, 0.0, 0.0], [0.0, 0.0, 0.0, 0.0, 0.0, 0.0, 0.9858648222051505, 0.0, 0.0, 0.0, 0.0, 0.0, 0.0, 0.0, 0.0, 0.0, 0.0, 0.0, 0.0, 0.0, 0.0, 0.0, 0.0, 0.0], [0.0, 0.0, 0.0, 0.0, 0.0, 0.0, 0.9826790192295858, 0.0, 0.0, 0.0, 0.0, 0.0, 0.0, 0.0, 0.0, 0.0, 0.0, 0.0, 0.0, 0.0, 0.0, 0.0, 0.0, 0.0], [0.0, 0.0, 0.0, 0.0, 0.0, 0.0, 0.0, 0.9841538927934133, 0.0, 0.0, 0.0, 0.0, 0.0, 0.0, 0.0, 0.0, 0.0, 0.0, 0.0, 0.0, 0.0, 0.0, 0.0, 0.0], [0.0, 0.0, 0.0, 0.0, 0.0, 0.0, 0.0, 0.9851873192587801, 0.0, 0.0, 0.0, 0.0, 0.0, 0.0, 0.0, 0.0, 0.0, 0.0, 0.0, 0.0, 0.0, 0.0, 0.0, 0.0], [0.0, 0.0, 0.0, 0.0, 0.0, 0.0, 0.0, 0.9851883512391357, 0.0, 0.0, 0.0, 0.0, 0.0, 0.0, 0.0, 0.0, 0.0, 0.0, 0.0, 0.0, 0.0, 0.0, 0.0, 0.0]], "Born radii": [], "Atomic SASAs": [], "Solvent H bonds": [], "Total SASA": NaN, "Total FOD": 0.0, "FOD": [0.0, 0.0, 0.0, 0.0, 0.0, 0.0, 0.0, 0.0, 0.0, 0.0, 0.0, 0.0, 0.0, 0.0, 0.0, 0.0, 0.0, 0.0, 0.0, 0.0, 0.0, 0.0, 0.0, 0.0], "FOD s proportion": [0.0, 0.0, 0.0, 0.0, 0.0, 0.0, 0.0, 0.0, 0.0, 0.0, 0.0, 0.0, 0.0, 0.0, 0.0, 0.0, 0.0, 0.0, 0.0, 0.0, 0.0, 0.0, 0.0, 0.0], "FOD p proportion": [0.0, 0.0, 0.0, 0.0, 0.0, 0.0, 0.0, 0.0, 0.0, 0.0, 0.0, 0.0, 0.0, 0.0, 0.0, 0.0, 0.0, 0.0, 0.0, 0.0, 0.0, 0.0, 0.0, 0.0], "FOD d proportion": [0.0, 0.0, 0.0, 0.0, 0.0, 0.0, 0.0, 0.0, 0.0, 0.0, 0.0, 0.0, 0.0, 0.0, 0.0, 0.0, 0.0, 0.0, 0.0, 0.0, 0.0, 0.0, 0.0, 0.0], "coordinates": [["1.96060369296472", "-1.47283642167128", "-0.46824947292175"], ["1.48164001689005", "-0.51238008565289", "0.30755586311577"], ["2.36058135358212", "0.58601776169377", "0.82778325965897"], ["0.04948366009502", "-0.49754452818171", "0.77328250126274"], ["-0.96592202704437", "0.12454864116410", "-0.21453880058515"], ["-2.33894076094727", "0.12950464752392", "0.46498238643244"], ["-1.04742718430607", "-0.70202258827269", "-1.49780165327345"], ["-0.57948489875524", "1.56096888767642", "-0.56901218295275"], ["1.35188184732532", "-2.29387848813689", "-0.80613603312440"], ["2.98739329788066", "-1.48014350743886", "-0.79484742229577"], ["2.49714974661452", "0.46382687278715", "1.90307043769401"], ["3.33845816249043", "0.56196711072815", "0.35328709807900"], ["1.91255907826128", "1.56303793463929", "0.66337729939882"], ["-0.26959631517528", "-1.52385075167462", "0.96965672381554"], ["-0.00971244668367", "0.05670750503728", "1.71270081659834"], ["-3.09252675132502", "0.53903307424863", "-0.20428721711474"], ["-2.63730582281366", "-0.88078431269869", "0.73672077687249"], ["-2.32048679748539", "0.73543597452627", "1.36854271656605"], ["-1.79236886705981", "-0.27996983055893", "-2.16929258609036"], ["-1.32995317060018", "-1.72899873638147", "-1.27674196141975"], ["-0.08906453901259", "-0.70820932152201", "-2.01038001716565"], ["0.35934826801528", "1.58148555883551", "-1.11680679414267"], ["-1.34680204158594", "2.01016604209751", "-1.19666013789605"], ["-0.47950750132485", "2.16791856123150", "0.32864539948827"]], "bond_dist": [[0.0, 1.3242947163758985, 2.4654742994550527, 2.4789061499913205, 3.34373457889555, 4.6823606350332145, 3.271449436632033, 3.958052277641741, 1.076484875801948, 1.0775047595259903, 3.108328248797493, 2.591106075047651, 3.2402809359897775, 2.6540476199173297, 3.313335853674924, 5.445311949568324, 4.789911368482037, 5.155386339605774, 4.289671480818482, 3.3980941287417927, 2.6765576920645033, 3.50906373487946, 4.858067615050901, 4.454692012216117], [1.3242947163758985, 0.0, 1.4998840783593692, 1.5060521988143616, 2.582406048594629, 3.8773233810077103, 3.1131111366202346, 3.0521113057173865, 2.104966360864909, 2.1021779152695506, 2.128357769399544, 2.1457136039215245, 2.1493394545592617, 2.1279753637454193, 2.126599444367105, 4.721276797121416, 4.1575977472715575, 4.139916223286179, 4.111924967602189, 3.4489443008071445, 2.806828928996278, 2.7699496540828203, 4.077497912014723, 3.3212264591917187], [2.4654742994550527, 1.4998840783593692, 0.0, 2.553086390537412, 3.516392152162987, 4.735560875120684, 4.322258127960361, 3.3978753324230064, 3.4613536888103646, 2.700897246027694, 1.0907905640194187, 1.0871835606587763, 1.087346171784873, 3.3748344837584607, 2.5848677200119434, 5.550113965828644, 5.209479525748676, 4.714567384978085, 5.194169199230956, 4.838220010158535, 3.9662273671527233, 2.9626542956034996, 4.457719263620007, 3.2890201347514854], [2.4789061499913205, 1.5060521988143616, 2.553086390537412, 0.0, 1.5472037827016167, 2.488535883725345, 2.5303849340779445, 2.536697449551925, 2.72353073060589, 3.472152826560283, 2.862118974292323, 3.480849656202931, 2.7801311575639, 1.092556328196396, 1.0923398127749053, 3.449980450034577, 2.714230501927885, 2.737030437131612, 3.4782909058247813, 2.760783536311376, 2.7950585459220987, 2.826803799801204, 3.4812210597123414, 2.753584442532852], [3.34373457889555, 2.582406048594629, 3.516392152162987, 1.5472037827016167, 0.0, 1.531977169951679, 1.528602838242365, 1.529146218488602, 3.4016160667145066, 4.3058677460538375, 4.073357916266558, 4.363650992548459, 3.335512194499587, 2.145788688415446, 2.1524850111826863, 2.166644893277584, 2.170049060410278, 2.1712153604209834, 2.160488818597215, 2.167125309983626, 2.1650428526714784, 2.166355019206149, 2.15990390744158, 2.1695641950116618], [4.6823606350332145, 3.8773233810077103, 4.735560875120684, 2.488535883725345, 1.531977169951679, 0.0, 2.4923816018106595, 2.4927734697230997, 4.594638112460871, 5.705083070031991, 5.056445390866544, 5.694941453199724, 4.49106102269264, 2.696380295529438, 2.6433700544753718, 1.0879003536268521, 1.087909576265034, 1.0880783942351946, 2.7213626759858642, 2.7396522570142636, 3.4483513070899066, 3.4483429734319317, 2.698570436018333, 2.7624646793390366], [3.271449436632033, 3.1131111366202346, 4.322258127960361, 2.5303849340779445, 1.528602838242365, 2.4923816018106595, 0.0, 2.4905321284824797, 2.9612649941024514, 4.168859932783421, 5.048679190064401, 4.925463409650717, 4.3084466240764, 2.7145484401277464, 3.458301510890244, 2.7195277150726582, 2.7482285804000766, 3.450057672703883, 1.0881023453026315, 1.0878273434135857, 1.086845809989908, 2.7089820438400003, 2.7452283482735127, 3.448913423743324], [3.958052277641741, 3.0521113057173865, 3.3978753324230064, 2.536697449551925, 1.529146218488602, 2.4927734697230997, 2.4905321284824797, 0.0, 4.318130789936868, 4.6927589139747505, 4.096412311429179, 4.147157863561572, 2.7801207348873214, 3.461162398127918, 2.7917122285005487, 2.737289984681785, 3.4498875647488463, 2.732528351312291, 2.724158632226568, 3.447893709748605, 2.732622020670749, 1.0871557316560168, 1.0883453664009324, 1.0881969130352416], [1.076484875801948, 2.104966360864909, 3.4613536888103646, 2.72353073060589, 3.4016160667145066, 4.594638112460871, 2.9612649941024514, 4.318130789936868, 0.0, 1.8267976780266872, 4.031919780989675, 3.6669608039494097, 4.165289027670723, 2.52498991324478, 3.704555655987046, 5.304750485120566, 4.504537773445796, 5.233762054339523, 3.9749637009503496, 2.7807909193359825, 2.4578195148043216, 4.01249121175062, 5.0951156146762315, 4.9547299377366905], [1.0775047595259903, 2.1021779152695506, 2.700897246027694, 3.472152826560283, 4.3058677460538375, 5.705083070031991, 4.168859932783421, 4.6927589139747505, 1.8267976780266872, 0.0, 3.3612676712820613, 2.368897463561926, 3.5415591521298797, 3.7045062483949156, 4.199089430939807, 6.433604217599325, 5.860219517335724, 6.145131442094021, 5.116213709018637, 4.351279329198894, 3.3967623847952786, 4.047697006394655, 5.579333602739386, 5.1565486644657526], [3.108328248797493, 2.128357769399544, 1.0907905640194187, 2.862118974292323, 4.073357916266558, 5.056445390866544, 5.048679190064401, 4.096412311429179, 4.031919780989675, 3.3612676712820613, 0.0, 1.7661426207062112, 1.7569434496192453, 3.532280746270284, 2.5468303493599596, 5.974202508254716, 5.43424187590727, 4.854803112367041, 5.961320664957826, 5.437500141125202, 4.835004408952873, 3.8651021455798564, 5.174500924514446, 3.7740205425069226], [2.591106075047651, 2.1457136039215245, 1.0871835606587763, 3.480849656202931, 4.363650992548459, 5.694941453199724, 4.925463409650717, 4.147157863561572, 3.6669608039494097, 2.368897463561926, 1.7661426207062112, 0.0, 1.7696007814889279, 4.212909301712137, 3.648772307965891, 6.455151589909793, 6.159408109866621, 5.751912158370698, 5.7790701746259465, 5.449732435850582, 4.352950984108513, 3.475009306654939, 5.143080765361147, 4.142046485103191], [3.2402809359897775, 2.1493394545592617, 1.087346171784873, 2.7801311575639, 3.335512194499587, 4.49106102269264, 4.3084466240764, 2.7801207348873214, 4.165289027670723, 3.5415591521298797, 1.7569434496192453, 1.7696007814889279, 0.0, 3.792689152648569, 2.658051734354907, 5.18192163476504, 5.165163798013153, 4.37045314082275, 5.014697137690309, 5.011532088449723, 4.039064172767103, 2.3625959330367214, 3.7792985754223443, 2.4899615536022237], [2.6540476199173297, 2.1279753637454193, 3.3748344837584607, 1.092556328196396, 2.145788688415446, 2.696380295529438, 2.7145484401277464, 3.461162398127918, 2.52498991324478, 3.7045062483949156, 3.532280746270284, 4.212909301712137, 3.792689152648569, 0.0, 1.7657345643617388, 3.6881662520883225, 2.464516567782943, 3.077277744505733, 3.703927477806128, 2.492538747843793, 3.0949122188494527, 3.793680917244881, 4.282823323581223, 3.7528814108231354], [3.313335853674924, 2.126599444367105, 2.5848677200119434, 1.0923398127749053, 2.1524850111826863, 2.6433700544753718, 3.458301510890244, 2.7917122285005487, 3.704555655987046, 4.199089430939807, 2.5468303493599596, 3.648772307965891, 2.658051734354907, 1.7657345643617388, 0.0, 3.662133956181221, 2.9556175152660336, 2.432857421518124, 4.2849840513041615, 3.724050277960004, 3.801674026116821, 3.235315632781463, 3.7507585905181786, 2.567786773623105], [5.445311949568324, 4.721276797121416, 5.550113965828644, 3.449980450034577, 2.166644893277584, 1.0879003536268521, 2.7195277150726582, 2.737289984681785, 5.304750485120566, 6.433604217599325, 5.974202508254716, 6.455151589909793, 5.18192163476504, 3.6881662520883225, 3.662133956181221, 0.0, 1.7631232375476569, 1.7630694228658395, 2.4944783787804656, 3.066071280985091, 3.719995975399986, 3.719521516301013, 2.4892952788260128, 3.124924751800306], [4.789911368482037, 4.1575977472715575, 5.209479525748676, 2.714230501927885, 2.170049060410278, 1.087909576265034, 2.7482285804000766, 3.4498875647488463, 4.504537773445796, 5.860219517335724, 5.43424187590727, 6.159408109866621, 5.165163798013153, 2.464516567782943, 2.9556175152660336, 1.7631232375476569, 0.0, 1.7640128330388132, 3.0854189613188843, 2.5461089655166798, 3.750983676404462, 4.2986361926616015, 3.7095762190377695, 3.7572873623609624], [5.155386339605774, 4.139916223286179, 4.714567384978085, 2.737030437131612, 2.1712153604209834, 1.0880783942351946, 3.450057672703883, 2.732528351312291, 5.233762054339523, 6.145131442094021, 4.854803112367041, 5.751912158370698, 4.37045314082275, 3.077277744505733, 2.432857421518124, 1.7630694228658395, 1.7640128330388132, 0.0, 3.7183647112890483, 3.748616589877354, 4.2988924011818535, 3.751570080349945, 3.0254362385582767, 2.5539376578473933], [4.289671480818482, 4.111924967602189, 5.194169199230956, 3.4782909058247813, 2.160488818597215, 2.7213626759858642, 1.0881023453026315, 2.724158632226568, 3.9749637009503496, 5.116213709018637, 5.961320664957826, 5.7790701746259465, 5.014697137690309, 3.703927477806128, 4.2849840513041615, 2.4944783787804656, 3.0854189613188843, 3.7183647112890483, 0.0, 1.7635644768029912, 1.7634874255653088, 3.033583547280858, 2.5276997429424233, 3.735700299020041], [3.3980941287417927, 3.4489443008071445, 4.838220010158535, 2.760783536311376, 2.167125309983626, 2.7396522570142636, 1.0878273434135857, 3.447893709748605, 2.7807909193359825, 4.351279329198894, 5.437500141125202, 5.449732435850582, 5.011532088449723, 2.492538747843793, 3.724050277960004, 3.066071280985091, 2.5461089655166798, 3.748616589877354, 1.7635644768029912, 0.0, 1.766363615547791, 3.720030225296359, 3.7400601898271812, 4.299591938706225], [2.6765576920645033, 2.806828928996278, 3.9662273671527233, 2.7950585459220987, 2.1650428526714784, 3.4483513070899066, 1.086845809989908, 2.732622020670749, 2.4578195148043216, 3.3967623847952786, 4.835004408952873, 4.352950984108513, 4.039064172767103, 3.0949122188494527, 3.801674026116821, 3.719995975399986, 3.750983676404462, 4.2988924011818535, 1.7634874255653088, 1.766363615547791, 0.0, 2.4984494782856284, 3.103805452155714, 3.7276798688358963], [3.50906373487946, 2.7699496540828203, 2.9626542956034996, 2.826803799801204, 2.166355019206149, 3.4483429734319317, 2.7089820438400003, 1.0871557316560168, 4.01249121175062, 4.047697006394655, 3.8651021455798564, 3.475009306654939, 2.3625959330367214, 3.793680917244881, 3.235315632781463, 3.719521516301013, 4.2986361926616015, 3.751570080349945, 3.033583547280858, 3.720030225296359, 2.4984494782856284, 0.0, 1.760991877377825, 1.771133736375346], [4.858067615050901, 4.077497912014723, 4.457719263620007, 3.4812210597123414, 2.15990390744158, 2.698570436018333, 2.7452283482735127, 1.0883453664009324, 5.0951156146762315, 5.579333602739386, 5.174500924514446, 5.143080765361147, 3.7792985754223443, 4.282823323581223, 3.7507585905181786, 2.4892952788260128, 3.7095762190377695, 3.0254362385582767, 2.5276997429424233, 3.7400601898271812, 3.103805452155714, 1.760991877377825, 0.0, 1.7617158281729448], [4.454692012216117, 3.3212264591917187, 3.2890201347514854, 2.753584442532852, 2.1695641950116618, 2.7624646793390366, 3.448913423743324, 1.0881969130352416, 4.9547299377366905, 5.1565486644657526, 3.7740205425069226, 4.142046485103191, 2.4899615536022237, 3.7528814108231354, 2.567786773623105, 3.124924751800306, 3.7572873623609624, 2.5539376578473933, 3.735700299020041, 4.299591938706225, 3.7276798688358963, 1.771133736375346, 1.7617158281729448, 0.0]]}