{"total energy": -23.95663407, "HOMO-LUMO gap/eV": 5.17361252, "electronic energy": -24.22990079, "dipole": [-0.41227693, 0.11865315, 0.90083828], "partial charges": [-0.14627943, 0.36325388, -0.41544049, -0.27361455, 0.11960194, -0.11745948, -0.11553718, 0.07328031, 0.07451094, 0.07460844, 0.04842278, 0.05069389, 0.05718895, 0.05243816, 0.04831459, 0.04997962, 0.05603765], "atomic dipole moments": [[-0.08462907, -0.01222935, -0.04751532], [-0.13848223, 0.00738393, 0.0583173], [-0.00289733, 0.03876009, 0.19145284], [-0.01981729, -0.04727329, -0.23224689], [0.15903534, -0.01554448, 0.1612566], [0.07923993, -0.05975995, -0.07002548], [0.02174087, 0.11433008, 0.00278042], [0.10515113, -0.012073, -0.07829472], [-0.00481475, 0.1203644, 0.05636165], [0.00236299, -0.08959819, 0.0980926], [0.01675355, 0.04694649, -0.11760333], [-0.11211783, -0.0101087, -0.05577203], [-0.00568544, -0.04626907, 0.11786322], [0.03363824, 0.12249896, 0.00694316], [-0.11166557, -0.01443489, -0.05606832], [-0.00357083, -0.05011565, 0.11648988], [0.09040224, -0.06022013, -0.0703454]], "atomic quadrupole moments": [[0.12428683, 0.04153262, -0.13585468, 0.16247248, 0.03649129, 0.01156785], [-0.13753564, -0.04694476, 0.43600678, -0.11406845, -0.16267707, -0.29847114], [-0.10926615, -0.01268276, 0.18135722, -0.00881982, -0.05360601, -0.07209107], [0.0651082, 0.00791433, -0.06637451, 0.03351111, 0.0198965, 0.00126631], [0.31497934, 0.02333156, -0.10407042, 0.18940732, 0.13002724, -0.21090892], [0.06854416, -0.13482746, -0.03340118, -0.14659262, 0.11538178, -0.03514298], [-0.09735915, 0.09273166, 0.24415937, 0.00918713, 0.01685551, -0.14680022], [0.04827103, -0.00736655, -0.05170163, -0.05463838, 0.00947647, 0.00343059], [-0.03282573, -0.00529296, 0.06471616, -0.0054818, 0.05225303, -0.03189043], [-0.03330695, -0.00137615, 0.01372528, -0.00184497, -0.07154743, 0.01958167], [-0.00107949, -0.00027905, -0.00577034, 0.01019274, -0.00802808, 0.00684983], [0.0641259, 0.00689855, -0.04706832, 0.05236943, 0.01352568, -0.01705759], [-0.04690547, -0.00764514, -0.01662078, -0.00699342, -0.04561704, 0.06352625], [-0.03103285, 0.03611059, 0.07226847, -0.01004673, 0.00491918, -0.04123562], [0.06188688, 0.01210195, -0.03480281, 0.05664559, 0.00554743, -0.02708406], [-0.05285064, 0.0014776, -0.01835649, -0.0025342, -0.03772433, 0.07120713], [0.01974252, -0.03395227, -0.00735932, -0.05289542, 0.02379154, -0.01238321]], "number of molecular orbitals": 38, "number of electrons": 42, "number of unpaired electrons": 0, "orbital energies/eV": [-20.090969, -19.36482105, -18.36954961, -17.1402175, -16.78086786, -16.45085901, -16.07559044, -15.59815509, -15.23823121, -14.80257765, -14.13038119, -13.70719775, -13.46636248, -13.17668534, -13.07131191, -12.97564891, -12.82310586, -12.68236829, -12.14799612, -11.89133943, -11.25755952, -6.08394699, -0.07991445, 2.355343, 3.25012546, 3.57456346, 4.05290464, 4.1801543, 4.41487547, 5.08192053, 5.19849572, 5.75147088, 6.03286966, 6.51397156, 6.74868245, 7.12272369, 8.44630035, 17.95773717], "fractional occupation": [2.0, 2.0, 2.0, 2.0, 2.0, 2.0, 2.0, 2.0, 2.0, 2.0, 2.0, 2.0, 2.0, 2.0, 2.0, 2.0, 2.0, 2.0, 2.0, 2.0, 2.0, 0.0, 0.0, 0.0, 0.0, 0.0, 0.0, 0.0, 0.0, 0.0, 0.0, 0.0, 0.0, 0.0, 0.0, 0.0, 0.0, 0.0], "program call": "xtb /tmp/scratch/tmppwu67ei5/5067_0_xyzopt.xyz --pop --wbo --acc 0.2 --gfn 2 --chrg 0 --uhf 0 --etemp 300 --input /tmp/scratch/tmppwu67ei5/5067_0_xtb.inp", "method": "GFN2-xTB", "xtb version": "6.3.3 (7355c4f)", "Dipole module/D": 2.536, "Total charge": 0, "Transition dipole module/D": NaN, "HOMO": -11.2576, "LUMO": -6.0839, "HOMO occupancy": 2.0, "LUMO occupancy": 0, "mulliken charges": [-0.12408, 0.58768, -0.53263, -0.42558, 0.23082, -0.10081, -0.10488, 0.05794, 0.06075, 0.06043, 0.0424, 0.03402, 0.04245, 0.04419, 0.03432, 0.03855, 0.05443], "cm5 charges": [-0.26463, 0.63858, -0.58513, -0.50778, 0.18488, -0.24825, -0.25226, 0.11362, 0.11629, 0.11594, 0.11363, 0.08699, 0.09755, 0.09881, 0.0873, 0.09342, 0.11104], "FUKUI+": [0.05, -0.193, -0.281, -0.121, 0.015, 0.017, 0.019, -0.084, -0.11, -0.11, -0.024, -0.044, -0.03, -0.022, -0.05, -0.031, -0.002], "FUKUI-": [-0.005, -0.022, -0.187, -0.079, -0.004, 0.015, 0.012, -0.061, -0.077, -0.068, -0.088, -0.075, -0.097, -0.076, -0.066, -0.071, -0.053], "FUKUIrad": [0.023, -0.107, -0.234, -0.1, 0.005, 0.016, 0.015, -0.072, -0.093, -0.089, -0.056, -0.059, -0.063, -0.049, -0.058, -0.051, -0.027], "s proportion": [1.017, 0.974, 1.72, 1.688, 1.021, 1.012, 1.014, 0.942, 0.939, 0.94, 0.958, 0.966, 0.958, 0.956, 0.966, 0.961, 0.946], "p proportion": [3.107, 2.438, 4.812, 4.737, 2.748, 3.089, 3.091, 0.0, 0.0, 0.0, 0.0, 0.0, 0.0, 0.0, 0.0, 0.0, 0.0], "d proportion": [0.0, 0.0, 0.0, 0.0, 0.0, 0.0, 0.0, 0.0, 0.0, 0.0, 0.0, 0.0, 0.0, 0.0, 0.0, 0.0, 0.0], "Fermi-level/eV": -8.6708, "Coordination numbers": [3.753, 2.709, 0.856, 1.704, 3.744, 3.753, 3.752, 0.925, 0.925, 0.925, 0.923, 0.925, 0.925, 0.925, 0.925, 0.925, 0.925], "Dispersion coefficient C6": [23.383, 20.837, 21.992, 18.538, 18.695, 22.808, 22.771, 2.05, 2.037, 2.036, 2.34, 2.311, 2.232, 2.29, 2.341, 2.32, 2.246], "Total dispersion C6": 2212.395675, "Total dispersion C8": 47012.563357, "Polarizability alpha": [6.895, 7.472, 6.287, 5.813, 6.168, 6.81, 6.805, 2.239, 2.232, 2.231, 2.392, 2.377, 2.336, 2.366, 2.393, 2.382, 2.344], "Total polarizability alpha": 69.543187, "Wiberg matrix": [[0.0, 0.9833387430326257, 0.0, 0.0, 0.0, 0.0, 0.0, 0.9837364195226288, 0.9656311825848529, 0.9654659758682771, 0.0, 0.0, 0.0, 0.0, 0.0, 0.0, 0.0], [0.9833387430326257, 0.0, 1.7506823000605465, 1.141157617383669, 0.0, 0.0, 0.0, 0.0, 0.0, 0.0, 0.0, 0.0, 0.0, 0.0, 0.0, 0.0, 0.0], [0.0, 1.7506823000605465, 0.0, 0.17384381757247525, 0.0, 0.0, 0.0, 0.0, 0.0, 0.0, 0.0, 0.0, 0.0, 0.0, 0.0, 0.0, 0.0], [0.0, 1.141157617383669, 0.17384381757247525, 0.0, 0.9186472383937491, 0.0, 0.0, 0.0, 0.0, 0.0, 0.0, 0.0, 0.0, 0.0, 0.0, 0.0, 0.0], [0.0, 0.0, 0.0, 0.9186472383937491, 0.0, 1.0074499127812557, 1.0026005724225802, 0.0, 0.0, 0.0, 0.9610887228625498, 0.0, 0.0, 0.0, 0.0, 0.0, 0.0], [0.0, 0.0, 0.0, 0.0, 1.0074499127812557, 0.0, 0.0, 0.0, 0.0, 0.0, 0.0, 0.9838194857074409, 0.9844253012184889, 0.9851291952069943, 0.0, 0.0, 0.0], [0.0, 0.0, 0.0, 0.0, 1.0026005724225802, 0.0, 0.0, 0.0, 0.0, 0.0, 0.0, 0.0, 0.0, 0.0, 0.9838679441204969, 0.9855323493471176, 0.9842158438156557], [0.9837364195226288, 0.0, 0.0, 0.0, 0.0, 0.0, 0.0, 0.0, 0.0, 0.0, 0.0, 0.0, 0.0, 0.0, 0.0, 0.0, 0.0], [0.9656311825848529, 0.0, 0.0, 0.0, 0.0, 0.0, 0.0, 0.0, 0.0, 0.0, 0.0, 0.0, 0.0, 0.0, 0.0, 0.0, 0.0], [0.9654659758682771, 0.0, 0.0, 0.0, 0.0, 0.0, 0.0, 0.0, 0.0, 0.0, 0.0, 0.0, 0.0, 0.0, 0.0, 0.0, 0.0], [0.0, 0.0, 0.0, 0.0, 0.9610887228625498, 0.0, 0.0, 0.0, 0.0, 0.0, 0.0, 0.0, 0.0, 0.0, 0.0, 0.0, 0.0], [0.0, 0.0, 0.0, 0.0, 0.0, 0.9838194857074409, 0.0, 0.0, 0.0, 0.0, 0.0, 0.0, 0.0, 0.0, 0.0, 0.0, 0.0], [0.0, 0.0, 0.0, 0.0, 0.0, 0.9844253012184889, 0.0, 0.0, 0.0, 0.0, 0.0, 0.0, 0.0, 0.0, 0.0, 0.0, 0.0], [0.0, 0.0, 0.0, 0.0, 0.0, 0.9851291952069943, 0.0, 0.0, 0.0, 0.0, 0.0, 0.0, 0.0, 0.0, 0.0, 0.0, 0.0], [0.0, 0.0, 0.0, 0.0, 0.0, 0.0, 0.9838679441204969, 0.0, 0.0, 0.0, 0.0, 0.0, 0.0, 0.0, 0.0, 0.0, 0.0], [0.0, 0.0, 0.0, 0.0, 0.0, 0.0, 0.9855323493471176, 0.0, 0.0, 0.0, 0.0, 0.0, 0.0, 0.0, 0.0, 0.0, 0.0], [0.0, 0.0, 0.0, 0.0, 0.0, 0.0, 0.9842158438156557, 0.0, 0.0, 0.0, 0.0, 0.0, 0.0, 0.0, 0.0, 0.0, 0.0]], "Born radii": [], "Atomic SASAs": [], "Solvent H bonds": [], "Total SASA": NaN, "Total FOD": 0.0, "FOD": [0.0, 0.0, 0.0, 0.0, 0.0, 0.0, 0.0, 0.0, 0.0, 0.0, 0.0, 0.0, 0.0, 0.0, 0.0, 0.0, 0.0], "FOD s proportion": [0.0, 0.0, 0.0, 0.0, 0.0, 0.0, 0.0, 0.0, 0.0, 0.0, 0.0, 0.0, 0.0, 0.0, 0.0, 0.0, 0.0], "FOD p proportion": [0.0, 0.0, 0.0, 0.0, 0.0, 0.0, 0.0, 0.0, 0.0, 0.0, 0.0, 0.0, 0.0, 0.0, 0.0, 0.0, 0.0], "FOD d proportion": [0.0, 0.0, 0.0, 0.0, 0.0, 0.0, 0.0, 0.0, 0.0, 0.0, 0.0, 0.0, 0.0, 0.0, 0.0, 0.0, 0.0], "coordinates": [["2.72419602041045", "0.36512526949162", "0.44452628433867"], ["1.49319472466445", "0.15426653931336", "-0.40036510446179"], ["1.49746878020326", "-0.08169730867927", "-1.57968867658610"], ["0.38949458154115", "0.27280994923254", "0.33916559603304"], ["-0.87811689037586", "0.09689414298760", "-0.31727284563453"], ["-1.90799703942176", "0.87604203924065", "0.48738946259980"], ["-1.21304870125109", "-1.38839298140013", "-0.39939788485470"], ["3.61114887222422", "0.27183067437850", "-0.17412892024562"], ["2.68712367842131", "1.35235812900440", "0.89787819094615"], ["2.74582978903081", "-0.37380011854934", "1.24149245344917"], ["-0.78908212442988", "0.50674591519621", "-1.33196822640939"], ["-2.88232998951322", "0.79540442722711", "0.01450263624073"], ["-1.96707726271433", "0.47676209153918", "1.49661284751217"], ["-1.62802722218759", "1.92464971414547", "0.54438700096932"], ["-2.17811978699189", "-1.52286615546863", "-0.87928056874266"], ["-1.24803046285275", "-1.81849876807838", "0.59912018173516"], ["-0.45662896675728", "-1.90763455958089", "-0.98297242688942"]], "bond_dist": [[0.0, 1.507868380559089, 2.4087250457993954, 2.338900126481067, 3.6917399906915542, 4.660481277853084, 4.391916467535652, 1.0854139786169748, 1.0869825337451275, 1.0870298173200534, 3.9394304762262884, 5.639432098310578, 4.809094918319605, 4.624276787737676, 5.41753416975799, 4.535492966029523, 4.161831016535168], [1.507868380559089, 0.0, 1.2027058214203008, 1.3338336489008038, 2.3734604886035617, 3.5884778750497914, 3.1150526179621463, 2.1332449245381877, 2.1322114008650788, 2.131582801604418, 2.4901633888476518, 4.4416651785083605, 3.9592942500045445, 3.71063870081095, 4.064564471297324, 3.5220859336551307, 2.8970122301083006], [2.4087250457993954, 1.2027058214203008, 0.0, 2.243943836276172, 2.6961075488760593, 4.097227616411935, 3.232250756272321, 2.5628546183610452, 3.100021186749837, 3.0988372381204554, 2.3740147195498498, 4.742719753499305, 4.666753395280023, 4.278533758303351, 4.009674609963344, 3.9117072288313186, 2.740185236723695], [2.338900126481067, 1.3338336489008038, 2.243943836276172, 0.0, 1.438296437568196, 2.379984667477993, 2.423471923762707, 3.262288857243886, 2.599362133869311, 2.6047291504927528, 2.0582656146717135, 3.3291661192626947, 2.6333840345543478, 2.615546723442824, 3.3618011950364792, 2.668826860016485, 2.6866916954978435], [3.6917399906915542, 2.3734604886035617, 2.6961075488760593, 1.438296437568196, 0.0, 1.5215800984264214, 1.524795619706145, 4.494952731747477, 3.9703554217834784, 3.972944988374988, 1.0979582781214559, 2.148222924725389, 2.1494919536166233, 2.1553453609354536, 2.1516234885542285, 2.155305601411598, 2.1538206335858496], [4.660481277853084, 3.5884778750497914, 4.097227616411935, 2.379984667477993, 1.5215800984264214, 0.0, 2.5292312972593023, 5.591390662286936, 4.637942693158017, 4.877384636198176, 2.1675822048500013, 1.0860244346464434, 1.0869437842293272, 1.086834796007016, 2.7740789101912324, 2.7764347278648955, 3.4665961367368383], [4.391916467535652, 3.1150526179621463, 3.232250756272321, 2.423471923762707, 1.524795619706145, 2.5292312972593023, 0.0, 5.106855286920521, 4.9402415383449, 4.403934454610269, 2.1542949049750173, 2.7797094780987806, 2.764456404949067, 3.469753447445014, 1.0861549729999378, 1.0877743519155174, 1.0873554512459878], [1.0854139786169748, 2.1332449245381877, 2.5628546183610452, 3.262288857243886, 4.494952731747477, 5.591390662286936, 5.106855286920521, 0.0, 1.7806070272321617, 1.7803370776841219, 4.556073951680523, 6.517283104684451, 5.826661286944813, 5.5404911384742555, 6.10195109510256, 5.345934451726399, 4.685201497437063], [1.0869825337451275, 2.1322114008650788, 3.100021186749837, 2.599362133869311, 3.9703554217834784, 4.637942693158017, 4.9402415383449, 1.7806070272321617, 0.0, 1.7610052425862304, 4.215599820299741, 5.666512503810781, 4.773545643467328, 4.3672647017143715, 5.924170990181492, 5.062512017312308, 4.903909875834727], [1.0870298173200534, 2.131582801604418, 3.0988372381204554, 2.6047291504927528, 3.972944988374988, 4.877384636198176, 4.403934454610269, 1.7803370776841219, 1.7610052425862304, 0.0, 4.46023131958976, 5.877816412088618, 4.795835210584972, 4.989935149866808, 5.483001951127886, 4.295429668262939, 4.190063744011318], [3.9394304762262884, 2.4901633888476518, 2.3740147195498498, 2.0582656146717135, 1.0979582781214559, 2.1675822048500013, 2.1542949049750173, 4.556073951680523, 4.215599820299741, 4.46023131958976, 0.0, 2.5055925736658806, 3.0642197158901876, 2.4969959950784557, 2.5007352720365947, 3.0572044181748974, 2.462022795815254], [5.639432098310578, 4.4416651785083605, 4.742719753499305, 3.3291661192626947, 2.148222924725389, 1.0860244346464434, 2.7797094780987806, 6.517283104684451, 5.666512503810781, 5.877816412088618, 2.5055925736658806, 0.0, 1.7708391147590274, 1.7689680014437468, 2.582467603172973, 3.137706571967943, 3.7663512472378], [4.809094918319605, 3.9592942500045445, 4.666753395280023, 2.6333840345543478, 2.1494919536166233, 1.0869437842293272, 2.764456404949067, 5.826661286944813, 4.773545643467328, 4.795835210584972, 3.0642197158901876, 1.7708391147590274, 0.0, 1.7658050743221705, 3.1125426260033806, 2.5672443980281745, 3.757012719922754], [4.624276787737676, 3.71063870081095, 4.278533758303351, 2.615546723442824, 2.1553453609354536, 1.086834796007016, 3.469753447445014, 5.5404911384742555, 4.3672647017143715, 4.989935149866808, 2.4969959950784557, 1.7689680014437468, 1.7658050743221705, 0.0, 3.770251563243977, 3.762785380294289, 4.2885199602362265], [5.41753416975799, 4.064564471297324, 4.009674609963344, 3.3618011950364792, 2.1516234885542285, 2.7740789101912324, 1.0861549729999378, 6.10195109510256, 5.924170990181492, 5.483001951127886, 2.5007352720365947, 2.582467603172973, 3.1125426260033806, 3.770251563243977, 0.0, 1.7714777931234278, 1.7670114233929144], [4.535492966029523, 3.5220859336551307, 3.9117072288313186, 2.668826860016485, 2.155305601411598, 2.7764347278648955, 1.0877743519155174, 5.345934451726399, 5.062512017312308, 4.295429668262939, 3.0572044181748974, 3.137706571967943, 2.5672443980281745, 3.762785380294289, 1.7714777931234278, 0.0, 1.7712364437345611], [4.161831016535168, 2.8970122301083006, 2.740185236723695, 2.6866916954978435, 2.1538206335858496, 3.4665961367368383, 1.0873554512459878, 4.685201497437063, 4.903909875834727, 4.190063744011318, 2.462022795815254, 3.7663512472378, 3.757012719922754, 4.2885199602362265, 1.7670114233929144, 1.7712364437345611, 0.0]]}