{"total energy": -23.02939508, "HOMO-LUMO gap/eV": 4.02591061, "electronic energy": -23.34263288, "dipole": [0.07037838, -0.91833116, 0.86265648], "partial charges": [-0.14031391, 0.24257746, -0.35819851, -0.09211329, -0.00641328, -0.10838654, -0.10613998, 0.06755955, 0.06605772, 0.05771133, 0.05062935, 0.06170458, 0.04960373, 0.03481775, 0.03894661, 0.03254957, 0.04046852, 0.03757283, 0.03136652], "atomic dipole moments": [[-0.06946407, 0.00070352, -0.03675075], [0.00075191, 0.02171417, -0.01705987], [0.01577093, -0.12441292, 0.11799914], [-0.01625304, 0.07894715, -0.04557277], [0.00857834, -0.04583119, 0.10248132], [0.06318615, 0.07567243, -0.00129003], [0.03551956, -0.07162381, -0.06026308], [-0.02768414, 0.04087109, 0.12252461], [0.09758442, 0.07585488, -0.04718588], [0.03791288, -0.1251927, 0.00736428], [3.443e-05, -0.03151079, 0.12425121], [0.03193401, -0.1061757, -0.06622665], [0.01152178, 0.04911508, -0.11633215], [-0.01148464, -0.04995192, 0.112192], [-0.11325648, 0.03519274, -0.03766914], [0.03988095, -0.08795754, -0.07734852], [0.07747815, 0.0997132, -0.00239746], [-0.11205519, 0.0374436, -0.03804932], [-0.01100505, -0.03997504, 0.11561386]], "atomic quadrupole moments": [[0.09018419, -0.02014964, -0.09977435, 0.16074227, -0.03832407, 0.00959016], [-0.13047063, -0.23265914, 0.0159341, -0.2557548, 0.39610818, 0.11453653], [-0.06371878, -0.09749795, 0.01087374, -0.10970525, 0.16526067, 0.05284504], [0.16919509, 0.05878288, 0.00496863, 0.07494678, -0.08151255, -0.17416372], [0.1243111, -0.01370991, 0.06187677, 0.03239486, 0.1037965, -0.18618787], [0.02598186, 0.1648173, 0.10160393, -0.00383655, 0.0089761, -0.12758579], [-0.06716319, -0.08898557, 0.05643693, -0.07330895, 0.15660462, 0.01072626], [-0.03449008, -0.00237623, -0.03343298, -0.03673043, 0.03964578, 0.06792305], [0.02670239, 0.04824393, -0.00461748, -0.02977559, -0.03575554, -0.02208492], [-0.02082776, -0.02754401, 0.08175463, 0.00429934, -0.00206363, -0.06092687], [-0.0058535, 0.00378356, -0.0534412, -0.00191941, -0.02204678, 0.0592947], [-0.01463115, -0.02917187, 0.02422153, -0.00204208, 0.05120756, -0.00959038], [-0.01511932, 0.00233536, -0.00953918, 0.00032028, -0.01183951, 0.0246585], [-0.04487214, 0.01153698, -0.02623041, 3.441e-05, -0.04049625, 0.07110255], [0.05803276, -0.03442819, -0.01727417, 0.03730358, -0.01731861, -0.04075859], [-0.01991466, -0.02515211, 0.01645435, -0.0394053, 0.05590574, 0.0034603], [0.01249108, 0.05980836, 0.0288533, -0.01341168, 0.00453152, -0.04134438], [0.05915674, -0.0340571, -0.03574328, 0.04265354, -0.00119724, -0.02341346], [-0.05191977, -0.00472767, -0.01498297, -0.00924032, -0.04495703, 0.06690274]], "number of molecular orbitals": 40, "number of electrons": 42, "number of unpaired electrons": 0, "orbital energies/eV": [-19.26032554, -17.47383993, -17.16598197, -16.57369697, -16.03988347, -15.53031532, -15.09430111, -14.81672151, -14.70102418, -14.06761173, -13.80927688, -13.37687662, -13.14463673, -13.02974857, -12.80599205, -12.69788907, -12.46930541, -11.98651038, -11.88258201, -11.6084708, -10.68414243, -6.65823182, 1.49173304, 2.61509955, 2.79180144, 3.62217857, 3.98397028, 4.22944299, 4.42486611, 4.83758205, 5.40945233, 5.46718831, 5.60297999, 6.08555701, 6.38885786, 6.56333052, 7.17251865, 7.53959836, 8.26949747, 17.40172739], "fractional occupation": [2.0, 2.0, 2.0, 2.0, 2.0, 2.0, 2.0, 2.0, 2.0, 2.0, 2.0, 2.0, 2.0, 2.0, 2.0, 2.0, 2.0, 2.0, 2.0, 2.0, 2.0, 0.0, 0.0, 0.0, 0.0, 0.0, 0.0, 0.0, 0.0, 0.0, 0.0, 0.0, 0.0, 0.0, 0.0, 0.0, 0.0, 0.0, 0.0, 0.0], "program call": "xtb /tmp/scratch/tmpi8uylzxn/5069_0_xyzopt.xyz --pop --wbo --acc 0.2 --gfn 2 --chrg 0 --uhf 0 --etemp 300 --input /tmp/scratch/tmpi8uylzxn/5069_0_xtb.inp", "method": "GFN2-xTB", "xtb version": "6.3.3 (7355c4f)", "Dipole module/D": 3.208, "Total charge": 0, "Transition dipole module/D": NaN, "HOMO": -10.6841, "LUMO": -6.6582, "HOMO occupancy": 2.0, "LUMO occupancy": 0, "mulliken charges": [-0.13319, 0.40664, -0.48688, -0.09867, 0.01138, -0.0955, -0.09499, 0.05827, 0.06336, 0.04692, 0.03605, 0.05535, 0.04008, 0.02749, 0.03477, 0.03017, 0.04219, 0.03326, 0.02331], "cm5 charges": [-0.27711, 0.42372, -0.54152, -0.20007, -0.06216, -0.24632, -0.24519, 0.11158, 0.11849, 0.10019, 0.09369, 0.11281, 0.10232, 0.08035, 0.08721, 0.08246, 0.09747, 0.08578, 0.07629], "FUKUI+": [0.051, -0.195, -0.294, 0.031, 0.004, 0.019, 0.019, -0.11, -0.079, -0.102, -0.087, -0.099, -0.015, -0.025, -0.039, -0.021, 0.01, -0.042, -0.025], "FUKUI-": [-0.003, -0.031, -0.18, -0.015, -0.012, 0.015, 0.022, -0.07, -0.07, -0.068, -0.065, -0.072, -0.066, -0.072, -0.085, -0.054, -0.044, -0.071, -0.059], "FUKUIrad": [0.024, -0.113, -0.237, 0.008, -0.004, 0.017, 0.02, -0.09, -0.074, -0.085, -0.076, -0.085, -0.041, -0.048, -0.062, -0.038, -0.017, -0.057, -0.042], "s proportion": [1.021, 1.066, 1.728, 1.046, 1.048, 1.01, 1.01, 0.942, 0.937, 0.953, 0.964, 0.945, 0.96, 0.973, 0.965, 0.97, 0.958, 0.967, 0.977], "p proportion": [3.112, 2.528, 4.759, 3.053, 2.941, 3.085, 3.085, 0.0, 0.0, 0.0, 0.0, 0.0, 0.0, 0.0, 0.0, 0.0, 0.0, 0.0, 0.0], "d proportion": [0.0, 0.0, 0.0, 0.0, 0.0, 0.0, 0.0, 0.0, 0.0, 0.0, 0.0, 0.0, 0.0, 0.0, 0.0, 0.0, 0.0, 0.0, 0.0], "Fermi-level/eV": -8.6712, "Coordination numbers": [3.754, 2.81, 0.857, 3.808, 3.85, 3.756, 3.756, 0.925, 0.925, 0.925, 0.924, 0.924, 0.924, 0.925, 0.925, 0.925, 0.925, 0.925, 0.925], "Dispersion coefficient C6": [23.262, 22.944, 20.863, 22.25, 20.658, 22.626, 22.582, 2.113, 2.129, 2.226, 2.312, 2.179, 2.325, 2.519, 2.463, 2.55, 2.443, 2.481, 2.567], "Total dispersion C6": 2627.535481, "Total dispersion C8": 56042.364185, "Polarizability alpha": [6.877, 7.848, 6.124, 6.715, 6.465, 6.782, 6.776, 2.273, 2.282, 2.333, 2.378, 2.309, 2.385, 2.482, 2.454, 2.497, 2.444, 2.463, 2.506], "Total polarizability alpha": 76.391945, "Wiberg matrix": [[0.0, 1.0004772829239974, 0.0, 0.0, 0.0, 0.0, 0.0, 0.9567677441932446, 0.9822221972616189, 0.9714974529566773, 0.0, 0.0, 0.0, 0.0, 0.0, 0.0, 0.0, 0.0, 0.0], [1.0004772829239974, 0.0, 1.8683033596428573, 0.9886964156124183, 0.0, 0.0, 0.0, 0.0, 0.0, 0.0, 0.0, 0.0, 0.0, 0.0, 0.0, 0.0, 0.0, 0.0, 0.0], [0.0, 1.8683033596428573, 0.0, 0.0, 0.0, 0.0, 0.0, 0.0, 0.0, 0.0, 0.0, 0.0, 0.0, 0.0, 0.0, 0.0, 0.0, 0.0, 0.0], [0.0, 0.9886964156124183, 0.0, 0.0, 0.9921962166825892, 0.0, 0.0, 0.0, 0.0, 0.0, 0.9647843357284516, 0.9411343000723078, 0.0, 0.0, 0.0, 0.0, 0.0, 0.0, 0.0], [0.0, 0.0, 0.0, 0.9921962166825892, 0.0, 1.0089987501859858, 1.0098589938630973, 0.0, 0.0, 0.0, 0.0, 0.0, 0.9661408947602913, 0.0, 0.0, 0.0, 0.0, 0.0, 0.0], [0.0, 0.0, 0.0, 0.0, 1.0089987501859858, 0.0, 0.0, 0.0, 0.0, 0.0, 0.0, 0.0, 0.0, 0.9868167255427212, 0.9860538019093668, 0.9866868248395202, 0.0, 0.0, 0.0], [0.0, 0.0, 0.0, 0.0, 1.0098589938630973, 0.0, 0.0, 0.0, 0.0, 0.0, 0.0, 0.0, 0.0, 0.0, 0.0, 0.0, 0.9860018390538822, 0.9864423763514699, 0.9866953565116486], [0.9567677441932446, 0.0, 0.0, 0.0, 0.0, 0.0, 0.0, 0.0, 0.0, 0.0, 0.0, 0.0, 0.0, 0.0, 0.0, 0.0, 0.0, 0.0, 0.0], [0.9822221972616189, 0.0, 0.0, 0.0, 0.0, 0.0, 0.0, 0.0, 0.0, 0.0, 0.0, 0.0, 0.0, 0.0, 0.0, 0.0, 0.0, 0.0, 0.0], [0.9714974529566773, 0.0, 0.0, 0.0, 0.0, 0.0, 0.0, 0.0, 0.0, 0.0, 0.0, 0.0, 0.0, 0.0, 0.0, 0.0, 0.0, 0.0, 0.0], [0.0, 0.0, 0.0, 0.9647843357284516, 0.0, 0.0, 0.0, 0.0, 0.0, 0.0, 0.0, 0.0, 0.0, 0.0, 0.0, 0.0, 0.0, 0.0, 0.0], [0.0, 0.0, 0.0, 0.9411343000723078, 0.0, 0.0, 0.0, 0.0, 0.0, 0.0, 0.0, 0.0, 0.0, 0.0, 0.0, 0.0, 0.0, 0.0, 0.0], [0.0, 0.0, 0.0, 0.0, 0.9661408947602913, 0.0, 0.0, 0.0, 0.0, 0.0, 0.0, 0.0, 0.0, 0.0, 0.0, 0.0, 0.0, 0.0, 0.0], [0.0, 0.0, 0.0, 0.0, 0.0, 0.9868167255427212, 0.0, 0.0, 0.0, 0.0, 0.0, 0.0, 0.0, 0.0, 0.0, 0.0, 0.0, 0.0, 0.0], [0.0, 0.0, 0.0, 0.0, 0.0, 0.9860538019093668, 0.0, 0.0, 0.0, 0.0, 0.0, 0.0, 0.0, 0.0, 0.0, 0.0, 0.0, 0.0, 0.0], [0.0, 0.0, 0.0, 0.0, 0.0, 0.9866868248395202, 0.0, 0.0, 0.0, 0.0, 0.0, 0.0, 0.0, 0.0, 0.0, 0.0, 0.0, 0.0, 0.0], [0.0, 0.0, 0.0, 0.0, 0.0, 0.0, 0.9860018390538822, 0.0, 0.0, 0.0, 0.0, 0.0, 0.0, 0.0, 0.0, 0.0, 0.0, 0.0, 0.0], [0.0, 0.0, 0.0, 0.0, 0.0, 0.0, 0.9864423763514699, 0.0, 0.0, 0.0, 0.0, 0.0, 0.0, 0.0, 0.0, 0.0, 0.0, 0.0, 0.0], [0.0, 0.0, 0.0, 0.0, 0.0, 0.0, 0.9866953565116486, 0.0, 0.0, 0.0, 0.0, 0.0, 0.0, 0.0, 0.0, 0.0, 0.0, 0.0, 0.0]], "Born radii": [], "Atomic SASAs": [], "Solvent H bonds": [], "Total SASA": NaN, "Total FOD": 0.0, "FOD": [0.0, 0.0, 0.0, 0.0, 0.0, 0.0, 0.0, 0.0, 0.0, 0.0, 0.0, 0.0, 0.0, 0.0, 0.0, 0.0, 0.0, 0.0, 0.0], "FOD s proportion": [0.0, 0.0, 0.0, 0.0, 0.0, 0.0, 0.0, 0.0, 0.0, 0.0, 0.0, 0.0, 0.0, 0.0, 0.0, 0.0, 0.0, 0.0, 0.0], "FOD p proportion": [0.0, 0.0, 0.0, 0.0, 0.0, 0.0, 0.0, 0.0, 0.0, 0.0, 0.0, 0.0, 0.0, 0.0, 0.0, 0.0, 0.0, 0.0, 0.0], "FOD d proportion": [0.0, 0.0, 0.0, 0.0, 0.0, 0.0, 0.0, 0.0, 0.0, 0.0, 0.0, 0.0, 0.0, 0.0, 0.0, 0.0, 0.0, 0.0, 0.0], "coordinates": [["2.73880127165803", "0.40173988708546", "0.60854448915324"], ["1.51506881182783", "0.54173887841051", "-0.26468771898731"], ["1.40646372342277", "1.40826534103157", "-1.09358161498367"], ["0.45296736859992", "-0.50813605309478", "-0.01485124239921"], ["-0.94259256954020", "-0.07329973848226", "-0.47270682608855"], ["-1.89282311741004", "-1.26698614561236", "-0.49586053881371"], ["-1.47926760131681", "1.02328308382347", "0.44353890397115"], ["2.48934796802817", "0.73809554013572", "1.61369595152095"], ["3.54889261992807", "1.01618672758085", "0.22500816349481"], ["3.05223591117049", "-0.63738400239636", "0.66669753056652"], ["0.44326839795907", "-0.77852028953430", "1.04277065012613"], ["0.76171605591130", "-1.39501603693647", "-0.57740632422785"], ["-0.85209960062650", "0.33331410073718", "-1.48478107954317"], ["-1.98467944472078", "-1.69971397113891", "0.49877321711915"], ["-2.88151986009986", "-0.95720913150210", "-0.82554626284933"], ["-1.53288515090367", "-2.03724278322512", "-1.17463095132071"], ["-0.81388192086590", "1.88292200474635", "0.43549877063228"], ["-2.46153868892133", "1.34936871116826", "0.11041685535912"], ["-1.56747417410078", "0.65859487720343", "1.46582102727005"]], "bond_dist": [[0.0, 1.50985275445923, 2.3844181903062354, 2.5380175525410698, 3.866190329844598, 5.045423819602497, 4.266807683234836, 1.0888946406014972, 1.0866890196538788, 1.0869229536465528, 2.617448684811293, 2.9229569159656568, 4.1570738626309405, 5.171018093993924, 5.957463247405198, 5.232175074506086, 3.8529732873222544, 5.309394243544212, 4.3982844113926145], [1.50985275445923, 0.0, 1.2040466213855934, 1.5141714277267297, 2.5419763796417114, 3.8650555605990493, 3.1144052925587338, 2.125112003270039, 2.145073915112872, 2.1495794803705843, 2.1450612542946983, 2.1015120516026804, 2.671245961970223, 4.225543910188226, 4.678824573839768, 4.095017271764904, 2.777236902737763, 4.075092220241207, 3.5370025594314716], [2.3844181903062354, 1.2040466213855934, 0.0, 2.3969582430251237, 2.8458014786399475, 4.289467876063519, 3.2921719436779466, 2.991841852663099, 2.5460569945730365, 3.160985605865668, 3.2052734095056956, 2.9224173161290175, 2.5317317154119183, 4.867749100256459, 4.9044995303049825, 4.529665223197365, 2.7373930215071303, 4.0514841467660725, 3.9946031477279957], [2.5380175525410698, 1.5141714277267297, 2.3969582430251237, 0.0, 1.5317643085549946, 2.5119626610294103, 2.5077675486731192, 2.8900008810584845, 3.459168344572693, 2.6902436169846573, 1.0916802521321691, 1.0946917729419383, 2.13820763296639, 2.7614832982798347, 3.460881119642047, 2.7616782206793564, 2.7431516349674356, 3.45837557314181, 2.763301550926505], [3.866190329844598, 2.5419763796417114, 2.8458014786399475, 1.5317643085549946, 0.0, 1.5258969254458645, 1.5264403734705978, 4.097518114906298, 4.674101643485817, 4.1922652510375995, 2.1713172563626375, 2.1592970729611296, 1.0944487590441658, 2.162161369084782, 2.159914470825035, 2.167536641487183, 2.160603467940746, 2.1612996226990586, 2.1642636129720914], [5.045423819602497, 3.8650555605990493, 4.289467876063519, 2.5119626610294103, 1.5258969254458645, 0.0, 2.5097475214244627, 5.260608764628496, 5.945149301812912, 5.118744857830784, 2.8395965199851974, 2.6588756253139816, 2.149890730416163, 1.0885712031342103, 1.087279046109792, 1.0879245839736218, 3.4573784323657777, 2.7452363134280353, 2.76801531373177], [4.266807683234836, 3.1144052925587338, 3.2921719436779466, 2.5077675486731192, 1.5264403734705978, 2.5097475214244627, 0.0, 4.147349634194408, 5.032911806629878, 4.831370305364983, 2.7021692675247224, 3.451450064598079, 2.1419184992738813, 2.7700550395498866, 2.7384736575090725, 3.462393262625218, 1.0870978897315, 1.0872711829052069, 1.0889621789330164], [1.0888946406014972, 2.125112003270039, 2.991841852663099, 2.8900008810584845, 4.097518114906298, 5.260608764628496, 4.147349634194408, 0.0, 1.7687349576794302, 1.7622692239693216, 2.6100806274198893, 3.5122366387809874, 4.574896696077594, 5.215638906881505, 6.137603908469799, 5.626333529862772, 3.689187434925205, 5.210065414228683, 4.060294723477177], [1.0866890196538788, 2.145073915112872, 2.5460569945730365, 3.459168344572693, 4.674101643485817, 5.945149301812912, 5.032911806629878, 1.7687349576794302, 0.0, 1.782148574719707, 3.6789415012887003, 3.771753038141219, 4.770579294538831, 6.170209372829626, 6.807948331373848, 6.091542230117261, 4.4530144879818545, 6.0207496144985635, 5.276807525901197], [1.0869229536465528, 2.1495794803705843, 3.160985605865668, 2.6902436169846573, 4.1922652510375995, 5.118744857830784, 4.831370305364983, 1.7622692239693216, 1.782148574719707, 0.0, 2.639708682372917, 2.7144579401074127, 4.562340496484851, 5.1504620996517, 6.126870098613142, 5.135506823902446, 4.620850822892308, 5.887133842124136, 4.8641423592766575], [2.617448684811293, 2.1450612542946983, 3.2052734095056956, 1.0916802521321691, 2.1713172563626375, 2.8395965199851974, 2.7021692675247224, 2.6100806274198893, 3.6789415012887003, 2.639708682372917, 0.0, 1.7625122256730696, 3.0500281489363683, 2.653198396826023, 3.8179516432873375, 3.225900653601262, 3.005408648675179, 3.719556345845292, 2.507460331722735], [2.9229569159656568, 2.1015120516026804, 2.9224173161290175, 1.0946917729419383, 2.1592970729611296, 2.6588756253139816, 3.451450064598079, 3.5122366387809874, 3.771753038141219, 2.7144579401074127, 1.7625122256730696, 0.0, 2.5327564005764716, 2.9654159037499626, 3.677827654376802, 2.456486748828788, 3.7753627005533406, 4.288836616390633, 3.717152529042542], [4.1570738626309405, 2.671245961970223, 2.5317317154119183, 2.13820763296639, 1.0944487590441658, 2.149890730416163, 2.1419184992738813, 4.574896696077594, 4.770579294538831, 4.562340496484851, 3.0500281489363683, 2.5327564005764716, 0.0, 3.057846937322466, 2.493709555271343, 2.4858000739407116, 2.4678370996084453, 2.4834084645555348, 3.0534605215464317], [5.171018093993924, 4.225543910188226, 4.867749100256459, 2.7614832982798347, 2.162161369084782, 1.0885712031342103, 2.7700550395498866, 5.215638906881505, 6.170209372829626, 5.1504620996517, 2.653198396826023, 2.9654159037499626, 3.057846937322466, 0.0, 1.7633656037717735, 1.7658780518104664, 3.769622134001002, 3.110485590071829, 2.5828012562178557], [5.957463247405198, 4.678824573839768, 4.9044995303049825, 3.460881119642047, 2.159914470825035, 1.087279046109792, 2.7384736575090725, 6.137603908469799, 6.807948331373848, 6.126870098613142, 3.8179516432873375, 3.677827654376802, 2.493709555271343, 1.7633656037717735, 0.0, 1.7627105228675564, 3.732520072995751, 2.524423198888971, 3.09643387103143], [5.232175074506086, 4.095017271764904, 4.529665223197365, 2.7616782206793564, 2.167536641487183, 1.0879245839736218, 3.462393262625218, 5.626333529862772, 6.091542230117261, 5.135506823902446, 3.225900653601262, 2.456486748828788, 2.4858000739407116, 1.7658780518104664, 1.7627105228675564, 0.0, 4.298508500767745, 3.739369288139742, 3.773688347380381], [3.8529732873222544, 2.777236902737763, 2.7373930215071303, 2.7431516349674356, 2.160603467940746, 3.4573784323657777, 1.0870978897315, 3.689187434925205, 4.4530144879818545, 4.620850822892308, 3.005408648675179, 3.7753627005533406, 2.4678370996084453, 3.769622134001002, 3.732520072995751, 4.298508500767745, 0.0, 1.762137961126926, 1.7687402725941046], [5.309394243544212, 4.075092220241207, 4.0514841467660725, 3.45837557314181, 2.1612996226990586, 2.7452363134280353, 1.0872711829052069, 5.210065414228683, 6.0207496144985635, 5.887133842124136, 3.719556345845292, 4.288836616390633, 2.4834084645555348, 3.110485590071829, 2.524423198888971, 3.739369288139742, 1.762137961126926, 0.0, 1.7645510237976487], [4.3982844113926145, 3.5370025594314716, 3.9946031477279957, 2.763301550926505, 2.1642636129720914, 2.76801531373177, 1.0889621789330164, 4.060294723477177, 5.276807525901197, 4.8641423592766575, 2.507460331722735, 3.717152529042542, 3.0534605215464317, 2.5828012562178557, 3.09643387103143, 3.773688347380381, 1.7687402725941046, 1.7645510237976487, 0.0]]}