{"total energy": -24.32074593, "HOMO-LUMO gap/eV": 4.63408945, "electronic energy": -24.79130364, "dipole": [0.03824522, 0.09735994, -0.01061265], "partial charges": [-0.0941788, -0.02183479, -0.06312419, 0.01672366, -0.03785549, -0.03072014, -0.03331034, -0.03036636, -0.03726082, 0.03590518, 0.03435748, 0.0310364, 0.04377576, 0.0436289, 0.02805801, 0.02835681, 0.02797394, 0.02858402, 0.03025077], "atomic dipole moments": [[0.05563556, -0.03537158, 0.02964395], [-0.11218127, 0.10474857, 0.00776233], [-0.03232382, -0.07391843, -0.02553516], [0.08716819, 0.0261776, -0.00733221], [0.00029435, -0.00549238, 0.00691279], [0.00109538, -0.00120134, 0.00248885], [0.00335673, 0.00066684, 0.00133884], [-0.0002899, 0.00143874, -0.00274137], [-0.00094168, 0.00286082, -0.00916885], [0.04292398, 0.04093636, 0.1337951], [0.07147731, -0.10924114, -0.06629808], [-0.03965588, -0.04574072, -0.13382756], [0.04813063, 0.02960377, 0.11420397], [0.00487073, 0.10242782, -0.07481731], [0.0369221, 0.0860385, -0.11274982], [-0.09897244, 0.04007612, -0.10077907], [-0.13925055, -0.04679249, 0.01163885], [-0.03865816, -0.08626601, 0.11237129], [0.09954759, -0.04088608, 0.10036942]], "atomic quadrupole moments": [[0.03826896, 0.39790612, 0.10458817, -0.25630642, -0.21574474, -0.14285713], [0.01330369, 0.31471674, 0.16967746, -0.34640932, -0.1167931, -0.18298114], [0.1439746, -0.0351084, -0.0126273, -0.05952882, 0.05626766, -0.1313473], [-0.05532969, -0.05462763, 0.17736075, -0.12084212, 0.33221478, -0.12203106], [-0.20476366, -0.12875425, 0.23746488, -0.09663659, 0.32522213, -0.03270122], [-0.21944534, -0.14110928, 0.24894785, -0.09637796, 0.33912728, -0.02950251], [-0.21865558, -0.14157746, 0.24512606, -0.09148492, 0.33342322, -0.02647048], [-0.21954363, -0.14326676, 0.24837329, -0.09287927, 0.34039138, -0.02882966], [-0.20642927, -0.1334059, 0.23887295, -0.0933559, 0.33173719, -0.03244369], [-0.01696828, -0.02917826, -0.01921969, 0.03112261, 0.03202223, 0.03618797], [-0.0075101, -0.05073798, -0.00092945, 0.01375521, 0.0341649, 0.00843955], [-0.00416893, -0.04732029, -0.0100808, 0.0282534, 0.02236545, 0.01424973], [-0.01339789, 0.00399135, -0.0358042, 0.0235557, 0.01766036, 0.04920209], [-0.02280091, 0.00247785, 0.0210605, 0.00026982, -0.05066785, 0.00174041], [0.03167166, 0.02033233, -0.03522596, 0.01304433, -0.04677875, 0.0035543], [0.03124203, 0.02199766, -0.03457781, 0.01103567, -0.04837458, 0.00333578], [0.02824873, 0.0186932, -0.03445911, 0.01398673, -0.04881799, 0.00621037], [0.03364654, 0.01993305, -0.03629359, 0.01510672, -0.04665012, 0.00264706], [0.02990253, 0.02103553, -0.03413842, 0.01238979, -0.04721461, 0.00423589]], "number of molecular orbitals": 46, "number of electrons": 46, "number of unpaired electrons": 0, "orbital energies/eV": [-17.4807817, -17.0646619, -16.65466812, -16.59897457, -16.0868332, -15.51183655, -15.3013579, -14.84485725, -14.30936876, -13.86821741, -13.52112154, -13.42417848, -13.17535734, -12.92726922, -12.85272063, -12.67740387, -12.20825647, -11.81335665, -11.56257609, -11.36400943, -10.91948678, -10.88250914, -10.65486374, -6.02077429, -5.96175371, -5.37935647, -2.42671189, 2.81675335, 3.26241328, 3.52395024, 3.73746672, 4.40927816, 4.5114366, 5.26438505, 5.28228106, 5.62193835, 5.84399894, 6.48410993, 10.9337171, 11.29872003, 11.51157772, 12.31938514, 12.5934709, 16.83853261, 17.45723169, 18.19655052], "fractional occupation": [2.0, 2.0, 2.0, 2.0, 2.0, 2.0, 2.0, 2.0, 2.0, 2.0, 2.0, 2.0, 2.0, 2.0, 2.0, 2.0, 2.0, 2.0, 2.0, 2.0, 2.0, 2.0, 2.0, 0.0, 0.0, 0.0, 0.0, 0.0, 0.0, 0.0, 0.0, 0.0, 0.0, 0.0, 0.0, 0.0, 0.0, 0.0, 0.0, 0.0, 0.0, 0.0, 0.0, 0.0, 0.0, 0.0], "program call": "xtb /tmp/scratch/tmpf2xppytz/507901_578e4a_xyzopt.xyz --pop --wbo --acc 0.2 --gfn 2 --chrg 0 --uhf 0 --etemp 300 --input /tmp/scratch/tmpf2xppytz/507901_578e4a_xtb.inp", "method": "GFN2-xTB", "xtb version": "6.3.3 (7355c4f)", "Dipole module/D": 0.267, "Total charge": 0, "Transition dipole module/D": NaN, "HOMO": -10.6549, "LUMO": -6.0208, "HOMO occupancy": 2.0, "LUMO occupancy": 0, "mulliken charges": [-0.08658, -0.01481, -0.04717, 0.01266, -0.04236, -0.02588, -0.03338, -0.02591, -0.04048, 0.0291, 0.03335, 0.02646, 0.03439, 0.03641, 0.0284, 0.02863, 0.02874, 0.02877, 0.02968], "cm5 charges": [-0.1907, -0.07906, -0.14796, -0.00278, -0.09662, -0.08221, -0.0898, -0.08222, -0.09453, 0.08313, 0.08682, 0.08341, 0.09134, 0.09259, 0.0857, 0.08508, 0.08518, 0.08522, 0.08739], "FUKUI+": [-0.047, -0.043, 0.019, -0.057, -0.038, -0.036, -0.054, -0.041, -0.03, -0.067, -0.075, -0.056, -0.049, -0.058, -0.071, -0.076, -0.081, -0.076, -0.064], "FUKUI-": [-0.043, -0.038, 0.006, -0.054, -0.026, -0.033, -0.058, -0.029, -0.03, -0.072, -0.086, -0.066, -0.066, -0.066, -0.063, -0.07, -0.079, -0.071, -0.057], "FUKUIrad": [-0.045, -0.04, 0.012, -0.056, -0.032, -0.034, -0.056, -0.035, -0.03, -0.069, -0.08, -0.061, -0.058, -0.062, -0.067, -0.073, -0.08, -0.073, -0.06], "s proportion": [1.042, 1.066, 1.026, 1.084, 1.057, 1.055, 1.055, 1.056, 1.057, 0.971, 0.967, 0.974, 0.966, 0.964, 0.972, 0.971, 0.971, 0.971, 0.97], "p proportion": [3.045, 2.949, 3.021, 2.903, 2.985, 2.97, 2.979, 2.97, 2.983, 0.0, 0.0, 0.0, 0.0, 0.0, 0.0, 0.0, 0.0, 0.0, 0.0], "d proportion": [0.0, 0.0, 0.0, 0.0, 0.0, 0.0, 0.0, 0.0, 0.0, 0.0, 0.0, 0.0, 0.0, 0.0, 0.0, 0.0, 0.0, 0.0, 0.0], "Fermi-level/eV": -8.3378, "Coordination numbers": [2.837, 2.891, 3.812, 2.975, 2.925, 2.919, 2.92, 2.919, 2.925, 0.926, 0.926, 0.925, 0.924, 0.924, 0.925, 0.926, 0.926, 0.926, 0.926], "Dispersion coefficient C6": [30.357, 28.549, 21.702, 27.633, 28.941, 28.767, 28.83, 28.758, 28.927, 2.504, 2.525, 2.572, 2.399, 2.401, 2.614, 2.61, 2.615, 2.606, 2.583], "Total dispersion C6": 4035.730642, "Total dispersion C8": 96943.305618, "Polarizability alpha": [9.029, 8.76, 6.631, 8.623, 8.822, 8.795, 8.805, 8.794, 8.82, 2.474, 2.485, 2.508, 2.422, 2.423, 2.528, 2.526, 2.529, 2.525, 2.513], "Total polarizability alpha": 102.013445, "Wiberg matrix": [[0.0, 1.9766161385857037, 0.0, 0.0, 0.0, 0.0, 0.0, 0.0, 0.0, 0.9752900573721732, 0.9763842529498923, 0.0, 0.0, 0.0, 0.0, 0.0, 0.0, 0.0, 0.0], [1.9766161385857037, 0.0, 1.008680012155478, 0.0, 0.0, 0.0, 0.0, 0.0, 0.0, 0.0, 0.0, 0.9672474599506232, 0.0, 0.0, 0.0, 0.0, 0.0, 0.0, 0.0], [0.0, 1.008680012155478, 0.0, 0.9945274516713309, 0.0, 0.0, 0.0, 0.0, 0.0, 0.0, 0.0, 0.0, 0.9688456577960418, 0.9601969456819373, 0.0, 0.0, 0.0, 0.0, 0.0], [0.0, 0.0, 0.9945274516713309, 0.0, 1.4154974692027082, 0.0, 0.10938295014028915, 0.0, 1.4088224687074642, 0.0, 0.0, 0.0, 0.0, 0.0, 0.0, 0.0, 0.0, 0.0, 0.0], [0.0, 0.0, 0.0, 1.4154974692027082, 0.0, 1.4418294584178366, 0.0, 0.1103007814738375, 0.0, 0.0, 0.0, 0.0, 0.0, 0.0, 0.9693251892639614, 0.0, 0.0, 0.0, 0.0], [0.0, 0.0, 0.0, 0.0, 1.4418294584178366, 0.0, 1.4412604087428784, 0.0, 0.11171657359364628, 0.0, 0.0, 0.0, 0.0, 0.0, 0.0, 0.9712891381627193, 0.0, 0.0, 0.0], [0.0, 0.0, 0.0, 0.10938295014028915, 0.0, 1.4412604087428784, 0.0, 1.4351943359740593, 0.0, 0.0, 0.0, 0.0, 0.0, 0.0, 0.0, 0.0, 0.9716492961176115, 0.0, 0.0], [0.0, 0.0, 0.0, 0.0, 0.1103007814738375, 0.0, 1.4351943359740593, 0.0, 1.4492591075659118, 0.0, 0.0, 0.0, 0.0, 0.0, 0.0, 0.0, 0.0, 0.9712546471103474, 0.0], [0.0, 0.0, 0.0, 1.4088224687074642, 0.0, 0.11171657359364628, 0.0, 1.4492591075659118, 0.0, 0.0, 0.0, 0.0, 0.0, 0.0, 0.0, 0.0, 0.0, 0.0, 0.9697374406301312], [0.9752900573721732, 0.0, 0.0, 0.0, 0.0, 0.0, 0.0, 0.0, 0.0, 0.0, 0.0, 0.0, 0.0, 0.0, 0.0, 0.0, 0.0, 0.0, 0.0], [0.9763842529498923, 0.0, 0.0, 0.0, 0.0, 0.0, 0.0, 0.0, 0.0, 0.0, 0.0, 0.0, 0.0, 0.0, 0.0, 0.0, 0.0, 0.0, 0.0], [0.0, 0.9672474599506232, 0.0, 0.0, 0.0, 0.0, 0.0, 0.0, 0.0, 0.0, 0.0, 0.0, 0.0, 0.0, 0.0, 0.0, 0.0, 0.0, 0.0], [0.0, 0.0, 0.9688456577960418, 0.0, 0.0, 0.0, 0.0, 0.0, 0.0, 0.0, 0.0, 0.0, 0.0, 0.0, 0.0, 0.0, 0.0, 0.0, 0.0], [0.0, 0.0, 0.9601969456819373, 0.0, 0.0, 0.0, 0.0, 0.0, 0.0, 0.0, 0.0, 0.0, 0.0, 0.0, 0.0, 0.0, 0.0, 0.0, 0.0], [0.0, 0.0, 0.0, 0.0, 0.9693251892639614, 0.0, 0.0, 0.0, 0.0, 0.0, 0.0, 0.0, 0.0, 0.0, 0.0, 0.0, 0.0, 0.0, 0.0], [0.0, 0.0, 0.0, 0.0, 0.0, 0.9712891381627193, 0.0, 0.0, 0.0, 0.0, 0.0, 0.0, 0.0, 0.0, 0.0, 0.0, 0.0, 0.0, 0.0], [0.0, 0.0, 0.0, 0.0, 0.0, 0.0, 0.9716492961176115, 0.0, 0.0, 0.0, 0.0, 0.0, 0.0, 0.0, 0.0, 0.0, 0.0, 0.0, 0.0], [0.0, 0.0, 0.0, 0.0, 0.0, 0.0, 0.0, 0.9712546471103474, 0.0, 0.0, 0.0, 0.0, 0.0, 0.0, 0.0, 0.0, 0.0, 0.0, 0.0], [0.0, 0.0, 0.0, 0.0, 0.0, 0.0, 0.0, 0.0, 0.9697374406301312, 0.0, 0.0, 0.0, 0.0, 0.0, 0.0, 0.0, 0.0, 0.0, 0.0]], "Born radii": [], "Atomic SASAs": [], "Solvent H bonds": [], "Total SASA": NaN, "Total FOD": 0.0, "FOD": [0.0, 0.0, 0.0, 0.0, 0.0, 0.0, 0.0, 0.0, 0.0, 0.0, 0.0, 0.0, 0.0, 0.0, 0.0, 0.0, 0.0, 0.0, 0.0], "FOD s proportion": [0.0, 0.0, 0.0, 0.0, 0.0, 0.0, 0.0, 0.0, 0.0, 0.0, 0.0, 0.0, 0.0, 0.0, 0.0, 0.0, 0.0, 0.0, 0.0], "FOD p proportion": [0.0, 0.0, 0.0, 0.0, 0.0, 0.0, 0.0, 0.0, 0.0, 0.0, 0.0, 0.0, 0.0, 0.0, 0.0, 0.0, 0.0, 0.0, 0.0], "FOD d proportion": [0.0, 0.0, 0.0, 0.0, 0.0, 0.0, 0.0, 0.0, 0.0, 0.0, 0.0, 0.0, 0.0, 0.0, 0.0, 0.0, 0.0, 0.0, 0.0], "coordinates": [["3.10363367760271", "-0.79249654974612", "-0.24012932984432"], ["2.09995206541094", "-0.18856133197478", "-0.84631892139788"], ["1.29245917443949", "0.92524493319158", "-0.24845881219677"], ["-0.14306945919157", "0.48736986776066", "-0.11885643895010"], ["-1.09165298531762", "0.85168138787664", "-1.06428465614026"], ["-2.39973877154174", "0.41262157892387", "-0.95535532297035"], ["-2.77373226237289", "-0.40020487016374", "0.10029870572177"], ["-1.83299935825946", "-0.77203192811098", "1.04607849014134"], ["-0.52666336468793", "-0.33238316028874", "0.93502449408891"], ["3.42850233718707", "-0.50220277606574", "0.74604165476087"], ["3.64927297590230", "-1.59713199877263", "-0.70276648205889"], ["1.78837569308513", "-0.49927187085003", "-1.83531166310053"], ["1.69607927234662", "1.18736317363699", "0.73138249836390"], ["1.35075113032075", "1.80237187117741", "-0.89837068097666"], ["-0.80628126360011", "1.48703043861308", "-1.89130062990566"], ["-3.12878582971314", "0.70663813142782", "-1.69656752924836"], ["-3.79431611033818", "-0.74312471473696", "0.18611189649912"], ["-2.11880479636298", "-1.40667217043231", "1.87234478453988"], ["0.20701787509060", "-0.62624001146602", "1.67213794267395"]], "bond_dist": [[0.0, 1.318931517109307, 2.4962087780051183, 3.4919688456796543, 4.58071864192777, 5.678993417789315, 5.900272400631535, 5.101479695901639, 3.843403108747119, 1.0781202771003358, 1.0766585272444416, 2.0881788607501246, 2.6162739077510495, 3.199878282499569, 4.817680437746496, 6.573558392237261, 6.911282835919877, 5.666888228238286, 3.474879921008526], [1.318931517109307, 0.0, 1.5000152917444638, 2.453004323268723, 3.3639198530229164, 4.540983093712237, 4.9692732714267684, 4.403375160113762, 3.1769447114847913, 2.0973862268529655, 2.0988267936848177, 1.0824636335232627, 2.1319998236488917, 2.1278689917918117, 3.5136571710160123, 5.372523127017192, 6.009646517632544, 5.164575086056497, 3.180784093828978], [2.4962087780051183, 1.5000152917444638, 0.0, 1.5064109021286192, 2.5209074146321044, 3.7940494267461187, 4.29096280435122, 3.7848469732181473, 2.5082798827342256, 2.7548717818736357, 3.481860442431074, 2.1893568208229386, 1.0916520275664816, 1.0932223262638894, 2.7238288526222405, 4.657490222955146, 5.370995418058984, 4.6446062430091715, 2.697031746689561], [3.4919688456796543, 2.453004323268723, 1.5064109021286192, 0.0, 1.387936635292228, 2.4078775041422147, 2.784996351322478, 2.408117384228933, 1.3891739748329885, 3.805709897851094, 4.366687544928968, 2.7658924117064267, 2.143680231637883, 2.1373751837623742, 2.1402639006617683, 3.3840438976322744, 3.8650646450857704, 3.3846429172688213, 2.1378374540046234], [4.58071864192777, 3.3639198530229164, 2.5209074146321044, 1.387936635292228, 0.0, 1.3840980960842546, 2.3985129359865858, 2.7639956559975105, 2.3913300073037704, 5.053918066300871, 5.348248438750095, 3.2732434283365808, 3.332949734316149, 2.626152643370238, 1.0812311763405846, 2.1379264261386766, 3.378059503787926, 3.844345732257936, 3.3702828227924], [5.678993417789315, 4.540983093712237, 3.7940494267461187, 2.4078775041422147, 1.3840980960842546, 0.0, 1.38382202461673, 2.3938117725845345, 2.763508529741643, 6.140036620232124, 6.379142080745096, 4.375634307513901, 4.496780455519205, 4.000103452189013, 2.137628322456561, 1.0804401329598028, 2.1409210313130815, 3.374113445465279, 3.844233926253115], [5.900272400631535, 4.9692732714267684, 4.29096280435122, 2.784996351322478, 2.3985129359865858, 1.38382202461673, 0.0, 1.3848224285156983, 2.3980587059199805, 6.236593746350711, 6.582745972459794, 4.956735898529468, 4.78517023761375, 4.78121826546658, 3.3762388033042874, 2.140068394287664, 1.0800691247513512, 2.1405732217559637, 3.377372033684558], [5.101479695901639, 4.403375160113762, 3.7848469732181473, 2.408117384228933, 2.7639956559975105, 2.3938117725845345, 1.3848224285156983, 0.0, 1.382800693226375, 5.276952715826179, 5.813308766039467, 4.635856396237618, 4.048784843998901, 4.532626685972131, 3.8452189687374014, 3.374556994962898, 2.141761324506135, 1.08035594823295, 2.138895984714936], [3.843403108747119, 3.1769447114847913, 2.5082798827342256, 1.3891739748329885, 2.3913300073037704, 2.763508529741643, 2.3980587059199805, 1.382800693226375, 0.0, 3.963317921231086, 4.6605142663293755, 3.6141416829668898, 2.7003117991067005, 3.382780232056533, 3.3729165005650312, 3.8439410954021613, 3.377444769279706, 2.1371898705221817, 1.0807294974561013], [1.0781202771003358, 2.0973862268529655, 2.7548717818736357, 3.805709897851094, 5.053918066300871, 6.140036620232124, 6.236593746350711, 5.276952715826179, 3.963317921231086, 0.0, 1.8293864258191568, 3.0583343425028815, 2.4199457979162133, 3.5117241224612306, 5.370848653087102, 7.101103017785731, 7.24849439819272, 5.732297973712732, 3.3542512890034213], [1.0766585272444416, 2.0988267936848177, 3.481860442431074, 4.366687544928968, 5.348248438750095, 6.379142080745096, 6.582745972459794, 5.813308766039467, 4.6605142663293755, 1.8293864258191568, 0.0, 2.439445458455506, 3.6912277506040945, 4.108295295990197, 5.547669325214573, 7.227522293744911, 7.5449620077143065, 6.319667251404629, 4.293241485951608], [2.0881788607501246, 1.0824636335232627, 2.1893568208229386, 2.7658924117064267, 3.2732434283365808, 4.375634307513901, 4.956735898529468, 4.635856396237618, 3.6141416829668898, 3.0583343425028815, 2.439445458455506, 0.0, 3.0726495604068593, 2.5232791318306487, 3.2681457054203538, 5.064775050242603, 5.942395576599229, 5.462247798712128, 3.8495475311147227], [2.6162739077510495, 2.1319998236488917, 1.0916520275664816, 2.143680231637883, 3.332949734316149, 4.496780455519205, 4.78517023761375, 4.048784843998901, 2.7003117991067005, 2.4199457979162133, 3.6912277506040945, 3.0726495604068593, 0.0, 1.7758329452108006, 3.6373170762076357, 5.4226710351876894, 5.845386640302169, 4.752278902005958, 2.5281378846520286], [3.199878282499569, 2.1278689917918117, 1.0932223262638894, 2.1373751837623742, 2.626152643370238, 4.000103452189013, 4.78121826546658, 4.532626685972131, 3.382780232056533, 3.5117241224612306, 4.108295295990197, 2.5232791318306487, 1.7758329452108006, 0.0, 2.3954412643594134, 4.680171152140289, 5.8418637643009035, 5.4783798864472315, 3.716691542205026], [4.817680437746496, 3.5136571710160123, 2.7238288526222405, 2.1402639006617683, 1.0812311763405846, 2.137628322456561, 3.3762388033042874, 3.8452189687374014, 3.3729165005650312, 5.370848653087102, 5.547669325214573, 3.2681457054203538, 3.6373170762076357, 2.3954412643594134, 0.0, 2.4578365676385836, 4.268206538840199, 4.925572009353773, 4.265065251575534], [6.573558392237261, 5.372523127017192, 4.657490222955146, 3.3840438976322744, 2.1379264261386766, 1.0804401329598028, 2.140068394287664, 3.374556994962898, 3.8439410954021613, 7.101103017785731, 7.227522293744911, 5.064775050242603, 5.4226710351876894, 4.680171152140289, 2.4578365676385836, 0.0, 2.4676354440398014, 4.268873062435159, 4.924665172105186], [6.911282835919877, 6.009646517632544, 5.370995418058984, 3.8650646450857704, 3.378059503787926, 2.1409210313130815, 1.0800691247513512, 2.141761324506135, 3.377444769279706, 7.24849439819272, 7.5449620077143065, 5.942395576599229, 5.845386640302169, 5.8418637643009035, 4.268206538840199, 2.4676354440398014, 0.0, 2.467998124377115, 4.269965937418717], [5.666888228238286, 5.164575086056497, 4.6446062430091715, 3.3846429172688213, 3.844345732257936, 3.374113445465279, 2.1405732217559637, 1.08035594823295, 2.1371898705221817, 5.732297973712732, 6.319667251404629, 5.462247798712128, 4.752278902005958, 5.4783798864472315, 4.925572009353773, 4.268873062435159, 2.467998124377115, 0.0, 2.4614240255035664], [3.474879921008526, 3.180784093828978, 2.697031746689561, 2.1378374540046234, 3.3702828227924, 3.844233926253115, 3.377372033684558, 2.138895984714936, 1.0807294974561013, 3.3542512890034213, 4.293241485951608, 3.8495475311147227, 2.5281378846520286, 3.716691542205026, 4.265065251575534, 4.924665172105186, 4.269965937418717, 2.4614240255035664, 0.0]]}