{"total energy": -23.15983629, "HOMO-LUMO gap/eV": 12.86011194, "electronic energy": -23.51324116, "dipole": [-0.00574052, 0.00047322, 0.0156438], "partial charges": [-0.10469404, -0.0168603, -0.10469404, 0.02438426, -0.10685128, -0.10804207, -0.10804208, 0.03365623, 0.03446959, 0.03088696, 0.02607927, 0.03446957, 0.03365619, 0.03088701, 0.03287282, 0.03460286, 0.03460288, 0.03096251, 0.03518731, 0.03315825, 0.0309625, 0.03518735, 0.03315824], "atomic dipole moments": [[-0.04947331, -0.07588499, -0.03512998], [-0.00716311, 0.00168864, 0.09541958], [-0.04281946, 0.07880599, -0.03736803], [-0.00430393, 0.00010798, -0.00533176], [0.02214734, -0.00230083, -0.09318305], [0.03881328, -0.0779808, 0.03966621], [0.04541392, 0.07547356, 0.03744603], [-0.03999504, 0.1063719, -0.05035713], [-0.00478429, 0.00792063, 0.12345983], [0.1179334, -0.01152721, -0.02972863], [0.01467601, -0.00235232, -0.11895286], [-0.00529379, -0.00391256, 0.12363098], [-0.04904171, -0.10395514, -0.04731457], [0.11845075, 0.00049692, -0.02990199], [-0.12194395, 0.00544802, 0.01402936], [0.03862368, -0.10218046, 0.05861105], [0.04732585, 0.10013729, 0.05568381], [0.03278479, 0.00668902, -0.11922043], [0.03580526, 0.10375459, 0.05755795], [-0.12247742, -0.00283763, 0.00505869], [0.03194161, -0.01291892, -0.11893667], [0.02683695, -0.10473992, 0.06057459], [-0.12177525, 0.01348694, 0.00482222]], "atomic quadrupole moments": [[-0.01741559, 0.11055818, 0.10221409, 0.05953005, 0.0977285, -0.08479851], [0.08251104, 0.0019878, 0.11111903, 0.05179476, -0.00663965, -0.19363007], [-0.03532064, -0.09731345, 0.11416542, 0.053691, -0.10810712, -0.07884478], [-0.02276915, 0.00127335, 0.0112817, -0.01336039, 0.00057696, 0.01148745], [-0.08882204, -0.00167435, -0.10742874, -0.05988254, 0.0069719, 0.19625078], [-0.05391697, -0.08827501, 0.10695595, 0.05384143, -0.11875849, -0.05303898], [-0.0374717, 0.10267592, 0.0971057, 0.06087916, 0.10923053, -0.059634], [-0.01640172, -0.03937302, 0.04011738, 0.03529958, -0.04006967, -0.02371566], [-0.04402571, 0.01137686, -0.03827494, -0.02012992, 0.00032373, 0.08230065], [0.0728239, -0.01307487, -0.03114721, -0.03364143, 0.01619248, -0.0416767], [-0.01005971, -0.00051205, -0.02059787, -0.00396469, 0.00091261, 0.03065758], [-0.04597898, -0.01128645, -0.03619032, -0.01960687, 0.00484316, 0.0821693], [-0.00915429, 0.04476862, 0.03504454, 0.03731407, 0.03513703, -0.02589025], [0.07420767, 0.00295907, -0.0333898, -0.03515097, -0.01348631, -0.04081787], [0.08426488, -0.00610381, -0.055384, -0.00590829, 0.00064155, -0.02888088], [-0.03105801, -0.048183, 0.04572879, 0.01354296, -0.03827228, -0.01467078], [-0.02220819, 0.05454853, 0.03900789, 0.01521911, 0.03534921, -0.0167997], [-0.03335013, -0.0111487, -0.0388385, -0.03912031, -0.00165878, 0.07218864], [-0.0251537, 0.03443944, 0.03551228, 0.03474498, 0.04516904, -0.01035858], [0.08231972, 0.01008466, -0.02951604, -0.01034848, -0.01030458, -0.05280368], [-0.03157948, 0.00939908, -0.04032254, -0.03899243, 0.00825132, 0.07190202], [-0.03052184, -0.02790183, 0.03814569, 0.03158273, -0.04935296, -0.00762385], [0.07974666, -0.0197568, -0.02634269, -0.00902329, 0.01041539, -0.05340397]], "number of molecular orbitals": 44, "number of electrons": 44, "number of unpaired electrons": 0, "orbital energies/eV": [-17.05690266, -16.48772714, -15.98085175, -15.84194901, -15.60652885, -15.25421264, -14.39497862, -13.90138407, -13.62337686, -13.41653665, -13.25601011, -12.90186227, -12.63705584, -12.37032234, -12.31959582, -12.20987117, -12.12549864, -11.85914224, -11.76082244, -11.30025558, -11.26477828, -11.15293937, 1.70717257, 2.06897274, 2.40934747, 2.87118208, 3.23385339, 3.72319656, 4.07219066, 4.19135842, 5.0289146, 5.50559084, 6.06723592, 6.28378399, 6.34872028, 6.46910991, 6.66070987, 6.79289348, 6.83847477, 7.58450385, 7.91660249, 8.11249202, 8.16127875, 8.35554475], "fractional occupation": [2.0, 2.0, 2.0, 2.0, 2.0, 2.0, 2.0, 2.0, 2.0, 2.0, 2.0, 2.0, 2.0, 2.0, 2.0, 2.0, 2.0, 2.0, 2.0, 2.0, 2.0, 2.0, 0.0, 0.0, 0.0, 0.0, 0.0, 0.0, 0.0, 0.0, 0.0, 0.0, 0.0, 0.0, 0.0, 0.0, 0.0, 0.0, 0.0, 0.0, 0.0, 0.0, 0.0, 0.0], "program call": "xtb /tmp/scratch/tmpyow1c1tm/508003_846a96_xyzopt.xyz --pop --wbo --acc 0.2 --gfn 2 --chrg 0 --uhf 0 --etemp 300 --input /tmp/scratch/tmpyow1c1tm/508003_846a96_xtb.inp", "method": "GFN2-xTB", "xtb version": "6.3.3 (7355c4f)", "Dipole module/D": 0.042, "Total charge": 0, "Transition dipole module/D": NaN, "HOMO": -11.1529, "LUMO": 1.7072, "HOMO occupancy": 2.0, "LUMO occupancy": 0, "mulliken charges": [-0.09343, -0.01195, -0.09343, 0.03016, -0.09942, -0.0991, -0.0991, 0.02979, 0.02849, 0.02948, 0.01994, 0.02849, 0.02979, 0.02948, 0.03, 0.03036, 0.03036, 0.02953, 0.03047, 0.03005, 0.02953, 0.03047, 0.03005], "cm5 charges": [-0.24524, -0.08346, -0.24524, -0.00579, -0.24914, -0.24911, -0.24911, 0.08315, 0.0821, 0.08206, 0.0796, 0.0821, 0.08315, 0.08206, 0.08338, 0.08421, 0.08421, 0.08284, 0.08433, 0.08336, 0.08284, 0.08433, 0.08336], "FUKUI+": [0.027, -0.069, 0.027, -0.066, 0.024, 0.031, 0.031, -0.052, -0.057, -0.088, -0.087, -0.057, -0.052, -0.088, -0.068, -0.043, -0.043, -0.057, -0.047, -0.082, -0.057, -0.047, -0.082], "FUKUI-": [0.021, -0.016, 0.021, -0.035, 0.015, 0.019, 0.019, -0.06, -0.066, -0.079, -0.096, -0.066, -0.06, -0.079, -0.066, -0.049, -0.049, -0.056, -0.063, -0.069, -0.056, -0.063, -0.069], "FUKUIrad": [0.024, -0.043, 0.024, -0.051, 0.02, 0.025, 0.025, -0.056, -0.061, -0.084, -0.091, -0.061, -0.056, -0.084, -0.067, -0.046, -0.046, -0.056, -0.055, -0.076, -0.056, -0.055, -0.076], "s proportion": [1.01, 1.058, 1.01, 1.084, 1.012, 1.015, 1.015, 0.97, 0.972, 0.971, 0.98, 0.972, 0.97, 0.971, 0.97, 0.97, 0.97, 0.97, 0.97, 0.97, 0.97, 0.97, 0.97], "p proportion": [3.084, 2.953, 3.084, 2.886, 3.087, 3.084, 3.084, 0.0, 0.0, 0.0, 0.0, 0.0, 0.0, 0.0, 0.0, 0.0, 0.0, 0.0, 0.0, 0.0, 0.0, 0.0, 0.0], "d proportion": [0.0, 0.0, 0.0, 0.0, 0.0, 0.0, 0.0, 0.0, 0.0, 0.0, 0.0, 0.0, 0.0, 0.0, 0.0, 0.0, 0.0, 0.0, 0.0, 0.0, 0.0, 0.0, 0.0], "Fermi-level/eV": -4.7229, "Coordination numbers": [3.756, 3.852, 3.756, 3.898, 3.76, 3.762, 3.762, 0.925, 0.925, 0.925, 0.924, 0.925, 0.925, 0.925, 0.925, 0.925, 0.925, 0.925, 0.925, 0.925, 0.925, 0.925, 0.925], "Dispersion coefficient C6": [22.555, 20.84, 22.555, 20.11, 22.59, 22.611, 22.611, 2.535, 2.524, 2.574, 2.643, 2.524, 2.535, 2.574, 2.546, 2.522, 2.522, 2.573, 2.514, 2.542, 2.573, 2.514, 2.542], "Total dispersion C6": 3393.707808, "Total dispersion C8": 70152.217793, "Polarizability alpha": [6.772, 6.493, 6.772, 6.375, 6.776, 6.778, 6.778, 2.49, 2.484, 2.509, 2.542, 2.484, 2.49, 2.509, 2.495, 2.483, 2.483, 2.508, 2.479, 2.493, 2.508, 2.479, 2.493], "Total polarizability alpha": 86.675929, "Wiberg matrix": [[0.0, 1.0090003521585427, 0.0, 0.0, 0.0, 0.0, 0.0, 0.9838180845725376, 0.9844574181570311, 0.9857894638191513, 0.0, 0.0, 0.0, 0.0, 0.0, 0.0, 0.0, 0.0, 0.0, 0.0, 0.0, 0.0, 0.0], [1.0090003521585427, 0.0, 1.009000347976167, 0.9715506457486339, 0.0, 0.0, 0.0, 0.0, 0.0, 0.0, 0.9677004580873771, 0.0, 0.0, 0.0, 0.0, 0.0, 0.0, 0.0, 0.0, 0.0, 0.0, 0.0, 0.0], [0.0, 1.009000347976167, 0.0, 0.0, 0.0, 0.0, 0.0, 0.0, 0.0, 0.0, 0.0, 0.9844573330856854, 0.9838181597064425, 0.9857894473297786, 0.0, 0.0, 0.0, 0.0, 0.0, 0.0, 0.0, 0.0, 0.0], [0.0, 0.9715506457486339, 0.0, 0.0, 1.0004975555744942, 0.997612940209035, 0.9976129280435587, 0.0, 0.0, 0.0, 0.0, 0.0, 0.0, 0.0, 0.0, 0.0, 0.0, 0.0, 0.0, 0.0, 0.0, 0.0, 0.0], [0.0, 0.0, 0.0, 1.0004975555744942, 0.0, 0.0, 0.0, 0.0, 0.0, 0.0, 0.0, 0.0, 0.0, 0.0, 0.9854500326282168, 0.9833059775458783, 0.9833060554336024, 0.0, 0.0, 0.0, 0.0, 0.0, 0.0], [0.0, 0.0, 0.0, 0.997612940209035, 0.0, 0.0, 0.0, 0.0, 0.0, 0.0, 0.0, 0.0, 0.0, 0.0, 0.0, 0.0, 0.0, 0.9862716292391404, 0.9832191711261753, 0.9850185467655106, 0.0, 0.0, 0.0], [0.0, 0.0, 0.0, 0.9976129280435587, 0.0, 0.0, 0.0, 0.0, 0.0, 0.0, 0.0, 0.0, 0.0, 0.0, 0.0, 0.0, 0.0, 0.0, 0.0, 0.0, 0.986271621494175, 0.9832192325485141, 0.9850185529038692], [0.9838180845725376, 0.0, 0.0, 0.0, 0.0, 0.0, 0.0, 0.0, 0.0, 0.0, 0.0, 0.0, 0.0, 0.0, 0.0, 0.0, 0.0, 0.0, 0.0, 0.0, 0.0, 0.0, 0.0], [0.9844574181570311, 0.0, 0.0, 0.0, 0.0, 0.0, 0.0, 0.0, 0.0, 0.0, 0.0, 0.0, 0.0, 0.0, 0.0, 0.0, 0.0, 0.0, 0.0, 0.0, 0.0, 0.0, 0.0], [0.9857894638191513, 0.0, 0.0, 0.0, 0.0, 0.0, 0.0, 0.0, 0.0, 0.0, 0.0, 0.0, 0.0, 0.0, 0.0, 0.0, 0.0, 0.0, 0.0, 0.0, 0.0, 0.0, 0.0], [0.0, 0.9677004580873771, 0.0, 0.0, 0.0, 0.0, 0.0, 0.0, 0.0, 0.0, 0.0, 0.0, 0.0, 0.0, 0.0, 0.0, 0.0, 0.0, 0.0, 0.0, 0.0, 0.0, 0.0], [0.0, 0.0, 0.9844573330856854, 0.0, 0.0, 0.0, 0.0, 0.0, 0.0, 0.0, 0.0, 0.0, 0.0, 0.0, 0.0, 0.0, 0.0, 0.0, 0.0, 0.0, 0.0, 0.0, 0.0], [0.0, 0.0, 0.9838181597064425, 0.0, 0.0, 0.0, 0.0, 0.0, 0.0, 0.0, 0.0, 0.0, 0.0, 0.0, 0.0, 0.0, 0.0, 0.0, 0.0, 0.0, 0.0, 0.0, 0.0], [0.0, 0.0, 0.9857894473297786, 0.0, 0.0, 0.0, 0.0, 0.0, 0.0, 0.0, 0.0, 0.0, 0.0, 0.0, 0.0, 0.0, 0.0, 0.0, 0.0, 0.0, 0.0, 0.0, 0.0], [0.0, 0.0, 0.0, 0.0, 0.9854500326282168, 0.0, 0.0, 0.0, 0.0, 0.0, 0.0, 0.0, 0.0, 0.0, 0.0, 0.0, 0.0, 0.0, 0.0, 0.0, 0.0, 0.0, 0.0], [0.0, 0.0, 0.0, 0.0, 0.9833059775458783, 0.0, 0.0, 0.0, 0.0, 0.0, 0.0, 0.0, 0.0, 0.0, 0.0, 0.0, 0.0, 0.0, 0.0, 0.0, 0.0, 0.0, 0.0], [0.0, 0.0, 0.0, 0.0, 0.9833060554336024, 0.0, 0.0, 0.0, 0.0, 0.0, 0.0, 0.0, 0.0, 0.0, 0.0, 0.0, 0.0, 0.0, 0.0, 0.0, 0.0, 0.0, 0.0], [0.0, 0.0, 0.0, 0.0, 0.0, 0.9862716292391404, 0.0, 0.0, 0.0, 0.0, 0.0, 0.0, 0.0, 0.0, 0.0, 0.0, 0.0, 0.0, 0.0, 0.0, 0.0, 0.0, 0.0], [0.0, 0.0, 0.0, 0.0, 0.0, 0.9832191711261753, 0.0, 0.0, 0.0, 0.0, 0.0, 0.0, 0.0, 0.0, 0.0, 0.0, 0.0, 0.0, 0.0, 0.0, 0.0, 0.0, 0.0], [0.0, 0.0, 0.0, 0.0, 0.0, 0.9850185467655106, 0.0, 0.0, 0.0, 0.0, 0.0, 0.0, 0.0, 0.0, 0.0, 0.0, 0.0, 0.0, 0.0, 0.0, 0.0, 0.0, 0.0], [0.0, 0.0, 0.0, 0.0, 0.0, 0.0, 0.986271621494175, 0.0, 0.0, 0.0, 0.0, 0.0, 0.0, 0.0, 0.0, 0.0, 0.0, 0.0, 0.0, 0.0, 0.0, 0.0, 0.0], [0.0, 0.0, 0.0, 0.0, 0.0, 0.0, 0.9832192325485141, 0.0, 0.0, 0.0, 0.0, 0.0, 0.0, 0.0, 0.0, 0.0, 0.0, 0.0, 0.0, 0.0, 0.0, 0.0, 0.0], [0.0, 0.0, 0.0, 0.0, 0.0, 0.0, 0.9850185529038692, 0.0, 0.0, 0.0, 0.0, 0.0, 0.0, 0.0, 0.0, 0.0, 0.0, 0.0, 0.0, 0.0, 0.0, 0.0, 0.0]], "Born radii": [], "Atomic SASAs": [], "Solvent H bonds": [], "Total SASA": NaN, "Total FOD": 0.0, "FOD": [0.0, 0.0, 0.0, 0.0, 0.0, 0.0, 0.0, 0.0, 0.0, 0.0, 0.0, 0.0, 0.0, 0.0, 0.0, 0.0, 0.0, 0.0, 0.0, 0.0, 0.0, 0.0, 0.0], "FOD s proportion": [0.0, 0.0, 0.0, 0.0, 0.0, 0.0, 0.0, 0.0, 0.0, 0.0, 0.0, 0.0, 0.0, 0.0, 0.0, 0.0, 0.0, 0.0, 0.0, 0.0, 0.0, 0.0, 0.0], "FOD p proportion": [0.0, 0.0, 0.0, 0.0, 0.0, 0.0, 0.0, 0.0, 0.0, 0.0, 0.0, 0.0, 0.0, 0.0, 0.0, 0.0, 0.0, 0.0, 0.0, 0.0, 0.0, 0.0, 0.0], "FOD d proportion": [0.0, 0.0, 0.0, 0.0, 0.0, 0.0, 0.0, 0.0, 0.0, 0.0, 0.0, 0.0, 0.0, 0.0, 0.0, 0.0, 0.0, 0.0, 0.0, 0.0, 0.0, 0.0, 0.0], "coordinates": [["1.66206941323396", "1.17217099940666", "0.15663806206088"], ["0.89519915556747", "-0.04381903090869", "-0.36722226857176"], ["1.55549365346826", "-1.30552013930424", "0.19248562000780"], ["-0.63206062074412", "0.02570897479166", "-0.10219274071117"], ["-0.96898729626818", "0.06179473080565", "1.39028868970398"], ["-1.21439902396274", "1.28080487500737", "-0.76538606494051"], ["-1.32082333597754", "-1.19338409118223", "-0.72958986519625"], ["1.29402755968415", "2.09762879587767", "-0.27575527201316"], ["1.59408537725468", "1.23887824694475", "1.23936358893954"], ["2.71394900201346", "1.07809633625639", "-0.10633817421941"], ["1.01802988926101", "-0.06487665307030", "-1.45749220286057"], ["1.48337405226582", "-1.33485378891852", "1.27660025170250"], ["1.10882531467505", "-2.20806281634270", "-0.21346401922974"], ["2.61123981200230", "-1.30972885520443", "-0.07178609045357"], ["-2.04828553753994", "0.11009193254262", "1.51983077447720"], ["-0.61055844582969", "-0.83049261286889", "1.89635610046096"], ["-0.53465254306947", "0.93425818062523", "1.87082283920028"], ["-0.92208470850485", "1.33443926339508", "-1.81201949984771"], ["-0.88079931171707", "2.18523402212709", "-0.26452845576400"], ["-2.30114744325419", "1.25778952892423", "-0.71704342186686"], ["-1.03549117405749", "-1.30211760996727", "-1.77387356502561"], ["-1.06548108895341", "-2.10827210765627", "-0.20240919889313"], ["-2.40152269954744", "-1.07576818128085", "-0.68328408695971"]], "bond_dist": [[0.0, 1.5300821520200585, 2.4802412823809923, 2.5776735967046362, 3.1108340903321645, 3.022581757354056, 3.908823349674429, 1.0857674402767017, 1.0869067359147295, 1.088327713690097, 2.1331878292999544, 2.7516214542584336, 3.4451466198554437, 2.6670074854916592, 4.093047785720091, 3.493152985893891, 2.7965370215361975, 3.2526598516379437, 2.7694510784764312, 4.059277980073149, 4.138334494322794, 4.281326156257876, 4.719266959554694], [1.5300821520200585, 0.0, 1.5300821649254017, 1.551643392843215, 2.5642133613118765, 2.5226112225113626, 2.52261090656456, 2.180190152770563, 2.1713756872158645, 2.1528134163727506, 1.097369282513831, 2.171375815849581, 2.1801901059048756, 2.152813450609884, 3.4998228398746805, 2.83018520798061, 2.830186710490895, 2.699917703919401, 2.8519106031280432, 3.468889053014212, 2.699916356627271, 2.8519110917565262, 3.468888743097537], [2.4802412823809923, 1.5300821649254017, 0.0, 2.5776733681980395, 3.1108336846220848, 3.9088234404953033, 3.0225812011387316, 3.4451468366659017, 2.7516187873551665, 2.6670099282030066, 2.1331878430480464, 1.0869067276136564, 1.0857674697434645, 1.088327708688467, 4.093046195023416, 2.7965349026793898, 3.4931552880818173, 4.138335530517657, 4.281325716786241, 4.719266900925983, 3.25265774379042, 2.7694514332445332, 4.059277886507797], [2.5776735967046362, 1.551643392843215, 2.5776733681980395, 0.0, 1.5304648269727887, 1.5343432210245067, 1.534343225361744, 2.834217947876719, 2.8683233905765255, 3.5076084072735356, 2.1372508227362057, 2.868320938405672, 2.8342197431446707, 3.50760836742326, 2.1549417120507375, 2.1743369041592797, 2.1743367889060785, 2.172647345072089, 2.179856016079443, 2.1637732489949126, 2.1726473319247885, 2.1798559358358838, 2.1637733537405186], [3.1108340903321645, 2.5642133613118765, 3.1108336846220848, 1.5304648269727887, 0.0, 2.488603282077782, 2.4886035364298458, 3.4700949642830747, 2.8244726091372816, 4.103264639315795, 3.4747861728654805, 2.8244695665498734, 3.470098166039873, 4.103262818361688, 1.0881169353683122, 1.0866242076903578, 1.0866242303296019, 3.446244579239623, 2.6935462367447265, 2.765122572835083, 3.4462446827422344, 2.6935455629635423, 2.7651240696800485], [3.022581757354056, 2.5226112225113626, 3.9088234404953033, 1.5343432210245067, 2.488603282077782, 0.0, 2.476735460746326, 2.6831219794550907, 3.4508496995311826, 3.988402322627144, 2.6969628350708597, 4.2766058895287005, 4.227787487555036, 4.671986561968827, 2.699657666138186, 3.450662527861681, 2.7444028997115484, 1.0880100430165993, 1.0863421168490648, 1.0880665623605656, 2.778586622722636, 3.4387442907975077, 2.639969682694422], [3.908823349674429, 2.52261090656456, 3.0225812011387316, 1.534343225361744, 2.4886035364298458, 2.476735460746326, 0.0, 4.227786284488224, 4.276607369457863, 4.671986068254012, 2.696962228185612, 3.450845614157594, 2.683123435435998, 3.98840350389504, 2.6996563139252507, 2.744404972623493, 3.450662600949358, 2.7785854888696484, 3.438744481936876, 2.639970621892181, 1.0880100488794409, 1.0863421195585379, 1.0880665612821707], [1.0857674402767017, 2.180190152770563, 3.4451468366659017, 2.834217947876719, 3.4700949642830747, 2.6831219794550907, 4.227786284488224, 0.0, 1.7672216504989937, 1.7562247839137284, 2.479739241238344, 3.771948629182618, 4.310123006513223, 3.6587891039346427, 4.283163418939592, 4.113321121817564, 3.050458931731501, 2.802448862233328, 2.176619543613014, 3.718245355980544, 4.385121614592619, 4.823096839146523, 4.88811004664965], [1.0869067359147295, 2.1713756872158645, 2.7516187873551665, 2.8683233905765255, 2.8244726091372816, 3.4508496995311826, 4.276607369457863, 1.7672216504989937, 0.0, 1.758083785327531, 3.050352098746418, 2.5763812138275273, 3.7719475183478988, 3.0412357335505322, 3.8235698328508083, 3.0942510082902346, 2.2412182631261843, 3.956157550309765, 3.0466924293486466, 4.358982077789266, 4.738241333036009, 4.511697912783957, 5.00190424505954], [1.088327713690097, 2.1528134163727506, 2.6670099282030066, 3.5076084072735356, 4.103264639315795, 3.988402322627144, 4.671986068254012, 1.7562247839137284, 1.758083785327531, 0.0, 2.451151994561472, 3.041243446917624, 3.65878941379998, 2.390282863842732, 5.124483953046362, 4.325025538112492, 3.805688779540091, 4.024400778366476, 3.7647036350447, 5.0553380597474895, 4.743879672095799, 4.944316465867662, 5.580327022281403], [2.1331878292999544, 1.097369282513831, 2.1331878430480464, 2.1372508227362057, 3.4747861728654805, 2.6969628350708597, 2.696962228185612, 2.479739241238344, 3.050352098746418, 2.451151994561472, 0.0, 3.0503522199442163, 2.4797372565225957, 2.451154073705205, 4.277540930718526, 3.8061484738229168, 3.8061495202868745, 2.4182264763347825, 3.1767456440532023, 3.6489242785990745, 2.418224784680175, 3.176746185487683, 3.6489231008834913], [2.7516214542584336, 2.171375815849581, 1.0869067276136564, 2.868320938405672, 2.8244695665498734, 4.2766058895287005, 3.450845614157594, 3.771948629182618, 2.5763812138275273, 3.041243446917624, 3.0503522199442163, 0.0, 1.7672216312377886, 1.7580836618298659, 3.8235649181680045, 2.241211907552918, 3.0942528909738156, 4.738241152428198, 4.511697195669875, 5.0019013805522805, 3.956152700836619, 3.0466879363712356, 4.358978635559896], [3.4451466198554437, 2.1801901059048756, 1.0857674697434645, 2.8342197431446707, 3.470098166039873, 4.227787487555036, 2.683123435435998, 4.310123006513223, 3.7719475183478988, 3.65878941379998, 2.4797372565225957, 1.7672216312377886, 0.0, 1.7562248896470445, 4.283164859638817, 3.050462443440007, 4.113326199696072, 4.385122134195674, 4.823097639643343, 4.8881119978752725, 2.802446765135021, 2.1766232405844934, 3.718247600360608], [2.6670074854916592, 2.152813450609884, 1.088327708688467, 3.50760836742326, 4.103262818361688, 4.671986561968827, 3.98840350389504, 3.6587891039346427, 3.0412357335505322, 2.390282863842732, 2.451154073705205, 1.7580836618298659, 1.7562248896470445, 0.0, 5.124481612522133, 3.8056845736076164, 4.325025546773275, 4.743882326302656, 4.944315157319324, 5.58032760885843, 4.024401394845908, 3.7647058724446647, 5.055339295623218], [4.093047785720091, 3.4998228398746805, 4.093046195023416, 2.1549417120507375, 1.0881169353683122, 2.699657666138186, 2.6996563139252507, 4.283163418939592, 3.8235698328508083, 5.124483953046362, 4.277540930718526, 3.8235649181680045, 4.283164859638817, 5.124481612522133, 0.0, 1.7588433126381005, 1.7588434483849833, 3.724054369152502, 2.9754288164898344, 2.526807291103034, 3.724053771190402, 2.9754250326438494, 2.526807431298377], [3.493152985893891, 2.83018520798061, 2.7965349026793898, 2.1743369041592797, 1.0866242076903578, 3.450662527861681, 2.744404972623493, 4.113321121817564, 3.0942510082902346, 4.325025538112492, 3.8061484738229168, 2.241211907552918, 3.050462443440007, 3.8056845736076164, 1.7588433126381005, 0.0, 1.766567014478244, 4.305348793554928, 3.71981979777936, 3.748182296160115, 3.724725997818474, 2.498897923145046, 3.14996135835193], [2.7965370215361975, 2.830186710490895, 3.4931552880818173, 2.1743367889060785, 1.0866242303296019, 2.7444028997115484, 3.450662600949358, 3.050458931731501, 2.2412182631261843, 3.805688779540091, 3.8061495202868745, 3.0942528909738156, 4.113326199696072, 4.325025546773275, 1.7588434483849833, 1.766567014478244, 0.0, 3.724724993352565, 2.4988964152945776, 3.1499569125434737, 4.305348753587253, 3.7198199666129703, 3.7481825391733397], [3.2526598516379437, 2.699917703919401, 4.138335530517657, 2.172647345072089, 3.446244579239623, 1.0880100430165993, 2.7785854888696484, 2.802448862233328, 3.956157550309765, 4.024400778366476, 2.4182264763347825, 4.738241152428198, 4.385122134195674, 4.743882326302656, 3.724054369152502, 4.305348793554928, 3.724724993352565, 0.0, 1.7664327717162276, 1.76257250050008, 2.6392704077541667, 3.803113123117837, 3.044976244245405], [2.7694510784764312, 2.8519106031280432, 4.281325716786241, 2.179856016079443, 2.6935462367447265, 1.0863421168490648, 3.438744481936876, 2.176619543613014, 3.0466924293486466, 3.7647036350447, 3.1767456440532023, 4.511697195669875, 4.823097639643343, 4.944315157319324, 2.9754288164898344, 3.71981979777936, 2.4988964152945776, 1.7664327717162276, 0.0, 1.7556514167910353, 3.8031136765810043, 4.297925202630293, 3.6224427216429294], [4.059277980073149, 3.468889053014212, 4.719266900925983, 2.1637732489949126, 2.765122572835083, 1.0880665623605656, 2.639970621892181, 3.718245355980544, 4.358982077789266, 5.0553380597474895, 3.6489242785990745, 5.0019013805522805, 4.8881119978752725, 5.58032760885843, 2.526807291103034, 3.748182296160115, 3.1499569125434737, 1.76257250050008, 1.7556514167910353, 0.0, 3.044979524232227, 3.622442637760569, 2.3359594327870687], [4.138334494322794, 2.699916356627271, 3.25265774379042, 2.1726473319247885, 3.4462446827422344, 2.778586622722636, 1.0880100488794409, 4.385121614592619, 4.738241333036009, 4.743879672095799, 2.418224784680175, 3.956152700836619, 2.802446765135021, 4.024401394845908, 3.724053771190402, 3.724725997818474, 4.305348753587253, 2.6392704077541667, 3.8031136765810043, 3.044979524232227, 0.0, 1.766432767801771, 1.7625724388424782], [4.281326156257876, 2.8519110917565262, 2.7694514332445332, 2.1798559358358838, 2.6935455629635423, 3.4387442907975077, 1.0863421195585379, 4.823096839146523, 4.511697912783957, 4.944316465867662, 3.176746185487683, 3.0466879363712356, 2.1766232405844934, 3.7647058724446647, 2.9754250326438494, 2.498897923145046, 3.7198199666129703, 3.803113123117837, 4.297925202630293, 3.622442637760569, 1.766432767801771, 0.0, 1.7556515033435292], [4.719266959554694, 3.468888743097537, 4.059277886507797, 2.1637733537405186, 2.7651240696800485, 2.639969682694422, 1.0880665612821707, 4.88811004664965, 5.00190424505954, 5.580327022281403, 3.6489231008834913, 4.358978635559896, 3.718247600360608, 5.055339295623218, 2.526807431298377, 3.14996135835193, 3.7481825391733397, 3.044976244245405, 3.6224427216429294, 2.3359594327870687, 1.7625724388424782, 1.7556515033435292, 0.0]]}