{"total energy": -22.09942536, "HOMO-LUMO gap/eV": 5.39442287, "electronic energy": -22.461951, "dipole": [0.16348143, -0.00186498, 0.06808405], "partial charges": [-0.095396, -0.02747731, -0.05863508, -0.05444164, -0.05871564, -0.0527959, -0.10216426, 0.03462873, 0.0325012, 0.02951022, 0.03646139, 0.03763982, 0.0300395, 0.03040312, 0.03016239, 0.03059326, 0.0289157, 0.02866529, 0.03311804, 0.03345468, 0.03353249], "atomic dipole moments": [[-0.05471997, 0.03037686, -0.03747099], [0.13412936, 0.008954, 0.06819775], [0.02125974, -0.0788796, -0.05750343], [0.00067664, 0.08774946, 0.07103101], [-0.00671756, -0.08839708, -0.07216873], [0.00452, 0.08719435, 0.0709907], [-0.08128566, -0.04314418, -0.03219525], [0.01289092, 0.14103858, -0.03640465], [-0.11907507, -0.07267988, -0.04246946], [-0.01835025, -0.14028204, 0.03264491], [-0.00085324, 0.12023857, -0.03122247], [0.00811245, -0.00748424, 0.12376915], [-0.00690317, 0.00623105, -0.12317643], [-0.00010308, -0.11895747, 0.03041717], [0.0058859, -0.00621728, 0.12171034], [0.00019519, 0.11835585, -0.03042891], [-0.00509481, 0.0063076, -0.12201064], [0.00079219, -0.11825828, 0.03050398], [0.09838046, -0.05611264, -0.04953971], [0.00937087, -0.00709542, 0.12282369], [0.0035378, 0.11922282, -0.03177648]], "atomic quadrupole moments": [[-0.11984972, -0.07691382, -0.22261009, -0.37597849, 0.21722967, 0.34245981], [-0.02984452, 0.03931963, -0.25240662, -0.33984293, 0.27598411, 0.28225114], [0.19903702, -0.02127197, -0.07295288, -0.01970915, 0.10703856, -0.12608413], [0.22754867, -0.00491378, -0.08533028, -0.02393631, 0.12826855, -0.14221839], [0.22641112, 0.00354957, -0.08761582, -0.01461034, 0.1316559, -0.13879529], [0.22242816, 0.0058535, -0.08591795, -0.01272632, 0.12386261, -0.13651021], [0.13904111, 0.12450389, -0.05376731, 0.09170498, 0.05488969, -0.08527381], [-0.00518765, 0.0136047, 0.04716091, 0.02972717, -0.02797083, -0.04197326], [0.02441069, 0.02472806, 0.01790976, 0.04390673, -0.01389522, -0.04232045], [0.01339339, 0.00844417, 0.02432188, 0.04556793, -0.02529434, -0.03771527], [-0.01868454, 0.00026306, 0.04974503, -0.00094124, -0.03113669, -0.0310605], [-0.02826809, -0.00528124, -0.03282801, 0.00276475, -0.01323004, 0.0610961], [-0.01911903, -0.00026282, -0.03610915, 0.002931, -0.01416826, 0.05522818], [-0.02046728, 0.00019745, 0.04724575, -0.00086162, -0.03155688, -0.02677847], [-0.0208324, -0.00082778, -0.0365, 0.00305964, -0.01427464, 0.05733239], [-0.02054408, -0.00095076, 0.04784859, -0.00066094, -0.03120912, -0.02730451], [-0.01774405, -0.00092955, -0.03836124, 0.00280617, -0.01416063, 0.05610529], [-0.01799341, -0.00104659, 0.04706365, -0.00084445, -0.03166687, -0.02907024], [0.03500081, -0.04278293, -0.01154614, -0.03834725, 0.03770051, -0.02345467], [-0.03762944, 0.01193259, -0.04568569, 0.00145916, -0.01354582, 0.08331512], [-0.03656663, -0.00188632, 0.07288286, 0.01285545, -0.0372361, -0.03631623]], "number of molecular orbitals": 42, "number of electrons": 42, "number of unpaired electrons": 0, "orbital energies/eV": [-17.00494913, -16.81125088, -16.4684728, -15.94405957, -15.27869626, -15.12932335, -14.70932804, -14.18022283, -13.76551371, -13.49149249, -13.37291552, -13.08824028, -12.75891307, -12.4178007, -12.28208757, -11.944302, -11.77794199, -11.62762702, -11.45975966, -11.40854726, -10.77842633, -5.38400346, 1.76997009, 3.01740913, 3.1212693, 3.49635293, 3.71348909, 3.98090639, 4.31502271, 4.69294547, 4.86482802, 5.05280063, 5.42877259, 5.68572046, 6.16643773, 6.46083799, 6.92595965, 7.3813283, 7.61258094, 8.52577862, 11.70574233, 17.12730029], "fractional occupation": [2.0, 2.0, 2.0, 2.0, 2.0, 2.0, 2.0, 2.0, 2.0, 2.0, 2.0, 2.0, 2.0, 2.0, 2.0, 2.0, 2.0, 2.0, 2.0, 2.0, 2.0, 0.0, 0.0, 0.0, 0.0, 0.0, 0.0, 0.0, 0.0, 0.0, 0.0, 0.0, 0.0, 0.0, 0.0, 0.0, 0.0, 0.0, 0.0, 0.0, 0.0, 0.0], "program call": "xtb /tmp/scratch/tmpwlqp_2t7/508067_b0a965_xyzopt.xyz --pop --wbo --acc 0.2 --gfn 2 --chrg 0 --uhf 0 --etemp 300 --input /tmp/scratch/tmpwlqp_2t7/508067_b0a965_xtb.inp", "method": "GFN2-xTB", "xtb version": "6.3.3 (7355c4f)", "Dipole module/D": 0.45, "Total charge": 0, "Transition dipole module/D": NaN, "HOMO": -10.7784, "LUMO": -5.384, "HOMO occupancy": 2.0, "LUMO occupancy": 0, "mulliken charges": [-0.08708, -0.01952, -0.04413, -0.04243, -0.04785, -0.03918, -0.08561, 0.02835, 0.03113, 0.02399, 0.02696, 0.03082, 0.02449, 0.02378, 0.02282, 0.02334, 0.02264, 0.02237, 0.02956, 0.02773, 0.02783], "cm5 charges": [-0.19126, -0.08511, -0.15152, -0.15346, -0.15971, -0.15278, -0.23828, 0.08236, 0.08455, 0.08054, 0.08345, 0.08633, 0.0806, 0.07978, 0.07875, 0.07932, 0.07785, 0.07757, 0.08113, 0.07989, 0.07999], "FUKUI+": [-0.126, -0.158, 0.027, 0.001, 0.006, 0.003, 0.009, -0.155, -0.152, -0.144, -0.06, -0.089, -0.024, -0.031, -0.021, -0.019, -0.011, -0.012, -0.021, -0.012, -0.011], "FUKUI-": [-0.059, -0.045, 0.006, 0.005, 0.009, 0.004, 0.018, -0.071, -0.08, -0.066, -0.049, -0.081, -0.055, -0.049, -0.067, -0.063, -0.079, -0.081, -0.065, -0.066, -0.067], "FUKUIrad": [-0.092, -0.102, 0.017, 0.003, 0.008, 0.004, 0.013, -0.113, -0.116, -0.105, -0.055, -0.085, -0.039, -0.04, -0.044, -0.041, -0.045, -0.047, -0.043, -0.039, -0.039], "s proportion": [1.042, 1.066, 1.027, 1.031, 1.031, 1.026, 1.005, 0.972, 0.969, 0.976, 0.973, 0.969, 0.976, 0.976, 0.977, 0.977, 0.977, 0.978, 0.97, 0.972, 0.972], "p proportion": [3.045, 2.954, 3.017, 3.012, 3.017, 3.013, 3.081, 0.0, 0.0, 0.0, 0.0, 0.0, 0.0, 0.0, 0.0, 0.0, 0.0, 0.0, 0.0, 0.0, 0.0], "d proportion": [0.0, 0.0, 0.0, 0.0, 0.0, 0.0, 0.0, 0.0, 0.0, 0.0, 0.0, 0.0, 0.0, 0.0, 0.0, 0.0, 0.0, 0.0, 0.0, 0.0, 0.0], "Fermi-level/eV": -8.0812, "Coordination numbers": [2.837, 2.887, 3.807, 3.804, 3.803, 3.801, 3.752, 0.926, 0.926, 0.925, 0.924, 0.924, 0.924, 0.924, 0.924, 0.924, 0.924, 0.924, 0.925, 0.925, 0.925], "Dispersion coefficient C6": [30.389, 28.686, 21.624, 21.549, 21.629, 21.522, 22.512, 2.521, 2.551, 2.593, 2.497, 2.481, 2.586, 2.581, 2.584, 2.578, 2.602, 2.606, 2.543, 2.538, 2.537], "Total dispersion C6": 3191.434726, "Total dispersion C8": 68288.395446, "Polarizability alpha": [9.034, 8.781, 6.62, 6.609, 6.621, 6.605, 6.766, 2.483, 2.498, 2.518, 2.471, 2.463, 2.515, 2.512, 2.514, 2.511, 2.523, 2.524, 2.494, 2.491, 2.491], "Total polarizability alpha": 86.042485, "Wiberg matrix": [[0.0, 1.0333380484862051, 0.0, 0.0, 0.0, 0.0, 0.0, 0.9746418444906685, 0.981379759079728, 0.9722075059783262, 0.0, 0.0, 0.0, 0.0, 0.0, 0.0, 0.0, 0.0, 0.0, 0.0, 0.0], [1.0333380484862051, 0.0, 1.9265307486553556, 0.0, 0.0, 0.0, 0.0, 0.0, 0.0, 0.0, 0.9706909294284465, 0.0, 0.0, 0.0, 0.0, 0.0, 0.0, 0.0, 0.0, 0.0, 0.0], [0.0, 1.9265307486553556, 0.0, 1.021339324030926, 0.0, 0.0, 0.0, 0.0, 0.0, 0.0, 0.0, 0.9704193923134119, 0.0, 0.0, 0.0, 0.0, 0.0, 0.0, 0.0, 0.0, 0.0], [0.0, 0.0, 1.021339324030926, 0.0, 0.9869045104332835, 0.0, 0.0, 0.0, 0.0, 0.0, 0.0, 0.0, 0.9694767357316864, 0.9735186045226292, 0.0, 0.0, 0.0, 0.0, 0.0, 0.0, 0.0], [0.0, 0.0, 0.0, 0.9869045104332835, 0.0, 1.0061451877058651, 0.0, 0.0, 0.0, 0.0, 0.0, 0.0, 0.0, 0.0, 0.9802233587920132, 0.9797299783966872, 0.0, 0.0, 0.0, 0.0, 0.0], [0.0, 0.0, 0.0, 0.0, 1.0061451877058651, 0.0, 1.0166951092161571, 0.0, 0.0, 0.0, 0.0, 0.0, 0.0, 0.0, 0.0, 0.0, 0.9803007033358047, 0.9802099809934803, 0.0, 0.0, 0.0], [0.0, 0.0, 0.0, 0.0, 0.0, 1.0166951092161571, 0.0, 0.0, 0.0, 0.0, 0.0, 0.0, 0.0, 0.0, 0.0, 0.0, 0.0, 0.0, 0.986511312668938, 0.9877809416956136, 0.9877755321463996], [0.9746418444906685, 0.0, 0.0, 0.0, 0.0, 0.0, 0.0, 0.0, 0.0, 0.0, 0.0, 0.0, 0.0, 0.0, 0.0, 0.0, 0.0, 0.0, 0.0, 0.0, 0.0], [0.981379759079728, 0.0, 0.0, 0.0, 0.0, 0.0, 0.0, 0.0, 0.0, 0.0, 0.0, 0.0, 0.0, 0.0, 0.0, 0.0, 0.0, 0.0, 0.0, 0.0, 0.0], [0.9722075059783262, 0.0, 0.0, 0.0, 0.0, 0.0, 0.0, 0.0, 0.0, 0.0, 0.0, 0.0, 0.0, 0.0, 0.0, 0.0, 0.0, 0.0, 0.0, 0.0, 0.0], [0.0, 0.9706909294284465, 0.0, 0.0, 0.0, 0.0, 0.0, 0.0, 0.0, 0.0, 0.0, 0.0, 0.0, 0.0, 0.0, 0.0, 0.0, 0.0, 0.0, 0.0, 0.0], [0.0, 0.0, 0.9704193923134119, 0.0, 0.0, 0.0, 0.0, 0.0, 0.0, 0.0, 0.0, 0.0, 0.0, 0.0, 0.0, 0.0, 0.0, 0.0, 0.0, 0.0, 0.0], [0.0, 0.0, 0.0, 0.9694767357316864, 0.0, 0.0, 0.0, 0.0, 0.0, 0.0, 0.0, 0.0, 0.0, 0.0, 0.0, 0.0, 0.0, 0.0, 0.0, 0.0, 0.0], [0.0, 0.0, 0.0, 0.9735186045226292, 0.0, 0.0, 0.0, 0.0, 0.0, 0.0, 0.0, 0.0, 0.0, 0.0, 0.0, 0.0, 0.0, 0.0, 0.0, 0.0, 0.0], [0.0, 0.0, 0.0, 0.0, 0.9802233587920132, 0.0, 0.0, 0.0, 0.0, 0.0, 0.0, 0.0, 0.0, 0.0, 0.0, 0.0, 0.0, 0.0, 0.0, 0.0, 0.0], [0.0, 0.0, 0.0, 0.0, 0.9797299783966872, 0.0, 0.0, 0.0, 0.0, 0.0, 0.0, 0.0, 0.0, 0.0, 0.0, 0.0, 0.0, 0.0, 0.0, 0.0, 0.0], [0.0, 0.0, 0.0, 0.0, 0.0, 0.9803007033358047, 0.0, 0.0, 0.0, 0.0, 0.0, 0.0, 0.0, 0.0, 0.0, 0.0, 0.0, 0.0, 0.0, 0.0, 0.0], [0.0, 0.0, 0.0, 0.0, 0.0, 0.9802099809934803, 0.0, 0.0, 0.0, 0.0, 0.0, 0.0, 0.0, 0.0, 0.0, 0.0, 0.0, 0.0, 0.0, 0.0, 0.0], [0.0, 0.0, 0.0, 0.0, 0.0, 0.0, 0.986511312668938, 0.0, 0.0, 0.0, 0.0, 0.0, 0.0, 0.0, 0.0, 0.0, 0.0, 0.0, 0.0, 0.0, 0.0], [0.0, 0.0, 0.0, 0.0, 0.0, 0.0, 0.9877809416956136, 0.0, 0.0, 0.0, 0.0, 0.0, 0.0, 0.0, 0.0, 0.0, 0.0, 0.0, 0.0, 0.0, 0.0], [0.0, 0.0, 0.0, 0.0, 0.0, 0.0, 0.9877755321463996, 0.0, 0.0, 0.0, 0.0, 0.0, 0.0, 0.0, 0.0, 0.0, 0.0, 0.0, 0.0, 0.0, 0.0]], "Born radii": [], "Atomic SASAs": [], "Solvent H bonds": [], "Total SASA": NaN, "Total FOD": 0.0, "FOD": [0.0, 0.0, 0.0, 0.0, 0.0, 0.0, 0.0, 0.0, 0.0, 0.0, 0.0, 0.0, 0.0, 0.0, 0.0, 0.0, 0.0, 0.0, 0.0, 0.0, 0.0], "FOD s proportion": [0.0, 0.0, 0.0, 0.0, 0.0, 0.0, 0.0, 0.0, 0.0, 0.0, 0.0, 0.0, 0.0, 0.0, 0.0, 0.0, 0.0, 0.0, 0.0, 0.0, 0.0], "FOD p proportion": [0.0, 0.0, 0.0, 0.0, 0.0, 0.0, 0.0, 0.0, 0.0, 0.0, 0.0, 0.0, 0.0, 0.0, 0.0, 0.0, 0.0, 0.0, 0.0, 0.0, 0.0], "FOD d proportion": [0.0, 0.0, 0.0, 0.0, 0.0, 0.0, 0.0, 0.0, 0.0, 0.0, 0.0, 0.0, 0.0, 0.0, 0.0, 0.0, 0.0, 0.0, 0.0, 0.0, 0.0], "coordinates": [["-3.80470522959207", "0.24073986262631", "-0.68206740854176"], ["-2.86716618153671", "-0.36408509756964", "0.02213784853312"], ["-1.60714156324479", "0.28611403416027", "0.49512215921097"], ["-0.37260094672508", "-0.39633593776838", "-0.10232081626149"], ["0.92405282116386", "0.24869034873338", "0.37931760142744"], ["2.15745070747107", "-0.42513756679489", "-0.21724759618259"], ["3.44787015836434", "0.22540835438681", "0.26592262563610"], ["-3.72315964188226", "1.27964855923332", "-0.95803676997665"], ["-4.69485884325039", "-0.26924343304360", "-1.00944401358333"], ["-2.97226347887423", "-1.40965136227471", "0.28360439802469"], ["-1.60964786897992", "1.34304413316393", "0.22150892307518"], ["-1.55446661867783", "0.21742504417965", "1.58592655939558"], ["-0.42586468846318", "-0.33789717990083", "-1.19208313459597"], ["-0.37576697958692", "-1.45388622016770", "0.17261892888778"], ["0.97396520235062", "0.19035177197631", "1.46955305013560"], ["0.92463911557012", "1.30656443610800", "0.10542445548804"], ["2.10771135308132", "-0.36741466109805", "-1.30707443385782"], ["2.15925086495987", "-1.48260048815565", "0.05736248448262"], ["4.31327673955385", "-0.26837984880747", "-0.16998647861972"], ["3.52535768235515", "0.16075768537756", "1.34919508506761"], ["3.47406839594318", "1.27588856563539", "-0.01587946774540"]], "bond_dist": [[0.0, 1.3193550481945642, 2.4934153608089353, 3.5385465229643454, 4.846416619751719, 6.017204801802199, 7.314285332008624, 1.078025997465458, 1.0768620428355031, 2.0854909497683716, 2.6172125837007165, 3.194982633037089, 3.465761138650979, 3.9191662146715434, 5.240963714337436, 4.911499098286402, 5.976383149823321, 6.25183419718362, 8.150034417764044, 7.606723786212154, 7.382132801676724], [1.3193550481945642, 0.0, 1.4947023475432923, 2.4978762552750258, 3.8569952877735565, 5.030686600896786, 6.34717397915935, 2.096503618273041, 2.1008609057383474, 1.0828753447650339, 2.12964582553173, 2.1229152878784516, 2.726714393365365, 2.7234869241170867, 4.1420648614460465, 4.1443689428479695, 5.149390533072762, 5.149484030392458, 7.183650311280756, 6.5498780298779025, 6.549978236526416], [2.4934153608089353, 1.4947023475432923, 0.0, 1.531915992136536, 2.534118434386257, 3.8968582823852285, 5.060569247757944, 2.7525105331515904, 3.4793877745863813, 2.187216927416056, 1.0917745732233484, 1.094233552123036, 2.1520842812534036, 2.15589716450226, 2.7605793064951345, 2.7573713440054997, 4.180328277244671, 4.18398094134126, 5.983409216030504, 5.204584832908904, 5.201871868400822], [3.5385465229643454, 2.4978762552750258, 1.531915992136536, 0.0, 1.5262193385790694, 2.5328243270069657, 3.8882089272763256, 3.8428397569149397, 4.418250595422585, 2.8167342263025823, 2.158840850802929, 2.150276310364582, 1.092627120781278, 1.0927096993390832, 2.1513322185251087, 2.150781151234652, 2.7575744457632685, 2.759663571216056, 4.688112743240219, 4.19658589698604, 4.19531547423327], [4.846416619751719, 3.8569952877735565, 2.534118434386257, 1.5262193385790694, 0.0, 1.5268282289412127, 2.526470744605841, 4.944489379420493, 5.811117148890018, 4.235627339334442, 2.764444423694537, 2.756799105918123, 2.153058866989422, 2.1519811403970133, 1.092935482521112, 1.092755866546777, 2.150476923845951, 2.150985185123403, 3.4721657982487226, 2.7776215486301354, 2.777390201593319], [6.017204801802199, 5.030686600896786, 3.8968582823852285, 2.5328243270069657, 1.5268282289412127, 0.0, 1.5237604201652426, 6.1673853792697475, 6.899711901491916, 5.247293375368268, 4.1844958468087325, 4.176440348015504, 2.7625049587159225, 2.7617949868174954, 2.150525862990417, 2.1500543018520646, 1.092487287493263, 1.0925391375244964, 2.162034337374802, 2.1605983921351624, 2.160444668108548], [7.314285332008624, 6.34717397915935, 5.060569247757944, 3.8882089272763256, 2.526470744605841, 1.5237604201652426, 0.0, 7.350725638169903, 8.256832083128467, 6.625092364799618, 5.179726914412582, 5.17357201064516, 4.177189914925441, 4.1771924555465745, 2.7513925372691546, 2.749791452271244, 2.149833598268176, 2.149728173982801, 1.0875532573410203, 1.087962888494071, 1.0879372416234745], [1.078025997465458, 2.096503618273041, 2.7525105331515904, 3.8428397569149397, 4.944489379420493, 6.1673853792697475, 7.350725638169903, 0.0, 1.8291824530030527, 3.05578989878542, 2.4212143760906235, 3.5076056856521354, 3.68013395528281, 4.467172745166486, 5.39840176605547, 4.767987786506031, 6.069077450690799, 6.577523000093911, 8.222026813789832, 7.688708540470145, 7.258633889938254], [1.0768620428355031, 2.1008609057383474, 3.4793877745863813, 4.418250595422585, 5.811117148890018, 6.899711901491916, 8.256832083128467, 1.8291824530030527, 0.0, 2.4371785386354956, 3.6923221804407262, 4.103030336466386, 4.273450769470637, 4.631976452856017, 6.204209881555311, 5.941789246767132, 6.809785806698397, 7.041955079357441, 9.047165101675153, 8.56271213386079, 8.372931125915615], [2.0854909497683716, 1.0828753447650339, 2.187216927416056, 2.8167342263025823, 4.235627339334442, 5.247293375368268, 6.625092364799618, 3.05578989878542, 2.4371785386354956, 0.0, 3.072118103026807, 2.5206286083477174, 3.1321649894561454, 2.5992438453949656, 4.420317300780385, 4.7534646507461575, 5.424265920913219, 5.137017270691727, 7.38832468325262, 6.769102513931706, 6.989778961493913], [2.6172125837007165, 2.12964582553173, 1.0917745732233484, 2.158840850802929, 2.764444423694537, 4.1844958468087325, 5.179726914412582, 2.4212143760906235, 3.6923221804407262, 3.072118103026807, 0.0, 1.769660642658035, 2.4950248138952777, 3.0573962258969156, 3.0921465561936623, 2.537206513465551, 4.3681799358319084, 4.713364959982183, 6.150690352927525, 5.388669533086113, 5.089698830047819], [3.194982633037089, 2.1229152878784516, 1.094233552123036, 2.150276310364582, 2.756799105918123, 4.176440348015504, 5.17357201064516, 3.5076056856521354, 4.103030336466386, 2.5206286083477174, 1.769660642658035, 0.0, 3.0495020822017733, 2.485971166361137, 2.531253292208135, 3.0861102275041596, 4.703513551024641, 4.360996731251098, 6.144074308567104, 5.0856531448631355, 5.382591566160968], [3.465761138650979, 2.726714393365365, 2.1520842812534036, 1.092627120781278, 2.153058866989422, 2.7625049587159225, 4.177189914925441, 3.68013395528281, 4.273450769470637, 3.1321649894561454, 2.4950248138952777, 3.0495020822017733, 0.0, 1.7636193014670782, 3.053338805021071, 2.4923162876249076, 2.536356015801105, 3.091000233502737, 4.848605542651152, 4.724289352702428, 4.381465229949443], [3.9191662146715434, 2.7234869241170867, 2.15589716450226, 1.0927096993390832, 2.1519811403970133, 2.7617949868174954, 4.1771924555465745, 4.467172745166486, 4.631976452856017, 2.5992438453949656, 3.0573962258969156, 2.485971166361137, 1.7636193014670782, 0.0, 2.4914521172650486, 3.0521564401763537, 3.0882968648193843, 2.5377990521973284, 4.848704447767731, 4.382941936760968, 4.723180543386265], [5.240963714337436, 4.1420648614460465, 2.7605793064951345, 2.1513322185251087, 1.092935482521112, 2.150525862990417, 2.7513925372691546, 5.39840176605547, 6.204209881555311, 4.420317300780385, 3.0921465561936623, 2.531253292208135, 3.053338805021071, 2.4914521172650486, 0.0, 1.7632953800030697, 3.0505973043043233, 2.489568950719575, 3.7482697486649403, 2.554401189465074, 3.104096627712746], [4.911499098286402, 4.1443689428479695, 2.7573713440054997, 2.150781151234652, 1.092755866546777, 2.1500543018520646, 2.749791452271244, 4.767987786506031, 5.941789246767132, 4.7534646507461575, 2.537206513465551, 3.0861102275041596, 2.4923162876249076, 3.0521564401763537, 1.7632953800030697, 0.0, 2.4893812583563464, 3.050576519205968, 3.7468874589306935, 3.1021888325252847, 2.5524978563055787], [5.976383149823321, 5.149390533072762, 4.180328277244671, 2.7575744457632685, 2.150476923845951, 1.092487287493263, 2.149833598268176, 6.069077450690799, 6.809785806698397, 5.424265920913219, 4.3681799358319084, 4.703513551024641, 2.536356015801105, 3.0882968648193843, 3.0505973043043233, 2.4893812583563464, 0.0, 1.762947490507071, 2.4834040319687642, 3.0568701149472233, 2.4969103916810464], [6.25183419718362, 5.149484030392458, 4.18398094134126, 2.759663571216056, 2.150985185123403, 1.0925391375244964, 2.149728173982801, 6.577523000093911, 7.041955079357441, 5.137017270691727, 4.713364959982183, 4.360996731251098, 3.091000233502737, 2.5377990521973284, 2.489568950719575, 3.050576519205968, 1.762947490507071, 0.0, 2.483112317327425, 2.4971394416384616, 3.056692883367939], [8.150034417764044, 7.183650311280756, 5.983409216030504, 4.688112743240219, 3.4721657982487226, 2.162034337374802, 1.0875532573410203, 8.222026813789832, 9.047165101675153, 7.38832468325262, 6.150690352927525, 6.144074308567104, 4.848605542651152, 4.848704447767731, 3.7482697486649403, 3.7468874589306935, 2.4834040319687642, 2.483112317327425, 0.0, 1.7643378608959164, 1.764308519117971], [7.606723786212154, 6.5498780298779025, 5.204584832908904, 4.19658589698604, 2.7776215486301354, 2.1605983921351624, 1.087962888494071, 7.688708540470145, 8.56271213386079, 6.769102513931706, 5.388669533086113, 5.0856531448631355, 4.724289352702428, 4.382941936760968, 2.554401189465074, 3.1021888325252847, 3.0568701149472233, 2.4971394416384616, 1.7643378608959164, 0.0, 1.7633989922144366], [7.382132801676724, 6.549978236526416, 5.201871868400822, 4.19531547423327, 2.777390201593319, 2.160444668108548, 1.0879372416234745, 7.258633889938254, 8.372931125915615, 6.989778961493913, 5.089698830047819, 5.382591566160968, 4.381465229949443, 4.723180543386265, 3.104096627712746, 2.5524978563055787, 2.4969103916810464, 3.056692883367939, 1.764308519117971, 1.7633989922144366, 0.0]]}