{"total energy": -18.944092, "HOMO-LUMO gap/eV": 5.07938685, "electronic energy": -19.26163182, "dipole": [0.00171541, -0.07221914, 0.11113618], "partial charges": [-0.10142217, -0.05527692, -0.00051143, -0.1050923, -0.05777092, -0.09802204, 0.03720619, 0.03857671, 0.03799808, 0.02123397, 0.03952715, 0.03793967, 0.04068326, 0.03001979, 0.03349447, 0.03158241, 0.03357028, 0.03626381], "atomic dipole moments": [[-0.05625452, 0.01317693, -0.01435686], [0.14110615, -0.00999121, -0.01736843], [-0.12779238, -0.02358008, 0.10339417], [-8.11e-06, 0.01988775, -0.06344803], [0.0121464, -0.09819973, 0.00439828], [0.04705577, 0.08521152, 0.01064615], [0.0670397, 0.10551789, -0.01197966], [0.020338, -0.04843877, 0.11535739], [0.04542082, -0.08032187, -0.0848657], [-0.03229404, 0.05027313, -0.12982735], [0.08797621, 0.06712175, 0.06210366], [-0.10722928, 0.00724425, 0.06426673], [0.03861888, -0.12121682, -0.00053178], [-0.00141106, 0.06372, -0.10549105], [-0.05723367, 0.06753405, 0.08654448], [-0.11691237, 0.02419216, -0.03315099], [0.05364493, -0.06889785, -0.08910737], [-0.00197319, -0.06720837, 0.10428703]], "atomic quadrupole moments": [[0.16371959, -0.04298435, -0.09110756, 0.03493186, -0.01068514, -0.07261203], [-0.11831446, 0.01181904, 0.37678881, 0.15648522, 0.24359755, -0.25847436], [-0.23322994, -0.00349244, 0.35380807, 0.20980015, 0.16035431, -0.12057813], [-0.05357554, -0.01592264, -0.07922967, 0.02737408, -0.09448176, 0.13280521], [0.12007549, 0.09106413, 0.03980686, 0.06554573, 0.00442906, -0.15988235], [-0.02416767, 0.15569837, 0.14185534, 0.03024253, 0.03885326, -0.11768768], [-0.01002049, 0.05224091, 0.0591331, 0.00094843, -0.01572246, -0.0491126], [-0.02700277, -0.00401181, -0.04005552, 0.00089338, -0.04890646, 0.06705829], [-0.02826055, -0.03132522, 0.00693735, -0.01978884, 0.06287028, 0.0213232], [0.03606543, -0.00983611, -0.06163416, -0.01101832, -0.03463819, 0.02556873], [0.01610414, 0.06208606, -0.00776965, 0.03044082, 0.0218397, -0.00833448], [0.06129254, -0.01635956, -0.05737916, -0.04241262, -0.00572099, -0.00391339], [-0.04097385, -0.03706132, 0.07014456, -0.01241306, 0.01083603, -0.02917071], [-0.01833391, 0.01088239, -0.01903104, 0.00480906, -0.04055845, 0.03736495], [-0.0100138, -0.0150222, -0.01171056, -0.02828318, 0.03732732, 0.02172436], [0.06625761, -0.02798996, -0.02062066, 0.03459838, -0.00854638, -0.04563695], [-0.01433524, -0.02009552, -0.00409863, -0.04925837, 0.04694045, 0.01843387], [-0.04768306, 0.00695093, -0.01016279, 0.0097821, -0.04956543, 0.05784585]], "number of molecular orbitals": 36, "number of electrons": 36, "number of unpaired electrons": 0, "orbital energies/eV": [-16.92697884, -16.45310549, -16.06771724, -15.76031896, -15.20969822, -14.280033, -13.75740606, -13.62202727, -13.25168425, -12.84461458, -12.77286786, -12.700532, -12.42287914, -12.28269399, -11.76236116, -11.52899855, -11.31299541, -10.08846125, -5.0090744, 2.49517973, 2.83164659, 3.7497337, 4.03771391, 4.24447121, 4.94114719, 5.15101684, 5.28843694, 5.73334598, 6.10231993, 6.2843326, 6.37916517, 6.7723609, 7.64441213, 7.94862979, 11.00759841, 17.88135791], "fractional occupation": [2.0, 2.0, 2.0, 2.0, 2.0, 2.0, 2.0, 2.0, 2.0, 2.0, 2.0, 2.0, 2.0, 2.0, 2.0, 2.0, 2.0, 2.0, 0.0, 0.0, 0.0, 0.0, 0.0, 0.0, 0.0, 0.0, 0.0, 0.0, 0.0, 0.0, 0.0, 0.0, 0.0, 0.0, 0.0, 0.0], "program call": "xtb /tmp/scratch/tmpljzwaia2/508020_186d6d_xyzopt.xyz --pop --wbo --acc 0.2 --gfn 2 --chrg 0 --uhf 0 --etemp 300 --input /tmp/scratch/tmpljzwaia2/508020_186d6d_xtb.inp", "method": "GFN2-xTB", "xtb version": "6.3.3 (7355c4f)", "Dipole module/D": 0.337, "Total charge": 0, "Transition dipole module/D": NaN, "HOMO": -10.0885, "LUMO": -5.0091, "HOMO occupancy": 2.0, "LUMO occupancy": 0, "mulliken charges": [-0.07924, -0.06218, -0.00571, -0.09047, -0.04131, -0.08208, 0.0333, 0.02947, 0.03348, 0.02379, 0.03535, 0.03088, 0.0361, 0.02633, 0.02715, 0.02843, 0.02849, 0.02822], "cm5 charges": [-0.22716, -0.12472, -0.03057, -0.23736, -0.14901, -0.23387, 0.08498, 0.08327, 0.08521, 0.08099, 0.08819, 0.08439, 0.08866, 0.08234, 0.08264, 0.07999, 0.081, 0.08104], "FUKUI+": [0.046, -0.14, -0.162, 0.044, 0.022, 0.016, -0.088, -0.06, -0.088, -0.122, -0.073, -0.073, -0.08, -0.051, -0.073, -0.058, -0.026, -0.034], "FUKUI-": [0.028, -0.084, -0.083, 0.031, 0.007, 0.008, -0.117, -0.061, -0.112, -0.087, -0.086, -0.063, -0.092, -0.054, -0.09, -0.062, -0.043, -0.039], "FUKUIrad": [0.037, -0.112, -0.122, 0.038, 0.015, 0.012, -0.102, -0.061, -0.1, -0.104, -0.08, -0.068, -0.086, -0.052, -0.082, -0.06, -0.034, -0.036], "s proportion": [1.0, 1.058, 1.088, 1.004, 1.027, 1.005, 0.967, 0.971, 0.967, 0.976, 0.965, 0.969, 0.964, 0.974, 0.973, 0.972, 0.972, 0.972], "p proportion": [3.079, 3.004, 2.918, 3.086, 3.015, 3.077, 0.0, 0.0, 0.0, 0.0, 0.0, 0.0, 0.0, 0.0, 0.0, 0.0, 0.0, 0.0], "d proportion": [0.0, 0.0, 0.0, 0.0, 0.0, 0.0, 0.0, 0.0, 0.0, 0.0, 0.0, 0.0, 0.0, 0.0, 0.0, 0.0, 0.0, 0.0], "Fermi-level/eV": -7.5488, "Coordination numbers": [3.754, 2.894, 2.94, 3.757, 3.808, 3.753, 0.924, 0.925, 0.924, 0.925, 0.925, 0.925, 0.925, 0.924, 0.924, 0.925, 0.925, 0.925], "Dispersion coefficient C6": [22.494, 29.372, 28.041, 22.561, 21.607, 22.431, 2.486, 2.468, 2.476, 2.715, 2.455, 2.476, 2.44, 2.586, 2.537, 2.564, 2.536, 2.499], "Total dispersion C6": 2358.551089, "Total dispersion C8": 50633.198961, "Polarizability alpha": [6.763, 8.886, 8.685, 6.772, 6.617, 6.754, 2.466, 2.457, 2.461, 2.576, 2.45, 2.461, 2.443, 2.515, 2.491, 2.504, 2.49, 2.472], "Total polarizability alpha": 74.262285, "Wiberg matrix": [[0.0, 1.036237007841504, 0.0, 0.0, 0.0, 0.0, 0.9722302282095476, 0.9842075742250112, 0.9725018645846657, 0.0, 0.0, 0.0, 0.0, 0.0, 0.0, 0.0, 0.0, 0.0], [1.036237007841504, 0.0, 1.8882148450112366, 0.0, 0.0, 0.0, 0.0, 0.0, 0.0, 0.9655667137449846, 0.0, 0.0, 0.0, 0.0, 0.0, 0.0, 0.0, 0.0], [0.0, 1.8882148450112366, 0.0, 1.0184992988695147, 1.0101298236636995, 0.0, 0.0, 0.0, 0.0, 0.0, 0.0, 0.0, 0.0, 0.0, 0.0, 0.0, 0.0, 0.0], [0.0, 0.0, 1.0184992988695147, 0.0, 0.0, 0.0, 0.0, 0.0, 0.0, 0.0, 0.9755625083017565, 0.9854406039075286, 0.97276207147862, 0.0, 0.0, 0.0, 0.0, 0.0], [0.0, 0.0, 1.0101298236636995, 0.0, 0.0, 1.00355642074665, 0.0, 0.0, 0.0, 0.0, 0.0, 0.0, 0.0, 0.9763730003455711, 0.9691225090795681, 0.0, 0.0, 0.0], [0.0, 0.0, 0.0, 0.0, 1.00355642074665, 0.0, 0.0, 0.0, 0.0, 0.0, 0.0, 0.0, 0.0, 0.0, 0.0, 0.9868631644819386, 0.988966920030719, 0.9872207150681978], [0.9722302282095476, 0.0, 0.0, 0.0, 0.0, 0.0, 0.0, 0.0, 0.0, 0.0, 0.0, 0.0, 0.0, 0.0, 0.0, 0.0, 0.0, 0.0], [0.9842075742250112, 0.0, 0.0, 0.0, 0.0, 0.0, 0.0, 0.0, 0.0, 0.0, 0.0, 0.0, 0.0, 0.0, 0.0, 0.0, 0.0, 0.0], [0.9725018645846657, 0.0, 0.0, 0.0, 0.0, 0.0, 0.0, 0.0, 0.0, 0.0, 0.0, 0.0, 0.0, 0.0, 0.0, 0.0, 0.0, 0.0], [0.0, 0.9655667137449846, 0.0, 0.0, 0.0, 0.0, 0.0, 0.0, 0.0, 0.0, 0.0, 0.0, 0.0, 0.0, 0.0, 0.0, 0.0, 0.0], [0.0, 0.0, 0.0, 0.9755625083017565, 0.0, 0.0, 0.0, 0.0, 0.0, 0.0, 0.0, 0.0, 0.0, 0.0, 0.0, 0.0, 0.0, 0.0], [0.0, 0.0, 0.0, 0.9854406039075286, 0.0, 0.0, 0.0, 0.0, 0.0, 0.0, 0.0, 0.0, 0.0, 0.0, 0.0, 0.0, 0.0, 0.0], [0.0, 0.0, 0.0, 0.97276207147862, 0.0, 0.0, 0.0, 0.0, 0.0, 0.0, 0.0, 0.0, 0.0, 0.0, 0.0, 0.0, 0.0, 0.0], [0.0, 0.0, 0.0, 0.0, 0.9763730003455711, 0.0, 0.0, 0.0, 0.0, 0.0, 0.0, 0.0, 0.0, 0.0, 0.0, 0.0, 0.0, 0.0], [0.0, 0.0, 0.0, 0.0, 0.9691225090795681, 0.0, 0.0, 0.0, 0.0, 0.0, 0.0, 0.0, 0.0, 0.0, 0.0, 0.0, 0.0, 0.0], [0.0, 0.0, 0.0, 0.0, 0.0, 0.9868631644819386, 0.0, 0.0, 0.0, 0.0, 0.0, 0.0, 0.0, 0.0, 0.0, 0.0, 0.0, 0.0], [0.0, 0.0, 0.0, 0.0, 0.0, 0.988966920030719, 0.0, 0.0, 0.0, 0.0, 0.0, 0.0, 0.0, 0.0, 0.0, 0.0, 0.0, 0.0], [0.0, 0.0, 0.0, 0.0, 0.0, 0.9872207150681978, 0.0, 0.0, 0.0, 0.0, 0.0, 0.0, 0.0, 0.0, 0.0, 0.0, 0.0, 0.0]], "Born radii": [], "Atomic SASAs": [], "Solvent H bonds": [], "Total SASA": NaN, "Total FOD": 0.0, "FOD": [0.0, 0.0, 0.0, 0.0, 0.0, 0.0, 0.0, 0.0, 0.0, 0.0, 0.0, 0.0, 0.0, 0.0, 0.0, 0.0, 0.0, 0.0], "FOD s proportion": [0.0, 0.0, 0.0, 0.0, 0.0, 0.0, 0.0, 0.0, 0.0, 0.0, 0.0, 0.0, 0.0, 0.0, 0.0, 0.0, 0.0, 0.0], "FOD p proportion": [0.0, 0.0, 0.0, 0.0, 0.0, 0.0, 0.0, 0.0, 0.0, 0.0, 0.0, 0.0, 0.0, 0.0, 0.0, 0.0, 0.0, 0.0], "FOD d proportion": [0.0, 0.0, 0.0, 0.0, 0.0, 0.0, 0.0, 0.0, 0.0, 0.0, 0.0, 0.0, 0.0, 0.0, 0.0, 0.0, 0.0, 0.0], "coordinates": [["2.47924173185803", "0.22270535927620", "-0.47727014239520"], ["1.03004476723342", "0.48428888649510", "-0.73172338309367"], ["0.02976207009590", "0.29575229924243", "0.12007938524398"], ["0.22568615146477", "-0.22708944572133", "1.51732256822689"], ["-1.39457021046299", "0.56774728058433", "-0.28247809486331"], ["-2.17493310776146", "-0.73389165989054", "-0.47367993265037"], ["3.04975536688283", "1.14655225491583", "-0.57802849530296"], ["2.65070272735663", "-0.18727424387509", "0.51285205564193"], ["2.86372926362835", "-0.48098979244379", "-1.21587999399014"], ["0.81137829449545", "0.86557285212701", "-1.72163188874720"], ["0.98113572303956", "0.35183181342845", "2.04594429899771"], ["-0.70181140019798", "-0.16933113426039", "2.08110611987660"], ["0.55045983652115", "-1.26721530253811", "1.49955906110158"], ["-1.41363299207850", "1.13531473408385", "-1.21482561766304"], ["-1.88353634201055", "1.16929895960615", "0.48865739627709"], ["-3.20159745498590", "-0.52239770301133", "-0.76446740371861"], ["-1.71138380492594", "-1.33681461023913", "-1.25132729708097"], ["-2.19043162015282", "-1.31406354777964", "0.44579336413971"]], "bond_dist": [[0.0, 1.4944377657471783, 2.522322922822433, 3.042897993983884, 3.8940232194621833, 4.7514665298654695, 1.0904728974224331, 1.0852760547544287, 1.0902119250467552, 2.17795390558189, 2.9372787358495067, 4.100985337767454, 3.1381390788297185, 4.065872300792082, 4.567591047366168, 5.736688479177123, 4.537908042653934, 5.001955030312685], [1.4944377657471783, 0.0, 1.327282741194686, 2.4922398771907353, 2.4672949606017713, 3.4383765711620065, 2.131066820637295, 2.150929400163391, 2.128043557873732, 1.0831026444030436, 2.7812541636722523, 3.36727704963262, 2.876871560522142, 2.574642385775216, 3.2322628183773223, 4.349860452617767, 3.3319418946764765, 3.8719614318313256], [2.522322922822433, 1.327282741194686, 0.0, 1.5046721398129224, 1.504910708350366, 2.50467515606972, 3.214276697811436, 2.693866169810576, 3.2279228296195206, 2.080269165632301, 2.1487699749983395, 2.1440914617852656, 2.148710791214129, 2.137808633693036, 2.1353323703392864, 3.4486920460355304, 2.7527477109908323, 2.7616764255777144], [3.042897993983884, 2.4922398771907353, 1.5046721398129224, 0.0, 2.5487798113433815, 3.159732942916887, 3.775282047031321, 2.625119360010327, 3.8071161124674444, 3.468107864225017, 1.0887124568641795, 1.0869404877885338, 1.0897959839847697, 3.465277205823468, 2.7307274015356753, 4.127958982589364, 3.5565646392811137, 2.857851049317218], [3.8940232194621833, 2.4672949606017713, 1.504910708350366, 2.5487798113433815, 0.0, 1.5296366645755304, 4.491591597080169, 4.191281509533271, 4.4837710651508225, 2.6506739746795516, 3.3334890153816086, 2.5709394584465564, 3.213391664638772, 1.0916813212589302, 1.093435981679267, 2.1647349125372495, 2.1601841648922817, 2.169098129449141], [4.7514665298654695, 3.4383765711620065, 2.50467515606972, 3.159732942916887, 1.5296366645755304, 0.0, 5.553766973536146, 4.955683320854071, 5.099307676388079, 3.6102252839925484, 4.181874244161073, 3.002623507298388, 3.4067393406328454, 2.1500714722600573, 2.152472936851361, 1.0878082225229193, 1.0877175477219274, 1.0873227519431232], [1.0904728974224331, 2.131066820637295, 3.214276697811436, 3.775282047031321, 4.491591597080169, 5.553766973536146, 0.0, 1.7687160638212958, 1.7579400903879152, 2.5292508899826927, 3.434530686460993, 4.782969705467639, 4.048348061126911, 4.508599838068582, 5.047346162975783, 6.4729873730853535, 5.411920959951021, 5.878979587262154], [1.0852760547544287, 2.150929400163391, 2.693866169810576, 2.625119360010327, 4.191281509533271, 4.955683320854071, 1.7687160638212958, 0.0, 1.7663984907296644, 3.0796947697154926, 2.3299058241833084, 3.701228679860845, 2.5594693991752133, 4.610090735303506, 4.73288497389498, 5.999439153651861, 4.8437145619447, 4.970989114264428], [1.0902119250467552, 2.128043557873732, 3.2279228296195206, 3.8071161124674444, 4.4837710651508225, 5.099307676388079, 1.7579400903879152, 1.7663984907296644, 0.0, 2.5062243385827645, 3.857103574523238, 4.866243806022248, 3.652803752876598, 4.572556101430442, 5.307111399852431, 6.082242690426709, 4.654605484904934, 5.38513811058654], [2.17795390558189, 1.0831026444030436, 2.080269165632301, 3.468107864225017, 2.6506739746795516, 3.6102252839925484, 2.5292508899826927, 3.0796947697154926, 2.5062243385827645, 0.0, 3.8062288120725816, 4.221561994735957, 3.872071136972979, 2.2978878355292522, 3.4985987437704087, 4.352769288539938, 3.3817193191639845, 4.296441530654241], [2.9372787358495067, 2.7812541636722523, 2.1487699749983395, 1.0887124568641795, 3.3334890153816086, 4.181874244161073, 3.434530686460993, 2.3299058241833084, 3.857103574523238, 3.8062288120725816, 0.0, 1.762145905225998, 1.7621952534094696, 4.120847380729681, 3.361508749467054, 5.114484140627904, 4.579649345850413, 3.9235863417574914], [4.100985337767454, 3.36727704963262, 2.1440914617852656, 1.0869404877885338, 2.5709394584465564, 3.002623507298388, 4.782969705467639, 3.701228679860845, 4.866243806022248, 4.221561994735957, 1.762145905225998, 0.0, 1.7640096028193262, 3.6155161234568, 2.392550376397699, 3.804060330734487, 3.6725150218245672, 2.4901104929090563], [3.1381390788297185, 2.876871560522142, 2.148710791214129, 1.0897959839847697, 3.213391664638772, 3.4067393406328454, 4.048348061126911, 2.5594693991752133, 3.652803752876598, 3.872071136972979, 1.7621952534094696, 1.7640096028193262, 0.0, 4.12282614241001, 3.5892703050458925, 4.44505376893489, 3.562043862394446, 2.936852546425187], [4.065872300792082, 2.574642385775216, 2.137808633693036, 3.465277205823468, 1.0916813212589302, 2.1500714722600573, 4.508599838068582, 4.610090735303506, 4.572556101430442, 2.2978878355292522, 4.120847380729681, 3.6155161234568, 4.12282614241001, 0.0, 1.7674327327070363, 2.479445495587069, 2.4902633222642154, 3.05949758603701], [4.567591047366168, 3.2322628183773223, 2.1353323703392864, 2.7307274015356753, 1.093435981679267, 2.152472936851361, 5.047346162975783, 4.73288497389498, 5.307111399852431, 3.4985987437704087, 3.361508749467054, 2.392550376397699, 3.5892703050458925, 1.7674327327070363, 0.0, 2.48383664120916, 3.0557795166058144, 2.502620902191647], [5.736688479177123, 4.349860452617767, 3.4486920460355304, 4.127958982589364, 2.1647349125372495, 1.0878082225229193, 6.4729873730853535, 5.999439153651861, 6.082242690426709, 4.352769288539938, 5.114484140627904, 3.804060330734487, 4.44505376893489, 2.479445495587069, 2.48383664120916, 0.0, 1.7666477230529953, 1.7646309193492593], [4.537908042653934, 3.3319418946764765, 2.7527477109908323, 3.5565646392811137, 2.1601841648922817, 1.0877175477219274, 5.411920959951021, 4.8437145619447, 4.654605484904934, 3.3817193191639845, 4.579649345850413, 3.6725150218245672, 3.562043862394446, 2.4902633222642154, 3.0557795166058144, 1.7666477230529953, 0.0, 1.7635824219068414], [5.001955030312685, 3.8719614318313256, 2.7616764255777144, 2.857851049317218, 2.169098129449141, 1.0873227519431232, 5.878979587262154, 4.970989114264428, 5.38513811058654, 4.296441530654241, 3.9235863417574914, 2.4901104929090563, 2.936852546425187, 3.05949758603701, 2.502620902191647, 1.7646309193492593, 1.7635824219068414, 0.0]]}