{"total energy": -18.94057199, "HOMO-LUMO gap/eV": 5.26143807, "electronic energy": -19.25800033, "dipole": [0.01640089, 0.02095189, -0.10580579], "partial charges": [-0.10066662, -0.04095185, -0.04741878, -0.0078932, -0.10212454, -0.10212453, 0.04037758, 0.04037757, 0.03866446, 0.02363842, 0.02622661, 0.03095378, 0.03229004, 0.03307421, 0.03510627, 0.03510627, 0.03229005, 0.03307424], "atomic dipole moments": [[-0.03124578, -0.01427052, 0.05139677], [0.11940692, 0.03503555, -0.08223047], [-0.1221157, -0.00892906, -0.07342688], [-0.0689914, -0.02317979, 0.06470628], [0.06703115, -0.0629336, -0.01895619], [0.04117383, 0.08414217, 0.00616102], [0.09130667, -0.08511819, -0.01667023], [0.0568055, 0.11112755, 0.01684373], [-0.06495877, 0.00675508, -0.10642779], [0.06953707, -0.00870092, 0.12253441], [-0.05168982, -0.03095553, 0.12805141], [0.05284449, 0.02769138, -0.10774713], [0.05260907, 0.11268798, 0.01130693], [-0.08267802, 0.00358123, -0.09224071], [-0.06077724, -0.02481492, 0.10537043], [-0.05949509, -0.03210727, 0.10412511], [0.08755943, -0.08610906, -0.02264325], [-0.08189395, -0.00087911, -0.09300238]], "atomic quadrupole moments": [[0.00705681, 0.03778746, -0.08737249, -0.10837838, -0.0502919, 0.08031567], [-0.36608381, -0.13087858, 0.47453786, -0.1370702, 0.08177729, -0.10845406], [-0.33375914, -0.17047525, 0.46825508, 0.11840956, 0.13274189, -0.13449594], [0.03854892, -0.02546376, 0.0974224, 0.07416889, 0.05527466, -0.13597132], [0.05822746, -0.17062693, 0.05340703, -0.0404371, 0.04651988, -0.11163449], [-0.05200445, 0.13241251, 0.17238931, 0.01760536, 0.03106069, -0.12038485], [0.01544763, -0.06976609, 0.01903821, -0.01088606, 0.00331684, -0.03448584], [-0.02893648, 0.05300926, 0.05834441, 0.00805721, 0.02154035, -0.02940792], [0.01572551, 0.0029108, -0.05403566, 0.05637531, -0.00612532, 0.03831014], [0.04686018, 0.02232014, -0.07298212, -9.707e-05, -0.01814071, 0.02612194], [0.04438292, 0.02110555, -0.07139126, 0.00249592, -0.01750973, 0.02700834], [-0.00312795, 0.00613616, -0.01405031, -0.02188031, -0.00964544, 0.01717826], [-0.00534677, 0.04835468, 0.05772844, 0.0005724, 0.01080197, -0.05238167], [0.00758088, -0.00785397, -0.04290333, 0.06178826, 0.01009676, 0.03532244], [-0.01832182, 0.00518858, -0.02953947, -0.0516109, -0.03319403, 0.04786129], [-0.02285585, 0.01823404, -0.03125647, -0.05262631, -0.01503925, 0.05411232], [0.03211595, -0.05460579, 0.0169655, -0.01932169, 0.01698354, -0.04908145], [0.00418062, 0.00086215, -0.03204639, 0.06727791, -0.01080745, 0.02786577]], "number of molecular orbitals": 36, "number of electrons": 36, "number of unpaired electrons": 0, "orbital energies/eV": [-16.947985, -16.57890694, -15.94269089, -15.89471069, -15.18565049, -14.47968357, -13.8920414, -13.43272458, -13.2304359, -13.19075289, -12.94154554, -12.50502976, -12.3483329, -12.02953594, -11.93026772, -11.59129376, -11.14196998, -10.42339835, -5.16196028, 2.51737831, 3.05307395, 3.28997929, 3.46613909, 3.90539905, 4.60575414, 4.86514489, 5.56206855, 5.60644034, 6.1016875, 6.37524443, 6.71208396, 7.09479405, 7.12358842, 8.36958309, 11.32311028, 17.82119734], "fractional occupation": [2.0, 2.0, 2.0, 2.0, 2.0, 2.0, 2.0, 2.0, 2.0, 2.0, 2.0, 2.0, 2.0, 2.0, 2.0, 2.0, 2.0, 2.0, 0.0, 0.0, 0.0, 0.0, 0.0, 0.0, 0.0, 0.0, 0.0, 0.0, 0.0, 0.0, 0.0, 0.0, 0.0, 0.0, 0.0, 0.0], "program call": "xtb /tmp/scratch/tmpycco0n0u/508010_2af6b2_xyzopt.xyz --pop --wbo --acc 0.2 --gfn 2 --chrg 0 --uhf 0 --etemp 300 --input /tmp/scratch/tmpycco0n0u/508010_2af6b2_xtb.inp", "method": "GFN2-xTB", "xtb version": "6.3.3 (7355c4f)", "Dipole module/D": 0.277, "Total charge": 0, "Transition dipole module/D": NaN, "HOMO": -10.4234, "LUMO": -5.162, "HOMO occupancy": 2.0, "LUMO occupancy": 0, "mulliken charges": [-0.08333, -0.03525, -0.05527, 0.00412, -0.08909, -0.08909, 0.03548, 0.03548, 0.03135, 0.0242, 0.02555, 0.0209, 0.02983, 0.02885, 0.02881, 0.02881, 0.02983, 0.02885], "cm5 charges": [-0.23145, -0.09999, -0.11655, -0.06755, -0.23916, -0.23916, 0.08721, 0.08721, 0.08474, 0.08036, 0.08322, 0.08061, 0.08234, 0.08113, 0.08179, 0.08179, 0.08234, 0.08113], "FUKUI+": [0.047, -0.151, -0.145, 0.004, 0.019, 0.019, -0.092, -0.092, -0.066, -0.129, -0.128, -0.049, -0.026, -0.058, -0.034, -0.034, -0.026, -0.058], "FUKUI-": [0.025, -0.07, -0.065, -0.016, 0.011, 0.011, -0.11, -0.11, -0.059, -0.091, -0.086, -0.067, -0.056, -0.07, -0.06, -0.06, -0.056, -0.07], "FUKUIrad": [0.036, -0.11, -0.105, -0.006, 0.015, 0.015, -0.101, -0.101, -0.063, -0.11, -0.107, -0.058, -0.041, -0.064, -0.047, -0.047, -0.041, -0.064], "s proportion": [1.001, 1.06, 1.067, 1.045, 1.01, 1.01, 0.965, 0.965, 0.969, 0.976, 0.974, 0.979, 0.97, 0.971, 0.971, 0.971, 0.97, 0.971], "p proportion": [3.083, 2.975, 2.989, 2.951, 3.079, 3.079, 0.0, 0.0, 0.0, 0.0, 0.0, 0.0, 0.0, 0.0, 0.0, 0.0, 0.0, 0.0], "d proportion": [0.0, 0.0, 0.0, 0.0, 0.0, 0.0, 0.0, 0.0, 0.0, 0.0, 0.0, 0.0, 0.0, 0.0, 0.0, 0.0, 0.0, 0.0], "Fermi-level/eV": -7.7927, "Coordination numbers": [3.754, 2.885, 2.896, 3.852, 3.758, 3.758, 0.925, 0.925, 0.925, 0.925, 0.925, 0.924, 0.925, 0.925, 0.925, 0.925, 0.925, 0.925], "Dispersion coefficient C6": [22.48, 29.015, 29.176, 20.683, 22.502, 22.502, 2.444, 2.444, 2.467, 2.679, 2.641, 2.573, 2.554, 2.543, 2.515, 2.515, 2.554, 2.543], "Total dispersion C6": 2362.986237, "Total dispersion C8": 50680.95036, "Polarizability alpha": [6.761, 8.831, 8.856, 6.468, 6.763, 6.763, 2.445, 2.445, 2.456, 2.559, 2.541, 2.508, 2.499, 2.494, 2.48, 2.48, 2.499, 2.494], "Total polarizability alpha": 74.343293, "Wiberg matrix": [[0.0, 1.037751886395373, 0.0, 0.0, 0.0, 0.0, 0.9715040011979825, 0.9715040267876518, 0.9800685195957882, 0.0, 0.0, 0.0, 0.0, 0.0, 0.0, 0.0, 0.0, 0.0], [1.037751886395373, 0.0, 1.928501109180459, 0.0, 0.0, 0.0, 0.0, 0.0, 0.0, 0.966984725165901, 0.0, 0.0, 0.0, 0.0, 0.0, 0.0, 0.0, 0.0], [0.0, 1.928501109180459, 0.0, 1.0121961194277267, 0.0, 0.0, 0.0, 0.0, 0.0, 0.0, 0.9653648652774438, 0.0, 0.0, 0.0, 0.0, 0.0, 0.0, 0.0], [0.0, 0.0, 1.0121961194277267, 0.0, 0.995501354949112, 0.9955012367275275, 0.0, 0.0, 0.0, 0.0, 0.0, 0.9625206970910571, 0.0, 0.0, 0.0, 0.0, 0.0, 0.0], [0.0, 0.0, 0.0, 0.995501354949112, 0.0, 0.0, 0.0, 0.0, 0.0, 0.0, 0.0, 0.0, 0.9878109169156978, 0.985650773292877, 0.9869003125341369, 0.0, 0.0, 0.0], [0.0, 0.0, 0.0, 0.9955012367275275, 0.0, 0.0, 0.0, 0.0, 0.0, 0.0, 0.0, 0.0, 0.0, 0.0, 0.0, 0.9869003226129804, 0.9878109208199992, 0.9856507580873536], [0.9715040011979825, 0.0, 0.0, 0.0, 0.0, 0.0, 0.0, 0.0, 0.0, 0.0, 0.0, 0.0, 0.0, 0.0, 0.0, 0.0, 0.0, 0.0], [0.9715040267876518, 0.0, 0.0, 0.0, 0.0, 0.0, 0.0, 0.0, 0.0, 0.0, 0.0, 0.0, 0.0, 0.0, 0.0, 0.0, 0.0, 0.0], [0.9800685195957882, 0.0, 0.0, 0.0, 0.0, 0.0, 0.0, 0.0, 0.0, 0.0, 0.0, 0.0, 0.0, 0.0, 0.0, 0.0, 0.0, 0.0], [0.0, 0.966984725165901, 0.0, 0.0, 0.0, 0.0, 0.0, 0.0, 0.0, 0.0, 0.0, 0.0, 0.0, 0.0, 0.0, 0.0, 0.0, 0.0], [0.0, 0.0, 0.9653648652774438, 0.0, 0.0, 0.0, 0.0, 0.0, 0.0, 0.0, 0.0, 0.0, 0.0, 0.0, 0.0, 0.0, 0.0, 0.0], [0.0, 0.0, 0.0, 0.9625206970910571, 0.0, 0.0, 0.0, 0.0, 0.0, 0.0, 0.0, 0.0, 0.0, 0.0, 0.0, 0.0, 0.0, 0.0], [0.0, 0.0, 0.0, 0.0, 0.9878109169156978, 0.0, 0.0, 0.0, 0.0, 0.0, 0.0, 0.0, 0.0, 0.0, 0.0, 0.0, 0.0, 0.0], [0.0, 0.0, 0.0, 0.0, 0.985650773292877, 0.0, 0.0, 0.0, 0.0, 0.0, 0.0, 0.0, 0.0, 0.0, 0.0, 0.0, 0.0, 0.0], [0.0, 0.0, 0.0, 0.0, 0.9869003125341369, 0.0, 0.0, 0.0, 0.0, 0.0, 0.0, 0.0, 0.0, 0.0, 0.0, 0.0, 0.0, 0.0], [0.0, 0.0, 0.0, 0.0, 0.0, 0.9869003226129804, 0.0, 0.0, 0.0, 0.0, 0.0, 0.0, 0.0, 0.0, 0.0, 0.0, 0.0, 0.0], [0.0, 0.0, 0.0, 0.0, 0.0, 0.9878109208199992, 0.0, 0.0, 0.0, 0.0, 0.0, 0.0, 0.0, 0.0, 0.0, 0.0, 0.0, 0.0], [0.0, 0.0, 0.0, 0.0, 0.0, 0.9856507580873536, 0.0, 0.0, 0.0, 0.0, 0.0, 0.0, 0.0, 0.0, 0.0, 0.0, 0.0, 0.0]], "Born radii": [], "Atomic SASAs": [], "Solvent H bonds": [], "Total SASA": NaN, "Total FOD": 0.0, "FOD": [0.0, 0.0, 0.0, 0.0, 0.0, 0.0, 0.0, 0.0, 0.0, 0.0, 0.0, 0.0, 0.0, 0.0, 0.0, 0.0, 0.0, 0.0], "FOD s proportion": [0.0, 0.0, 0.0, 0.0, 0.0, 0.0, 0.0, 0.0, 0.0, 0.0, 0.0, 0.0, 0.0, 0.0, 0.0, 0.0, 0.0, 0.0], "FOD p proportion": [0.0, 0.0, 0.0, 0.0, 0.0, 0.0, 0.0, 0.0, 0.0, 0.0, 0.0, 0.0, 0.0, 0.0, 0.0, 0.0, 0.0, 0.0], "FOD d proportion": [0.0, 0.0, 0.0, 0.0, 0.0, 0.0, 0.0, 0.0, 0.0, 0.0, 0.0, 0.0, 0.0, 0.0, 0.0, 0.0, 0.0, 0.0], "coordinates": [["2.43471329916529", "0.49258327308859", "-0.37794774626065"], ["1.61366241495461", "0.14359115946878", "0.82039090090446"], ["0.31226125577869", "-0.09417614445484", "0.87293248961941"], ["-0.67732332785405", "-0.07554162845348", "-0.25492507172534"], ["-1.74798094347396", "0.98310019548067", "0.01907005318894"], ["-1.31888187876259", "-1.45760815201116", "-0.39774838495705"], ["3.21980353350431", "-0.25102374223049", "-0.51622976366563"], ["2.91954559346032", "1.45687103354725", "-0.22456349527657"], ["1.84201184433574", "0.54343022991452", "-1.28585077718350"], ["2.18554063140016", "0.08717926421431", "1.73944181447174"], ["-0.12971127632118", "-0.33571155427383", "1.83228261111062"], ["-0.17745252853294", "0.17280566568942", "-1.19454077812015"], ["-1.29362903137480", "1.96696321852640", "0.11394966874583"], ["-2.47146543259426", "1.01185706567885", "-0.79306940472954"], ["-2.27632722139365", "0.75774245587260", "0.94329970041245"], ["-1.83881298223455", "-1.73082735134949", "0.51830797267049"], ["-0.55931093135980", "-2.20982597445944", "-0.59935332775184"], ["-2.03664301869734", "-1.46140901424868", "-1.21544746145370"]], "bond_dist": [[0.0, 1.493966386208695, 2.5325462789586317, 3.1658604596715754, 4.230030864147485, 4.23002546323173, 1.0901559455526715, 1.0901559370162177, 1.0854346323636537, 2.1702022902649034, 3.485321212892699, 2.7554477329954574, 4.039343489243811, 4.951016159433412, 4.89999050957276, 4.899985305732667, 4.039333765080563, 4.951011912045055], [1.493966386208695, 0.0, 1.3239859842400998, 2.5402636267694545, 3.5563375250102522, 3.556334993986974, 2.126491244819737, 2.1264911459166242, 2.155984404087466, 1.083919544108324, 2.071957468679691, 2.696089000625732, 3.503724936998619, 4.477209998711544, 3.940089816078798, 3.940086955566468, 3.503720742990605, 4.47720818750158], [2.5325462789586317, 1.3239859842400998, 0.0, 1.5005624185726878, 2.476732382094041, 2.4767326560621368, 3.2261703351871933, 3.2261705476882305, 2.7215848222782486, 2.071932386309544, 1.0835274472445993, 2.1413884725360828, 2.7208884597472656, 3.427536440280797, 2.726079079940285, 2.7260788870638373, 2.720889157724804, 3.427536700159546], [3.1658604596715754, 2.5402636267694545, 1.5005624185726878, 0.0, 1.530393272902206, 1.530393331331903, 3.9098173726923, 3.9098179534476816, 2.7915916036301764, 3.4928451747632234, 2.173477227986266, 1.0928974655592552, 2.1651160117384434, 2.165867293983374, 2.164929195449729, 2.1649291865097906, 2.1651160289651594, 2.1658674230189154], [4.230030864147485, 3.5563375250102522, 2.476732382094041, 1.530393272902206, 0.0, 2.512950627296711, 5.146697037640986, 4.6978314237449945, 3.845019670780177, 4.385766214939031, 2.765104143992081, 2.143825547244345, 1.087853045954769, 1.0880382634307395, 1.0881802888307355, 2.7609584728780767, 3.462681244712271, 2.753721947489129], [4.23002546323173, 3.556334993986974, 2.4767326560621368, 1.530393331331903, 2.512950627296711, 0.0, 4.697823862870001, 5.146693051500228, 3.84501360124259, 4.385764156860059, 2.7651070397270385, 2.1438256217139586, 3.462681284260798, 2.753722211592515, 2.760958142973206, 1.088180285428147, 1.0878530367225598, 1.0880382715041115], [1.0901559455526715, 2.126491244819737, 3.2261703351871933, 3.9098173726923, 5.146697037640986, 4.697823862870001, 0.0, 1.758444940225413, 1.7668569713044795, 2.504423145687232, 4.091690587181068, 3.490141250780103, 5.068300089066672, 5.8362702615906015, 5.775403775830971, 5.371190566603557, 4.257407879266052, 5.439133042293708], [1.0901559370162177, 2.1264911459166242, 3.2261705476882305, 3.9098179534476816, 4.6978314237449945, 5.146693051500228, 1.758444940225413, 0.0, 1.7668570335432008, 2.5044232238235793, 4.091691055960743, 3.49013999229175, 4.257420066043262, 5.439139296223528, 5.371199076566132, 5.7754008818308025, 5.068291338048315, 5.83626721724357], [1.0854346323636537, 2.155984404087466, 2.7215848222782486, 2.7915916036301764, 3.845019670780177, 3.84501360124259, 1.7668569713044795, 1.7668570335432008, 0.0, 3.078728996902521, 3.7925371677062714, 2.0552217488197924, 3.7172746951922973, 4.366731432100358, 4.687830867498761, 4.687825481447421, 3.717263717854036, 4.3667265277702905], [2.1702022902649034, 1.083919544108324, 2.071932386309544, 3.4928451747632234, 4.385766214939031, 4.385764156860059, 2.504423145687232, 2.5044232238235793, 3.078728996902521, 0.0, 2.3553869011458426, 3.7681988281077237, 4.275562415996222, 5.381110256441737, 4.5816767668158995, 4.58167413959142, 4.275559131314765, 5.381108720730588], [3.485321212892699, 2.071957468679691, 1.0835274472445993, 2.173477227986266, 2.765104143992081, 2.7651070397270385, 4.091690587181068, 4.091691055960743, 3.7925371677062714, 2.3553869011458426, 0.0, 3.069613789999704, 3.0999489916183602, 3.76725721460314, 2.567857531768083, 2.5678602140439644, 3.099953880741529, 3.7672592207981284], [2.7554477329954574, 2.696089000625732, 2.1413884725360828, 1.0928974655592552, 2.143825547244345, 2.1438256217139586, 3.490141250780103, 3.49013999229175, 2.0552217488197924, 3.7681988281077237, 3.069613789999704, 0.0, 2.485356827386723, 2.4754154640133073, 3.052505190248403, 3.0525052110961806, 2.485356608924332, 2.4754159222746663], [4.039343489243811, 3.503724936998619, 2.7208884597472656, 2.1651160117384434, 1.087853045954769, 3.462681284260798, 5.068300089066672, 4.257420066043262, 3.7172746951922973, 4.275562415996222, 3.0999489916183602, 2.485356827386723, 0.0, 1.7669776316900494, 1.7651436373634823, 3.7595726189144067, 4.3004176773268785, 3.7514134245112034], [4.951016159433412, 4.477209998711544, 3.427536440280797, 2.165867293983374, 1.0880382634307395, 2.753722211592515, 5.8362702615906015, 5.439139296223528, 4.366731432100358, 5.381110256441737, 3.76725721460314, 2.4754154640133073, 1.7669776316900494, 0.0, 1.7656814054860386, 3.1052016939826648, 3.7514133824714033, 2.546471844837346], [4.89999050957276, 3.940089816078798, 2.726079079940285, 2.164929195449729, 1.0881802888307355, 2.760958142973206, 5.775403775830971, 5.371199076566132, 4.687830867498761, 4.5816767668158995, 2.567857531768083, 3.052505190248403, 1.7651436373634823, 1.7656814054860386, 0.0, 2.5622287882883237, 3.7595725414266754, 3.1052006494313313], [4.899985305732667, 3.940086955566468, 2.7260788870638373, 2.1649291865097906, 2.7609584728780767, 1.088180285428147, 5.371190566603557, 5.7754008818308025, 4.687825481447421, 4.58167413959142, 2.5678602140439644, 3.0525052110961806, 3.7595726189144067, 3.1052016939826648, 2.5622287882883237, 0.0, 1.765143609340513, 1.7656814177671445], [4.039333765080563, 3.503720742990605, 2.720889157724804, 2.1651160289651594, 3.462681244712271, 1.0878530367225598, 4.257407879266052, 5.068291338048315, 3.717263717854036, 4.275559131314765, 3.099953880741529, 2.485356608924332, 4.3004176773268785, 3.7514133824714033, 3.7595725414266754, 1.765143609340513, 0.0, 1.7669776524308543], [4.951011912045055, 4.47720818750158, 3.427536700159546, 2.1658674230189154, 2.753721947489129, 1.0880382715041115, 5.439133042293708, 5.83626721724357, 4.3667265277702905, 5.381108720730588, 3.7672592207981284, 2.4754159222746663, 3.7514134245112034, 2.546471844837346, 3.1052006494313313, 1.7656814177671445, 1.7669776524308543, 0.0]]}