{"total energy": -22.10299746, "HOMO-LUMO gap/eV": 5.2257918, "electronic energy": -22.46635543, "dipole": [-0.02489417, 0.12719463, 0.02673341], "partial charges": [-0.1007395, -0.04053409, -0.04555375, -0.05626355, -0.05490049, -0.05226537, -0.10196644, 0.0403365, 0.04013621, 0.04042512, 0.02372003, 0.02352101, 0.0329306, 0.0339073, 0.03083257, 0.03057812, 0.02793256, 0.02851627, 0.03274791, 0.03333345, 0.03330554], "atomic dipole moments": [[-0.01576343, -0.0596971, -0.01398684], [0.08831686, 0.107632, 0.04422739], [-0.12928774, 0.04285836, -0.05048748], [-0.02602121, -0.05195014, 0.08058959], [0.00072943, 0.06715371, -0.09146177], [-0.00137938, -0.06617556, 0.09029639], [0.0730778, 0.01075071, -0.0622079], [0.03761924, 0.00676007, 0.11972858], [-0.08686092, 0.08853738, -0.01706099], [0.10026724, 0.02922151, -0.07108273], [0.08916612, -0.1056469, 0.03019013], [-0.02075879, -0.13910243, -0.01715179], [-0.03818706, -0.03152875, -0.11293187], [0.03361309, 0.11846885, -0.00576744], [0.03789891, 0.03012095, 0.11348343], [-0.03556037, -0.11762223, 0.00359016], [0.03500699, 0.11690509, -0.00306078], [-0.03659556, -0.03012944, -0.11253984], [-0.09418841, 0.0719697, -0.03476777], [0.03321206, 0.0322687, 0.11450959], [-0.03981688, -0.11682623, 0.00325125]], "atomic quadrupole moments": [[-0.05000316, 0.07786505, 0.1353122, 0.03033237, 0.04750685, -0.08530904], [-0.28403713, 0.06409131, -0.0826839, -0.3326078, -0.01918894, 0.36672103], [-0.15325672, -0.14270345, -0.22054128, -0.30048948, -0.10801412, 0.37379799], [0.14095434, -0.08351816, -0.09326195, -0.0997958, -0.06970002, -0.04769239], [0.16537867, -0.12572259, -0.11373167, -0.1054041, -0.09515972, -0.05164699], [0.16166282, -0.12151019, -0.11075931, -0.09824803, -0.09097456, -0.05090351], [0.09332482, 0.01963709, -0.11550955, -0.17071988, -0.02764907, 0.02218473], [-0.04495428, -0.00237804, -0.0315948, 0.03785001, 0.00045098, 0.07654908], [0.0372254, -0.05370374, 0.01273961, 0.02475715, -0.01054542, -0.04996501], [0.03435083, 0.01707326, -0.03292225, -0.06609741, -0.01065036, -0.00142858], [0.02770443, 0.00322843, 0.03053773, 0.04709353, 0.01126861, -0.05824215], [0.02700808, 0.00154316, 0.02884236, 0.0504656, 0.00713397, -0.05585044], [-0.02057885, 0.00708432, -0.0217052, 0.02569216, 0.02731688, 0.04228405], [-0.00887464, 0.02758453, 0.04884065, -0.00162644, 0.00869174, -0.039966], [-0.01317425, 0.00488759, -0.02530339, 0.02270092, 0.03033385, 0.03847764], [-0.01344347, 0.02371414, 0.0505689, -0.00159662, 0.00750183, -0.03712543], [-0.01143358, 0.02294694, 0.05052976, -0.00251635, 0.00763377, -0.03909618], [-0.0111886, 0.00440856, -0.02741411, 0.02335334, 0.03080539, 0.03860271], [0.02691098, -0.05752745, -0.00198181, 0.02296966, -0.03433922, -0.02492917], [-0.01926253, 0.0197569, -0.04205293, 0.03368522, 0.03243246, 0.06131546], [-0.03436492, 0.03302098, 0.07528803, -0.01125387, 0.00763414, -0.0409231]], "number of molecular orbitals": 42, "number of electrons": 42, "number of unpaired electrons": 0, "orbital energies/eV": [-16.92453855, -16.74221633, -16.37043068, -15.9439796, -15.48474228, -15.0769358, -14.39022799, -14.14158171, -13.72401577, -13.45106527, -13.19240088, -13.04703384, -12.87342622, -12.60259437, -12.15703469, -12.1290846, -11.87198992, -11.68336322, -11.409787, -11.25268989, -10.39731639, -5.17152459, 2.15130173, 2.99990282, 3.21282677, 3.46554639, 3.86300967, 4.02276978, 4.3474612, 4.53241085, 5.04291612, 5.16114486, 5.49917557, 6.11433586, 6.28340202, 6.50425666, 7.06794775, 7.36017998, 7.70266152, 8.43881391, 11.31872622, 17.7541417], "fractional occupation": [2.0, 2.0, 2.0, 2.0, 2.0, 2.0, 2.0, 2.0, 2.0, 2.0, 2.0, 2.0, 2.0, 2.0, 2.0, 2.0, 2.0, 2.0, 2.0, 2.0, 2.0, 0.0, 0.0, 0.0, 0.0, 0.0, 0.0, 0.0, 0.0, 0.0, 0.0, 0.0, 0.0, 0.0, 0.0, 0.0, 0.0, 0.0, 0.0, 0.0, 0.0, 0.0], "program call": "xtb /tmp/scratch/tmpje141vk_/508031_6f74a8_xyzopt.xyz --pop --wbo --acc 0.2 --gfn 2 --chrg 0 --uhf 0 --etemp 300 --input /tmp/scratch/tmpje141vk_/508031_6f74a8_xtb.inp", "method": "GFN2-xTB", "xtb version": "6.3.3 (7355c4f)", "Dipole module/D": 0.336, "Total charge": 0, "Transition dipole module/D": NaN, "HOMO": -10.3973, "LUMO": -5.1715, "HOMO occupancy": 2.0, "LUMO occupancy": 0, "mulliken charges": [-0.08309, -0.03762, -0.04817, -0.04263, -0.04351, -0.04001, -0.0855, 0.03483, 0.03159, 0.03569, 0.02433, 0.02483, 0.02775, 0.0255, 0.02351, 0.02358, 0.02202, 0.02208, 0.02925, 0.02778, 0.02777], "cm5 charges": [-0.23122, -0.10247, -0.11129, -0.15041, -0.15458, -0.15352, -0.23817, 0.08661, 0.08506, 0.08738, 0.08051, 0.08162, 0.08333, 0.08262, 0.07972, 0.07963, 0.07721, 0.07726, 0.08083, 0.07995, 0.07994], "FUKUI+": [0.047, -0.151, -0.145, 0.023, -0.0, 0.005, 0.012, -0.091, -0.066, -0.093, -0.13, -0.128, -0.079, -0.056, -0.021, -0.029, -0.019, -0.021, -0.029, -0.014, -0.015], "FUKUI-": [0.023, -0.064, -0.058, 0.008, -0.001, 0.005, 0.014, -0.09, -0.046, -0.098, -0.078, -0.073, -0.078, -0.047, -0.052, -0.053, -0.065, -0.066, -0.067, -0.055, -0.059], "FUKUIrad": [0.035, -0.107, -0.102, 0.015, -0.001, 0.005, 0.013, -0.091, -0.056, -0.096, -0.104, -0.101, -0.079, -0.051, -0.036, -0.041, -0.042, -0.044, -0.048, -0.034, -0.037], "s proportion": [1.0, 1.06, 1.062, 1.025, 1.031, 1.026, 1.005, 0.965, 0.968, 0.964, 0.976, 0.975, 0.972, 0.974, 0.976, 0.976, 0.978, 0.978, 0.971, 0.972, 0.972], "p proportion": [3.083, 2.978, 2.986, 3.018, 3.012, 3.014, 3.08, 0.0, 0.0, 0.0, 0.0, 0.0, 0.0, 0.0, 0.0, 0.0, 0.0, 0.0, 0.0, 0.0, 0.0], "d proportion": [0.0, 0.0, 0.0, 0.0, 0.0, 0.0, 0.0, 0.0, 0.0, 0.0, 0.0, 0.0, 0.0, 0.0, 0.0, 0.0, 0.0, 0.0, 0.0, 0.0, 0.0], "Fermi-level/eV": -7.7844, "Coordination numbers": [3.754, 2.886, 2.89, 3.805, 3.805, 3.801, 3.752, 0.925, 0.925, 0.924, 0.925, 0.925, 0.924, 0.925, 0.924, 0.924, 0.924, 0.924, 0.925, 0.925, 0.925], "Dispersion coefficient C6": [22.481, 29.005, 29.129, 21.582, 21.557, 21.512, 22.508, 2.444, 2.447, 2.443, 2.677, 2.68, 2.545, 2.532, 2.575, 2.578, 2.616, 2.608, 2.548, 2.54, 2.54], "Total dispersion C6": 3190.438006, "Total dispersion C8": 68272.589169, "Polarizability alpha": [6.761, 8.829, 8.849, 6.614, 6.61, 6.604, 6.765, 2.445, 2.446, 2.444, 2.559, 2.56, 2.495, 2.488, 2.509, 2.511, 2.529, 2.525, 2.496, 2.492, 2.492], "Total polarizability alpha": 86.024884, "Wiberg matrix": [[0.0, 1.0378382015899836, 0.0, 0.0, 0.0, 0.0, 0.0, 0.973057368046478, 0.9806903061636424, 0.9700719997032683, 0.0, 0.0, 0.0, 0.0, 0.0, 0.0, 0.0, 0.0, 0.0, 0.0, 0.0], [1.0378382015899836, 0.0, 1.9259674548750843, 0.0, 0.0, 0.0, 0.0, 0.0, 0.0, 0.0, 0.9673899118870238, 0.0, 0.0, 0.0, 0.0, 0.0, 0.0, 0.0, 0.0, 0.0, 0.0], [0.0, 1.9259674548750843, 0.0, 1.0243438305572776, 0.0, 0.0, 0.0, 0.0, 0.0, 0.0, 0.0, 0.9673011915808196, 0.0, 0.0, 0.0, 0.0, 0.0, 0.0, 0.0, 0.0, 0.0], [0.0, 0.0, 1.0243438305572776, 0.0, 0.988900798790313, 0.0, 0.0, 0.0, 0.0, 0.0, 0.0, 0.0, 0.9669284373915608, 0.9709328135955181, 0.0, 0.0, 0.0, 0.0, 0.0, 0.0, 0.0], [0.0, 0.0, 0.0, 0.988900798790313, 0.0, 1.0071201056516257, 0.0, 0.0, 0.0, 0.0, 0.0, 0.0, 0.0, 0.0, 0.9784865795643951, 0.9778815215361988, 0.0, 0.0, 0.0, 0.0, 0.0], [0.0, 0.0, 0.0, 0.0, 1.0071201056516257, 0.0, 1.0186534499332365, 0.0, 0.0, 0.0, 0.0, 0.0, 0.0, 0.0, 0.0, 0.0, 0.978643462837544, 0.9785081022065105, 0.0, 0.0, 0.0], [0.0, 0.0, 0.0, 0.0, 0.0, 1.0186534499332365, 0.0, 0.0, 0.0, 0.0, 0.0, 0.0, 0.0, 0.0, 0.0, 0.0, 0.0, 0.0, 0.9873832530244147, 0.9879907084761215, 0.9880102278156047], [0.973057368046478, 0.0, 0.0, 0.0, 0.0, 0.0, 0.0, 0.0, 0.0, 0.0, 0.0, 0.0, 0.0, 0.0, 0.0, 0.0, 0.0, 0.0, 0.0, 0.0, 0.0], [0.9806903061636424, 0.0, 0.0, 0.0, 0.0, 0.0, 0.0, 0.0, 0.0, 0.0, 0.0, 0.0, 0.0, 0.0, 0.0, 0.0, 0.0, 0.0, 0.0, 0.0, 0.0], [0.9700719997032683, 0.0, 0.0, 0.0, 0.0, 0.0, 0.0, 0.0, 0.0, 0.0, 0.0, 0.0, 0.0, 0.0, 0.0, 0.0, 0.0, 0.0, 0.0, 0.0, 0.0], [0.0, 0.9673899118870238, 0.0, 0.0, 0.0, 0.0, 0.0, 0.0, 0.0, 0.0, 0.0, 0.0, 0.0, 0.0, 0.0, 0.0, 0.0, 0.0, 0.0, 0.0, 0.0], [0.0, 0.0, 0.9673011915808196, 0.0, 0.0, 0.0, 0.0, 0.0, 0.0, 0.0, 0.0, 0.0, 0.0, 0.0, 0.0, 0.0, 0.0, 0.0, 0.0, 0.0, 0.0], [0.0, 0.0, 0.0, 0.9669284373915608, 0.0, 0.0, 0.0, 0.0, 0.0, 0.0, 0.0, 0.0, 0.0, 0.0, 0.0, 0.0, 0.0, 0.0, 0.0, 0.0, 0.0], [0.0, 0.0, 0.0, 0.9709328135955181, 0.0, 0.0, 0.0, 0.0, 0.0, 0.0, 0.0, 0.0, 0.0, 0.0, 0.0, 0.0, 0.0, 0.0, 0.0, 0.0, 0.0], [0.0, 0.0, 0.0, 0.0, 0.9784865795643951, 0.0, 0.0, 0.0, 0.0, 0.0, 0.0, 0.0, 0.0, 0.0, 0.0, 0.0, 0.0, 0.0, 0.0, 0.0, 0.0], [0.0, 0.0, 0.0, 0.0, 0.9778815215361988, 0.0, 0.0, 0.0, 0.0, 0.0, 0.0, 0.0, 0.0, 0.0, 0.0, 0.0, 0.0, 0.0, 0.0, 0.0, 0.0], [0.0, 0.0, 0.0, 0.0, 0.0, 0.978643462837544, 0.0, 0.0, 0.0, 0.0, 0.0, 0.0, 0.0, 0.0, 0.0, 0.0, 0.0, 0.0, 0.0, 0.0, 0.0], [0.0, 0.0, 0.0, 0.0, 0.0, 0.9785081022065105, 0.0, 0.0, 0.0, 0.0, 0.0, 0.0, 0.0, 0.0, 0.0, 0.0, 0.0, 0.0, 0.0, 0.0, 0.0], [0.0, 0.0, 0.0, 0.0, 0.0, 0.0, 0.9873832530244147, 0.0, 0.0, 0.0, 0.0, 0.0, 0.0, 0.0, 0.0, 0.0, 0.0, 0.0, 0.0, 0.0, 0.0], [0.0, 0.0, 0.0, 0.0, 0.0, 0.0, 0.9879907084761215, 0.0, 0.0, 0.0, 0.0, 0.0, 0.0, 0.0, 0.0, 0.0, 0.0, 0.0, 0.0, 0.0, 0.0], [0.0, 0.0, 0.0, 0.0, 0.0, 0.0, 0.9880102278156047, 0.0, 0.0, 0.0, 0.0, 0.0, 0.0, 0.0, 0.0, 0.0, 0.0, 0.0, 0.0, 0.0, 0.0]], "Born radii": [], "Atomic SASAs": [], "Solvent H bonds": [], "Total SASA": NaN, "Total FOD": 0.0, "FOD": [0.0, 0.0, 0.0, 0.0, 0.0, 0.0, 0.0, 0.0, 0.0, 0.0, 0.0, 0.0, 0.0, 0.0, 0.0, 0.0, 0.0, 0.0, 0.0, 0.0, 0.0], "FOD s proportion": [0.0, 0.0, 0.0, 0.0, 0.0, 0.0, 0.0, 0.0, 0.0, 0.0, 0.0, 0.0, 0.0, 0.0, 0.0, 0.0, 0.0, 0.0, 0.0, 0.0, 0.0], "FOD p proportion": [0.0, 0.0, 0.0, 0.0, 0.0, 0.0, 0.0, 0.0, 0.0, 0.0, 0.0, 0.0, 0.0, 0.0, 0.0, 0.0, 0.0, 0.0, 0.0, 0.0, 0.0], "FOD d proportion": [0.0, 0.0, 0.0, 0.0, 0.0, 0.0, 0.0, 0.0, 0.0, 0.0, 0.0, 0.0, 0.0, 0.0, 0.0, 0.0, 0.0, 0.0, 0.0, 0.0, 0.0], "coordinates": [["3.09568463953545", "0.62241761479402", "0.42705996042632"], ["2.61462255746964", "-0.75823628315478", "0.12071379751327"], ["1.45199105462440", "-1.11032625947542", "-0.40636992752426"], ["0.32407601260650", "-0.21199588074876", "-0.80856530188637"], ["-0.85822368590226", "-0.35461448094531", "0.15588363604176"], ["-2.03857782753246", "0.52326660469709", "-0.25148326232284"], ["-3.21036180313466", "0.37781770674764", "0.71155360491348"], ["3.41502091830809", "0.67782542593346", "1.46745714571437"], ["2.32890738959554", "1.37222295206176", "0.26016269796767"], ["3.95938792534806", "0.86162251713158", "-0.19418996842068"], ["3.32801228368925", "-1.53648935214885", "0.36458121439038"], ["1.25097676728411", "-2.16438925305465", "-0.55401685471484"], ["-0.00570668195571", "-0.48762385815256", "-1.81438155482813"], ["0.64229647485828", "0.83014452559352", "-0.83733110032406"], ["-0.53121558585928", "-0.08167099201042", "1.16197696785915"], ["-1.17647278877974", "-1.39946695015648", "0.18402545210469"], ["-1.71925444766316", "1.56790651890155", "-0.27890243482584"], ["-2.36075718897687", "0.25017461046662", "-1.25927200869312"], ["-4.03956864052067", "1.01147913497266", "0.40552765301476"], ["-2.91360291155880", "0.66290655281320", "1.71859818415146"], ["-3.55723246143572", "-0.65296785426586", "0.73715009944282"]], "bond_dist": [[0.0, 1.4938118637412998, 2.529572160074767, 3.1471939964476614, 4.081852442332665, 5.17985549110053, 6.317197755799816, 1.0897118828529484, 1.0853617328046865, 1.0904832989634567, 2.172270475760038, 3.483066374596112, 3.984329337164319, 2.767841886841405, 3.7669946932553784, 4.732696066570181, 4.95741571635198, 5.7232017081598485, 7.145884961101585, 6.146645199552463, 6.781155501933206], [1.4938118637412998, 0.0, 1.3241965926678292, 2.531509766124983, 3.496399363182538, 4.840769993080338, 5.964071859666566, 2.1252360843600937, 2.1540509989112864, 2.128732207044778, 1.0835469800099546, 2.0717281358578674, 3.268631277799058, 2.7075586412894395, 3.3820507398800435, 3.8454634386851545, 4.9348883841811695, 5.260765816595104, 6.891391158021385, 5.92740738516427, 6.203456256865571], [2.529572160074767, 1.3241965926678292, 0.0, 1.4969806045876826, 2.4948590159162283, 3.8570308069827957, 5.020145382241259, 3.249953937542296, 2.7159342015388104, 3.1969737846785424, 2.0725434366204394, 1.0831690326338512, 2.120173982121968, 2.146336346584496, 2.729643240865157, 2.7094263635274527, 4.1528275683739535, 4.137082757966027, 5.942933930184307, 5.16897037714387, 5.158404307219465], [3.1471939964476614, 2.531509766124983, 1.4969806045876826, 0.0, 1.5324276152845282, 2.53635259568374, 3.892414704543554, 3.940304626534696, 2.769707150235077, 3.8400008095778997, 3.486285820921783, 2.176184689129883, 1.093797852549649, 1.0900221833920387, 2.152102491027004, 2.155683337350488, 2.7611219956549427, 2.7613524618989262, 4.6917275577339765, 4.199354041921173, 4.200981772634317], [4.081852442332665, 3.496399363182538, 2.4948590159162283, 1.5324276152845282, 0.0, 1.526387529454902, 2.5254266464128707, 4.587676610224793, 3.626381962120697, 4.981080766348435, 4.354877091663178, 2.8684438262342637, 2.1509118203210065, 2.1544582077538514, 1.0925457601277335, 1.0926074938926236, 2.150930006990281, 2.150823626376073, 3.4712374771741366, 2.775249461629561, 2.7769648552427078], [5.17985549110053, 4.840769993080338, 3.8570308069827957, 2.53635259568374, 1.526387529454902, 0.0, 1.5237037359831969, 5.720173409630054, 4.478552845534366, 6.007774997262557, 5.781212629119683, 4.2586605894942675, 2.756286577102399, 2.761245873304921, 2.1531280142709526, 2.151696368251105, 1.0926993101036553, 1.0927108197341524, 2.16193872513863, 2.160182658602611, 2.1603785139469838], [6.317197755799816, 5.964071859666566, 5.020145382241259, 3.892414704543554, 2.5254266464128707, 1.5237037359831969, 0.0, 6.675109811842689, 5.6458921998486185, 7.242910304861217, 6.821678463162614, 5.28848056200051, 4.171229072968092, 4.176915032431656, 2.7553285691029012, 2.752041283554133, 2.149585004834936, 2.1499475248652566, 1.0875489267262413, 1.0878787958467273, 1.087884785681056], [1.0897118828529484, 2.1252360843600937, 3.249953937542296, 3.940304626534696, 4.587676610224793, 5.720173409630054, 6.675109811842689, 0.0, 1.7661796072612603, 1.7581774486666255, 2.4752971051624697, 4.104586276769909, 4.881609837477964, 3.6087741417969363, 4.030252534861202, 5.200399502937283, 5.495707385789665, 6.4013709348902355, 7.537235868381701, 6.3336225001117255, 7.135592219837574], [1.0853617328046865, 2.1540509989112864, 2.7159342015388104, 2.769707150235077, 3.626381962120697, 4.478552845534366, 5.6458921998486185, 1.7661796072612603, 0.0, 1.7679411548671287, 3.0772911926953093, 3.785822058668547, 3.6349947561664475, 2.0839860929099188, 3.332773621582209, 4.469424122771575, 4.088581359880535, 5.055751988398808, 6.380341214848041, 5.487629550116558, 6.243040695774635], [1.0904832989634567, 2.128732207044778, 3.1969737846785424, 3.8400008095778997, 4.981080766348435, 6.007774997262557, 7.242910304861217, 1.7581774486666255, 1.7679411548671287, 0.0, 2.542007272452977, 4.076973586194919, 4.490819725033763, 3.379011256330707, 4.784820926462738, 5.624289978150619, 5.723023020544225, 6.4383617917294105, 8.022806514806737, 7.136963611740009, 7.724050773664772], [2.172270475760038, 1.0835469800099546, 2.0725434366204394, 3.486285820921783, 4.354877091663178, 5.781212629119683, 6.821678463162614, 2.4752971051624697, 3.0772911926953093, 2.542007272452977, 0.0, 2.356301600926698, 4.1184559869005986, 3.7760585971810214, 4.20071139186519, 4.510184174735914, 5.960389784940263, 6.179900122054195, 7.79583662585243, 6.754884495438554, 6.951691377758483], [3.483066374596112, 2.0717281358578674, 1.0831690326338512, 2.176184689129883, 2.8684438262342637, 4.2586605894942675, 5.28848056200051, 4.104586276769909, 3.785822058668547, 4.076973586194919, 2.356301600926698, 0.0, 2.44526371960697, 3.06887458388537, 3.2339696562586933, 2.649966777784415, 4.777864914754301, 4.401377699544119, 6.2447366952041685, 5.52287104594979, 5.202920596681442], [3.984329337164319, 3.268631277799058, 2.120173982121968, 1.093797852549649, 2.1509118203210065, 2.756286577102399, 4.171229072968092, 4.881609837477964, 3.6349947561664475, 4.490819725033763, 4.1184559869005986, 2.44526371960697, 0.0, 1.7638166557463568, 3.0495356028720435, 2.489132713754202, 3.085311524678863, 2.529576264738355, 4.84224627376801, 4.718212219128893, 4.376184157700457], [2.767841886841405, 2.7075586412894395, 2.146336346584496, 1.0900221833920387, 2.1544582077538514, 2.761245873304921, 4.176915032431656, 3.6087741417969363, 2.0839860929099188, 3.379011256330707, 3.7760585971810214, 3.06887458388537, 1.7638166557463568, 0.0, 2.4911384638946497, 3.053237326894131, 2.5363473919953914, 3.087512030823739, 4.847415917776393, 4.382369620776022, 4.723839187195318], [3.7669946932553784, 3.3820507398800435, 2.729643240865157, 2.152102491027004, 1.0925457601277335, 2.1531280142709526, 2.7553285691029012, 4.030252534861202, 3.332773621582209, 4.784820926462738, 4.20071139186519, 3.2339696562586933, 3.0495356028720435, 2.4911384638946497, 0.0, 1.7633298648844107, 2.491721444051209, 3.052833206691261, 3.751764108016865, 2.5573408588485056, 3.1086389472283105], [4.732696066570181, 3.8454634386851545, 2.7094263635274527, 2.155683337350488, 1.0926074938926236, 2.151696368251105, 2.752041283554133, 5.200399502937283, 4.469424122771575, 5.624289978150619, 4.510184174735914, 2.649966777784415, 2.489132713754202, 3.053237326894131, 1.7633298648844107, 0.0, 3.051920618657649, 2.491376001215132, 3.749538919209088, 3.1025665180877766, 2.5556260279241667], [4.95741571635198, 4.9348883841811695, 4.1528275683739535, 2.7611219956549427, 2.150930006990281, 1.0926993101036553, 2.149585004834936, 5.495707385789665, 4.088581359880535, 5.723023020544225, 5.960389784940263, 4.777864914754301, 3.085311524678863, 2.5363473919953914, 2.491721444051209, 3.051920618657649, 0.0, 1.763254845728569, 2.4823202719035753, 2.497098699419886, 3.0566008756291403], [5.7232017081598485, 5.260765816595104, 4.137082757966027, 2.7613524618989262, 2.150823626376073, 1.0927108197341524, 2.1499475248652566, 6.4013709348902355, 5.055751988398808, 6.4383617917294105, 6.179900122054195, 4.401377699544119, 2.529576264738355, 3.087512030823739, 3.052833206691261, 2.491376001215132, 1.763254845728569, 0.0, 2.4838579634291977, 3.056746135131691, 2.496581787777538], [7.145884961101585, 6.891391158021385, 5.942933930184307, 4.6917275577339765, 3.4712374771741366, 2.16193872513863, 1.0875489267262413, 7.537235868381701, 6.380341214848041, 8.022806514806737, 7.79583662585243, 6.2447366952041685, 4.84224627376801, 4.847415917776393, 3.751764108016865, 3.749538919209088, 2.4823202719035753, 2.4838579634291977, 0.0, 1.7644987638333909, 1.7643711107968114], [6.146645199552463, 5.92740738516427, 5.16897037714387, 4.199354041921173, 2.775249461629561, 2.160182658602611, 1.0878787958467273, 6.3336225001117255, 5.487629550116558, 7.136963611740009, 6.754884495438554, 5.52287104594979, 4.718212219128893, 4.382369620776022, 2.5573408588485056, 3.1025665180877766, 2.497098699419886, 3.056746135131691, 1.7644987638333909, 0.0, 1.7632426933518517], [6.781155501933206, 6.203456256865571, 5.158404307219465, 4.200981772634317, 2.7769648552427078, 2.1603785139469838, 1.087884785681056, 7.135592219837574, 6.243040695774635, 7.724050773664772, 6.951691377758483, 5.202920596681442, 4.376184157700457, 4.723839187195318, 3.1086389472283105, 2.5556260279241667, 3.0566008756291403, 2.496581787777538, 1.7643711107968114, 1.7632426933518517, 0.0]]}