{"total energy": -29.2318755, "HOMO-LUMO gap/eV": 3.85973215, "electronic energy": -29.60764404, "dipole": [-0.2804479, 0.18387381, 1.08001088], "partial charges": [-0.10552653, -0.0247505, -0.02717421, -0.10643538, 0.34582376, -0.42305221, -0.27826599, 0.08776181, -0.11499784, 0.04893484, 0.05538688, 0.055387, 0.05481955, 0.06117275, 0.06117255, 0.04639969, 0.04950665, 0.04950666, 0.05656161, 0.05120728, 0.05656162], "atomic dipole moments": [[0.07173629, 0.00489954, -0.02860759], [-0.09706303, -0.00072304, 0.06687299], [0.05038168, -0.01987824, -0.13129392], [0.05458213, 0.0231477, 0.07083626], [0.14588002, 0.0415875, 0.09262744], [-0.06594837, 0.02903613, 0.18624167], [0.09450942, -0.03183088, -0.22026183], [-0.20995484, -0.00566989, 0.12507567], [-0.05885347, -0.03159499, -0.10802486], [-0.09074047, -0.03092234, -0.08171972], [-0.03197608, 0.11177038, 0.05263465], [-0.00190807, -0.08614078, 0.09413629], [0.10894119, 0.03546863, 0.09020847], [0.0410959, -0.11067287, -0.05275283], [0.01095044, 0.08773164, -0.09435816], [-0.1186325, -0.01116972, 0.03269115], [0.0360801, -0.10980104, -0.04936342], [0.00619921, 0.08687227, -0.0906067], [-0.01451029, -0.09011605, 0.08814323], [0.12134419, 0.01235194, -0.02901293], [-0.0448083, 0.10930207, 0.04632445]], "atomic quadrupole moments": [[0.1343463, 0.01372728, -0.10120899, -0.1064781, -0.00153218, -0.03313731], [-0.11408389, -0.10995697, 0.50635359, -0.03146939, -0.20577953, -0.39226969], [-0.04739906, -0.04085096, 0.32866153, 0.10026014, -0.11921606, -0.28126247], [0.03163936, 0.05116331, -0.10925745, 0.12672027, 0.06283464, 0.0776181], [-0.25244401, -0.06155411, 0.40733646, 0.20534881, -0.09274225, -0.15489246], [-0.11011663, -0.04441735, 0.17215942, 0.00548737, -0.05198033, -0.06204279], [0.08193288, 0.02091551, -0.08528308, -0.02614093, 0.0159844, 0.0033502], [0.45596324, 0.12168278, -0.36120644, -0.03385728, 0.0571205, -0.0947568], [-0.0133478, 0.05844321, -0.12665369, 0.17672005, 0.08852305, 0.14000149], [0.01320134, 0.02072317, -0.04596464, 0.04974699, 0.02586465, 0.03276329], [-0.02808266, -0.02207005, 0.06093473, -0.00772513, 0.05041625, -0.03285207], [-0.03373923, 0.00012203, 0.01383846, 0.00748121, -0.07042804, 0.01990077], [0.027639, 0.01272571, -0.06814029, -0.01346799, 0.02211455, 0.04050129], [-0.01989999, -0.03466939, 0.05318651, -0.00628851, 0.04247592, -0.03328653], [-0.03363888, 0.01301941, 0.02056478, 0.00102595, -0.06464416, 0.0130741], [0.0717676, 0.01132664, -0.05633712, -0.04049466, 0.0029144, -0.01543048], [0.00773898, -0.01837072, 0.0266182, -0.00210373, 0.01698549, -0.03435718], [-0.00122758, 0.01219732, 0.01266995, 9.2e-06, -0.03618809, -0.01144237], [-0.04921767, 0.01844028, 0.03107688, -0.00625828, -0.05540386, 0.01814079], [0.0840512, 0.0152943, -0.05282014, -0.02803502, 0.00078992, -0.03123106], [-0.02981871, -0.04684292, 0.05006267, -0.00677559, 0.03412667, -0.02024396]], "number of molecular orbitals": 48, "number of electrons": 52, "number of unpaired electrons": 0, "orbital energies/eV": [-19.9171987, -19.11421639, -18.21896551, -17.3876492, -16.81733171, -16.50464312, -16.26820511, -15.98928971, -15.69562294, -15.53834467, -14.87850504, -14.5472457, -14.13274077, -13.70515869, -13.51443171, -13.38331652, -13.0554067, -13.04110722, -12.96345933, -12.7307308, -12.66405875, -12.38096568, -12.0213782, -11.77287775, -10.95516533, -10.8906317, -7.03089955, -4.15616545, 0.26084615, 2.69913825, 2.82081847, 3.14697686, 3.53193954, 3.99443004, 4.02390637, 4.663321, 4.69915539, 5.09324308, 5.6794288, 6.17477166, 6.24457062, 6.88473189, 7.08711675, 7.25756784, 8.25315136, 10.18558196, 15.19896784, 19.37123927], "fractional occupation": [2.0, 2.0, 2.0, 2.0, 2.0, 2.0, 2.0, 2.0, 2.0, 2.0, 2.0, 2.0, 2.0, 2.0, 2.0, 2.0, 2.0, 2.0, 2.0, 2.0, 2.0, 2.0, 2.0, 2.0, 2.0, 2.0, 0.0, 0.0, 0.0, 0.0, 0.0, 0.0, 0.0, 0.0, 0.0, 0.0, 0.0, 0.0, 0.0, 0.0, 0.0, 0.0, 0.0, 0.0, 0.0, 0.0, 0.0, 0.0], "program call": "xtb /tmp/scratch/tmp92mukezs/508292_8673ea_xyzopt.xyz --pop --wbo --acc 0.2 --gfn 2 --chrg 0 --uhf 0 --etemp 300 --input /tmp/scratch/tmp92mukezs/508292_8673ea_xtb.inp", "method": "GFN2-xTB", "xtb version": "6.3.3 (7355c4f)", "Dipole module/D": 2.874, "Total charge": 0, "Transition dipole module/D": NaN, "HOMO": -10.8906, "LUMO": -7.0309, "HOMO occupancy": 2.0, "LUMO occupancy": 0, "mulliken charges": [-0.0829, -0.0091, -0.04299, -0.08105, 0.5699, -0.54164, -0.42554, 0.20742, -0.09736, 0.03751, 0.0447, 0.0447, 0.04598, 0.05171, 0.05171, 0.03099, 0.03845, 0.03845, 0.04237, 0.03433, 0.04237], "cm5 charges": [-0.23094, -0.06913, -0.05527, -0.22548, 0.62754, -0.59308, -0.51249, 0.12516, -0.24654, 0.09091, 0.09656, 0.09656, 0.11004, 0.10677, 0.10677, 0.0848, 0.1039, 0.1039, 0.0967, 0.08661, 0.0967], "FUKUI+": [0.037, -0.113, -0.07, 0.034, -0.078, -0.183, -0.07, 0.018, 0.013, -0.053, -0.074, -0.074, -0.087, -0.055, -0.055, -0.055, -0.031, -0.031, -0.019, -0.036, -0.019], "FUKUI-": [0.02, -0.051, -0.061, 0.021, -0.004, -0.097, -0.06, 0.012, 0.014, -0.048, -0.087, -0.087, -0.058, -0.084, -0.084, -0.055, -0.07, -0.07, -0.052, -0.048, -0.052], "FUKUIrad": [0.028, -0.082, -0.065, 0.027, -0.041, -0.14, -0.065, 0.015, 0.014, -0.05, -0.081, -0.081, -0.073, -0.07, -0.07, -0.055, -0.051, -0.051, -0.035, -0.042, -0.035], "s proportion": [1.002, 1.074, 1.089, 1.002, 0.976, 1.723, 1.688, 0.994, 1.008, 0.962, 0.955, 0.955, 0.954, 0.948, 0.948, 0.969, 0.962, 0.962, 0.958, 0.966, 0.958], "p proportion": [3.081, 2.935, 2.954, 3.079, 2.454, 4.818, 4.737, 2.798, 3.089, 0.0, 0.0, 0.0, 0.0, 0.0, 0.0, 0.0, 0.0, 0.0, 0.0, 0.0, 0.0], "d proportion": [0.0, 0.0, 0.0, 0.0, 0.0, 0.0, 0.0, 0.0, 0.0, 0.0, 0.0, 0.0, 0.0, 0.0, 0.0, 0.0, 0.0, 0.0, 0.0, 0.0, 0.0], "Fermi-level/eV": -8.9608, "Coordination numbers": [3.754, 2.895, 2.939, 3.759, 2.733, 0.857, 1.704, 3.703, 3.751, 0.925, 0.925, 0.925, 0.925, 0.925, 0.925, 0.925, 0.924, 0.924, 0.925, 0.925, 0.925], "Dispersion coefficient C6": [22.574, 28.62, 28.68, 22.584, 21.126, 22.147, 18.618, 19.268, 22.763, 2.333, 2.254, 2.254, 2.261, 2.185, 2.185, 2.365, 2.326, 2.326, 2.24, 2.305, 2.24], "Total dispersion C6": 3711.15604, "Total dispersion C8": 81444.766246, "Polarizability alpha": [6.775, 8.771, 8.783, 6.775, 7.525, 6.31, 5.826, 6.276, 6.804, 2.389, 2.348, 2.348, 2.351, 2.312, 2.312, 2.405, 2.385, 2.385, 2.34, 2.374, 2.34], "Total polarizability alpha": 92.133653, "Wiberg matrix": [[0.0, 1.049736114237999, 0.0, 0.0, 0.0, 0.0, 0.0, 0.0, 0.0, 0.9786438937348397, 0.963890665815607, 0.963890310069806, 0.0, 0.0, 0.0, 0.0, 0.0, 0.0, 0.0, 0.0, 0.0], [1.049736114237999, 0.0, 1.8114669836261523, 0.0, 0.0, 0.0, 0.0, 0.0, 0.0, 0.0, 0.0, 0.0, 0.9610729711731025, 0.0, 0.0, 0.0, 0.0, 0.0, 0.0, 0.0, 0.0], [0.0, 1.8114669836261523, 0.0, 1.0268845348676998, 1.0065401759746282, 0.0, 0.0, 0.0, 0.0, 0.0, 0.0, 0.0, 0.0, 0.0, 0.0, 0.0, 0.0, 0.0, 0.0, 0.0, 0.0], [0.0, 0.0, 1.0268845348676998, 0.0, 0.0, 0.0, 0.0, 0.0, 0.0, 0.0, 0.0, 0.0, 0.0, 0.9684224683552117, 0.9684222297646703, 0.9793934238897681, 0.0, 0.0, 0.0, 0.0, 0.0], [0.0, 0.0, 1.0065401759746282, 0.0, 0.0, 1.7187009894703362, 1.1114421080874581, 0.0, 0.0, 0.0, 0.0, 0.0, 0.0, 0.0, 0.0, 0.0, 0.0, 0.0, 0.0, 0.0, 0.0], [0.0, 0.0, 0.0, 0.0, 1.7187009894703362, 0.0, 0.164685975980825, 0.0, 0.0, 0.0, 0.0, 0.0, 0.0, 0.0, 0.0, 0.0, 0.0, 0.0, 0.0, 0.0, 0.0], [0.0, 0.0, 0.0, 0.0, 1.1114421080874581, 0.164685975980825, 0.0, 0.9407789324314104, 0.0, 0.0, 0.0, 0.0, 0.0, 0.0, 0.0, 0.0, 0.0, 0.0, 0.0, 0.0, 0.0], [0.0, 0.0, 0.0, 0.0, 0.0, 0.0, 0.9407789324314104, 0.0, 1.0193100959171943, 0.0, 0.0, 0.0, 0.0, 0.0, 0.0, 0.0, 0.9685569142736156, 0.9685569006168901, 0.0, 0.0, 0.0], [0.0, 0.0, 0.0, 0.0, 0.0, 0.0, 0.0, 1.0193100959171943, 0.0, 0.0, 0.0, 0.0, 0.0, 0.0, 0.0, 0.0, 0.0, 0.0, 0.985557340733217, 0.9839993351359589, 0.9855573374160347], [0.9786438937348397, 0.0, 0.0, 0.0, 0.0, 0.0, 0.0, 0.0, 0.0, 0.0, 0.0, 0.0, 0.0, 0.0, 0.0, 0.0, 0.0, 0.0, 0.0, 0.0, 0.0], [0.963890665815607, 0.0, 0.0, 0.0, 0.0, 0.0, 0.0, 0.0, 0.0, 0.0, 0.0, 0.0, 0.0, 0.0, 0.0, 0.0, 0.0, 0.0, 0.0, 0.0, 0.0], [0.963890310069806, 0.0, 0.0, 0.0, 0.0, 0.0, 0.0, 0.0, 0.0, 0.0, 0.0, 0.0, 0.0, 0.0, 0.0, 0.0, 0.0, 0.0, 0.0, 0.0, 0.0], [0.0, 0.9610729711731025, 0.0, 0.0, 0.0, 0.0, 0.0, 0.0, 0.0, 0.0, 0.0, 0.0, 0.0, 0.0, 0.0, 0.0, 0.0, 0.0, 0.0, 0.0, 0.0], [0.0, 0.0, 0.0, 0.9684224683552117, 0.0, 0.0, 0.0, 0.0, 0.0, 0.0, 0.0, 0.0, 0.0, 0.0, 0.0, 0.0, 0.0, 0.0, 0.0, 0.0, 0.0], [0.0, 0.0, 0.0, 0.9684222297646703, 0.0, 0.0, 0.0, 0.0, 0.0, 0.0, 0.0, 0.0, 0.0, 0.0, 0.0, 0.0, 0.0, 0.0, 0.0, 0.0, 0.0], [0.0, 0.0, 0.0, 0.9793934238897681, 0.0, 0.0, 0.0, 0.0, 0.0, 0.0, 0.0, 0.0, 0.0, 0.0, 0.0, 0.0, 0.0, 0.0, 0.0, 0.0, 0.0], [0.0, 0.0, 0.0, 0.0, 0.0, 0.0, 0.0, 0.9685569142736156, 0.0, 0.0, 0.0, 0.0, 0.0, 0.0, 0.0, 0.0, 0.0, 0.0, 0.0, 0.0, 0.0], [0.0, 0.0, 0.0, 0.0, 0.0, 0.0, 0.0, 0.9685569006168901, 0.0, 0.0, 0.0, 0.0, 0.0, 0.0, 0.0, 0.0, 0.0, 0.0, 0.0, 0.0, 0.0], [0.0, 0.0, 0.0, 0.0, 0.0, 0.0, 0.0, 0.0, 0.985557340733217, 0.0, 0.0, 0.0, 0.0, 0.0, 0.0, 0.0, 0.0, 0.0, 0.0, 0.0, 0.0], [0.0, 0.0, 0.0, 0.0, 0.0, 0.0, 0.0, 0.0, 0.9839993351359589, 0.0, 0.0, 0.0, 0.0, 0.0, 0.0, 0.0, 0.0, 0.0, 0.0, 0.0, 0.0], [0.0, 0.0, 0.0, 0.0, 0.0, 0.0, 0.0, 0.0, 0.9855573374160347, 0.0, 0.0, 0.0, 0.0, 0.0, 0.0, 0.0, 0.0, 0.0, 0.0, 0.0, 0.0]], "Born radii": [], "Atomic SASAs": [], "Solvent H bonds": [], "Total SASA": NaN, "Total FOD": 0.0, "FOD": [0.0, 0.0, 0.0, 0.0, 0.0, 0.0, 0.0, 0.0, 0.0, 0.0, 0.0, 0.0, 0.0, 0.0, 0.0, 0.0, 0.0, 0.0, 0.0, 0.0, 0.0], "FOD s proportion": [0.0, 0.0, 0.0, 0.0, 0.0, 0.0, 0.0, 0.0, 0.0, 0.0, 0.0, 0.0, 0.0, 0.0, 0.0, 0.0, 0.0, 0.0, 0.0, 0.0, 0.0], "FOD p proportion": [0.0, 0.0, 0.0, 0.0, 0.0, 0.0, 0.0, 0.0, 0.0, 0.0, 0.0, 0.0, 0.0, 0.0, 0.0, 0.0, 0.0, 0.0, 0.0, 0.0, 0.0], "FOD d proportion": [0.0, 0.0, 0.0, 0.0, 0.0, 0.0, 0.0, 0.0, 0.0, 0.0, 0.0, 0.0, 0.0, 0.0, 0.0, 0.0, 0.0, 0.0, 0.0, 0.0, 0.0], "coordinates": [["-2.80769872011594", "-0.14624587892446", "1.29015296467720"], ["-1.44364815806934", "-0.06260026085415", "0.70077387635011"], ["-1.08678118330878", "-0.27449216898140", "-0.56820323433790"], ["-1.99044517554690", "-0.64965957291733", "-1.70252354537732"], ["0.33449857887462", "-0.14437169001734", "-0.97742175707622"], ["0.72963350501448", "-0.32103675537752", "-2.10615034384532"], ["1.15556701781864", "0.19173752451977", "0.03048430821104"], ["2.53470619288732", "0.33000624966313", "-0.30935855040163"], ["3.30135033525208", "0.70922934156775", "0.94357534219640"], ["-3.56554737521916", "-0.41423159829607", "0.56125933006703"], ["-3.07173439686850", "0.81358073133774", "1.73412680977142"], ["-2.81350198622852", "-0.88612595809266", "2.09055204698443"], ["-0.66698376380122", "0.20317692218974", "1.40547086494746"], ["-1.65999903655197", "-1.59406151158173", "-2.13188786578953"], ["-1.91760364132321", "0.10138749747587", "-2.48742220589427"], ["-3.02501556348445", "-0.74159606700518", "-1.39133960971578"], ["2.89357077006466", "-0.61828284530612", "-0.72592583991960"], ["2.63287880011354", "1.09756595853722", "-1.08574670732366"], ["3.18543010417828", "-0.06147812987307", "1.70091750608799"], ["4.35557813219001", "0.81977002030468", "0.70690697620870"], ["2.92574656412437", "1.64773019163115", "1.34248963417945"]], "bond_dist": [[0.0, 1.4882870136500153, 2.536038651484169, 3.1428397027596406, 3.87495838649949, 4.90694887734918, 4.17234624816459, 5.597012009218433, 6.1783844378748025, 1.0850976271304362, 1.0899975850860193, 1.089997660734082, 2.172108431052826, 3.888926344789913, 3.8889157496295206, 2.755371278681712, 6.065629929664307, 6.0656286477206915, 6.007787128747645, 7.251613466216352, 6.00778529044424], [1.4882870136500153, 0.0, 1.335123636917065, 2.5336661404936844, 2.4463918265034823, 3.5593210288926773, 2.6962743452385096, 4.123325203455543, 4.813489813909904, 2.1553573239341977, 2.118059540488885, 2.118059831096896, 1.0818701114684632, 3.227406669523051, 3.227401438282342, 2.709002955749361, 4.599535111903282, 4.599534051759885, 4.735890000548645, 5.86597310713418, 4.735888470907999], [2.536038651484169, 1.335123636917065, 0.0, 1.4980126033783323, 1.4847313901140742, 2.38050625500575, 2.367260517096684, 3.680705058068836, 4.744352505766452, 2.7275436983951766, 3.228725062379637, 3.228721150731009, 2.0735927961572753, 2.124841543232205, 2.124841862628619, 2.1569636196547703, 3.9982833969296183, 3.9982827743912006, 4.842114538135176, 5.695839771880686, 4.8421136877775695], [3.1428397027596406, 2.5336661404936844, 1.4980126033783323, 0.0, 2.4872579096721434, 2.769428745624965, 3.688991463392016, 4.835043819284366, 6.070545126497419, 2.7678667196600615, 3.8885504023590465, 3.8885423122678926, 3.484036373285511, 1.0887806905767445, 1.088780739329812, 1.0842617988088594, 4.980797058135259, 4.980796654114958, 6.22246360471567, 6.945256697209039, 6.222463034453365], [3.87495838649949, 2.4463918265034823, 1.4847313901140742, 2.4872579096721434, 0.0, 1.2088715307112, 1.342757395053019, 2.347819503822064, 3.6360794711965485, 4.2012762706196565, 4.457868499293511, 4.457866105492629, 2.608051795619375, 2.7225747579924042, 2.722583946159977, 3.437199473104937, 2.6147069547419246, 2.614707451919929, 3.912567330141508, 4.46493149930018, 3.9125674612135146], [4.90694887734918, 3.5593210288926773, 2.38050625500575, 2.769428745624965, 1.2088715307112, 0.0, 2.238205633051146, 2.628802988415722, 4.12019446695721, 5.056909969650679, 5.521366079442383, 5.521362682665137, 3.8153405207590687, 2.7076924001182165, 2.707706592513143, 3.8451546324957366, 2.583795542663485, 2.5837956371721047, 4.537848965152331, 4.728869423519223, 4.537849001240294], [4.17234624816459, 2.6962743452385096, 2.367260517096684, 3.688991463392016, 1.342757395053019, 2.238205633051146, 0.0, 1.427107659958393, 2.388706566833133, 4.789346700102332, 4.5999091292768455, 4.599910600693477, 2.2830703542834794, 3.9739582059650655, 3.973964549586614, 4.513309823815827, 2.061297250410317, 2.061297390970907, 2.6409864417608224, 3.3304719746070823, 2.640986226433365], [5.597012009218433, 4.123325203455543, 3.680705058068836, 4.835043819284366, 2.347819503822064, 2.628802988415722, 1.427107659958393, 0.0, 1.5170355083770288, 6.206847755771244, 5.986806559680214, 5.98680876171508, 3.6342185103284748, 4.961774059466575, 4.961783014304174, 5.764505229946197, 1.0961588840522247, 1.0961589016676634, 2.1489326307360375, 2.1420174581336964, 2.148932615061896], [6.1783844378748025, 4.813489813909904, 4.744352505766452, 6.070545126497419, 3.6360794711965485, 4.12019446695721, 2.388706566833133, 1.5170355083770288, 0.0, 6.968688124934662, 6.422777423998156, 6.422782341555539, 4.027047559540982, 6.275237866963898, 6.2752447356293795, 6.897798756380206, 2.1715908862329036, 2.1715910070816893, 1.0867357819244297, 1.0861065348074799, 1.0867357778243154], [1.0850976271304362, 2.1553573239341977, 2.7275436983951766, 2.7678667196600615, 4.2012762706196565, 5.056909969650679, 4.789346700102332, 6.206847755771244, 6.968688124934662, 0.0, 1.7683304270798716, 1.7683305030243979, 3.08148623333447, 3.5037344239869253, 3.503718126465505, 2.0523120509589567, 6.589285984685637, 6.589282797930141, 6.8555782174071425, 8.017992425518003, 6.855574681829489], [1.0899975850860193, 2.118059540488885, 3.228725062379637, 3.8885504023590465, 4.457868499293511, 5.521366079442383, 4.5999091292768455, 5.986806559680214, 6.422777423998156, 1.7683304270798716, 0.0, 1.7557692780435976, 2.502685187459262, 4.76820798299644, 4.434040267625242, 3.4913174967108107, 6.609611038178465, 6.369846622083091, 6.3181435929863685, 7.498012423174028, 6.0678631227875774], [1.089997660734082, 2.118059831096896, 3.228721150731009, 3.8885423122678926, 4.457866105492629, 5.521362682665137, 4.599910600693477, 5.98680876171508, 6.422782341555539, 1.7683305030243979, 1.7557692780435976, 0.0, 2.5026900467667104, 4.434043371437964, 4.7681930465694515, 3.4913029647654312, 6.3698482765377085, 6.609612020879728, 6.0678699179662186, 7.49801737229903, 6.318148327134504], [2.172108431052826, 1.0818701114684632, 2.0735927961572753, 3.484036373285511, 2.608051795619375, 3.8153405207590687, 2.2830703542834794, 3.6342185103284748, 4.027047559540982, 3.08148623333447, 2.502685187459262, 2.5026900467667104, 0.0, 4.0901163931681435, 4.090113400144824, 3.77823487896341, 4.230271463129215, 4.230270639268495, 3.872779831664119, 5.108258661653286, 3.872778329943406], [3.888926344789913, 3.227406669523051, 2.124841543232205, 1.0887806905767445, 2.7225747579924042, 2.7076924001182165, 3.9739582059650655, 4.961774059466575, 6.275237866963898, 3.5037344239869253, 4.76820798299644, 4.434043371437964, 4.0901163931681435, 0.0, 1.7513743579564758, 1.771547112715261, 4.864552518729497, 5.173786802900676, 6.365327359878722, 7.076193008417354, 6.603754626985543], [3.8889157496295206, 3.227401438282342, 2.124841862628619, 1.088780739329812, 2.722583946159977, 2.707706592513143, 3.973964549586614, 4.961783014304174, 6.2752447356293795, 3.503718126465505, 4.434040267625242, 4.7681930465694515, 4.090113400144824, 1.7513743579564758, 0.0, 1.7715472087910633, 5.173798804207149, 4.864561252507762, 6.603761667660816, 7.07620109495759, 6.365331228075519], [2.755371278681712, 2.709002955749361, 2.1569636196547703, 1.0842617988088594, 3.437199473104937, 3.8451546324957366, 4.513309823815827, 5.764505229946197, 6.897798756380206, 2.0523120509589567, 3.4913174967108107, 3.4913029647654312, 3.77823487896341, 1.771547112715261, 1.7715472087910633, 0.0, 5.957150814219366, 5.957153062312867, 6.970957600619778, 7.83030434239785, 6.970959202603994], [6.065629929664307, 4.599535111903282, 3.9982833969296183, 4.980797058135259, 2.6147069547419246, 2.583795542663485, 2.061297250410317, 1.0961588840522247, 2.1715908862329036, 6.589285984685637, 6.609611038178465, 6.3698482765377085, 4.230271463129215, 4.864552518729497, 5.173798804207149, 5.957150814219366, 0.0, 1.7724470309340774, 2.5069467461633566, 2.501693716299882, 3.0682556834112504], [6.0656286477206915, 4.599534051759885, 3.9982827743912006, 4.980796654114958, 2.614707451919929, 2.5837956371721047, 2.061297390970907, 1.0961589016676634, 2.1715910070816893, 6.589282797930141, 6.369846622083091, 6.609612020879728, 4.230270639268495, 5.173786802900676, 4.864561252507762, 5.957153062312867, 1.7724470309340774, 0.0, 3.0682557880352244, 2.5016935865763723, 2.506947135615138], [6.007787128747645, 4.735890000548645, 4.842114538135176, 6.22246360471567, 3.912567330141508, 4.537848965152331, 2.6409864417608224, 2.1489326307360375, 1.0867357819244297, 6.8555782174071425, 6.3181435929863685, 6.0678699179662186, 3.872779831664119, 6.365327359878722, 6.603761667660816, 6.970957600619778, 2.5069467461633566, 3.0682557880352244, 0.0, 1.7702829274334524, 1.765587484843243], [7.251613466216352, 5.86597310713418, 5.695839771880686, 6.945256697209039, 4.46493149930018, 4.728869423519223, 3.3304719746070823, 2.1420174581336964, 1.0861065348074799, 8.017992425518003, 7.498012423174028, 7.49801737229903, 5.108258661653286, 7.076193008417354, 7.07620109495759, 7.83030434239785, 2.501693716299882, 2.5016935865763723, 1.7702829274334524, 0.0, 1.7702829359888121], [6.00778529044424, 4.735888470907999, 4.8421136877775695, 6.222463034453365, 3.9125674612135146, 4.537849001240294, 2.640986226433365, 2.148932615061896, 1.0867357778243154, 6.855574681829489, 6.0678631227875774, 6.318148327134504, 3.872778329943406, 6.603754626985543, 6.365331228075519, 6.970959202603994, 3.0682556834112504, 2.506947135615138, 1.765587484843243, 1.7702829359888121, 0.0]]}