{"total energy": -30.28292094, "HOMO-LUMO gap/eV": 5.0683656, "electronic energy": -30.64799817, "dipole": [0.26554423, -0.79929698, 0.34925121], "partial charges": [-0.11533061, 0.08208117, -0.26914885, 0.3586834, -0.41697398, -0.0945133, -0.00616948, -0.10982743, -0.10689366, 0.05851245, 0.05627853, 0.05193389, 0.0570071, 0.0463184, 0.06085084, 0.06715179, 0.05001407, 0.04153688, 0.03637397, 0.03858022, 0.03737927, 0.0404084, 0.03574692], "atomic dipole moments": [[-0.09543745, 0.06649275, -0.05232151], [-0.15203258, -0.10939991, 0.15810025], [0.02751434, 0.20544381, -0.12307051], [0.13461748, -0.08052623, -0.01991948], [-0.00029167, -0.17130638, 0.09480863], [-0.00012508, 0.05668273, -0.09429795], [0.03440734, -0.101512, 0.04060345], [0.08106641, 0.02625824, -0.06309816], [0.00701955, 0.06237214, 0.08223395], [-0.02020584, -0.12516905, -0.00831513], [0.01497302, 0.03028267, 0.12270199], [0.10323026, 0.0314118, -0.06433113], [0.00841914, 0.12658757, 0.01162923], [-0.01942725, -0.02882925, -0.12040576], [0.02597838, -0.12365484, 0.02602591], [-0.00518801, 0.06772333, 0.11010191], [-0.00680643, 0.12121359, -0.03636281], [-0.1088248, 0.01523946, -0.05817277], [0.00038948, 0.07339441, 0.10007967], [0.00650271, -0.11741215, 0.03827936], [0.01132721, -0.11953453, 0.02892313], [-0.10722957, 0.01506566, -0.0598536], [0.09274426, 0.03155893, -0.07895989]], "atomic quadrupole moments": [[0.13324305, -0.16326655, -0.05000257, 0.11561427, -0.08327843, -0.08324048], [0.3678606, 0.03089157, -0.24259733, -0.23616155, -0.17667712, -0.12526327], [0.04747802, 0.00643202, -0.01772711, -0.06066847, -0.04028336, -0.02975091], [-0.05320802, -0.00036353, -0.12109243, 0.24936065, 0.3235018, 0.17430045], [-0.06853565, 0.0413584, -0.02465924, 0.0978039, 0.09965702, 0.09319489], [0.20748095, 0.03965133, -0.1766861, -0.02507553, -0.10223638, -0.03079485], [0.13198481, 0.02051825, -0.20820944, 0.01146835, 0.07990194, 0.07622463], [0.08980066, 0.06818225, -0.11177664, -0.16269026, -0.04272424, 0.02197598], [-0.10792827, 0.00761794, -0.0061105, 0.00653033, 0.1722, 0.11403877], [-0.03590482, 0.02241425, 0.07682767, 0.01501285, 0.01023841, -0.04092286], [-0.04480465, -0.00882688, -0.02664863, 0.01207898, 0.03370328, 0.07145329], [0.0508875, 0.02361505, -0.04014997, -0.05547912, -0.02456814, -0.01073753], [0.00245788, 0.01668422, 0.02853065, -0.0072959, 0.01209514, -0.03098852], [-0.0024828, 0.00170387, -0.03244018, 0.00068977, 0.02538599, 0.03492299], [-0.01713068, -0.00531747, 0.05918559, 0.00284267, -0.01880535, -0.04205491], [-0.02778775, -0.00690814, -0.00838332, 0.00198925, 0.04686314, 0.03617107], [-0.01352222, -0.0073324, 0.02382398, -0.00069464, -0.01002614, -0.01030176], [0.05069318, -0.01318851, -0.04960267, 0.05155185, -0.016018, -0.00109051], [-0.03913683, 0.01518436, 0.00499998, 5.989e-05, 0.06319207, 0.03413684], [-0.03642874, -0.01798948, 0.07356336, -0.00557379, -0.0344812, -0.03713462], [-0.05300695, -0.01287159, 0.07275106, 0.00607335, -0.03549572, -0.0197441], [0.05779942, -0.0237158, -0.04104792, 0.05041546, 0.0011786, -0.01675149], [0.02729337, 0.0339554, -0.02861612, -0.05628047, -0.01040522, 0.00132275]], "number of molecular orbitals": 50, "number of electrons": 54, "number of unpaired electrons": 0, "orbital energies/eV": [-20.12336545, -19.34988777, -18.3627568, -17.37945609, -16.83714961, -16.50538014, -16.25302585, -16.13638284, -15.83451225, -15.27214828, -15.19922778, -14.83189457, -14.31074987, -13.97831126, -13.60532366, -13.48018705, -13.33316074, -13.04473323, -12.87655626, -12.72869624, -12.60751636, -12.50802761, -12.06839426, -11.95623819, -11.89235388, -11.66607709, -11.15919246, -6.09082686, 0.06189129, 2.47667144, 2.62143708, 2.78216592, 3.08054826, 3.77512277, 3.89147815, 3.995557, 4.13532853, 4.63856984, 4.89899374, 5.36174844, 5.39235676, 5.90024897, 6.35135427, 6.41835974, 6.80518458, 7.06394811, 7.20324704, 7.9157298, 8.50212097, 17.90666144], "fractional occupation": [2.0, 2.0, 2.0, 2.0, 2.0, 2.0, 2.0, 2.0, 2.0, 2.0, 2.0, 2.0, 2.0, 2.0, 2.0, 2.0, 2.0, 2.0, 2.0, 2.0, 2.0, 2.0, 2.0, 2.0, 2.0, 2.0, 2.0, 0.0, 0.0, 0.0, 0.0, 0.0, 0.0, 0.0, 0.0, 0.0, 0.0, 0.0, 0.0, 0.0, 0.0, 0.0, 0.0, 0.0, 0.0, 0.0, 0.0, 0.0, 0.0, 0.0], "program call": "xtb /tmp/scratch/tmpxu8q8al2/508255_871758_xyzopt.xyz --pop --wbo --acc 0.2 --gfn 2 --chrg 0 --uhf 0 --etemp 300 --input /tmp/scratch/tmpxu8q8al2/508255_871758_xtb.inp", "method": "GFN2-xTB", "xtb version": "6.3.3 (7355c4f)", "Dipole module/D": 2.318, "Total charge": 0, "Transition dipole module/D": NaN, "HOMO": -11.1592, "LUMO": -6.0908, "HOMO occupancy": 2.0, "LUMO occupancy": 0, "mulliken charges": [-0.09711, 0.20332, -0.42071, 0.58161, -0.53497, -0.09093, 0.00824, -0.09461, -0.09607, 0.04371, 0.04324, 0.03519, 0.04563, 0.03408, 0.04696, 0.05737, 0.03823, 0.0345, 0.03157, 0.02926, 0.02805, 0.03327, 0.04013], "cm5 charges": [-0.24629, 0.12073, -0.50769, 0.63357, -0.58845, -0.18908, -0.06521, -0.24545, -0.24614, 0.09806, 0.09745, 0.08745, 0.1137, 0.09744, 0.10884, 0.11608, 0.09981, 0.08694, 0.08393, 0.08219, 0.08121, 0.08575, 0.09517], "FUKUI+": [0.016, 0.025, -0.123, -0.186, -0.273, 0.025, -0.002, 0.019, 0.019, -0.03, -0.024, -0.044, -0.028, -0.052, -0.078, -0.095, -0.019, -0.04, -0.024, -0.026, -0.026, -0.044, 0.01], "FUKUI-": [0.011, 0.01, -0.06, -0.01, -0.122, -0.005, -0.01, 0.015, 0.018, -0.066, -0.056, -0.059, -0.056, -0.064, -0.052, -0.058, -0.084, -0.068, -0.053, -0.075, -0.063, -0.056, -0.039], "FUKUIrad": [0.014, 0.018, -0.091, -0.098, -0.197, 0.01, -0.006, 0.017, 0.018, -0.048, -0.04, -0.051, -0.042, -0.058, -0.065, -0.076, -0.051, -0.054, -0.038, -0.051, -0.045, -0.05, -0.015], "s proportion": [1.008, 0.996, 1.687, 0.979, 1.721, 1.043, 1.051, 1.01, 1.01, 0.956, 0.957, 0.965, 0.954, 0.966, 0.953, 0.943, 0.962, 0.965, 0.968, 0.971, 0.972, 0.967, 0.96], "p proportion": [3.089, 2.801, 4.734, 2.439, 4.814, 3.048, 2.941, 3.084, 3.086, 0.0, 0.0, 0.0, 0.0, 0.0, 0.0, 0.0, 0.0, 0.0, 0.0, 0.0, 0.0, 0.0, 0.0], "d proportion": [0.0, 0.0, 0.0, 0.0, 0.0, 0.0, 0.0, 0.0, 0.0, 0.0, 0.0, 0.0, 0.0, 0.0, 0.0, 0.0, 0.0, 0.0, 0.0, 0.0, 0.0, 0.0, 0.0], "Fermi-level/eV": -8.625, "Coordination numbers": [3.751, 3.698, 1.704, 2.715, 0.856, 3.808, 3.851, 3.756, 3.756, 0.925, 0.925, 0.925, 0.924, 0.924, 0.924, 0.924, 0.924, 0.925, 0.925, 0.925, 0.925, 0.925, 0.925], "Dispersion coefficient C6": [22.77, 19.372, 18.463, 20.913, 22.023, 22.296, 20.653, 22.654, 22.597, 2.216, 2.243, 2.296, 2.234, 2.367, 2.189, 2.117, 2.32, 2.428, 2.498, 2.468, 2.484, 2.443, 2.506], "Total dispersion C6": 3942.368254, "Total dispersion C8": 83616.237488, "Polarizability alpha": [6.805, 6.295, 5.801, 7.486, 6.292, 6.722, 6.464, 6.786, 6.778, 2.328, 2.342, 2.369, 2.338, 2.406, 2.314, 2.275, 2.382, 2.437, 2.471, 2.457, 2.465, 2.444, 2.476], "Total polarizability alpha": 92.933182, "Wiberg matrix": [[0.0, 1.019377672152189, 0.0, 0.0, 0.0, 0.0, 0.0, 0.0, 0.983648643712992, 0.98560362674099, 0.9852041954334949, 0.0, 0.0, 0.0, 0.0, 0.0, 0.0, 0.0, 0.0, 0.0, 0.0, 0.0, 0.0], [1.019377672152189, 0.0, 0.9363521790882139, 0.0, 0.0, 0.0, 0.0, 0.0, 0.0, 0.0, 0.0, 0.9690006330263319, 0.9690487990179244, 0.0, 0.0, 0.0, 0.0, 0.0, 0.0, 0.0, 0.0, 0.0, 0.0], [0.0, 0.9363521790882139, 0.0, 1.1349851647511582, 0.17352547011302283, 0.0, 0.0, 0.0, 0.0, 0.0, 0.0, 0.0, 0.0, 0.0, 0.0, 0.0, 0.0, 0.0, 0.0, 0.0, 0.0, 0.0, 0.0], [0.0, 0.0, 1.1349851647511582, 0.0, 1.7564299748834447, 0.9520639010767247, 0.0, 0.0, 0.0, 0.0, 0.0, 0.0, 0.0, 0.0, 0.0, 0.0, 0.0, 0.0, 0.0, 0.0, 0.0, 0.0, 0.0], [0.0, 0.0, 0.17352547011302283, 1.7564299748834447, 0.0, 0.0, 0.0, 0.0, 0.0, 0.0, 0.0, 0.0, 0.0, 0.0, 0.0, 0.0, 0.0, 0.0, 0.0, 0.0, 0.0, 0.0, 0.0], [0.0, 0.0, 0.0, 0.9520639010767247, 0.0, 0.0, 1.0039167703967677, 0.9853120464430005, 0.0, 0.0, 0.0, 0.0, 0.0, 0.9654792765873725, 0.0, 0.0, 0.0, 0.0, 0.0, 0.0, 0.0, 0.0, 0.0], [0.0, 0.0, 0.0, 0.0, 0.0, 1.0039167703967677, 0.0, 0.0, 0.0, 0.0, 0.0, 0.0, 0.0, 0.0, 0.9850193151534881, 0.9840882837619584, 0.9870237086415856, 0.0, 0.0, 0.0, 0.0, 0.0, 0.0], [0.0, 0.0, 0.0, 0.0, 0.0, 0.9853120464430005, 0.0, 0.0, 0.0, 0.0, 0.0, 0.0, 0.0, 0.0, 0.0, 0.0, 0.0, 0.9870179717969152, 0.982674433755042, 0.9863175141974067, 0.0, 0.0, 0.0], [0.983648643712992, 0.0, 0.0, 0.0, 0.0, 0.0, 0.0, 0.0, 0.0, 0.0, 0.0, 0.0, 0.0, 0.0, 0.0, 0.0, 0.0, 0.0, 0.0, 0.0, 0.0, 0.0, 0.0], [0.98560362674099, 0.0, 0.0, 0.0, 0.0, 0.0, 0.0, 0.0, 0.0, 0.0, 0.0, 0.0, 0.0, 0.0, 0.0, 0.0, 0.0, 0.0, 0.0, 0.0, 0.0, 0.0, 0.0], [0.9852041954334949, 0.0, 0.0, 0.0, 0.0, 0.0, 0.0, 0.0, 0.0, 0.0, 0.0, 0.0, 0.0, 0.0, 0.0, 0.0, 0.0, 0.0, 0.0, 0.0, 0.0, 0.0, 0.0], [0.0, 0.9690006330263319, 0.0, 0.0, 0.0, 0.0, 0.0, 0.0, 0.0, 0.0, 0.0, 0.0, 0.0, 0.0, 0.0, 0.0, 0.0, 0.0, 0.0, 0.0, 0.0, 0.0, 0.0], [0.0, 0.9690487990179244, 0.0, 0.0, 0.0, 0.0, 0.0, 0.0, 0.0, 0.0, 0.0, 0.0, 0.0, 0.0, 0.0, 0.0, 0.0, 0.0, 0.0, 0.0, 0.0, 0.0, 0.0], [0.0, 0.0, 0.0, 0.0, 0.0, 0.9654792765873725, 0.0, 0.0, 0.0, 0.0, 0.0, 0.0, 0.0, 0.0, 0.0, 0.0, 0.0, 0.0, 0.0, 0.0, 0.0, 0.0, 0.0], [0.0, 0.0, 0.0, 0.0, 0.0, 0.0, 0.9850193151534881, 0.0, 0.0, 0.0, 0.0, 0.0, 0.0, 0.0, 0.0, 0.0, 0.0, 0.0, 0.0, 0.0, 0.0, 0.0, 0.0], [0.0, 0.0, 0.0, 0.0, 0.0, 0.0, 0.9840882837619584, 0.0, 0.0, 0.0, 0.0, 0.0, 0.0, 0.0, 0.0, 0.0, 0.0, 0.0, 0.0, 0.0, 0.0, 0.0, 0.0], [0.0, 0.0, 0.0, 0.0, 0.0, 0.0, 0.9870237086415856, 0.0, 0.0, 0.0, 0.0, 0.0, 0.0, 0.0, 0.0, 0.0, 0.0, 0.0, 0.0, 0.0, 0.0, 0.0, 0.0], [0.0, 0.0, 0.0, 0.0, 0.0, 0.0, 0.0, 0.9870179717969152, 0.0, 0.0, 0.0, 0.0, 0.0, 0.0, 0.0, 0.0, 0.0, 0.0, 0.0, 0.0, 0.0, 0.0, 0.0], [0.0, 0.0, 0.0, 0.0, 0.0, 0.0, 0.0, 0.982674433755042, 0.0, 0.0, 0.0, 0.0, 0.0, 0.0, 0.0, 0.0, 0.0, 0.0, 0.0, 0.0, 0.0, 0.0, 0.0], [0.0, 0.0, 0.0, 0.0, 0.0, 0.0, 0.0, 0.9863175141974067, 0.0, 0.0, 0.0, 0.0, 0.0, 0.0, 0.0, 0.0, 0.0, 0.0, 0.0, 0.0, 0.0, 0.0, 0.0], [0.0, 0.0, 0.0, 0.0, 0.0, 0.0, 0.0, 0.0, 0.0, 0.0, 0.0, 0.0, 0.0, 0.0, 0.0, 0.0, 0.0, 0.0, 0.0, 0.0, 0.0, 0.0, 0.0], [0.0, 0.0, 0.0, 0.0, 0.0, 0.0, 0.0, 0.0, 0.0, 0.0, 0.0, 0.0, 0.0, 0.0, 0.0, 0.0, 0.0, 0.0, 0.0, 0.0, 0.0, 0.0, 0.0], [0.0, 0.0, 0.0, 0.0, 0.0, 0.0, 0.0, 0.0, 0.0, 0.0, 0.0, 0.0, 0.0, 0.0, 0.0, 0.0, 0.0, 0.0, 0.0, 0.0, 0.0, 0.0, 0.0]], "Born radii": [], "Atomic SASAs": [], "Solvent H bonds": [], "Total SASA": NaN, "Total FOD": 0.0, "FOD": [0.0, 0.0, 0.0, 0.0, 0.0, 0.0, 0.0, 0.0, 0.0, 0.0, 0.0, 0.0, 0.0, 0.0, 0.0, 0.0, 0.0, 0.0, 0.0, 0.0, 0.0, 0.0, 0.0], "FOD s proportion": [0.0, 0.0, 0.0, 0.0, 0.0, 0.0, 0.0, 0.0, 0.0, 0.0, 0.0, 0.0, 0.0, 0.0, 0.0, 0.0, 0.0, 0.0, 0.0, 0.0, 0.0, 0.0, 0.0], "FOD p proportion": [0.0, 0.0, 0.0, 0.0, 0.0, 0.0, 0.0, 0.0, 0.0, 0.0, 0.0, 0.0, 0.0, 0.0, 0.0, 0.0, 0.0, 0.0, 0.0, 0.0, 0.0, 0.0, 0.0], "FOD d proportion": [0.0, 0.0, 0.0, 0.0, 0.0, 0.0, 0.0, 0.0, 0.0, 0.0, 0.0, 0.0, 0.0, 0.0, 0.0, 0.0, 0.0, 0.0, 0.0, 0.0, 0.0, 0.0, 0.0], "coordinates": [["3.90908151320642", "-0.52140948059604", "-0.21342439471465"], ["2.72331490539693", "0.22647733387853", "-0.79471220320616"], ["1.54504030355532", "-0.15519704168721", "-0.08113171961236"], ["0.51647442561694", "0.69838062067350", "-0.09247305418291"], ["0.52734418678918", "1.75105367085630", "-0.67585297840059"], ["-0.63337017970650", "0.17038585000318", "0.73292518744934"], ["-1.97252679773984", "0.35050454443170", "0.00713985046533"], ["-3.13005952044124", "0.01568045592333", "0.94293861628969"], ["-2.01800685851632", "-0.52676630113417", "-1.24118384574777"], ["3.74671477178264", "-1.59337860890272", "-0.28708092570762"], ["4.04152310580094", "-0.26131569063732", "0.83350625058999"], ["4.80954733840212", "-0.25903717362648", "-0.76129594251048"], ["2.84995988948539", "1.31134009009282", "-0.71041358846980"], ["2.58246104133295", "-0.02206811419486", "-1.85290414439582"], ["-0.45022367409364", "-0.87878519250836", "0.96613837905518"], ["-0.64694459705372", "0.73822601524648", "1.66664969946392"], ["-2.04778312495292", "1.39893751534235", "-0.29828798659188"], ["-4.08029145304544", "0.15018743408422", "0.43184519903743"], ["-3.11890341434957", "0.65987009442355", "1.81914514468436"], ["-3.06293832774594", "-1.01862076164132", "1.27447115886996"], ["-1.91596996606749", "-1.57695928967857", "-0.97360262143893"], ["-2.96256385737459", "-0.39513508066000", "-1.76387038342840"], ["-1.21187971028137", "-0.26237088968928", "-1.92157769749828"]], "bond_dist": [[0.0, 1.517653666605727, 2.395893099290098, 3.6072565709544353, 4.100497081403925, 4.69127122361821, 5.949974703869253, 7.153680696306737, 6.015537777366633, 1.0866950148597714, 1.0868547884156619, 1.0862049358634402, 2.174329290011765, 2.1672926720237435, 4.530190664061461, 5.087114516045411, 6.2593266995252055, 8.043475347031597, 7.410757890310905, 7.14633562736938, 5.968524195480068, 7.045519007640615, 5.4045473954675565], [1.517653666605727, 0.0, 1.429406685612763, 2.3634672491287816, 2.675957383737001, 3.688381353988211, 4.765425349940258, 6.109489165495474, 4.821498208050937, 2.1487001775234535, 2.1509788998642048, 2.1422433914005823, 1.0954781642105431, 1.0960770206415686, 3.793882858075649, 4.2046210581521395, 4.938064022991955, 6.913705424043363, 6.4149508505986015, 6.269969340548335, 4.9806976976645725, 5.80128320952669, 4.1224452805555964], [2.395893099290098, 1.429406685612763, 0.0, 1.3366642124371273, 2.2412475411716968, 2.348225947578583, 3.5548283047710187, 4.788995462139931, 3.7655132092536885, 2.6378308815793665, 2.6608739478034313, 3.336227258997207, 2.061441717610812, 2.0574602362450185, 2.366734630683263, 2.9424041958961142, 3.9205702715395434, 5.656921633621118, 5.101740644244242, 4.880228145369639, 3.8466224518212253, 4.817434477486969, 3.3165246258554038], [3.6072565709544353, 2.3634672491287816, 1.3366642124371273, 0.0, 1.2035658844738528, 1.5106963134714506, 2.5151675063632237, 3.8516706326028722, 3.040413926144622, 3.9654111116003934, 3.7688755458993684, 4.449095180290358, 2.490526897094455, 2.80828501033626, 2.131341217364326, 2.1094180098260837, 2.666187640569416, 4.65893570933509, 4.107522274826049, 4.198669537771051, 3.445336956027782, 4.011614761638074, 2.6936731947173924], [4.100497081403925, 2.675957383737001, 2.2412475411716968, 1.2035658844738528, 0.0, 2.414627201256027, 2.9457379379539304, 4.359886271430657, 3.4622066313569415, 4.658402939460084, 4.321718316138147, 4.7312820181081126, 2.3641248214269917, 2.958532676484007, 3.250819433289641, 2.8092868852485897, 2.626370457816934, 5.002007012171264, 4.550914062085119, 4.936090481000906, 4.1393368025527035, 4.239028920342197, 2.937789696510023], [4.69127122361821, 3.688381353988211, 2.348225947578583, 1.5106963134714506, 2.414627201256027, 0.0, 1.5338016648465733, 2.5102782840532147, 2.5100490690604738, 4.830778583172573, 4.695860943568967, 5.660605270408398, 3.939364386672889, 4.130995316383015, 1.0902710267185565, 1.0929172806789726, 2.1385284156177273, 3.4601045359966065, 2.7563280068864575, 2.7585884339031135, 2.7587160802901938, 3.461061287215505, 2.7510611114459893], [5.949974703869253, 4.765425349940258, 3.5548283047710187, 2.5151675063632237, 2.9457379379539304, 1.5338016648465733, 0.0, 1.5256829632949214, 1.526428715314025, 6.047724506746578, 6.10131147128007, 6.852631922269383, 4.969352647176301, 4.934216073792887, 2.1790452577784234, 2.1590435494982394, 1.0946055787029316, 2.1594382186020624, 2.166390910456635, 2.160932681450854, 2.1633703573842262, 2.161626489131144, 2.1619786468026905], [7.153680696306737, 6.109489165495474, 4.788995462139931, 3.8516706326028722, 4.359886271430657, 2.5102782840532147, 1.5256829632949214, 0.0, 2.510239139268025, 7.168824437380608, 7.177764253086805, 8.125099524337337, 6.338212645825203, 6.360114217977256, 2.825265861575908, 2.6854589067711743, 2.150666354496826, 1.0873128961220317, 1.0875856883278727, 1.0882086610362443, 2.771938874005826, 2.742925293040121, 3.458638467209222], [6.015537777366633, 4.821498208050937, 3.7655132092536885, 3.040413926144622, 3.4622066313569415, 2.5100490690604738, 1.526428715314025, 2.510239139268025, 0.0, 5.939696092558035, 6.410359304353686, 6.84963266148252, 5.230435204754072, 4.668321634294433, 2.7302257813872974, 3.454781210433941, 2.1443587423862787, 2.7404945344140255, 3.462035917142841, 2.768090079452868, 1.0885387233401715, 1.087527433662354, 1.0875117039436497], [1.0866950148597714, 2.1487001775234535, 2.6378308815793665, 3.9654111116003934, 4.658402939460084, 4.830778583172573, 6.047724506746578, 7.168824437380608, 5.939696092558035, 0.0, 1.765508196442891, 1.7705818288696358, 3.069327382763138, 2.505255630036215, 4.43796064595651, 5.3439391958040305, 6.521524918368674, 8.051018802772454, 7.526621490176698, 7.010004766885422, 5.704172163691623, 6.973601248929904, 5.3880256572473275], [1.0868547884156619, 2.1509788998642048, 2.6608739478034313, 3.7688755458993684, 4.321718316138147, 4.695860943568967, 6.10131147128007, 7.177764253086805, 6.410359304353686, 1.765508196442891, 0.0, 1.7701018187156545, 2.505345799003122, 3.066415223202983, 4.535928681310521, 4.865690190395798, 6.412257736178549, 8.142145795199134, 7.286410311712108, 7.15830519618001, 6.363040488353363, 7.471379203053219, 5.932008919622445], [1.0862049358634402, 2.1422433914005823, 3.336227258997207, 4.449095180290358, 4.7312820181081126, 5.660605270408398, 6.852631922269383, 8.125099524337337, 6.84963266148252, 1.7705818288696358, 1.7701018187156545, 0.0, 2.5117039503713836, 2.4915208560524875, 5.5707547106403545, 6.054977964448604, 7.070094590609256, 8.978879902367334, 8.388289343517384, 8.166844279276487, 6.856717570573913, 7.837690386165969, 6.132197694728825], [2.174329290011765, 1.0954781642105431, 2.061441717610812, 2.490526897094455, 2.3641248214269917, 3.939364386672889, 4.969352647176301, 6.338212645825203, 5.230435204754072, 3.069327382763138, 2.505345799003122, 2.5117039503713836, 0.0, 1.7761806618147615, 4.301009975182336, 4.266993157436112, 4.915832325874516, 7.119088024378101, 6.515397891119267, 6.658141659515299, 5.579034787695208, 6.148760934940591, 4.521285843774852], [2.1672926720237435, 1.0960770206415686, 2.0574602362450185, 2.80828501033626, 2.958532676484007, 4.130995316383015, 4.934216073792887, 6.360114217977256, 4.668321634294433, 2.505255630036215, 3.066415223202983, 2.4915208560524875, 1.7761806618147615, 0.0, 4.22825513474306, 4.836772394927681, 5.086772005575428, 7.045709498522988, 6.815756917491115, 6.530247124191059, 4.840117691153093, 5.5582737517457765, 3.8025627174534757], [4.530190664061461, 3.793882858075649, 2.366734630683263, 2.131341217364326, 3.250819433289641, 1.0902710267185565, 2.1790452577784234, 2.825265861575908, 2.7302257813872974, 4.43796064595651, 4.535928681310521, 5.5707547106403545, 4.301009975182336, 4.22825513474306, 0.0, 1.7731724331141143, 3.0559762706919056, 3.810727745231135, 3.1963936225479386, 2.634558967059289, 2.5295166359192853, 3.741486131266053, 3.049424642283597], [5.087114516045411, 4.2046210581521395, 2.9424041958961142, 2.1094180098260837, 2.8092868852485897, 1.0929172806789726, 2.1590435494982394, 2.6854589067711743, 3.454781210433941, 5.3439391958040305, 4.865690190395798, 6.054977964448604, 4.266993157436112, 4.836772394927681, 1.7731724331141143, 0.0, 2.501972897073039, 3.695727554996048, 2.477897275019223, 3.0128624780941413, 3.733823871230982, 4.291278127971996, 3.767721022134559], [6.2593266995252055, 4.938064022991955, 3.9205702715395434, 2.666187640569416, 2.626370457816934, 2.1385284156177273, 1.0946055787029316, 2.150666354496826, 2.1443587423862787, 6.521524918368674, 6.412257736178549, 7.070094590609256, 4.915832325874516, 5.086772005575428, 3.0559762706919056, 2.501972897073039, 0.0, 2.4947066637111552, 2.4853656456238054, 3.057564298261583, 3.054404419690961, 2.490673007452728, 2.4685521304649165], [8.043475347031597, 6.913705424043363, 5.656921633621118, 4.65893570933509, 5.002007012171264, 3.4601045359966065, 2.1594382186020624, 1.0873128961220317, 2.7404945344140255, 8.051018802772454, 8.142145795199134, 8.978879902367334, 7.119088024378101, 7.045709498522988, 3.810727745231135, 3.695727554996048, 2.4947066637111552, 0.0, 1.7631348542837113, 1.7638419680162802, 3.1052547207082277, 2.5234616189461567, 3.7331742025359786], [7.410757890310905, 6.4149508505986015, 5.101740644244242, 4.107522274826049, 4.550914062085119, 2.7563280068864575, 2.166390910456635, 1.0875856883278727, 3.462035917142841, 7.526621490176698, 7.286410311712108, 8.388289343517384, 6.515397891119267, 6.815756917491115, 3.1963936225479386, 2.477897275019223, 2.4853656456238054, 1.7631348542837113, 0.0, 1.7655405392215942, 3.774903264954628, 3.738379094102866, 4.298869063216786], [7.14633562736938, 6.269969340548335, 4.880228145369639, 4.198669537771051, 4.936090481000906, 2.7585884339031135, 2.160932681450854, 1.0882086610362443, 2.768090079452868, 7.010004766885422, 7.15830519618001, 8.166844279276487, 6.658141659515299, 6.530247124191059, 2.634558967059289, 3.0128624780941413, 3.057564298261583, 1.7638419680162802, 1.7655405392215942, 0.0, 2.5847851083396574, 3.10327709951062, 3.7700212421696055], [5.968524195480068, 4.9806976976645725, 3.8466224518212253, 3.445336956027782, 4.1393368025527035, 2.7587160802901938, 2.1633703573842262, 2.771938874005826, 1.0885387233401715, 5.704172163691623, 6.363040488353363, 6.856717570573913, 5.579034787695208, 4.840117691153093, 2.5295166359192853, 3.733823871230982, 3.054404419690961, 3.1052547207082277, 3.774903264954628, 2.5847851083396574, 0.0, 1.7653867479913719, 1.7670717287391295], [7.045519007640615, 5.80128320952669, 4.817434477486969, 4.011614761638074, 4.239028920342197, 3.461061287215505, 2.161626489131144, 2.742925293040121, 1.087527433662354, 6.973601248929904, 7.471379203053219, 7.837690386165969, 6.148760934940591, 5.5582737517457765, 3.741486131266053, 4.291278127971996, 2.490673007452728, 2.5234616189461567, 3.738379094102866, 3.10327709951062, 1.7653867479913719, 0.0, 1.762779881380191], [5.4045473954675565, 4.1224452805555964, 3.3165246258554038, 2.6936731947173924, 2.937789696510023, 2.7510611114459893, 2.1619786468026905, 3.458638467209222, 1.0875117039436497, 5.3880256572473275, 5.932008919622445, 6.132197694728825, 4.521285843774852, 3.8025627174534757, 3.049424642283597, 3.767721022134559, 2.4685521304649165, 3.7331742025359786, 4.298869063216786, 3.7700212421696055, 1.7670717287391295, 1.762779881380191, 0.0]]}