{"total energy": -24.05295984, "HOMO-LUMO gap/eV": 11.83663904, "electronic energy": -24.3628852, "dipole": [-0.08826955, -0.27359166, 0.60426719], "partial charges": [-0.11144582, 0.02655181, -0.11113589, -0.11113627, -0.07162163, 0.08926219, -0.44568286, 0.03639677, 0.03695504, 0.036397, 0.03189377, 0.03726474, 0.03794479, 0.03726479, 0.03189358, 0.03794516, 0.04910677, 0.0491069, 0.01543388, 0.01543555, 0.28216971], "atomic dipole moments": [[0.06768685, -0.02870542, 0.07092184], [0.00525014, 0.00183054, -0.0035849], [0.01635541, 0.0954951, -0.014147], [0.02279935, -0.05178618, -0.07990807], [-0.00873948, -0.05295756, 0.11777233], [0.13189197, 0.07121122, -0.14658352], [-0.09505872, -0.09462704, 0.20265704], [0.01160176, 0.12098594, -0.02387454], [-0.11614396, -0.02097373, 0.03559427], [0.01960054, -0.06185035, -0.10551098], [0.06936578, -0.03891143, 0.09548942], [0.02921712, -0.06680937, -0.10047655], [-0.1173798, -0.02345081, 0.02820218], [0.02099335, 0.12124087, -0.01651132], [0.06941498, -0.04006305, 0.09497656], [-0.1177972, -0.01392005, 0.03245578], [0.02131666, -0.05980172, -0.1056814], [0.01344992, 0.11987185, -0.02547345], [0.00229965, -0.11674337, 0.02124513], [-0.0055289, 0.06201221, 0.10104258], [0.05337813, -0.02059399, 0.05137445]], "atomic quadrupole moments": [[0.03418131, -0.06238833, -0.08995672, 0.15474614, -0.07129552, 0.05577541], [-0.00908131, 0.00454827, 0.00132793, -0.01100081, -0.00429336, 0.00775338], [-0.1015831, 0.03503504, 0.20446306, -0.00139244, -0.05540435, -0.10287996], [-0.09522228, -0.03259905, -0.02501465, -0.04475996, 0.14321986, 0.12023693], [0.22819342, -0.0138576, -0.20504445, 0.07771148, -0.09682201, -0.02314897], [0.34259505, 0.0974886, -0.29130829, -0.14946692, -0.14436864, -0.05128677], [0.1047268, 0.05046019, -0.09808089, -0.09042009, -0.05715091, -0.00664591], [-0.03807219, 0.02040771, 0.07897321, 0.00876685, -0.01874434, -0.04090101], [0.06550134, 0.02209532, -0.04612127, -0.03768734, -0.01751143, -0.01938007], [-0.03401216, -0.02407263, -0.00934616, -0.0160844, 0.05589294, 0.04335833], [0.00206863, -0.01174376, -0.02640071, 0.06493741, -0.02164219, 0.02433207], [-0.0435827, -0.01243192, -0.00603217, -0.03302247, 0.04647868, 0.04961487], [0.07752824, 0.01198001, -0.03004062, -0.02943631, -0.00943333, -0.04748761], [-0.04700888, 0.02497438, 0.07524499, -0.01171442, -0.02255197, -0.02823612], [0.00434324, -0.03776391, -0.02550296, 0.053481, -0.02499602, 0.02115972], [0.07661353, 0.02281012, -0.04641065, -0.02560395, 0.0062693, -0.03020288], [-0.01788761, -0.00933925, -0.0097893, -0.00017524, 0.04746354, 0.02767691], [-0.01893667, 0.00117707, 0.05871065, 0.0084999, -0.01279265, -0.03977398], [-0.00426624, 0.00492387, 0.03988117, -0.00737989, -0.01029314, -0.03561493], [-0.00387302, 0.00161085, -0.01191746, -0.01188785, 0.03572319, 0.01579047], [0.06885523, -0.03011905, -0.0760237, 0.08336016, -0.04107952, 0.00716846]], "number of molecular orbitals": 42, "number of electrons": 44, "number of unpaired electrons": 0, "orbital energies/eV": [-18.55826197, -17.22068109, -16.81851488, -15.99269635, -15.98623053, -15.72003212, -15.35619112, -14.56229609, -14.33635222, -13.86977906, -13.57134426, -13.54786051, -13.20727393, -12.64943102, -12.6027732, -12.23033279, -12.1416513, -12.10091578, -11.59884555, -11.57255198, -11.47382047, -10.97499011, 0.86164892, 2.16231751, 2.45059314, 2.72837201, 2.99459227, 3.37190469, 4.16575807, 4.197153, 4.65881573, 5.57804459, 5.73052048, 6.00048835, 6.37363545, 6.50596214, 6.79211242, 6.86845592, 7.37892604, 7.49951294, 7.86699136, 8.0597462], "fractional occupation": [2.0, 2.0, 2.0, 2.0, 2.0, 2.0, 2.0, 2.0, 2.0, 2.0, 2.0, 2.0, 2.0, 2.0, 2.0, 2.0, 2.0, 2.0, 2.0, 2.0, 2.0, 2.0, 0.0, 0.0, 0.0, 0.0, 0.0, 0.0, 0.0, 0.0, 0.0, 0.0, 0.0, 0.0, 0.0, 0.0, 0.0, 0.0, 0.0, 0.0, 0.0, 0.0], "program call": "xtb /tmp/scratch/tmp37rn23ee/508202_78e26e_xyzopt.xyz --pop --wbo --acc 0.2 --gfn 2 --chrg 0 --uhf 0 --etemp 300 --input /tmp/scratch/tmp37rn23ee/508202_78e26e_xtb.inp", "method": "GFN2-xTB", "xtb version": "6.3.3 (7355c4f)", "Dipole module/D": 1.701, "Total charge": 0, "Transition dipole module/D": NaN, "HOMO": -10.975, "LUMO": 0.8616, "HOMO occupancy": 2.0, "LUMO occupancy": 0, "mulliken charges": [-0.09767, 0.03226, -0.10147, -0.10147, -0.06902, 0.20215, -0.56907, 0.03152, 0.03001, 0.03152, 0.02752, 0.0325, 0.03201, 0.0325, 0.02752, 0.03201, 0.03939, 0.03939, 0.00581, 0.00581, 0.33678], "cm5 charges": [-0.24738, -0.0055, -0.25093, -0.25093, -0.17395, 0.11587, -0.78765, 0.08475, 0.08317, 0.08475, 0.08121, 0.08581, 0.08525, 0.08581, 0.08121, 0.08525, 0.09906, 0.09906, 0.06815, 0.06815, 0.50885], "FUKUI+": [0.025, -0.051, 0.027, 0.027, -0.029, -0.018, -0.127, -0.042, -0.076, -0.042, -0.029, -0.042, -0.059, -0.042, -0.029, -0.059, -0.068, -0.068, -0.081, -0.081, -0.137], "FUKUI-": [0.017, -0.023, 0.012, 0.012, 0.019, 0.022, -0.123, -0.063, -0.051, -0.063, -0.05, -0.048, -0.055, -0.048, -0.05, -0.055, -0.084, -0.084, -0.112, -0.112, -0.061], "FUKUIrad": [0.021, -0.037, 0.019, 0.019, -0.005, 0.002, -0.125, -0.053, -0.063, -0.053, -0.039, -0.045, -0.057, -0.045, -0.039, -0.057, -0.076, -0.076, -0.097, -0.097, -0.099], "s proportion": [1.015, 1.081, 1.014, 1.014, 1.039, 0.988, 1.689, 0.968, 0.97, 0.968, 0.972, 0.968, 0.968, 0.968, 0.972, 0.968, 0.961, 0.961, 0.994, 0.994, 0.663], "p proportion": [3.083, 2.887, 3.088, 3.088, 3.03, 2.81, 4.88, 0.0, 0.0, 0.0, 0.0, 0.0, 0.0, 0.0, 0.0, 0.0, 0.0, 0.0, 0.0, 0.0, 0.0], "d proportion": [0.0, 0.0, 0.0, 0.0, 0.0, 0.0, 0.0, 0.0, 0.0, 0.0, 0.0, 0.0, 0.0, 0.0, 0.0, 0.0, 0.0, 0.0, 0.0, 0.0, 0.0], "Fermi-level/eV": -5.0567, "Coordination numbers": [3.764, 3.898, 3.76, 3.76, 3.809, 3.672, 1.656, 0.925, 0.925, 0.925, 0.925, 0.925, 0.925, 0.925, 0.925, 0.925, 0.924, 0.924, 0.923, 0.923, 0.805], "Dispersion coefficient C6": [22.674, 20.074, 22.674, 22.674, 21.863, 19.326, 21.756, 2.497, 2.49, 2.497, 2.56, 2.486, 2.476, 2.486, 2.56, 2.476, 2.331, 2.331, 2.804, 2.804, 0.777], "Total dispersion C6": 2906.669303, "Total dispersion C8": 60048.453997, "Polarizability alpha": [6.787, 6.369, 6.788, 6.788, 6.656, 6.301, 6.297, 2.471, 2.468, 2.471, 2.502, 2.465, 2.461, 2.465, 2.502, 2.461, 2.388, 2.388, 2.619, 2.619, 1.385], "Total polarizability alpha": 79.649757, "Wiberg matrix": [[0.0, 0.9969699730835773, 0.0, 0.0, 0.0, 0.0, 0.0, 0.9860478709248284, 0.9854175955101376, 0.9860480749837143, 0.0, 0.0, 0.0, 0.0, 0.0, 0.0, 0.0, 0.0, 0.0, 0.0, 0.0], [0.9969699730835773, 0.0, 0.9990721509361297, 0.9990720261463124, 0.9849706569871176, 0.0, 0.0, 0.0, 0.0, 0.0, 0.0, 0.0, 0.0, 0.0, 0.0, 0.0, 0.0, 0.0, 0.0, 0.0, 0.0], [0.0, 0.9990721509361297, 0.0, 0.0, 0.0, 0.0, 0.0, 0.0, 0.0, 0.0, 0.9842664863352764, 0.9859802838922731, 0.9854192622855679, 0.0, 0.0, 0.0, 0.0, 0.0, 0.0, 0.0, 0.0], [0.0, 0.9990720261463124, 0.0, 0.0, 0.0, 0.0, 0.0, 0.0, 0.0, 0.0, 0.0, 0.0, 0.0, 0.985980442538841, 0.9842662751173148, 0.9854190650178432, 0.0, 0.0, 0.0, 0.0, 0.0], [0.0, 0.9849706569871176, 0.0, 0.0, 0.0, 1.0044723176093349, 0.0, 0.0, 0.0, 0.0, 0.0, 0.0, 0.0, 0.0, 0.0, 0.0, 0.9738716157977367, 0.9738714355534651, 0.0, 0.0, 0.0], [0.0, 0.0, 0.0, 0.0, 1.0044723176093349, 0.0, 0.9903522695015179, 0.0, 0.0, 0.0, 0.0, 0.0, 0.0, 0.0, 0.0, 0.0, 0.0, 0.0, 0.9705954137648013, 0.9705955083416548, 0.0], [0.0, 0.0, 0.0, 0.0, 0.0, 0.9903522695015179, 0.0, 0.0, 0.0, 0.0, 0.0, 0.0, 0.0, 0.0, 0.0, 0.0, 0.0, 0.0, 0.0, 0.0, 0.9067920277799295], [0.9860478709248284, 0.0, 0.0, 0.0, 0.0, 0.0, 0.0, 0.0, 0.0, 0.0, 0.0, 0.0, 0.0, 0.0, 0.0, 0.0, 0.0, 0.0, 0.0, 0.0, 0.0], [0.9854175955101376, 0.0, 0.0, 0.0, 0.0, 0.0, 0.0, 0.0, 0.0, 0.0, 0.0, 0.0, 0.0, 0.0, 0.0, 0.0, 0.0, 0.0, 0.0, 0.0, 0.0], [0.9860480749837143, 0.0, 0.0, 0.0, 0.0, 0.0, 0.0, 0.0, 0.0, 0.0, 0.0, 0.0, 0.0, 0.0, 0.0, 0.0, 0.0, 0.0, 0.0, 0.0, 0.0], [0.0, 0.0, 0.9842664863352764, 0.0, 0.0, 0.0, 0.0, 0.0, 0.0, 0.0, 0.0, 0.0, 0.0, 0.0, 0.0, 0.0, 0.0, 0.0, 0.0, 0.0, 0.0], [0.0, 0.0, 0.9859802838922731, 0.0, 0.0, 0.0, 0.0, 0.0, 0.0, 0.0, 0.0, 0.0, 0.0, 0.0, 0.0, 0.0, 0.0, 0.0, 0.0, 0.0, 0.0], [0.0, 0.0, 0.9854192622855679, 0.0, 0.0, 0.0, 0.0, 0.0, 0.0, 0.0, 0.0, 0.0, 0.0, 0.0, 0.0, 0.0, 0.0, 0.0, 0.0, 0.0, 0.0], [0.0, 0.0, 0.0, 0.985980442538841, 0.0, 0.0, 0.0, 0.0, 0.0, 0.0, 0.0, 0.0, 0.0, 0.0, 0.0, 0.0, 0.0, 0.0, 0.0, 0.0, 0.0], [0.0, 0.0, 0.0, 0.9842662751173148, 0.0, 0.0, 0.0, 0.0, 0.0, 0.0, 0.0, 0.0, 0.0, 0.0, 0.0, 0.0, 0.0, 0.0, 0.0, 0.0, 0.0], [0.0, 0.0, 0.0, 0.9854190650178432, 0.0, 0.0, 0.0, 0.0, 0.0, 0.0, 0.0, 0.0, 0.0, 0.0, 0.0, 0.0, 0.0, 0.0, 0.0, 0.0, 0.0], [0.0, 0.0, 0.0, 0.0, 0.9738716157977367, 0.0, 0.0, 0.0, 0.0, 0.0, 0.0, 0.0, 0.0, 0.0, 0.0, 0.0, 0.0, 0.0, 0.0, 0.0, 0.0], [0.0, 0.0, 0.0, 0.0, 0.9738714355534651, 0.0, 0.0, 0.0, 0.0, 0.0, 0.0, 0.0, 0.0, 0.0, 0.0, 0.0, 0.0, 0.0, 0.0, 0.0, 0.0], [0.0, 0.0, 0.0, 0.0, 0.0, 0.9705954137648013, 0.0, 0.0, 0.0, 0.0, 0.0, 0.0, 0.0, 0.0, 0.0, 0.0, 0.0, 0.0, 0.0, 0.0, 0.0], [0.0, 0.0, 0.0, 0.0, 0.0, 0.9705955083416548, 0.0, 0.0, 0.0, 0.0, 0.0, 0.0, 0.0, 0.0, 0.0, 0.0, 0.0, 0.0, 0.0, 0.0, 0.0], [0.0, 0.0, 0.0, 0.0, 0.0, 0.0, 0.9067920277799295, 0.0, 0.0, 0.0, 0.0, 0.0, 0.0, 0.0, 0.0, 0.0, 0.0, 0.0, 0.0, 0.0, 0.0]], "Born radii": [], "Atomic SASAs": [], "Solvent H bonds": [], "Total SASA": NaN, "Total FOD": 0.0, "FOD": [0.0, 0.0, 0.0, 0.0, 0.0, 0.0, 0.0, 0.0, 0.0, 0.0, 0.0, 0.0, 0.0, 0.0, 0.0, 0.0, 0.0, 0.0, 0.0, 0.0, 0.0], "FOD s proportion": [0.0, 0.0, 0.0, 0.0, 0.0, 0.0, 0.0, 0.0, 0.0, 0.0, 0.0, 0.0, 0.0, 0.0, 0.0, 0.0, 0.0, 0.0, 0.0, 0.0, 0.0], "FOD p proportion": [0.0, 0.0, 0.0, 0.0, 0.0, 0.0, 0.0, 0.0, 0.0, 0.0, 0.0, 0.0, 0.0, 0.0, 0.0, 0.0, 0.0, 0.0, 0.0, 0.0, 0.0], "FOD d proportion": [0.0, 0.0, 0.0, 0.0, 0.0, 0.0, 0.0, 0.0, 0.0, 0.0, 0.0, 0.0, 0.0, 0.0, 0.0, 0.0, 0.0, 0.0, 0.0, 0.0, 0.0], "coordinates": [["-1.62719220682217", "0.45440391300383", "-1.17721453773666"], ["-0.63639387158407", "0.01403476003003", "-0.09386713646954"], ["-0.82694983598128", "-1.48176282745612", "0.16886276962917"], ["-0.92674751042017", "0.79939546379797", "1.18740254948827"], ["0.78050597780035", "0.30774314191016", "-0.61283845456684"], ["1.92985728513683", "-0.05910699886478", "0.32168064947666"], ["3.13373979243062", "0.28731306596636", "-0.33623437872181"], ["-1.52246986779375", "1.51710827278027", "-1.38307198578420"], ["-2.65008303909595", "0.26712313843804", "-0.85799560788342"], ["-1.45209445619299", "-0.09152673564132", "-2.10132765758584"], ["-0.20827520079225", "-1.81695346564383", "0.99735577295902"], ["-0.56770940612822", "-2.06156686185261", "-0.71395922970618"], ["-1.86522538000304", "-1.68775543577520", "0.42035519485833"], ["-0.73925034879545", "1.86005275379483", "1.03705612161609"], ["-0.30753225096065", "0.45142223341713", "2.01020223819222"], ["-1.96854518579800", "0.67380024180481", "1.47477158842347"], ["0.93919244274683", "-0.23049382468574", "-1.54941866141886"], ["0.86897109359418", "1.37337619096746", "-0.83343526299552"], ["1.91949425191905", "-1.13524633372327", "0.54176935322532"], ["1.84822796162720", "0.49218959041540", "1.26826895450209"], ["3.87848075511293", "0.06644871731657", "0.23163972049823"]], "bond_dist": [[0.0, 1.5327256518482604, 2.4901914818659225, 2.490191942809459, 2.4773050464701507, 3.8939672991828225, 4.837524209813271, 1.0875130406096665, 1.0877869591277312, 1.087513013109681, 3.4498037404607795, 2.7689742189692605, 2.6828595784348424, 2.768986088755862, 3.4498024570967023, 2.682850539760431, 2.6821541697526867, 2.6820748423100826, 4.249809214650071, 4.249748535559996, 5.696298299649567], [1.5327256518482604, 0.0, 1.5306041297002222, 1.5306040241560401, 1.5372706416828124, 2.600706572966349, 3.787787052772269, 2.1694261451560775, 2.1686147909357247, 2.169425826558777, 2.174067827115473, 2.1673379645665327, 2.1611435289351593, 2.1673369151764956, 2.174066627494324, 2.1611443876190637, 2.158910999655201, 2.1589103311676197, 2.8735770181699825, 2.873567891353616, 4.526896821404686], [2.4901914818659225, 1.5306041297002222, 0.0, 2.500213192657001, 2.5292889537511236, 3.106008437540619, 4.367128917099933, 3.447532084773888, 2.7270597583236955, 2.734470106434298, 1.086973654106427, 1.0875444824389071, 1.0879786302788417, 3.4538648316890703, 2.719840095612283, 2.7667833184565582, 2.7635889242594254, 3.4687992101158267, 2.793221818703437, 3.5016793622739084, 4.95398596894794], [2.490191942809459, 1.5306040241560401, 2.500213192657001, 0.0, 2.529289258139559, 3.1059124013012616, 4.3670648046241425, 2.7344718209804646, 2.7270593676925707, 3.447532183143225, 2.719853297066312, 3.4538660084761568, 2.7667710337484053, 1.0875445373936343, 1.0869738885274638, 1.0879786398402782, 3.4688029917868666, 2.763665074557612, 3.5015387015591872, 2.7930992990878667, 4.953878500966183], [2.4773050464701507, 1.5372706416828124, 2.5292889537511236, 2.529289258139559, 0.0, 1.5260777861186943, 2.3695224390362895, 2.7128437953125686, 3.4395774475004752, 2.7128437552670372, 2.8433693646179714, 2.7279186253546457, 3.4712242953201637, 2.7279069881312568, 2.8433806189906363, 3.471223961668093, 1.0918163353946209, 1.0918162958320843, 2.1708597617495595, 2.1708560089437907, 3.2200643018992827], [3.8939672991828225, 2.600706572966349, 3.106008437540619, 3.1059124013012616, 1.5260777861186943, 0.0, 1.4149883875901552, 4.160432537712598, 4.740666150257489, 4.160482889774977, 2.8492405305003228, 3.364555667476426, 4.130966573600199, 3.3643828236220066, 2.8491502573243435, 4.130897428198615, 2.124100493207955, 2.124095188969707, 1.0984636079565455, 1.0984628783074628, 1.9547391218520203], [4.837524209813271, 3.787787052772269, 4.367128917099933, 4.3670648046241425, 2.3695224390362895, 1.4149883875901552, 0.0, 4.928341873919597, 5.8073443982527735, 4.928382050351047, 4.1683887227130505, 4.400072629840773, 5.427980855219234, 4.399941994847596, 4.16833898485508, 5.427930263846508, 2.560464440251826, 2.5604529072097804, 2.0661456946717585, 2.066142783965446, 0.9622375769873268], [1.0875130406096665, 2.1694261451560775, 3.447532084773888, 2.7344718209804646, 2.7128437953125686, 4.160432537712598, 4.928341873919597, 0.0, 1.7634283378692117, 1.7631081926395586, 4.302268193987212, 3.763800624202319, 3.6933700501636766, 2.5667223823832575, 3.758466456733699, 3.0128759548113444, 3.0235022141050742, 2.457997011833853, 4.752590466302648, 4.409271021876727, 5.820822508146054], [1.0877869591277312, 2.1686147909357247, 2.7270597583236955, 2.7270593676925707, 3.4395774475004752, 4.740666150257489, 5.8073443982527735, 1.7634283378692117, 0.0, 1.7634287518241853, 3.7078470245247117, 3.127270941727197, 2.464088586034453, 3.1272875447072117, 3.7078388901941746, 2.464078510122247, 3.6889818331765376, 3.6889213891834505, 4.980664483917556, 4.980608171326974, 6.621912154899435], [1.087513013109681, 2.169425826558777, 2.734470106434298, 3.447532183143225, 2.7128437552670372, 4.160482889774977, 4.928382050351047, 1.7631081926395586, 1.7634287518241853, 0.0, 3.7584601558944413, 2.5667072622989053, 3.0128902455367017, 3.7638095024319504, 4.302266182899973, 3.6933633121891396, 2.458082265695911, 3.023381715075978, 4.409412979598061, 4.752581839281268, 5.820886969726423], [3.4498037404607795, 2.174067827115473, 1.086973654106427, 2.719853297066312, 2.8433693646179714, 2.8492405305003228, 4.1683887227130505, 4.302268193987212, 3.7078470245247117, 3.7584601558944413, 0.0, 1.7656805203425923, 1.7592912477577825, 3.7153580531721433, 2.486209612288115, 3.0871233069213275, 3.2124128322740173, 3.8328134201855306, 2.280282097339817, 3.10398789661325, 4.564548071704645], [2.7689742189692605, 2.1673379645665327, 1.0875444824389071, 3.4538660084761568, 2.7279186253546457, 3.364555667476426, 4.400072629840773, 3.763800624202319, 3.127270941727197, 2.5667072622989053, 1.7656805203425923, 0.0, 1.7635055708733856, 4.298206773226271, 3.715354902051496, 3.7729453570923486, 2.514274072494927, 3.725205921412939, 2.9361720030387684, 4.035796570280406, 5.019085039101452], [2.6828595784348424, 2.1611435289351593, 1.0879786302788417, 2.7667710337484053, 3.4712242953201637, 4.130966573600199, 5.427980855219234, 3.6933700501636766, 2.464088586034453, 3.0128902455367017, 1.7592912477577825, 1.7635055708733856, 0.0, 3.772940862768324, 3.0870864266869034, 2.588322648279925, 3.7240273592691664, 4.291660250378751, 3.8267623911027813, 4.388718922586766, 6.008577694226497], [2.768986088755862, 2.1673369151764956, 3.4538648316890703, 1.0875445373936343, 2.7279069881312568, 3.3643828236220066, 4.399941994847596, 2.5667223823832575, 3.1272875447072117, 3.7638095024319504, 3.7153580531721433, 4.298206773226271, 3.772940862768324, 0.0, 1.7656822542985617, 1.763506634057882, 3.725239187562693, 2.514352462260115, 4.035597658149068, 2.9359075283001, 5.018879513084934], [3.4498024570967023, 2.174066627494324, 2.719840095612283, 1.0869738885274638, 2.8433806189906363, 2.8491502573243435, 4.16833898485508, 3.758466456733699, 3.7078388901941746, 4.302266182899973, 2.486209612288115, 3.715354902051496, 3.0870864266869034, 1.7656822542985617, 0.0, 1.7592901776066516, 3.832783964841557, 3.2125431448857884, 3.1037814556009207, 2.28022566186346, 4.564448939846078], [2.682850539760431, 2.1611443876190637, 2.7667833184565582, 1.0879786398402782, 3.471223961668093, 4.130897428198615, 5.427930263846508, 3.0128759548113444, 2.464078510122247, 3.6933633121891396, 3.0871233069213275, 3.7729453570923486, 2.588322648279925, 1.763506634057882, 1.7592901776066516, 0.0, 4.291667804290884, 3.724073577871419, 4.388620894148609, 3.826667352334224, 6.008491080881691], [2.6821541697526867, 2.158910999655201, 2.7635889242594254, 3.4688029917868666, 1.0918163353946209, 2.124100493207955, 2.560464440251826, 3.0235022141050742, 3.6889818331765376, 2.458082265695911, 3.2124128322740173, 2.514274072494927, 3.7240273592691664, 3.725239187562693, 3.832783964841557, 4.291667804290884, 0.0, 1.7578288573709473, 2.480450776021871, 3.04761880719401, 3.4496028200736197], [2.6820748423100826, 2.1589103311676197, 3.4687992101158267, 2.763665074557612, 1.0918162958320843, 2.124095188969707, 2.5604529072097804, 2.457997011833853, 3.6889213891834505, 3.023381715075978, 3.8328134201855306, 3.725205921412939, 4.291660250378751, 2.514352462260115, 3.2125431448857884, 3.724073577871419, 1.7578288573709473, 0.0, 3.047617694862277, 2.4804423912741, 3.449578603919964], [4.249809214650071, 2.8735770181699825, 2.793221818703437, 3.5015387015591872, 2.1708597617495595, 1.0984636079565455, 2.0661456946717585, 4.752590466302648, 4.980664483917556, 4.409412979598061, 2.280282097339817, 2.9361720030387684, 3.8267623911027813, 4.035597658149068, 3.1037814556009207, 4.388620894148609, 2.480450776021871, 3.047617694862277, 0.0, 1.7836558642194282, 2.3190255506321766], [4.249748535559996, 2.873567891353616, 3.5016793622739084, 2.7930992990878667, 2.1708560089437907, 1.0984628783074628, 2.066142783965446, 4.409271021876727, 4.980608171326974, 4.752581839281268, 3.10398789661325, 4.035796570280406, 4.388718922586766, 2.9359075283001, 2.28022566186346, 3.826667352334224, 3.04761880719401, 2.4804423912741, 1.7836558642194282, 0.0, 2.319004498761267], [5.696298299649567, 4.526896821404686, 4.95398596894794, 4.953878500966183, 3.2200643018992827, 1.9547391218520203, 0.9622375769873268, 5.820822508146054, 6.621912154899435, 5.820886969726423, 4.564548071704645, 5.019085039101452, 6.008577694226497, 5.018879513084934, 4.564448939846078, 6.008491080881691, 3.4496028200736197, 3.449578603919964, 2.3190255506321766, 2.319004498761267, 0.0]]}