{"total energy": -27.10383633, "HOMO-LUMO gap/eV": 5.09576273, "electronic energy": -27.41991093, "dipole": [-0.95153657, -0.24563315, -0.5269752], "partial charges": [-0.10501507, -0.05440999, -0.06315508, -0.06776034, 0.07624939, -0.24380921, 0.33727196, -0.3783247, 0.0366098, 0.03775667, 0.03660983, 0.03404246, 0.03404255, 0.03748795, 0.0374877, 0.0525525, 0.05255205, 0.05512998, 0.05513156, 0.02955001], "atomic dipole moments": [[0.08214017, -0.03585611, -0.05223426], [0.01612173, 0.05916295, 0.10314507], [0.01889226, -0.06224544, -0.10452013], [0.03845475, 0.06581373, 0.11703151], [0.1496695, -0.11299046, -0.17685265], [0.02725828, 0.11715798, 0.2037107], [-0.19319824, 0.01333378, 0.00120594], [-0.03818317, -0.09479414, -0.16661909], [0.00474208, 0.12306512, 0.01234187], [-0.10406536, -0.02880641, -0.06098112], [-0.00653459, -0.04966845, 0.11318235], [-0.00936055, -0.12148744, -0.01274766], [0.00176773, 0.04899588, -0.11227399], [0.00765946, 0.1218647, 0.01315296], [-0.00346564, -0.0486715, 0.11270293], [0.00517723, 0.04967501, -0.11475455], [-0.00616537, -0.12430299, -0.01318972], [0.00612438, -0.05186849, 0.11541634], [0.01764064, 0.12484841, 0.01225696], [0.09066893, -0.05400791, -0.08234258]], "atomic quadrupole moments": [[0.11624185, -0.0974147, -0.08456202, -0.13937762, 0.06626881, -0.03167982], [0.2262933, -0.02441172, -0.17652166, 0.01074639, 0.11259905, -0.04977163], [0.23449023, -0.03810166, -0.18204978, -0.01074609, 0.11803182, -0.05244045], [0.25840347, -0.01015811, -0.20051512, 0.04192955, 0.12274752, -0.05788835], [0.35526641, -0.16313732, -0.27518848, -0.19478391, 0.20143278, -0.08007793], [0.04824534, -0.02600072, -0.0408738, -0.03215696, 0.03434493, -0.00737154], [-0.12608323, 0.1205702, 0.3016453, 0.12906687, -0.44240995, -0.17556207], [-0.12012056, 0.02221997, 0.13579308, 0.0005198, -0.13545991, -0.01567251], [-0.03639169, 0.0143533, 0.08217567, -0.01140932, 0.00817135, -0.04578398], [0.04365002, 0.02312125, -0.04095777, 0.05069392, 0.02753097, -0.00269225], [-0.03944876, -0.01235965, -0.01898589, -0.00356817, -0.05156094, 0.05843465], [-0.01751134, 0.00489457, 0.05761909, -0.00017911, 0.00122147, -0.04010775], [-0.0178517, -0.00017466, -0.01726771, -0.00285242, -0.0413504, 0.03511941], [-0.01986407, 0.00670021, 0.05776881, 0.00038608, 0.0006561, -0.03790474], [-0.02045037, -0.00014029, -0.01502994, -0.00110673, -0.04095097, 0.03548031], [-0.02501915, 0.00110795, -0.01166061, -0.00260708, -0.03885424, 0.03667976], [-0.02477833, 0.00524284, 0.05802667, 0.00021113, 0.0006974, -0.03324835], [-0.00640721, -0.00525889, -0.01434493, -0.009795, -0.03307706, 0.02075214], [-0.00611778, -0.00124922, 0.04128746, -0.00795958, -0.00141444, -0.03516968], [0.04133452, 0.01248795, -0.04946191, 0.03444959, 0.04685333, 0.00812739]], "number of molecular orbitals": 44, "number of electrons": 48, "number of unpaired electrons": 0, "orbital energies/eV": [-20.53995185, -19.75250077, -18.61433512, -17.37988017, -16.91250299, -16.78182197, -16.26544439, -16.25346586, -15.73369401, -15.49675103, -15.23306682, -14.66516555, -14.09708684, -13.97349358, -13.66929095, -13.35391472, -13.30804891, -12.72472128, -12.51655802, -12.31367079, -12.06462026, -12.06424258, -11.78410893, -11.64565725, -6.54989452, -0.28718168, 1.98737079, 2.6556238, 2.75780471, 3.37281469, 3.63249019, 4.13247534, 4.1785863, 4.32830059, 4.64178545, 4.91520058, 5.63814357, 5.83465214, 6.33319273, 7.11070985, 7.26003566, 7.60497744, 8.22933334, 17.6236473], "fractional occupation": [2.0, 2.0, 2.0, 2.0, 2.0, 2.0, 2.0, 2.0, 2.0, 2.0, 2.0, 2.0, 2.0, 2.0, 2.0, 2.0, 2.0, 2.0, 2.0, 2.0, 2.0, 2.0, 2.0, 2.0, 0.0, 0.0, 0.0, 0.0, 0.0, 0.0, 0.0, 0.0, 0.0, 0.0, 0.0, 0.0, 0.0, 0.0, 0.0, 0.0, 0.0, 0.0, 0.0, 0.0], "program call": "xtb /tmp/scratch/tmpo32z5rek/508276_af34ab_xyzopt.xyz --pop --wbo --acc 0.2 --gfn 2 --chrg 0 --uhf 0 --etemp 300 --input /tmp/scratch/tmpo32z5rek/508276_af34ab_xtb.inp", "method": "GFN2-xTB", "xtb version": "6.3.3 (7355c4f)", "Dipole module/D": 2.834, "Total charge": 0, "Transition dipole module/D": NaN, "HOMO": -11.6457, "LUMO": -6.5499, "HOMO occupancy": 2.0, "LUMO occupancy": 0, "mulliken charges": [-0.08584, -0.03816, -0.05116, -0.05868, 0.19629, -0.4068, 0.57824, -0.51891, 0.02968, 0.0325, 0.02968, 0.02508, 0.02508, 0.02643, 0.02643, 0.03881, 0.03881, 0.04104, 0.04104, 0.03044], "cm5 charges": [-0.23861, -0.15184, -0.1629, -0.16707, 0.11501, -0.49867, 0.59561, -0.57443, 0.08187, 0.08413, 0.08187, 0.08036, 0.08036, 0.08254, 0.08254, 0.09694, 0.09694, 0.10661, 0.10662, 0.10213], "FUKUI+": [0.007, 0.003, 0.005, 0.006, 0.032, -0.148, -0.166, -0.32, -0.008, -0.017, -0.008, -0.01, -0.01, -0.012, -0.012, -0.024, -0.024, -0.046, -0.046, -0.202], "FUKUI-": [0.02, 0.008, 0.012, 0.01, 0.016, -0.056, -0.0, -0.149, -0.077, -0.061, -0.077, -0.097, -0.097, -0.078, -0.078, -0.054, -0.054, -0.035, -0.035, -0.115], "FUKUIrad": [0.014, 0.006, 0.008, 0.008, 0.024, -0.102, -0.083, -0.235, -0.042, -0.039, -0.042, -0.053, -0.053, -0.045, -0.045, -0.039, -0.039, -0.041, -0.041, -0.158], "s proportion": [1.005, 1.026, 1.031, 1.033, 1.0, 1.684, 0.957, 1.717, 0.97, 0.967, 0.97, 0.975, 0.975, 0.974, 0.974, 0.961, 0.961, 0.959, 0.959, 0.97], "p proportion": [3.081, 3.012, 3.02, 3.026, 2.804, 4.723, 2.464, 4.802, 0.0, 0.0, 0.0, 0.0, 0.0, 0.0, 0.0, 0.0, 0.0, 0.0, 0.0, 0.0], "d proportion": [0.0, 0.0, 0.0, 0.0, 0.0, 0.0, 0.0, 0.0, 0.0, 0.0, 0.0, 0.0, 0.0, 0.0, 0.0, 0.0, 0.0, 0.0, 0.0, 0.0], "Fermi-level/eV": -9.0978, "Coordination numbers": [3.752, 3.801, 3.804, 3.802, 3.708, 1.703, 2.668, 0.856, 0.925, 0.925, 0.925, 0.924, 0.924, 0.924, 0.924, 0.924, 0.924, 0.924, 0.924, 0.923], "Dispersion coefficient C6": [22.567, 21.551, 21.71, 21.797, 19.442, 18.04, 21.27, 21.253, 2.494, 2.479, 2.494, 2.53, 2.53, 2.483, 2.483, 2.288, 2.288, 2.257, 2.257, 2.593], "Total dispersion C6": 3043.259987, "Total dispersion C8": 64231.654153, "Polarizability alpha": [6.774, 6.61, 6.633, 6.647, 6.302, 5.735, 7.546, 6.181, 2.47, 2.462, 2.47, 2.487, 2.487, 2.464, 2.464, 2.366, 2.366, 2.349, 2.349, 2.518], "Total polarizability alpha": 81.680963, "Wiberg matrix": [[0.0, 1.0193416444686028, 0.0, 0.0, 0.0, 0.0, 0.0, 0.0, 0.9877380171101112, 0.9871090650614309, 0.987738222470454, 0.0, 0.0, 0.0, 0.0, 0.0, 0.0, 0.0, 0.0, 0.0], [1.0193416444686028, 0.0, 1.0076945311213215, 0.0, 0.0, 0.0, 0.0, 0.0, 0.0, 0.0, 0.0, 0.9783310354776992, 0.9783305616256891, 0.0, 0.0, 0.0, 0.0, 0.0, 0.0, 0.0], [0.0, 1.0076945311213215, 0.0, 1.0051374676356097, 0.0, 0.0, 0.0, 0.0, 0.0, 0.0, 0.0, 0.0, 0.0, 0.9768850011162397, 0.9768858679861738, 0.0, 0.0, 0.0, 0.0, 0.0], [0.0, 0.0, 1.0051374676356097, 0.0, 1.0060997914177707, 0.0, 0.0, 0.0, 0.0, 0.0, 0.0, 0.0, 0.0, 0.0, 0.0, 0.9750943989801623, 0.9750952761549604, 0.0, 0.0, 0.0], [0.0, 0.0, 0.0, 1.0060997914177707, 0.0, 0.9265671350731126, 0.0, 0.0, 0.0, 0.0, 0.0, 0.0, 0.0, 0.0, 0.0, 0.0, 0.0, 0.9679821892766444, 0.9679824629266193, 0.0], [0.0, 0.0, 0.0, 0.0, 0.9265671350731126, 0.0, 1.1854940722020995, 0.1967907600005693, 0.0, 0.0, 0.0, 0.0, 0.0, 0.0, 0.0, 0.0, 0.0, 0.0, 0.0, 0.0], [0.0, 0.0, 0.0, 0.0, 0.0, 1.1854940722020995, 0.0, 1.7947822407969976, 0.0, 0.0, 0.0, 0.0, 0.0, 0.0, 0.0, 0.0, 0.0, 0.0, 0.0, 0.9143489552711652], [0.0, 0.0, 0.0, 0.0, 0.0, 0.1967907600005693, 1.7947822407969976, 0.0, 0.0, 0.0, 0.0, 0.0, 0.0, 0.0, 0.0, 0.0, 0.0, 0.0, 0.0, 0.0], [0.9877380171101112, 0.0, 0.0, 0.0, 0.0, 0.0, 0.0, 0.0, 0.0, 0.0, 0.0, 0.0, 0.0, 0.0, 0.0, 0.0, 0.0, 0.0, 0.0, 0.0], [0.9871090650614309, 0.0, 0.0, 0.0, 0.0, 0.0, 0.0, 0.0, 0.0, 0.0, 0.0, 0.0, 0.0, 0.0, 0.0, 0.0, 0.0, 0.0, 0.0, 0.0], [0.987738222470454, 0.0, 0.0, 0.0, 0.0, 0.0, 0.0, 0.0, 0.0, 0.0, 0.0, 0.0, 0.0, 0.0, 0.0, 0.0, 0.0, 0.0, 0.0, 0.0], [0.0, 0.9783310354776992, 0.0, 0.0, 0.0, 0.0, 0.0, 0.0, 0.0, 0.0, 0.0, 0.0, 0.0, 0.0, 0.0, 0.0, 0.0, 0.0, 0.0, 0.0], [0.0, 0.9783305616256891, 0.0, 0.0, 0.0, 0.0, 0.0, 0.0, 0.0, 0.0, 0.0, 0.0, 0.0, 0.0, 0.0, 0.0, 0.0, 0.0, 0.0, 0.0], [0.0, 0.0, 0.9768850011162397, 0.0, 0.0, 0.0, 0.0, 0.0, 0.0, 0.0, 0.0, 0.0, 0.0, 0.0, 0.0, 0.0, 0.0, 0.0, 0.0, 0.0], [0.0, 0.0, 0.9768858679861738, 0.0, 0.0, 0.0, 0.0, 0.0, 0.0, 0.0, 0.0, 0.0, 0.0, 0.0, 0.0, 0.0, 0.0, 0.0, 0.0, 0.0], [0.0, 0.0, 0.0, 0.9750943989801623, 0.0, 0.0, 0.0, 0.0, 0.0, 0.0, 0.0, 0.0, 0.0, 0.0, 0.0, 0.0, 0.0, 0.0, 0.0, 0.0], [0.0, 0.0, 0.0, 0.9750952761549604, 0.0, 0.0, 0.0, 0.0, 0.0, 0.0, 0.0, 0.0, 0.0, 0.0, 0.0, 0.0, 0.0, 0.0, 0.0, 0.0], [0.0, 0.0, 0.0, 0.0, 0.9679821892766444, 0.0, 0.0, 0.0, 0.0, 0.0, 0.0, 0.0, 0.0, 0.0, 0.0, 0.0, 0.0, 0.0, 0.0, 0.0], [0.0, 0.0, 0.0, 0.0, 0.9679824629266193, 0.0, 0.0, 0.0, 0.0, 0.0, 0.0, 0.0, 0.0, 0.0, 0.0, 0.0, 0.0, 0.0, 0.0, 0.0], [0.0, 0.0, 0.0, 0.0, 0.0, 0.0, 0.9143489552711652, 0.0, 0.0, 0.0, 0.0, 0.0, 0.0, 0.0, 0.0, 0.0, 0.0, 0.0, 0.0, 0.0]], "Born radii": [], "Atomic SASAs": [], "Solvent H bonds": [], "Total SASA": NaN, "Total FOD": 0.0, "FOD": [0.0, 0.0, 0.0, 0.0, 0.0, 0.0, 0.0, 0.0, 0.0, 0.0, 0.0, 0.0, 0.0, 0.0, 0.0, 0.0, 0.0, 0.0, 0.0, 0.0], "FOD s proportion": [0.0, 0.0, 0.0, 0.0, 0.0, 0.0, 0.0, 0.0, 0.0, 0.0, 0.0, 0.0, 0.0, 0.0, 0.0, 0.0, 0.0, 0.0, 0.0, 0.0], "FOD p proportion": [0.0, 0.0, 0.0, 0.0, 0.0, 0.0, 0.0, 0.0, 0.0, 0.0, 0.0, 0.0, 0.0, 0.0, 0.0, 0.0, 0.0, 0.0, 0.0, 0.0], "FOD d proportion": [0.0, 0.0, 0.0, 0.0, 0.0, 0.0, 0.0, 0.0, 0.0, 0.0, 0.0, 0.0, 0.0, 0.0, 0.0, 0.0, 0.0, 0.0, 0.0, 0.0], "coordinates": [["-3.29520893311497", "0.37085450116744", "0.19113969091643"], ["-2.07350549801986", "-0.14641560426631", "-0.55831271983848"], ["-0.77713765627305", "0.19575961483088", "0.17274460187670"], ["0.45058803703385", "-0.32007665306011", "-0.57373291386351"], ["1.73401038149731", "0.02730682141357", "0.16464093501413"], ["2.84729946246418", "-0.48135685929319", "-0.58248272130833"], ["4.04372498698867", "-0.26334280271544", "-0.07571089686167"], ["4.29634276122119", "0.31368135837875", "0.94091772638800"], ["-3.24779968522065", "1.45233157516533", "0.29742488492805"], ["-4.20742913116967", "0.11816473825317", "-0.34371109040340"], ["-3.34705178576063", "-0.06806932967928", "1.18501806935700"], ["-2.14868207981782", "-1.22994551224448", "-0.67154846232523"], ["-2.04946131892793", "0.29016647658804", "-1.55897707554920"], ["-0.70271549040099", "1.27949385844944", "0.28656789569111"], ["-0.80186703081091", "-0.24040928640481", "1.17380350615245"], ["0.48926011072272", "0.11625331469378", "-1.57325014965715"], ["0.39014781266125", "-1.40391267962599", "-0.68580184832942"], ["1.74960709134291", "-0.41709861447107", "1.16605614950080"], ["1.84920866521569", "1.11146216493542", "0.27376927555338"], ["4.80066930036872", "-0.70484708211511", "-0.74733585724167"]], "bond_dist": [[0.0, 1.523747538565684, 2.5242186026131512, 3.8850239256665002, 5.04100923494471, 6.249413190800793, 7.371117048324332, 7.62870192093715, 1.0877209388602531, 1.0872272827238374, 1.0877205715565266, 2.1497244842106102, 2.1497223941307726, 2.7487732308037613, 2.7488225540322917, 4.183311991405711, 4.183381330086301, 5.198220939349359, 5.19811117483104, 8.220773359128826], [1.523747538565684, 0.0, 1.5271209085442004, 2.5301075305116707, 3.879435350798394, 4.93225012468086, 6.137351651648729, 6.560057011313537, 2.160381038161034, 2.1609457857889915, 2.1603843468968424, 1.0920214802422765, 1.0920216063161339, 2.150838509825347, 2.1508430495758035, 2.7689096252475123, 2.7689600949908115, 4.2027261581625845, 4.202654320278555, 6.899409729877392], [2.5242186026131512, 1.5271209085442004, 0.0, 1.5266388291876007, 2.516804815758394, 3.763694920805307, 4.849043389148687, 5.132660034866945, 2.77465117190684, 3.4698194549152057, 2.774664289218759, 2.150953275500239, 2.150948657259196, 1.0922336342465113, 1.0922333918169451, 2.1583749045050338, 2.1583810652430224, 2.783289790782007, 2.783237709100118, 5.724471234917401], [3.8850239256665002, 2.5301075305116707, 1.5266388291876007, 0.0, 1.5208695319822374, 2.402147689223373, 3.627930236419126, 4.181584051252168, 4.19266246936233, 4.684238411482367, 4.192705681978067, 2.755654978910173, 2.7556032946822038, 2.151476779006667, 2.151481844116285, 1.0912900964876695, 1.0912896037609126, 2.1734143069042537, 2.173408155425535, 4.37051407304013], [5.04100923494471, 3.879435350798394, 2.516804815758394, 1.5208695319822374, 0.0, 1.4339961909666457, 2.340305058301694, 2.6926127193544147, 5.183315412649747, 5.963839403058987, 5.183382954598957, 4.165956899424755, 4.1658867426486035, 2.7423478142349356, 2.742399544126815, 2.1395280174468807, 2.139534713860868, 1.0957061105092039, 1.0957063695021085, 3.282095052365033], [6.249413190800793, 4.93225012468086, 3.763694920805307, 2.402147689223373, 1.4339961909666457, 0.0, 1.3174907387348813, 2.2477902867645265, 6.454736398736947, 7.084181926481319, 6.454831757181685, 5.052538891327086, 5.052430665714618, 4.056901575173859, 4.056970931777899, 2.6266152366669457, 2.6266667686951815, 2.0655376652038866, 2.0655326590558603, 1.9730124580851633], [7.371117048324332, 6.137351651648729, 4.849043389148687, 3.627930236419126, 2.340305058301694, 1.3174907387348813, 0.0, 1.1959541713440218, 7.499940061627534, 8.264315845195878, 7.5000767036174345, 6.295653141932247, 6.295503985998495, 5.004027187373274, 5.004155692269486, 3.875685433910202, 3.875788536794145, 2.613159613610032, 2.613068498244304, 1.1040701108589321], [7.62870192093715, 6.560057011313537, 5.132660034866945, 4.181584051252168, 2.6926127193544147, 2.2477902867645265, 1.1959541713440218, 0.0, 7.656676341951761, 8.602478383785282, 7.656813878246081, 6.8206433953889825, 6.820502649662669, 5.133376168696159, 5.133516856174249, 4.566606644883826, 4.566695175979391, 2.6590579629843485, 2.6589483926157538, 2.0351770450803053], [1.0877209388602531, 2.160381038161034, 2.77465117190684, 4.19266246936233, 5.183315412649747, 6.454736398736947, 7.499940061627534, 7.656676341951761, 0.0, 1.7640706224844942, 1.7633183354002282, 3.056399717287863, 2.496571808569512, 2.5509692881835506, 3.100967213963456, 4.387498845764102, 4.728586263289035, 5.40586385309144, 5.108448459865594, 8.397785290170216], [1.0872272827238374, 2.1609457857889915, 3.4698194549152057, 4.684238411482367, 5.963839403058987, 7.084181926481319, 8.264315845195878, 8.602478383785282, 1.7640706224844942, 0.0, 1.7640706188963962, 2.482603071651887, 2.482595635884751, 3.7455246133910562, 3.7455679277406593, 4.854962387771746, 4.855044748210026, 6.168645275243543, 6.168531687265569, 9.054617538093785], [1.0877205715565266, 2.1603843468968424, 2.774664289218759, 4.192705681978067, 5.183382954598957, 6.454831757181685, 7.5000767036174345, 7.656813878246081, 1.7633183354002282, 1.7640706188963962, 0.0, 2.496574753997229, 3.0564003775316966, 3.1009117535841377, 2.5510374877567936, 4.7285629288772135, 4.387608170570126, 5.108631196867241, 5.405810909140013, 8.397906673748842], [2.1497244842106102, 1.0920214802422765, 2.150953275500239, 2.755654978910173, 4.165956899424755, 5.052538891327086, 6.295653141932247, 6.8206433953889825, 3.056399717287863, 2.482603071651887, 2.496574753997229, 0.0, 1.7629846175030988, 3.0505888428952423, 2.4896619461374576, 3.0958126905904693, 2.544823168175859, 4.385677741308995, 4.728524711316364, 6.969573638025006], [2.1497223941307726, 1.0920216063161339, 2.150948657259196, 2.7556032946822038, 4.1658867426486035, 5.052430665714618, 6.295503985998495, 6.820502649662669, 2.496571808569512, 2.482595635884751, 3.0564003775316966, 1.7629846175030988, 0.0, 2.489684565567663, 3.050588771982102, 2.544711379683753, 3.0958087602244535, 4.728525221734051, 4.385557369416142, 6.9694406483364455], [2.7487732308037613, 2.150838509825347, 1.0922336342465113, 2.151476779006667, 2.7423478142349356, 4.056901575173859, 5.004027187373274, 5.133376168696159, 2.5509692881835506, 3.7455246133910562, 3.1009117535841377, 3.0505888428952423, 2.489684565567663, 0.0, 1.7627034992233397, 2.496569157486773, 3.0562270476606654, 3.1089888473088503, 2.5574822288185164, 5.9408593733570605], [2.7488225540322917, 2.1508430495758035, 1.0922333918169451, 2.151481844116285, 2.742399544126815, 4.056970931777899, 5.004155692269486, 5.133516856174249, 3.100967213963456, 3.7455679277406593, 2.5510374877567936, 2.4896619461374576, 3.050588771982102, 1.7627034992233397, 0.0, 3.056226643186677, 2.4965519436840884, 2.5575963982239656, 3.108990251393806, 5.940950451051946], [4.183311991405711, 2.7689096252475123, 2.1583749045050338, 1.0912900964876695, 2.1395280174468807, 2.6266152366669457, 3.875685433910202, 4.566606644883826, 4.387498845764102, 4.854962387771746, 4.7285629288772135, 3.0958126905904693, 2.544711379683753, 2.496569157486773, 3.056226643186677, 0.0, 1.763034992688096, 3.0621459456578357, 2.500276281448081, 4.465936573734546], [4.183381330086301, 2.7689600949908115, 2.1583810652430224, 1.0912896037609126, 2.139534713860868, 2.6266667686951815, 3.875788536794145, 4.566695175979391, 4.728586263289035, 4.855044748210026, 4.387608170570126, 2.544823168175859, 3.0958087602244535, 3.0562270476606654, 2.4965519436840884, 1.763034992688096, 0.0, 2.500261901023369, 3.0621472730583883, 4.46600256800255], [5.198220939349359, 4.2027261581625845, 2.783289790782007, 2.1734143069042537, 1.0957061105092039, 2.0655376652038866, 2.613159613610032, 2.6590579629843485, 5.40586385309144, 6.168645275243543, 5.108631196867241, 4.385677741308995, 4.728525221734051, 3.1089888473088503, 2.5575963982239656, 3.0621459456578357, 2.500261901023369, 0.0, 1.7727364144949946, 3.6128726458931437], [5.19811117483104, 4.202654320278555, 2.783237709100118, 2.173408155425535, 1.0957063695021085, 2.0655326590558603, 2.613068498244304, 2.6589483926157538, 5.108448459865594, 6.168531687265569, 5.405810909140013, 4.728524711316364, 4.385557369416142, 2.5574822288185164, 3.108990251393806, 2.500276281448081, 3.0621472730583883, 1.7727364144949946, 0.0, 3.612859650470744], [8.220773359128826, 6.899409729877392, 5.724471234917401, 4.37051407304013, 3.282095052365033, 1.9730124580851633, 1.1040701108589321, 2.0351770450803053, 8.397785290170216, 9.054617538093785, 8.397906673748842, 6.969573638025006, 6.9694406483364455, 5.9408593733570605, 5.940950451051946, 4.465936573734546, 4.46600256800255, 3.6128726458931437, 3.612859650470744, 0.0]]}