{"total energy": -30.28200138, "HOMO-LUMO gap/eV": 5.11660972, "electronic energy": -30.64759747, "dipole": [0.39271907, -0.84655986, 0.19651318], "partial charges": [-0.10414672, -0.08550241, 0.35601344, -0.40839294, -0.27317769, 0.07900345, -0.01478609, -0.10973373, -0.11368504, 0.05205046, 0.0532854, 0.0428156, 0.06404039, 0.06397457, 0.04995637, 0.04625746, 0.04581936, 0.04094051, 0.04702781, 0.04020953, 0.04182877, 0.03884338, 0.04735814], "atomic dipole moments": [[0.10834133, -0.06408841, 0.01956248], [0.00262648, 0.10077502, -0.02304296], [0.14706927, -0.05031306, 0.02158904], [0.00997778, -0.18770224, 0.04728883], [0.01225159, 0.23417404, -0.057623], [-0.16514227, -0.18228901, 0.0352717], [-0.0118831, 0.06962211, -0.09017622], [-0.00564676, 0.07658419, 0.08077288], [-0.09722827, -0.05517807, -0.00235911], [-0.01194243, 0.09504822, 0.083193], [-0.00170911, 0.05292059, -0.11540633], [-0.09451853, -0.07823512, 0.01186011], [0.00523006, -0.05244251, 0.11873905], [0.01345571, -0.09747733, -0.08446157], [-0.00093391, 0.05204739, -0.11460526], [-0.00703211, 0.0930298, 0.08310128], [-0.01874918, -0.05817837, 0.10913877], [0.09213271, -0.07917465, 0.02306047], [-0.10901973, -0.06365023, -0.00506609], [0.02124103, 0.05312715, -0.11055523], [0.01866802, 0.06157762, -0.10663079], [-0.00473716, 0.08369973, 0.09228033], [0.09726335, -0.07423417, 0.01945552]], "atomic quadrupole moments": [[0.18139935, -0.15725609, -0.04424097, 0.04965652, -0.02910658, -0.13715838], [0.21650332, 0.02164289, 0.02073769, 0.01628417, -0.06053177, -0.23724101], [-0.11315309, -0.13006426, -0.30350569, -0.00352052, 0.18120547, 0.41665878], [-0.10969311, -0.01785547, -0.06978279, -0.01439484, 0.06515166, 0.1794759], [0.06280372, 0.04032247, 0.01547772, -0.00095351, -0.02125144, -0.07828144], [0.39669384, 0.2012391, -0.01945203, -0.00422064, -0.06336557, -0.37724181], [0.12626091, -0.04578918, 0.0404532, 0.05031851, 0.11681835, -0.16671411], [-0.11981696, -0.01978569, 0.05003122, -0.01174826, 0.18941712, 0.06978574], [0.14613843, 0.16481379, -0.01760682, 0.00750999, 0.01844983, -0.12853161], [-0.03341703, -0.01161337, 0.01496344, 0.00464953, 0.06373445, 0.0184536], [-0.0319925, -0.00837766, -0.03248644, -0.00761867, -0.04222849, 0.06447894], [0.03322348, 0.0590609, 0.02161419, -0.00836828, -0.01350512, -0.05483766], [-0.01011682, -0.01065274, -0.03914888, -0.00585833, -0.03834233, 0.0492657], [-0.01178525, -0.01297659, 0.00626908, 0.00760222, 0.0580042, 0.00551617], [-0.00447644, 0.01121343, -0.03070678, -0.00598057, -0.02139071, 0.03518322], [-0.00125927, 0.00960052, -0.00527365, -0.00164292, 0.04217299, 0.00653292], [-0.02322585, 0.00365375, -0.00081839, -0.00468338, -0.01731388, 0.02404424], [0.02624674, -0.06446562, 0.00360941, 0.02768899, -0.01036302, -0.02985615], [0.05225846, 0.05198836, -0.01279022, -0.00431766, 0.01156373, -0.03946824], [-0.05082723, 0.01127119, -0.00246086, -0.01864803, -0.04877538, 0.05328809], [-0.03596383, 0.01309076, -0.02069293, -0.00391028, -0.05304895, 0.05665676], [-0.03324625, -0.00119908, 0.00655974, -0.01650304, 0.06538661, 0.02668651], [0.03384659, -0.05614446, 0.01761674, 0.01658692, -0.01534946, -0.05146334]], "number of molecular orbitals": 50, "number of electrons": 54, "number of unpaired electrons": 0, "orbital energies/eV": [-20.10004036, -19.33910855, -18.33358007, -17.37982556, -16.98547001, -16.48123808, -16.1964223, -15.96834017, -15.85807263, -15.37129437, -15.26532958, -14.88243142, -14.34552385, -13.87381968, -13.79835999, -13.44841881, -13.20007503, -13.11914747, -12.89234177, -12.75546182, -12.48980309, -12.28603978, -12.16877824, -12.13801205, -11.94554565, -11.77143177, -11.17781156, -6.06120184, -0.02489142, 2.19309988, 2.49253017, 3.22712678, 3.40145462, 3.51201442, 3.56648786, 4.22345848, 4.26564801, 4.41269694, 4.9947189, 5.11446483, 5.29135306, 5.78953598, 6.23944905, 6.75523996, 6.97330306, 7.1456975, 7.48460317, 7.82298299, 7.9485033, 18.0104295], "fractional occupation": [2.0, 2.0, 2.0, 2.0, 2.0, 2.0, 2.0, 2.0, 2.0, 2.0, 2.0, 2.0, 2.0, 2.0, 2.0, 2.0, 2.0, 2.0, 2.0, 2.0, 2.0, 2.0, 2.0, 2.0, 2.0, 2.0, 2.0, 0.0, 0.0, 0.0, 0.0, 0.0, 0.0, 0.0, 0.0, 0.0, 0.0, 0.0, 0.0, 0.0, 0.0, 0.0, 0.0, 0.0, 0.0, 0.0, 0.0, 0.0, 0.0, 0.0], "program call": "xtb /tmp/scratch/tmplg4xnkk6/508201_81286f_xyzopt.xyz --pop --wbo --acc 0.2 --gfn 2 --chrg 0 --uhf 0 --etemp 300 --input /tmp/scratch/tmplg4xnkk6/508201_81286f_xtb.inp", "method": "GFN2-xTB", "xtb version": "6.3.3 (7355c4f)", "Dipole module/D": 2.424, "Total charge": 0, "Transition dipole module/D": NaN, "HOMO": -11.1778, "LUMO": -6.0612, "HOMO occupancy": 2.0, "LUMO occupancy": 0, "mulliken charges": [-0.07869, -0.07611, 0.58019, -0.53136, -0.42248, 0.19356, -0.01122, -0.09073, -0.09772, 0.04238, 0.0432, 0.0301, 0.05219, 0.0524, 0.03882, 0.03851, 0.03338, 0.03105, 0.04104, 0.029, 0.03216, 0.03334, 0.03701], "cm5 charges": [-0.22904, -0.17753, 0.6326, -0.58338, -0.51033, 0.1146, -0.08333, -0.24068, -0.24862, 0.09662, 0.09764, 0.08194, 0.11084, 0.11092, 0.10569, 0.10447, 0.09435, 0.08354, 0.09678, 0.08238, 0.08522, 0.0858, 0.08953], "FUKUI+": [0.031, 0.027, -0.189, -0.281, -0.121, 0.028, -0.002, 0.014, 0.013, -0.032, -0.032, -0.062, -0.098, -0.099, -0.037, -0.039, -0.019, -0.032, 0.004, -0.015, -0.015, -0.014, -0.03], "FUKUI-": [0.016, -0.01, -0.019, -0.134, -0.054, 0.014, -0.011, 0.016, 0.016, -0.053, -0.049, -0.09, -0.06, -0.062, -0.051, -0.044, -0.092, -0.056, -0.037, -0.063, -0.068, -0.05, -0.059], "FUKUIrad": [0.024, 0.009, -0.104, -0.207, -0.087, 0.021, -0.006, 0.015, 0.015, -0.043, -0.041, -0.076, -0.079, -0.081, -0.044, -0.041, -0.055, -0.044, -0.017, -0.039, -0.042, -0.032, -0.044], "s proportion": [1.002, 1.034, 0.979, 1.721, 1.688, 1.001, 1.053, 1.008, 1.01, 0.958, 0.957, 0.97, 0.948, 0.948, 0.961, 0.961, 0.967, 0.969, 0.959, 0.971, 0.968, 0.967, 0.963], "p proportion": [3.076, 3.042, 2.441, 4.811, 4.735, 2.805, 2.958, 3.082, 3.087, 0.0, 0.0, 0.0, 0.0, 0.0, 0.0, 0.0, 0.0, 0.0, 0.0, 0.0, 0.0, 0.0, 0.0], "d proportion": [0.0, 0.0, 0.0, 0.0, 0.0, 0.0, 0.0, 0.0, 0.0, 0.0, 0.0, 0.0, 0.0, 0.0, 0.0, 0.0, 0.0, 0.0, 0.0, 0.0, 0.0, 0.0, 0.0], "Fermi-level/eV": -8.6195, "Coordination numbers": [3.753, 3.802, 2.719, 0.856, 1.704, 3.709, 3.849, 3.756, 3.757, 0.925, 0.925, 0.925, 0.924, 0.924, 0.924, 0.924, 0.924, 0.925, 0.925, 0.925, 0.925, 0.925, 0.925], "Dispersion coefficient C6": [22.548, 22.13, 20.957, 21.85, 18.531, 19.396, 20.805, 22.652, 22.728, 2.294, 2.279, 2.412, 2.152, 2.153, 2.321, 2.367, 2.373, 2.436, 2.357, 2.446, 2.425, 2.464, 2.353], "Total dispersion C6": 3941.997192, "Total dispersion C8": 83600.614954, "Polarizability alpha": [6.771, 6.698, 7.494, 6.267, 5.812, 6.294, 6.488, 6.786, 6.797, 2.369, 2.361, 2.429, 2.294, 2.295, 2.382, 2.406, 2.409, 2.441, 2.401, 2.446, 2.435, 2.455, 2.399], "Total polarizability alpha": 92.928337, "Wiberg matrix": [[0.0, 1.0203967760176373, 0.0, 0.0, 0.0, 0.0, 0.0, 0.0, 0.0, 0.9865598196237635, 0.9862770170050634, 0.986984780955045, 0.0, 0.0, 0.0, 0.0, 0.0, 0.0, 0.0, 0.0, 0.0, 0.0, 0.0], [1.0203967760176373, 0.0, 0.9692129719275879, 0.0, 0.0, 0.0, 0.0, 0.0, 0.0, 0.0, 0.0, 0.0, 0.9572652725890608, 0.9559312091247887, 0.0, 0.0, 0.0, 0.0, 0.0, 0.0, 0.0, 0.0, 0.0], [0.0, 0.9692129719275879, 0.0, 1.758991104766109, 1.1292067363180327, 0.0, 0.0, 0.0, 0.0, 0.0, 0.0, 0.0, 0.0, 0.0, 0.0, 0.0, 0.0, 0.0, 0.0, 0.0, 0.0, 0.0, 0.0], [0.0, 0.0, 1.758991104766109, 0.0, 0.17169487224045754, 0.0, 0.0, 0.0, 0.0, 0.0, 0.0, 0.0, 0.0, 0.0, 0.0, 0.0, 0.0, 0.0, 0.0, 0.0, 0.0, 0.0, 0.0], [0.0, 0.0, 1.1292067363180327, 0.17169487224045754, 0.0, 0.937712165781509, 0.0, 0.0, 0.0, 0.0, 0.0, 0.0, 0.0, 0.0, 0.0, 0.0, 0.0, 0.0, 0.0, 0.0, 0.0, 0.0, 0.0], [0.0, 0.0, 0.0, 0.0, 0.937712165781509, 0.0, 0.993283646280114, 0.0, 0.0, 0.0, 0.0, 0.0, 0.0, 0.0, 0.9674035318027446, 0.9677725523784619, 0.0, 0.0, 0.0, 0.0, 0.0, 0.0, 0.0], [0.0, 0.0, 0.0, 0.0, 0.0, 0.993283646280114, 0.0, 1.0093386325085953, 1.0077093250534308, 0.0, 0.0, 0.0, 0.0, 0.0, 0.0, 0.0, 0.9670581990551078, 0.0, 0.0, 0.0, 0.0, 0.0, 0.0], [0.0, 0.0, 0.0, 0.0, 0.0, 0.0, 1.0093386325085953, 0.0, 0.0, 0.0, 0.0, 0.0, 0.0, 0.0, 0.0, 0.0, 0.0, 0.9864621345375459, 0.9853416388772462, 0.9862966227379955, 0.0, 0.0, 0.0], [0.0, 0.0, 0.0, 0.0, 0.0, 0.0, 1.0077093250534308, 0.0, 0.0, 0.0, 0.0, 0.0, 0.0, 0.0, 0.0, 0.0, 0.0, 0.0, 0.0, 0.0, 0.9863538295639473, 0.9863956444914949, 0.9856453255401881], [0.9865598196237635, 0.0, 0.0, 0.0, 0.0, 0.0, 0.0, 0.0, 0.0, 0.0, 0.0, 0.0, 0.0, 0.0, 0.0, 0.0, 0.0, 0.0, 0.0, 0.0, 0.0, 0.0, 0.0], [0.9862770170050634, 0.0, 0.0, 0.0, 0.0, 0.0, 0.0, 0.0, 0.0, 0.0, 0.0, 0.0, 0.0, 0.0, 0.0, 0.0, 0.0, 0.0, 0.0, 0.0, 0.0, 0.0, 0.0], [0.986984780955045, 0.0, 0.0, 0.0, 0.0, 0.0, 0.0, 0.0, 0.0, 0.0, 0.0, 0.0, 0.0, 0.0, 0.0, 0.0, 0.0, 0.0, 0.0, 0.0, 0.0, 0.0, 0.0], [0.0, 0.9572652725890608, 0.0, 0.0, 0.0, 0.0, 0.0, 0.0, 0.0, 0.0, 0.0, 0.0, 0.0, 0.0, 0.0, 0.0, 0.0, 0.0, 0.0, 0.0, 0.0, 0.0, 0.0], [0.0, 0.9559312091247887, 0.0, 0.0, 0.0, 0.0, 0.0, 0.0, 0.0, 0.0, 0.0, 0.0, 0.0, 0.0, 0.0, 0.0, 0.0, 0.0, 0.0, 0.0, 0.0, 0.0, 0.0], [0.0, 0.0, 0.0, 0.0, 0.0, 0.9674035318027446, 0.0, 0.0, 0.0, 0.0, 0.0, 0.0, 0.0, 0.0, 0.0, 0.0, 0.0, 0.0, 0.0, 0.0, 0.0, 0.0, 0.0], [0.0, 0.0, 0.0, 0.0, 0.0, 0.9677725523784619, 0.0, 0.0, 0.0, 0.0, 0.0, 0.0, 0.0, 0.0, 0.0, 0.0, 0.0, 0.0, 0.0, 0.0, 0.0, 0.0, 0.0], [0.0, 0.0, 0.0, 0.0, 0.0, 0.0, 0.9670581990551078, 0.0, 0.0, 0.0, 0.0, 0.0, 0.0, 0.0, 0.0, 0.0, 0.0, 0.0, 0.0, 0.0, 0.0, 0.0, 0.0], [0.0, 0.0, 0.0, 0.0, 0.0, 0.0, 0.0, 0.9864621345375459, 0.0, 0.0, 0.0, 0.0, 0.0, 0.0, 0.0, 0.0, 0.0, 0.0, 0.0, 0.0, 0.0, 0.0, 0.0], [0.0, 0.0, 0.0, 0.0, 0.0, 0.0, 0.0, 0.9853416388772462, 0.0, 0.0, 0.0, 0.0, 0.0, 0.0, 0.0, 0.0, 0.0, 0.0, 0.0, 0.0, 0.0, 0.0, 0.0], [0.0, 0.0, 0.0, 0.0, 0.0, 0.0, 0.0, 0.9862966227379955, 0.0, 0.0, 0.0, 0.0, 0.0, 0.0, 0.0, 0.0, 0.0, 0.0, 0.0, 0.0, 0.0, 0.0, 0.0], [0.0, 0.0, 0.0, 0.0, 0.0, 0.0, 0.0, 0.0, 0.9863538295639473, 0.0, 0.0, 0.0, 0.0, 0.0, 0.0, 0.0, 0.0, 0.0, 0.0, 0.0, 0.0, 0.0, 0.0], [0.0, 0.0, 0.0, 0.0, 0.0, 0.0, 0.0, 0.0, 0.9863956444914949, 0.0, 0.0, 0.0, 0.0, 0.0, 0.0, 0.0, 0.0, 0.0, 0.0, 0.0, 0.0, 0.0, 0.0], [0.0, 0.0, 0.0, 0.0, 0.0, 0.0, 0.0, 0.0, 0.9856453255401881, 0.0, 0.0, 0.0, 0.0, 0.0, 0.0, 0.0, 0.0, 0.0, 0.0, 0.0, 0.0, 0.0, 0.0]], "Born radii": [], "Atomic SASAs": [], "Solvent H bonds": [], "Total SASA": NaN, "Total FOD": 0.0, "FOD": [0.0, 0.0, 0.0, 0.0, 0.0, 0.0, 0.0, 0.0, 0.0, 0.0, 0.0, 0.0, 0.0, 0.0, 0.0, 0.0, 0.0, 0.0, 0.0, 0.0, 0.0, 0.0, 0.0], "FOD s proportion": [0.0, 0.0, 0.0, 0.0, 0.0, 0.0, 0.0, 0.0, 0.0, 0.0, 0.0, 0.0, 0.0, 0.0, 0.0, 0.0, 0.0, 0.0, 0.0, 0.0, 0.0, 0.0, 0.0], "FOD p proportion": [0.0, 0.0, 0.0, 0.0, 0.0, 0.0, 0.0, 0.0, 0.0, 0.0, 0.0, 0.0, 0.0, 0.0, 0.0, 0.0, 0.0, 0.0, 0.0, 0.0, 0.0, 0.0, 0.0], "FOD d proportion": [0.0, 0.0, 0.0, 0.0, 0.0, 0.0, 0.0, 0.0, 0.0, 0.0, 0.0, 0.0, 0.0, 0.0, 0.0, 0.0, 0.0, 0.0, 0.0, 0.0, 0.0, 0.0, 0.0], "coordinates": [["-4.04716274567216", "0.33058117893338", "0.03909560180448"], ["-2.73010329923353", "-0.39878407035854", "0.26020287137074"], ["-1.54207019738106", "0.52531347104794", "0.10435477761780"], ["-1.59125089797312", "1.69046137144433", "-0.18723831836327"], ["-0.40121300267641", "-0.13325192838796", "0.33650445950884"], ["0.80449443403127", "0.62210719993341", "0.21867227275921"], ["1.99554495143514", "-0.30259156364024", "0.45645954133183"], ["2.07665163087871", "-1.35798966662042", "-0.64331672175612"], ["3.28027305434906", "0.51823782721852", "0.52205205390674"], ["-4.15825711671946", "1.13423239383644", "0.76214737931002"], ["-4.07143809558914", "0.76849879984674", "-0.95517992705737"], ["-4.88288846002959", "-0.35645923803487", "0.14348732159776"], ["-2.68543301174863", "-0.83413541785164", "1.26056952973555"], ["-2.61119136311560", "-1.21498269813294", "-0.45568593013851"], ["0.84796839801332", "1.07089892982734", "-0.78043450836667"], ["0.78350449792908", "1.43572378484496", "0.95298619541215"], ["1.83903471755729", "-0.80601258801819", "1.41585609358803"], ["2.88698112243139", "-2.05430155729117", "-0.44213049718714"], ["1.14511787950901", "-1.91502415434429", "-0.69715731687644"], ["2.25705136056735", "-0.88655797446955", "-1.60704543196621"], ["3.43670090491100", "1.05057056716344", "-0.41355974093436"], ["3.23436690689459", "1.24642162560278", "1.32821259644626"], ["4.13332033163145", "-0.13295729254939", "0.69410269825667"]], "bond_dist": [[0.0, 1.5216792293328252, 2.513497185421862, 2.8163813990776587, 3.687349008236019, 4.863724148329049, 6.090108101884218, 6.388901360817271, 7.345731914227842, 1.0867387484798177, 1.0867129163737406, 1.086903691845576, 2.168610425063313, 2.1669310727306312, 5.018167881572451, 5.039035841794303, 6.150986540298885, 7.348577781275139, 5.704786566011303, 6.628297180959772, 7.532031380643194, 7.451258982939643, 8.219744861551241], [1.5216792293328252, 0.0, 1.5131647449822268, 2.4211846121725737, 2.345220515041132, 3.6793103854363802, 4.730699849694633, 4.984106338073312, 6.085566371894677, 2.154463064186276, 2.153806788387474, 2.1563621819012115, 1.0919064435728996, 1.0921616293655798, 4.0056823822890735, 4.023780257066121, 4.730580477288133, 5.897935885565417, 4.269995515981312, 5.347546279240606, 6.370561907343912, 6.278714151374426, 6.882261029072339], [2.513497185421862, 1.5131647449822268, 0.0, 1.202087727552639, 1.3375937346016695, 2.3513406994823707, 3.650222657897188, 4.14740775058967, 4.840404478642444, 2.7654850132098483, 2.7530809757505574, 3.4554480361492232, 2.119483984328153, 2.1178518403871918, 2.606300071154352, 2.6376731954892527, 3.863202715773593, 5.15456646513982, 3.7173443644765665, 4.399499547459937, 5.033119525161836, 4.983189374524533, 5.743794970653964], [2.8163813990776587, 2.4211846121725737, 1.202087727552639, 0.0, 2.2397381296929777, 2.654381234787311, 4.153517954933816, 4.791092798378787, 5.060528281501939, 2.792891835635548, 2.7551910701453957, 3.8902623652370023, 3.109175294454511, 3.0909461195796695, 2.5856392077800683, 2.6465952410989253, 4.535322847165216, 5.8431824756577235, 4.554915734466991, 4.844203879084735, 5.073557032284501, 5.077435373270675, 6.07225933031468], [3.687349008236019, 2.345220515041132, 1.3375937346016695, 2.2397381296929777, 0.0, 1.427649207580358, 2.4057252179580937, 2.9325492693098054, 3.7432881801325397, 3.987865202978537, 3.9940149177258957, 4.491379746096853, 2.561795263025867, 2.584900660619703, 2.063488822147726, 2.060410171703204, 2.576104948007323, 3.8870200252753473, 2.575715071654799, 3.3780505627665653, 4.08578207541872, 4.0130319489540085, 4.548611782413947], [4.863724148329049, 3.6793103854363802, 2.3513406994823707, 2.654381234787311, 1.427649207580358, 0.0, 1.5265031685056833, 2.5064302426145004, 2.496459075374553, 5.018619367928733, 5.017377554156145, 5.771444293593689, 3.9224719288678274, 3.9365680159529473, 1.0961379303980023, 1.096188606792944, 2.131442898093053, 3.454934868254521, 2.7187871703611384, 2.7783515563427374, 2.7407679729481376, 2.743196760417551, 3.4463369443266347], [6.090108101884218, 4.730699849694633, 3.650222657897188, 4.153517954933816, 2.4057252179580937, 1.5265031685056833, 0.0, 1.526417792767177, 1.5259716789705675, 6.326704357964782, 6.320462312865162, 6.8857606357340275, 4.7791930735441746, 4.783982275805927, 2.175618296436412, 2.176538772897601, 1.0947008383916252, 2.1611595050209784, 2.157312429800502, 2.160429389223317, 2.1598406853272873, 2.166581428628647, 2.157622217195402], [6.388901360817271, 4.984106338073312, 4.14740775058967, 4.791092798378787, 2.9325492693098054, 2.5064302426145004, 1.526417792767177, 0.0, 2.5153565399290603, 6.860071955081059, 6.512927079396648, 7.075119933893749, 5.155255209601098, 4.693775478582308, 2.7254290649516992, 3.46774384286302, 2.1450718347530935, 1.087179852152264, 1.086711258862082, 1.087917703559957, 2.7755512421493957, 3.4655722026689597, 2.742130771353805], [7.345731914227842, 6.085566371894677, 4.840404478642444, 5.060528281501939, 3.7432881801325397, 2.496459075374553, 1.5259716789705675, 2.5153565399290603, 0.0, 7.467852849198353, 7.5028329124491115, 8.21861375916546, 6.161490917234312, 6.218470707271738, 2.813896138892146, 2.6946869838785026, 2.1516720863188006, 2.775299158721259, 3.459208432773419, 2.748361326939465, 1.087757900037724, 1.0873149676846419, 1.086897495401322], [1.0867387484798177, 2.154463064186276, 2.7654850132098483, 2.792891835635548, 3.987865202978537, 5.018619367928733, 6.326704357964782, 6.860071955081059, 7.467852849198353, 0.0, 1.7579851197884824, 1.7691784511595006, 2.508407328626604, 3.065182207294199, 5.238880024605742, 4.954626561971876, 6.337144074282805, 7.8263922600204054, 6.2891431883489695, 7.131118506124354, 7.685874958920712, 7.415113364493587, 8.38812591476211], [1.0867129163737406, 2.153806788387474, 2.7530809757505574, 2.7551910701453957, 3.9940149177258957, 5.017377554156145, 6.320462312865162, 6.512927079396648, 7.5028329124491115, 1.7579851197884824, 0.0, 1.7694778902864015, 3.065777582188172, 2.5131680456120207, 4.931788929918201, 5.258968978602522, 6.560075212728692, 7.526687158867806, 5.871995176630081, 6.573729562385736, 7.532932241747853, 7.669229321000071, 8.417292742546628], [1.086903691845576, 2.1563621819012115, 3.4554480361492232, 3.8902623652370023, 4.491379746096853, 5.771444293593689, 6.8857606357340275, 7.075119933893749, 8.21861375916546, 1.7691784511595006, 1.7694778902864015, 0.0, 2.5109475581305993, 2.501335406790226, 5.977767410549296, 5.9979344418065335, 6.856039068718683, 7.974740754356116, 6.2827277862456805, 7.370489144786508, 8.45609848002166, 8.358387148950449, 9.035770658193735], [2.168610425063313, 1.0919064435728996, 2.119483984328153, 3.109175294454511, 2.561795263025867, 3.9224719288678274, 4.7791930735441746, 5.155255209601098, 6.161490917234312, 2.508407328626604, 3.065777582188172, 2.5109475581305993, 0.0, 1.759570764941534, 4.503307548002243, 4.156969539660946, 4.527219129222885, 5.95313296276226, 4.435553516432498, 5.714377959463814, 6.620826924061647, 6.27513539872329, 6.878076227581743], [2.1669310727306312, 1.0921616293655798, 2.1178518403871918, 3.0909461195796695, 2.584900660619703, 3.9365680159529473, 4.783982275805927, 4.693775478582308, 6.218470707271738, 3.065182207294199, 2.5131680456120207, 2.501335406790226, 1.759570764941534, 0.0, 4.158906431878582, 4.531507696694155, 4.845042648588648, 5.561882826698809, 3.8286062212317837, 5.013310155800686, 6.458444634690917, 6.588729519880198, 6.926848552472823], [5.018167881572451, 4.0056823822890735, 2.606300071154352, 2.5856392077800683, 2.063488822147726, 1.0961379303980023, 2.175618296436412, 2.7254290649516992, 2.813896138892146, 5.238880024605742, 4.931788929918201, 5.977767410549296, 4.503307548002243, 4.158906431878582, 0.0, 1.7725687872524887, 3.0542923409179714, 3.746852089288384, 3.0018277048432807, 2.5495956437352354, 2.6146790108110505, 3.1893727710255164, 3.796981314886882], [5.039035841794303, 4.023780257066121, 2.6376731954892527, 2.6465952410989253, 2.060410171703204, 1.096188606792944, 2.176538772897601, 3.46774384286302, 2.6946869838785026, 4.954626561971876, 5.258968978602522, 5.9979344418065335, 4.156969539660946, 4.531507696694155, 1.7725687872524887, 0.0, 2.52066946516265, 4.307115204466816, 3.7524991140394426, 3.7574053360282385, 3.0091929102763353, 2.486635620111436, 3.7079707533093695], [6.150986540298885, 4.730580477288133, 3.863202715773593, 4.535322847165216, 2.576104948007323, 2.131442898093053, 1.0947008383916252, 2.1450718347530935, 2.1516720863188006, 6.337144074282805, 6.560075212728692, 6.856039068718683, 4.527219129222885, 4.845042648588648, 3.0542923409179714, 2.52066946516265, 0.0, 2.471544292501651, 2.485206813360748, 3.0527297794449724, 3.057155631288464, 2.483368579658282, 2.49753435879841], [7.348577781275139, 5.897935885565417, 5.15456646513982, 5.8431824756577235, 3.8870200252753473, 3.454934868254521, 2.1611595050209784, 1.087179852152264, 2.775299158721259, 7.8263922600204054, 7.526687158867806, 7.974740754356116, 5.95313296276226, 5.561882826698809, 3.746852089288384, 4.307115204466816, 2.471544292501651, 0.0, 1.7659344355826283, 1.7656339896406854, 3.15329019225595, 3.7615907648913853, 2.556550621926742], [5.704786566011303, 4.269995515981312, 3.7173443644765665, 4.554915734466991, 2.575715071654799, 2.7187871703611384, 2.157312429800502, 1.086711258862082, 3.459208432773419, 6.2891431883489695, 5.871995176630081, 6.2827277862456805, 4.435553516432498, 3.8286062212317837, 3.0018277048432807, 3.7524991140394426, 2.485206813360748, 1.7659344355826283, 0.0, 1.7669281624973532, 3.7585279564778116, 4.296722495550479, 3.7470949580289887], [6.628297180959772, 5.347546279240606, 4.399499547459937, 4.844203879084735, 3.3780505627665653, 2.7783515563427374, 2.160429389223317, 1.087917703559957, 2.748361326939465, 7.131118506124354, 6.573729562385736, 7.370489144786508, 5.714377959463814, 5.013310155800686, 2.5495956437352354, 3.7574053360282385, 3.0527297794449724, 1.7656339896406854, 1.7669281624973532, 0.0, 2.5628983844423305, 3.7577236919147596, 3.0632632855823414], [7.532031380643194, 6.370561907343912, 5.033119525161836, 5.073557032284501, 4.08578207541872, 2.7407679729481376, 2.1598406853272873, 2.7755512421493957, 1.087757900037724, 7.685874958920712, 7.532932241747853, 8.45609848002166, 6.620826924061647, 6.458444634690917, 2.6146790108110505, 3.0091929102763353, 3.057155631288464, 3.15329019225595, 3.7585279564778116, 2.5628983844423305, 0.0, 1.7643887210899594, 1.764350560289928], [7.451258982939643, 6.278714151374426, 4.983189374524533, 5.077435373270675, 4.0130319489540085, 2.743196760417551, 2.166581428628647, 3.4655722026689597, 1.0873149676846419, 7.415113364493587, 7.669229321000071, 8.358387148950449, 6.27513539872329, 6.588729519880198, 3.1893727710255164, 2.486635620111436, 2.483368579658282, 3.7615907648913853, 4.296722495550479, 3.7577236919147596, 1.7643887210899594, 0.0, 1.7643409031904214], [8.219744861551241, 6.882261029072339, 5.743794970653964, 6.07225933031468, 4.548611782413947, 3.4463369443266347, 2.157622217195402, 2.742130771353805, 1.086897495401322, 8.38812591476211, 8.417292742546628, 9.035770658193735, 6.878076227581743, 6.926848552472823, 3.796981314886882, 3.7079707533093695, 2.49753435879841, 2.556550621926742, 3.7470949580289887, 3.0632632855823414, 1.764350560289928, 1.7643409031904214, 0.0]]}