{"total energy": -30.37810742, "HOMO-LUMO gap/eV": 11.80492857, "electronic energy": -30.77920135, "dipole": [-0.01151779, 0.28237028, 0.59806925], "partial charges": [-0.10239834, -0.05300422, -0.05954763, -0.05888179, -0.05915149, -0.06096287, -0.06507618, 0.08890089, -0.44263114, 0.03359589, 0.0335959, 0.03288902, 0.02865901, 0.02865903, 0.0307659, 0.03076585, 0.02924671, 0.02924674, 0.03285386, 0.0328539, 0.03041331, 0.03041331, 0.04861063, 0.0486106, 0.01349586, 0.01349588, 0.28458137], "atomic dipole moments": [[-0.08024359, 0.0176795, 0.05237051], [0.00293972, -0.04808251, -0.10202315], [-0.00570567, 0.04879366, 0.10404349], [-0.00126764, -0.04871074, -0.10255902], [-0.00990282, 0.04949728, 0.10631613], [-0.00725216, -0.0489441, -0.10192805], [-0.01360496, 0.0552302, 0.11910953], [-0.10924739, -0.08322957, -0.15513726], [0.06782216, 0.10546187, 0.20983206], [0.01343771, -0.12052461, -0.02288857], [-0.00256388, 0.05940014, -0.10814662], [0.09894793, 0.03864872, 0.0629916], [-0.00909896, 0.11941818, 0.02329929], [0.00665914, -0.05776924, 0.10726002], [0.00963323, -0.11938886, -0.02347248], [-0.00611606, 0.05769535, -0.10738394], [-0.00938775, 0.11914881, 0.02358877], [0.00631628, -0.05742021, 0.10725672], [-0.0063426, 0.05770819, -0.10752997], [0.00942248, -0.11954176, -0.02353983], [0.00659304, -0.05736722, 0.10728041], [-0.0091095, 0.11917388, 0.02362566], [0.00459638, -0.12219097, -0.0237686], [-0.01147434, 0.05848529, -0.10938248], [0.00314754, -0.05799069, 0.10219644], [-0.01225349, 0.11515529, 0.02015079], [-0.0598071, 0.01620257, 0.04542018]], "atomic quadrupole moments": [[0.13346183, -0.04784767, -0.1134117, -0.14982572, 0.03726626, -0.02005014], [0.21969732, 0.03338225, -0.18898901, -0.01541871, 0.09676441, -0.03070831], [0.22330635, 0.03528558, -0.19575146, -0.01394537, 0.10309533, -0.02755489], [0.22185427, 0.03707548, -0.19334271, -0.00934886, 0.10166438, -0.02851156], [0.2259281, 0.03419541, -0.19744916, -0.01704924, 0.1031531, -0.02847894], [0.22591353, 0.03942703, -0.19307224, -0.00494819, 0.0994861, -0.03284129], [0.25011663, 0.02850832, -0.21614169, -0.03749129, 0.10856333, -0.03397494], [0.30726321, 0.13453722, -0.26814987, 0.15894279, 0.16549799, -0.03911334], [0.07534798, 0.06223954, -0.08509004, 0.09378025, 0.07208746, 0.00974206], [-0.03839737, -0.00290508, 0.08210607, -0.01287509, 0.01752986, -0.04370871], [-0.03534766, -0.01578054, -0.01392457, 0.00397505, -0.05782936, 0.04927223], [0.03611448, 0.03113544, -0.03803291, 0.048455, 0.03166183, 0.00191844], [-0.01749566, -0.00571227, 0.05720694, -0.00093114, 0.00963668, -0.03971128], [-0.01773563, -0.00137109, -0.01006721, 0.0047649, -0.04566387, 0.02780284], [-0.02035633, -0.00622785, 0.05809909, -0.00095633, 0.00945599, -0.03774276], [-0.02063584, -0.00170287, -0.00835592, 0.00456244, -0.04521621, 0.02899176], [-0.0200879, -0.00661756, 0.05803959, -0.00110295, 0.00918732, -0.03795169], [-0.0204618, -0.00156792, -0.00820319, 0.00415196, -0.04541055, 0.02866498], [-0.02032021, -0.00160547, -0.00836673, 0.00460484, -0.0451396, 0.02868694], [-0.02002973, -0.0061809, 0.05783964, -0.000863, 0.0093406, -0.03780991], [-0.02066387, -0.00153824, -0.00776225, 0.00388965, -0.04530706, 0.02842612], [-0.02023473, -0.00687236, 0.05790235, -0.00116968, 0.00887593, -0.03766762], [-0.02432143, -0.00999885, 0.05781836, -0.002364, 0.00925766, -0.03349694], [-0.02536614, -0.00131171, -0.00548178, 0.00089273, -0.04364033, 0.03084792], [-0.00921732, 0.00876422, -0.00977252, 0.0078496, -0.03529072, 0.01898984], [-0.00696252, -0.00617852, 0.04121449, 0.00885867, 0.00880887, -0.03425196], [0.08962584, -0.02082482, -0.07948747, -0.07821612, 0.03227232, -0.01013837]], "number of molecular orbitals": 54, "number of electrons": 56, "number of unpaired electrons": 0, "orbital energies/eV": [-18.63271811, -17.15790748, -16.95602573, -16.75194599, -16.37943821, -15.84336893, -15.55789019, -15.2017433, -15.11728899, -14.89837844, -14.53777983, -14.1653158, -13.89634666, -13.70402468, -13.45810795, -13.22657017, -13.05229094, -12.69216873, -12.52243654, -12.34649943, -12.12051332, -11.91900429, -11.80493205, -11.68747488, -11.49515918, -11.41103944, -11.38747597, -11.07218692, 0.73274166, 1.92170126, 2.8349603, 2.92877271, 3.07099375, 3.47722798, 3.57367533, 3.6590886, 4.05177891, 4.08982447, 4.50433903, 4.60675688, 4.77929662, 5.05695583, 5.2065564, 5.71248872, 5.76172078, 5.90747604, 6.63671463, 6.7498006, 6.93230043, 7.27615781, 7.5161294, 7.6046484, 8.28134117, 8.74882368], "fractional occupation": [2.0, 2.0, 2.0, 2.0, 2.0, 2.0, 2.0, 2.0, 2.0, 2.0, 2.0, 2.0, 2.0, 2.0, 2.0, 2.0, 2.0, 2.0, 2.0, 2.0, 2.0, 2.0, 2.0, 2.0, 2.0, 2.0, 2.0, 2.0, 0.0, 0.0, 0.0, 0.0, 0.0, 0.0, 0.0, 0.0, 0.0, 0.0, 0.0, 0.0, 0.0, 0.0, 0.0, 0.0, 0.0, 0.0, 0.0, 0.0, 0.0, 0.0, 0.0, 0.0, 0.0, 0.0], "program call": "xtb /tmp/scratch/tmpm4ggprt_/508200_f2b6b1_xyzopt.xyz --pop --wbo --acc 0.2 --gfn 2 --chrg 0 --uhf 0 --etemp 300 --input /tmp/scratch/tmpm4ggprt_/508200_f2b6b1_xtb.inp", "method": "GFN2-xTB", "xtb version": "6.3.3 (7355c4f)", "Dipole module/D": 1.681, "Total charge": 0, "Transition dipole module/D": NaN, "HOMO": -11.0722, "LUMO": 0.7327, "HOMO occupancy": 2.0, "LUMO occupancy": 0, "mulliken charges": [-0.08563, -0.03933, -0.04726, -0.04628, -0.04456, -0.05084, -0.05489, 0.20333, -0.56855, 0.02781, 0.02781, 0.02926, 0.02202, 0.02202, 0.0232, 0.0232, 0.02243, 0.02243, 0.02458, 0.02458, 0.02178, 0.02178, 0.03693, 0.03693, 0.00483, 0.00483, 0.33757], "cm5 charges": [-0.2383, -0.15294, -0.15924, -0.15821, -0.15654, -0.16249, -0.16373, 0.11792, -0.78624, 0.07998, 0.07998, 0.08083, 0.07723, 0.07723, 0.07917, 0.07917, 0.0784, 0.0784, 0.08062, 0.08062, 0.0778, 0.0778, 0.09521, 0.09521, 0.06626, 0.06626, 0.5096], "FUKUI+": [0.005, -0.012, -0.014, -0.016, -0.014, -0.02, -0.01, -0.014, -0.088, -0.028, -0.028, -0.049, -0.033, -0.033, -0.038, -0.038, -0.042, -0.042, -0.044, -0.044, -0.046, -0.046, -0.047, -0.047, -0.057, -0.057, -0.096], "FUKUI-": [0.018, 0.009, 0.013, 0.013, 0.012, 0.013, 0.011, 0.019, -0.098, -0.054, -0.054, -0.041, -0.074, -0.074, -0.066, -0.066, -0.048, -0.048, -0.037, -0.037, -0.037, -0.037, -0.057, -0.057, -0.087, -0.087, -0.047], "FUKUIrad": [0.012, -0.002, -0.001, -0.002, -0.001, -0.003, 0.0, 0.002, -0.093, -0.041, -0.041, -0.045, -0.053, -0.053, -0.052, -0.052, -0.045, -0.045, -0.041, -0.041, -0.042, -0.042, -0.052, -0.052, -0.072, -0.072, -0.071], "s proportion": [1.005, 1.026, 1.03, 1.03, 1.03, 1.03, 1.032, 0.987, 1.688, 0.972, 0.972, 0.971, 0.978, 0.978, 0.977, 0.977, 0.978, 0.978, 0.975, 0.975, 0.978, 0.978, 0.963, 0.963, 0.995, 0.995, 0.662], "p proportion": [3.081, 3.013, 3.017, 3.016, 3.015, 3.02, 3.023, 2.809, 4.881, 0.0, 0.0, 0.0, 0.0, 0.0, 0.0, 0.0, 0.0, 0.0, 0.0, 0.0, 0.0, 0.0, 0.0, 0.0, 0.0, 0.0, 0.0], "d proportion": [0.0, 0.0, 0.0, 0.0, 0.0, 0.0, 0.0, 0.0, 0.0, 0.0, 0.0, 0.0, 0.0, 0.0, 0.0, 0.0, 0.0, 0.0, 0.0, 0.0, 0.0, 0.0, 0.0, 0.0, 0.0, 0.0, 0.0], "Fermi-level/eV": -5.1697, "Coordination numbers": [3.752, 3.801, 3.803, 3.803, 3.803, 3.803, 3.802, 3.674, 1.656, 0.925, 0.925, 0.925, 0.924, 0.924, 0.924, 0.924, 0.924, 0.924, 0.924, 0.924, 0.924, 0.924, 0.924, 0.924, 0.923, 0.923, 0.805], "Dispersion coefficient C6": [22.516, 21.526, 21.644, 21.632, 21.637, 21.67, 21.747, 19.327, 21.694, 2.536, 2.536, 2.546, 2.606, 2.606, 2.576, 2.576, 2.597, 2.597, 2.546, 2.546, 2.581, 2.581, 2.337, 2.337, 2.834, 2.834, 0.769], "Total dispersion C6": 4861.423441, "Total dispersion C8": 100817.741503, "Polarizability alpha": [6.767, 6.606, 6.623, 6.622, 6.622, 6.627, 6.639, 6.3, 6.288, 2.49, 2.49, 2.495, 2.524, 2.524, 2.51, 2.51, 2.52, 2.52, 2.495, 2.495, 2.512, 2.512, 2.391, 2.391, 2.633, 2.633, 1.378], "Total polarizability alpha": 103.118506, "Wiberg matrix": [[0.0, 1.019127108506504, 0.0, 0.0, 0.0, 0.0, 0.0, 0.0, 0.0, 0.9879851445495623, 0.9879851499075938, 0.9875237763352909, 0.0, 0.0, 0.0, 0.0, 0.0, 0.0, 0.0, 0.0, 0.0, 0.0, 0.0, 0.0, 0.0, 0.0, 0.0], [1.019127108506504, 0.0, 1.0077445303394115, 0.0, 0.0, 0.0, 0.0, 0.0, 0.0, 0.0, 0.0, 0.0, 0.9786295917219933, 0.9786295559788012, 0.0, 0.0, 0.0, 0.0, 0.0, 0.0, 0.0, 0.0, 0.0, 0.0, 0.0, 0.0, 0.0], [0.0, 1.0077445303394115, 0.0, 1.0070639863050617, 0.0, 0.0, 0.0, 0.0, 0.0, 0.0, 0.0, 0.0, 0.0, 0.0, 0.9774636728175118, 0.9774637388614787, 0.0, 0.0, 0.0, 0.0, 0.0, 0.0, 0.0, 0.0, 0.0, 0.0, 0.0], [0.0, 0.0, 1.0070639863050617, 0.0, 1.006873317813082, 0.0, 0.0, 0.0, 0.0, 0.0, 0.0, 0.0, 0.0, 0.0, 0.0, 0.0, 0.9774645362287663, 0.9774644529638224, 0.0, 0.0, 0.0, 0.0, 0.0, 0.0, 0.0, 0.0, 0.0], [0.0, 0.0, 0.0, 1.006873317813082, 0.0, 1.0069442771889687, 0.0, 0.0, 0.0, 0.0, 0.0, 0.0, 0.0, 0.0, 0.0, 0.0, 0.0, 0.0, 0.9773639446397003, 0.9773638651427392, 0.0, 0.0, 0.0, 0.0, 0.0, 0.0, 0.0], [0.0, 0.0, 0.0, 0.0, 1.0069442771889687, 0.0, 1.0071903963105573, 0.0, 0.0, 0.0, 0.0, 0.0, 0.0, 0.0, 0.0, 0.0, 0.0, 0.0, 0.0, 0.0, 0.9772391550128257, 0.9772392203955462, 0.0, 0.0, 0.0, 0.0, 0.0], [0.0, 0.0, 0.0, 0.0, 0.0, 1.0071903963105573, 0.0, 1.0039513182029383, 0.0, 0.0, 0.0, 0.0, 0.0, 0.0, 0.0, 0.0, 0.0, 0.0, 0.0, 0.0, 0.0, 0.0, 0.9758684276047911, 0.9758684682235943, 0.0, 0.0, 0.0], [0.0, 0.0, 0.0, 0.0, 0.0, 0.0, 1.0039513182029383, 0.0, 0.99397028481702, 0.0, 0.0, 0.0, 0.0, 0.0, 0.0, 0.0, 0.0, 0.0, 0.0, 0.0, 0.0, 0.0, 0.0, 0.0, 0.9716764263372671, 0.9716764178062984, 0.0], [0.0, 0.0, 0.0, 0.0, 0.0, 0.0, 0.0, 0.99397028481702, 0.0, 0.0, 0.0, 0.0, 0.0, 0.0, 0.0, 0.0, 0.0, 0.0, 0.0, 0.0, 0.0, 0.0, 0.0, 0.0, 0.0, 0.0, 0.9053478541958321], [0.9879851445495623, 0.0, 0.0, 0.0, 0.0, 0.0, 0.0, 0.0, 0.0, 0.0, 0.0, 0.0, 0.0, 0.0, 0.0, 0.0, 0.0, 0.0, 0.0, 0.0, 0.0, 0.0, 0.0, 0.0, 0.0, 0.0, 0.0], [0.9879851499075938, 0.0, 0.0, 0.0, 0.0, 0.0, 0.0, 0.0, 0.0, 0.0, 0.0, 0.0, 0.0, 0.0, 0.0, 0.0, 0.0, 0.0, 0.0, 0.0, 0.0, 0.0, 0.0, 0.0, 0.0, 0.0, 0.0], [0.9875237763352909, 0.0, 0.0, 0.0, 0.0, 0.0, 0.0, 0.0, 0.0, 0.0, 0.0, 0.0, 0.0, 0.0, 0.0, 0.0, 0.0, 0.0, 0.0, 0.0, 0.0, 0.0, 0.0, 0.0, 0.0, 0.0, 0.0], [0.0, 0.9786295917219933, 0.0, 0.0, 0.0, 0.0, 0.0, 0.0, 0.0, 0.0, 0.0, 0.0, 0.0, 0.0, 0.0, 0.0, 0.0, 0.0, 0.0, 0.0, 0.0, 0.0, 0.0, 0.0, 0.0, 0.0, 0.0], [0.0, 0.9786295559788012, 0.0, 0.0, 0.0, 0.0, 0.0, 0.0, 0.0, 0.0, 0.0, 0.0, 0.0, 0.0, 0.0, 0.0, 0.0, 0.0, 0.0, 0.0, 0.0, 0.0, 0.0, 0.0, 0.0, 0.0, 0.0], [0.0, 0.0, 0.9774636728175118, 0.0, 0.0, 0.0, 0.0, 0.0, 0.0, 0.0, 0.0, 0.0, 0.0, 0.0, 0.0, 0.0, 0.0, 0.0, 0.0, 0.0, 0.0, 0.0, 0.0, 0.0, 0.0, 0.0, 0.0], [0.0, 0.0, 0.9774637388614787, 0.0, 0.0, 0.0, 0.0, 0.0, 0.0, 0.0, 0.0, 0.0, 0.0, 0.0, 0.0, 0.0, 0.0, 0.0, 0.0, 0.0, 0.0, 0.0, 0.0, 0.0, 0.0, 0.0, 0.0], [0.0, 0.0, 0.0, 0.9774645362287663, 0.0, 0.0, 0.0, 0.0, 0.0, 0.0, 0.0, 0.0, 0.0, 0.0, 0.0, 0.0, 0.0, 0.0, 0.0, 0.0, 0.0, 0.0, 0.0, 0.0, 0.0, 0.0, 0.0], [0.0, 0.0, 0.0, 0.9774644529638224, 0.0, 0.0, 0.0, 0.0, 0.0, 0.0, 0.0, 0.0, 0.0, 0.0, 0.0, 0.0, 0.0, 0.0, 0.0, 0.0, 0.0, 0.0, 0.0, 0.0, 0.0, 0.0, 0.0], [0.0, 0.0, 0.0, 0.0, 0.9773639446397003, 0.0, 0.0, 0.0, 0.0, 0.0, 0.0, 0.0, 0.0, 0.0, 0.0, 0.0, 0.0, 0.0, 0.0, 0.0, 0.0, 0.0, 0.0, 0.0, 0.0, 0.0, 0.0], [0.0, 0.0, 0.0, 0.0, 0.9773638651427392, 0.0, 0.0, 0.0, 0.0, 0.0, 0.0, 0.0, 0.0, 0.0, 0.0, 0.0, 0.0, 0.0, 0.0, 0.0, 0.0, 0.0, 0.0, 0.0, 0.0, 0.0, 0.0], [0.0, 0.0, 0.0, 0.0, 0.0, 0.9772391550128257, 0.0, 0.0, 0.0, 0.0, 0.0, 0.0, 0.0, 0.0, 0.0, 0.0, 0.0, 0.0, 0.0, 0.0, 0.0, 0.0, 0.0, 0.0, 0.0, 0.0, 0.0], [0.0, 0.0, 0.0, 0.0, 0.0, 0.9772392203955462, 0.0, 0.0, 0.0, 0.0, 0.0, 0.0, 0.0, 0.0, 0.0, 0.0, 0.0, 0.0, 0.0, 0.0, 0.0, 0.0, 0.0, 0.0, 0.0, 0.0, 0.0], [0.0, 0.0, 0.0, 0.0, 0.0, 0.0, 0.9758684276047911, 0.0, 0.0, 0.0, 0.0, 0.0, 0.0, 0.0, 0.0, 0.0, 0.0, 0.0, 0.0, 0.0, 0.0, 0.0, 0.0, 0.0, 0.0, 0.0, 0.0], [0.0, 0.0, 0.0, 0.0, 0.0, 0.0, 0.9758684682235943, 0.0, 0.0, 0.0, 0.0, 0.0, 0.0, 0.0, 0.0, 0.0, 0.0, 0.0, 0.0, 0.0, 0.0, 0.0, 0.0, 0.0, 0.0, 0.0, 0.0], [0.0, 0.0, 0.0, 0.0, 0.0, 0.0, 0.0, 0.9716764263372671, 0.0, 0.0, 0.0, 0.0, 0.0, 0.0, 0.0, 0.0, 0.0, 0.0, 0.0, 0.0, 0.0, 0.0, 0.0, 0.0, 0.0, 0.0, 0.0], [0.0, 0.0, 0.0, 0.0, 0.0, 0.0, 0.0, 0.9716764178062984, 0.0, 0.0, 0.0, 0.0, 0.0, 0.0, 0.0, 0.0, 0.0, 0.0, 0.0, 0.0, 0.0, 0.0, 0.0, 0.0, 0.0, 0.0, 0.0], [0.0, 0.0, 0.0, 0.0, 0.0, 0.0, 0.0, 0.0, 0.9053478541958321, 0.0, 0.0, 0.0, 0.0, 0.0, 0.0, 0.0, 0.0, 0.0, 0.0, 0.0, 0.0, 0.0, 0.0, 0.0, 0.0, 0.0, 0.0]], "Born radii": [], "Atomic SASAs": [], "Solvent H bonds": [], "Total SASA": NaN, "Total FOD": 0.0, "FOD": [0.0, 0.0, 0.0, 0.0, 0.0, 0.0, 0.0, 0.0, 0.0, 0.0, 0.0, 0.0, 0.0, 0.0, 0.0, 0.0, 0.0, 0.0, 0.0, 0.0, 0.0, 0.0, 0.0, 0.0, 0.0, 0.0, 0.0], "FOD s proportion": [0.0, 0.0, 0.0, 0.0, 0.0, 0.0, 0.0, 0.0, 0.0, 0.0, 0.0, 0.0, 0.0, 0.0, 0.0, 0.0, 0.0, 0.0, 0.0, 0.0, 0.0, 0.0, 0.0, 0.0, 0.0, 0.0, 0.0], "FOD p proportion": [0.0, 0.0, 0.0, 0.0, 0.0, 0.0, 0.0, 0.0, 0.0, 0.0, 0.0, 0.0, 0.0, 0.0, 0.0, 0.0, 0.0, 0.0, 0.0, 0.0, 0.0, 0.0, 0.0, 0.0, 0.0, 0.0, 0.0], "FOD d proportion": [0.0, 0.0, 0.0, 0.0, 0.0, 0.0, 0.0, 0.0, 0.0, 0.0, 0.0, 0.0, 0.0, 0.0, 0.0, 0.0, 0.0, 0.0, 0.0, 0.0, 0.0, 0.0, 0.0, 0.0, 0.0, 0.0, 0.0], "coordinates": [["4.66421107332980", "0.20378257610077", "-0.31034204295376"], ["3.38802140390082", "0.46486156229041", "0.48014847208279"], ["2.14566647816743", "-0.00301285410513", "-0.27406396279315"], ["0.86344730392298", "0.25591413329764", "0.51302756739811"], ["-0.37900430418277", "-0.21195059239678", "-0.24112985765443"], ["-1.65958931635465", "0.04827060673142", "0.54840166326209"], ["-2.89879673500173", "-0.42005912394666", "-0.20733104120823"], ["-4.17926925514751", "-0.16134456993254", "0.57901093240039"], ["-5.27425221879193", "-0.62077462098078", "-0.18500998646709"], ["4.77809726723590", "-0.85953410729772", "-0.51012813488804"], ["4.63683790675368", "0.72881146581917", "-1.26277170271028"], ["5.53568181902273", "0.54408588669762", "0.24425766001843"], ["3.30205998119104", "1.53404767005488", "0.68755305627833"], ["3.44328677536181", "-0.05393568747668", "1.44002353896502"], ["2.23193276262253", "-1.07221764090804", "-0.48173932925217"], ["2.09071438880255", "0.51563524061101", "-1.23414425784454"], ["0.77786442542659", "1.32522978347473", "0.72109028403708"], ["0.91906796563439", "-0.26240041130820", "1.47339568730453"], ["-0.43574515908677", "0.30646068505841", "-1.20084285614626"], ["-0.29455370043951", "-1.28098301771698", "-0.44863079968933"], ["-1.60333472025422", "-0.47020751455673", "1.50871510851112"], ["-1.74457525697425", "1.11773683952858", "0.75626064663880"], ["-2.83180444243305", "-1.48938116403732", "-0.41342863074052"], ["-2.97291714527100", "0.09708964247421", "-1.16518127821760"], ["-4.13577345640458", "-0.68913645653411", "1.54351253602729"], ["-4.27848525572641", "0.91530004324206", "0.78324623924355"], ["-6.08878658530386", "-0.46228837418323", "0.30235548839786"]], "bond_dist": [[0.0, 1.523711771874789, 2.527280618941191, 3.8892750539582948, 5.060794970946973, 6.383735277575008, 7.5893923895185695, 8.895583784536393, 9.9733973802558, 1.0879002329654843, 1.0879002169644332, 1.0875883570260436, 2.149617511809712, 2.1496172950355312, 2.7520049717059014, 2.752007958177446, 4.174348661977951, 4.174343513082624, 5.178135578074432, 5.178127145059287, 6.560896420251791, 6.560906638611466, 7.685550006867258, 7.685561848530069, 9.037356301619132, 9.037367430326258, 10.79101512473769], [1.523711771874789, 0.0, 1.5268230506293055, 2.5334195170303646, 3.8947143421621444, 5.065232522362389, 6.385905966560991, 7.593799827794633, 8.755342712413185, 2.160320011888104, 2.160320102455003, 2.1620282670390267, 1.092503986617967, 1.092504000757335, 2.1504375289124, 2.1504378674388818, 2.758841402663337, 2.7588369087562814, 4.179953757125915, 4.179947802583415, 5.181306733073161, 5.181315715510181, 6.580560631953618, 6.5805702943262405, 7.685697343761166, 7.685706697740197, 9.523712879649635], [2.527280618941191, 1.5268230506293055, 0.0, 1.526644121104985, 2.5335157771398404, 3.8934626441179168, 5.062113193423169, 6.384169306934968, 7.446123399514669, 2.778317262256616, 2.7783169215928485, 3.4727767489569867, 2.1504669911752146, 2.150466817770733, 1.0925977328320944, 1.092597707861504, 2.1506842945331144, 2.1506838550794836, 2.760141124935214, 2.760136924086652, 4.177509072832993, 4.177514743770428, 5.196530576150413, 5.196538163989828, 6.575016165646326, 6.5750231133324775, 8.267370237358799], [3.8892750539582948, 2.5334195170303646, 1.526644121104985, 0.0, 1.5268715799947146, 2.531813766461707, 3.88977333246132, 5.0603803142651325, 6.2391662126937435, 4.197089075041628, 4.197090846807406, 4.688822409375289, 2.7587889143218165, 2.758785990454667, 2.15087136737604, 2.1508716693783976, 1.092726170117916, 1.0927262012470307, 2.1512340269102297, 2.151233598168891, 2.7574734598567185, 2.757477540427315, 4.190377337533733, 4.190382122841252, 5.191071960433807, 5.191076801284072, 6.992406854376843], [5.060794970946973, 3.8947143421621444, 2.5335157771398404, 1.5268715799947146, 0.0, 1.5267524581266358, 2.528597519438302, 3.8880850791298838, 4.912610168919886, 5.204557723750888, 5.204561306657814, 5.982533254071705, 4.178659612862653, 4.178654633959128, 2.7595189217315905, 2.7595233584551666, 2.151077954558895, 2.151077554671911, 1.0922540074003566, 1.092254032633417, 2.1511947868977686, 2.1511951356821153, 2.7708742755255864, 2.770877247691846, 4.186402905280844, 4.186405627133592, 5.741050341546196], [6.383735277575008, 5.065232522362389, 3.8934626441179168, 2.531813766461707, 1.5267524581266358, 0.0, 1.5251556260503343, 2.5285692483300184, 3.7485066443770974, 6.586987420735449, 6.586993289688039, 7.218743871211385, 5.181202596300601, 5.181194852851919, 4.178591684853078, 4.178597556928773, 2.7571047934631516, 2.757100615487056, 2.1504215927360324, 2.150421159448774, 1.09278820224368, 1.0927881725964768, 2.1595320753386344, 2.1595323062615144, 2.7686644291940157, 2.7686653752127146, 4.465310475255339], [7.5893923895185695, 6.385905966560991, 5.062113193423169, 3.88977333246132, 2.528597519438302, 1.5251556260503343, 0.0, 1.5247546670746444, 2.384024684373747, 7.6954223966280395, 7.69543033728491, 8.501407908983335, 6.562771893418992, 6.562762127029709, 5.179285261267636, 5.1792944095012245, 4.17442652542125, 4.174420855396752, 2.7534559783870507, 2.753451889424169, 2.1507094366048296, 2.15070978667708, 1.0910608640668398, 1.0910608408187048, 2.1605479055442847, 2.1605480481029926, 3.2307273040397653], [8.895583784536393, 7.593799827794633, 6.384169306934968, 5.0603803142651325, 3.8880850791298838, 2.5285692483300184, 1.5247546670746444, 0.0, 1.4120168649647264, 9.050309804326876, 9.050319692315066, 9.746279611012264, 7.671794013303501, 7.671782049494604, 6.561889375910185, 6.5618997480300605, 5.177186898060748, 5.177178651513891, 4.171413899745312, 4.171408961523648, 2.7559363021839904, 2.755939327700727, 2.136417305507601, 2.1364175909045207, 1.100326998428009, 1.1003269961289126, 1.9527831016732378], [9.9733973802558, 8.755342712413185, 7.446123399514669, 6.2391662126937435, 4.912610168919886, 3.7485066443770974, 2.384024684373747, 1.4120168649647264, 0.0, 10.060439259395334, 10.060450307981803, 10.880985461646935, 8.885817706946618, 8.885804772214241, 7.525600446364576, 7.525612481644502, 6.4215314931560386, 6.421522900354621, 5.030192073738624, 5.030185721617665, 4.045616199291056, 4.04561885968716, 2.602345777165821, 2.602346629973652, 2.070892885626291, 2.070892884102762, 0.9623456919128924], [1.0879002329654843, 2.160320011888104, 2.778317262256616, 4.197089075041628, 5.204557723750888, 6.586987420735449, 7.6954223966280395, 9.050309804326876, 10.060439259395334, 0.0, 1.763311715706573, 1.7644209725023665, 3.056527446358498, 2.4967577804559253, 2.5551896004616665, 3.104402811657244, 4.721329774778863, 4.37984503775083, 5.387094163692213, 5.090499871936782, 6.704474434897627, 6.932430872444847, 7.636534694467663, 7.837247478681742, 9.148965331795623, 9.31904182460884, 10.90445314883671], [1.0879002169644332, 2.160320102455003, 2.7783169215928485, 4.197090846807406, 5.204561306657814, 6.586993289688039, 7.69543033728491, 9.050319692315066, 10.060450307981803, 1.763311715706573, 0.0, 1.764420986706808, 2.496758722965681, 3.056527364127829, 3.104397874618633, 2.55519247851456, 4.379851541055015, 4.721326752791947, 5.090512186793906, 5.387088495608693, 6.932426708947921, 6.704490177502923, 7.83724318476326, 7.636554740513426, 9.319040598050119, 9.148986528559334, 10.904465264185328], [1.0875883570260436, 2.1620282670390267, 3.4727767489569867, 4.688822409375289, 5.982533254071705, 7.218743871211385, 8.501407908983335, 9.746279611012264, 10.880985461646935, 1.7644209725023665, 1.764420986706808, 0.0, 2.483062958382595, 2.4830632008000926, 3.7489020458589857, 3.748904141916873, 4.845036789293411, 4.845030847196851, 6.148391772908382, 6.148383294481277, 7.32073772859994, 7.320748975794495, 8.63610825772397, 8.636120662551333, 9.83595179559505, 9.835963806849037, 11.6680945399758], [2.149617511809712, 1.092503986617967, 2.1504669911752146, 2.7587889143218165, 4.178659612862653, 5.181202596300601, 6.562771893418992, 7.671794013303501, 8.885817706946618, 3.056527446358498, 2.496758722965681, 2.483062958382595, 0.0, 1.7629089535491331, 3.050415679527862, 2.4894663258923266, 2.533040240332266, 3.086004746590325, 4.363965650011678, 4.706478673334334, 5.362298307445877, 5.064243543479941, 6.926584682032861, 6.698717102913841, 7.810030764158669, 7.6063573344870115, 9.608419953523804], [2.1496172950355312, 1.092504000757335, 2.150466817770733, 2.758785990454667, 4.178654633959128, 5.181194852851919, 6.562762127029709, 7.671782049494604, 8.885804772214241, 2.4967577804559253, 3.056527364127829, 2.4830632008000926, 1.7629089535491331, 0.0, 2.4894676544437973, 3.0504157927237694, 3.0860069223577735, 2.5330321436469494, 4.706479534709185, 4.363955978708582, 5.0642264252066225, 5.362299942190408, 6.698698265574496, 6.926584550909788, 7.606335779221617, 7.810028016801707, 9.608405854413824], [2.7520049717059014, 2.1504375289124, 1.0925977328320944, 2.15087136737604, 2.7595189217315905, 4.178591684853078, 5.179285261267636, 6.561889375910185, 7.525600446364576, 2.5551896004616665, 3.104397874618633, 3.7489020458589857, 3.050415679527862, 2.4894676544437973, 0.0, 1.762762768787337, 3.051043749361997, 2.490375645057114, 3.0877774050045157, 2.5353131966918268, 4.362751623259437, 4.705439469019655, 5.081350828118925, 5.378181382612131, 6.6929872854709505, 6.923579840440518, 8.37980840236993], [2.752007958177446, 2.1504378674388818, 1.092597707861504, 2.1508716693783976, 2.7595233584551666, 4.178597556928773, 5.1792944095012245, 6.5618997480300605, 7.525612481644502, 3.104402811657244, 2.55519247851456, 3.748904141916873, 2.4894663258923266, 3.0504157927237694, 1.762762768787337, 0.0, 2.490373559114777, 3.051043652778164, 2.535322627431626, 3.087777909218363, 4.705439645946466, 4.3627611310055885, 5.378183389152024, 5.081367987377294, 6.923583103660733, 6.693003846112093, 8.379821134844281], [4.174348661977951, 2.758841402663337, 2.1506842945331144, 1.092726170117916, 2.151077954558895, 2.7571047934631516, 4.17442652542125, 5.177186898060748, 6.4215314931560386, 4.721329774778863, 4.379851541055015, 4.845036789293411, 2.533040240332266, 3.0860069223577735, 3.051043749361997, 2.490373559114777, 0.0, 1.762518509105394, 2.490896564461416, 3.0513395772178136, 3.084486558032194, 2.531203711190276, 4.715811413684597, 4.374324062480073, 5.37381493384563, 5.0733202001047495, 7.1078446871186935], [4.174343513082624, 2.7588369087562814, 2.1506838550794836, 1.0927262012470307, 2.151077554671911, 2.757100615487056, 4.174420855396752, 5.177178651513891, 6.421522900354621, 4.37984503775083, 4.721326752791947, 4.845030847196851, 3.086004746590325, 2.5330321436469494, 2.490375645057114, 3.051043652778164, 1.762518509105394, 0.0, 3.0513395971530173, 2.490898209712402, 2.5311946909420038, 3.0844864588853174, 4.374314985953289, 4.715810598959811, 5.073306794067438, 5.373810948496867, 7.1078348146438834], [5.178135578074432, 4.179953757125915, 2.760141124935214, 2.1512340269102297, 1.0922540074003566, 2.1504215927360324, 2.7534559783870507, 4.171413899745312, 5.030192073738624, 5.387094163692213, 5.090512186793906, 6.148391772908382, 4.363965650011678, 4.706479534709185, 3.0877774050045157, 2.535322627431626, 2.490896564461416, 3.0513395971530173, 0.0, 1.7623097103958048, 3.0509315363473606, 2.4902729457956227, 3.096153936522663, 2.5460458890387634, 4.713057350367357, 4.3673729349392945, 5.899784550782481], [5.178127145059287, 4.179947802583415, 2.760136924086652, 2.151233598168891, 1.092254032633417, 2.150421159448774, 2.753451889424169, 4.171408961523648, 5.030185721617665, 5.090499871936782, 5.387088495608693, 6.148383294481277, 4.706478673334334, 4.363955978708582, 2.5353131966918268, 3.087777909218363, 3.0513395772178136, 2.490898209712402, 1.7623097103958048, 0.0, 2.4902746191336074, 3.050931475040743, 2.5460381591475065, 3.0961523844370324, 4.36736609819242, 4.713055374183115, 5.8997776270203], [6.560896420251791, 5.181306733073161, 4.177509072832993, 2.7574734598567185, 2.1511947868977686, 1.09278820224368, 2.1507094366048296, 2.7559363021839904, 4.045616199291056, 6.704474434897627, 6.932426708947921, 7.32073772859994, 5.362298307445877, 5.0642264252066225, 4.362751623259437, 4.705439645946466, 3.084486558032194, 2.5311946909420038, 3.0509315363473606, 2.4902746191336074, 0.0, 1.7628680830044934, 2.4984974165385867, 3.0573360904962894, 2.5421224783538485, 3.0987685716153566, 4.644851416299703], [6.560906638611466, 5.181315715510181, 4.177514743770428, 2.757477540427315, 2.1511951356821153, 1.0927881725964768, 2.15070978667708, 2.755939327700727, 4.04561885968716, 6.932430872444847, 6.704490177502923, 7.320748975794495, 5.064243543479941, 5.362299942190408, 4.705439469019655, 4.3627611310055885, 2.531203711190276, 3.0844864588853174, 2.4902729457956227, 3.050931475040743, 1.7628680830044934, 0.0, 3.057336192152739, 2.4984962609528227, 3.098771607319431, 2.5421268183304995, 4.644855394286253], [7.685550006867258, 6.580560631953618, 5.196530576150413, 4.190377337533733, 2.7708742755255864, 2.1595320753386344, 1.0910608640668398, 2.136417305507601, 2.602345777165821, 7.636534694467663, 7.83724318476326, 8.63610825772397, 6.926584682032861, 6.698698265574496, 5.081350828118925, 5.378183389152024, 4.715811413684597, 4.374314985953289, 3.096153936522663, 2.5460381591475065, 2.4984974165385867, 3.057336192152739, 0.0, 1.7612309495930325, 2.484018017542413, 3.050804455982904, 3.4892978066023974], [7.685561848530069, 6.5805702943262405, 5.196538163989828, 4.190382122841252, 2.770877247691846, 2.1595323062615144, 1.0910608408187048, 2.1364175909045207, 2.602346629973652, 7.837247478681742, 7.636554740513426, 8.636120662551333, 6.698717102913841, 6.926584550909788, 5.378181382612131, 5.081367987377294, 4.374324062480073, 4.715810598959811, 2.5460458890387634, 3.0961523844370324, 3.0573360904962894, 2.4984962609528227, 1.7612309495930325, 0.0, 3.050804559199683, 2.484018144410909, 3.489299398764523], [9.037356301619132, 7.685697343761166, 6.575016165646326, 5.191071960433807, 4.186402905280844, 2.7686644291940157, 2.1605479055442847, 1.100326998428009, 2.070892885626291, 9.148965331795623, 9.319040598050119, 9.83595179559505, 7.810030764158669, 7.606335779221617, 6.6929872854709505, 6.923583103660733, 5.37381493384563, 5.073306794067438, 4.713057350367357, 4.36736609819242, 2.5421224783538485, 3.098771607319431, 2.484018017542413, 3.050804559199683, 0.0, 1.7811760108155914, 2.325121749715363], [9.037367430326258, 7.685706697740197, 6.5750231133324775, 5.191076801284072, 4.186405627133592, 2.7686653752127146, 2.1605480481029926, 1.1003269961289126, 2.070892884102762, 9.31904182460884, 9.148986528559334, 9.835963806849037, 7.6063573344870115, 7.810028016801707, 6.923579840440518, 6.693003846112093, 5.0733202001047495, 5.373810948496867, 4.3673729349392945, 4.713055374183115, 3.0987685716153566, 2.5421268183304995, 3.050804455982904, 2.484018144410909, 1.7811760108155914, 0.0, 2.325122935662356], [10.79101512473769, 9.523712879649635, 8.267370237358799, 6.992406854376843, 5.741050341546196, 4.465310475255339, 3.2307273040397653, 1.9527831016732378, 0.9623456919128924, 10.90445314883671, 10.904465264185328, 11.6680945399758, 9.608419953523804, 9.608405854413824, 8.37980840236993, 8.379821134844281, 7.1078446871186935, 7.1078348146438834, 5.899784550782481, 5.8997776270203, 4.644851416299703, 4.644855394286253, 3.4892978066023974, 3.489299398764523, 2.325121749715363, 2.325122935662356, 0.0]]}