{"total energy": -23.11319509, "HOMO-LUMO gap/eV": 4.26551314, "electronic energy": -23.47808537, "dipole": [0.25438091, 0.49529371, -0.00278669], "partial charges": [0.03946177, -0.27239599, 0.14338637, -0.05427566, -0.02925773, -0.04220164, -0.03101251, -0.06663089, 0.0387369, 0.0387369, 0.06017209, 0.04564284, 0.03500414, 0.03117209, 0.03150975, 0.03195158], "atomic dipole moments": [[-0.1744287, -0.15107988, 0.00402588], [-0.03426539, 0.25064793, 0.00393559], [0.25569604, -0.04760971, -0.00892006], [0.02867792, 0.03578465, -0.00053904], [0.00931706, 0.00441093, -0.00025607], [0.00874116, -0.00776753, -0.00037382], [0.01017996, -0.0051693, -0.00039186], [0.00878752, -0.02661853, -0.00058684], [-0.01514457, 0.07038759, -0.10068724], [-0.00846369, 0.06810237, 0.10301516], [0.10712384, -0.06265828, -0.00421629], [0.05696832, -0.13888516, -0.00342649], [-0.09110068, -0.11438502, 0.00170449], [-0.1454643, 0.02374854, 0.00503712], [-0.05026381, 0.1366139, 0.00318113], [0.08813805, 0.12171736, -0.00152507]], "atomic quadrupole moments": [[0.157119, 0.36177885, 0.11471183, -0.01001773, -0.00752618, -0.27183083], [0.0744173, 0.07353608, 0.03460609, -0.00519659, -0.00079867, -0.1090234], [0.13023294, -0.08779995, -0.43523424, 0.00475387, -0.00542756, 0.3050013], [-0.22043428, 0.03938865, -0.23608402, 0.02267124, -0.00907149, 0.4565183], [-0.25988489, -0.00044161, -0.26016043, 0.02560468, -0.00874909, 0.52004532], [-0.25352316, -0.00205882, -0.23203537, 0.02424509, -0.007993, 0.48555853], [-0.25307559, -0.00696905, -0.26231651, 0.02515498, -0.00850681, 0.51539209], [-0.20294724, -0.00806592, -0.23411827, 0.0209248, -0.00727405, 0.43706551], [-0.02683245, 0.00871682, -0.00259139, 0.02275376, -0.04656968, 0.02942384], [-0.02954874, 0.01218833, -0.00464851, -0.01857847, 0.04508738, 0.03419725], [0.06578183, -0.03407406, -0.00580411, -0.0045123, 0.00172717, -0.05997772], [0.02878489, -0.00181906, 0.03550955, -0.00307682, 0.00118063, -0.06429444], [0.03819101, -0.00152859, 0.03548613, -0.00369046, 0.00127633, -0.07367714], [0.03460638, 0.00118041, 0.03749232, -0.00349049, 0.00119221, -0.0720987], [0.04040644, 0.00101195, 0.03477194, -0.00378393, 0.00120188, -0.07517838], [0.05250462, 0.00123859, 0.01868435, -0.00404754, 0.00096927, -0.07118897]], "number of molecular orbitals": 40, "number of electrons": 42, "number of unpaired electrons": 0, "orbital energies/eV": [-19.41353408, -17.92028428, -17.3865155, -16.80480182, -16.51552816, -15.87835626, -15.64237959, -15.05269995, -14.99807158, -14.58895823, -13.9388825, -13.43512098, -13.14582214, -13.0758159, -12.91784136, -12.56864177, -12.15230479, -11.77600874, -11.37768625, -10.94651723, -10.26460888, -5.99909573, -5.73397539, -2.33229571, 0.968808, 3.06512624, 3.2358828, 3.97372102, 4.39145421, 4.82191955, 5.25540099, 5.26665137, 5.69897582, 6.61265045, 10.76636415, 11.42514552, 12.27069262, 12.77114015, 17.0030768, 18.40580537], "fractional occupation": [2.0, 2.0, 2.0, 2.0, 2.0, 2.0, 2.0, 2.0, 2.0, 2.0, 2.0, 2.0, 2.0, 2.0, 2.0, 2.0, 2.0, 2.0, 2.0, 2.0, 2.0, 0.0, 0.0, 0.0, 0.0, 0.0, 0.0, 0.0, 0.0, 0.0, 0.0, 0.0, 0.0, 0.0, 0.0, 0.0, 0.0, 0.0, 0.0, 0.0], "program call": "xtb /tmp/scratch/tmp___zbzc4/508480_3cbc9b_xyzopt.xyz --pop --wbo --acc 0.2 --gfn 2 --chrg 0 --uhf 0 --etemp 300 --input /tmp/scratch/tmp___zbzc4/508480_3cbc9b_xtb.inp", "method": "GFN2-xTB", "xtb version": "6.3.3 (7355c4f)", "Dipole module/D": 1.415, "Total charge": 0, "Transition dipole module/D": NaN, "HOMO": -10.2646, "LUMO": -5.9991, "HOMO occupancy": 2.0, "LUMO occupancy": 0, "mulliken charges": [0.17248, -0.41988, 0.25636, -0.06874, -0.02429, -0.05115, -0.02118, -0.0949, 0.02389, 0.02389, 0.03879, 0.04517, 0.02981, 0.02888, 0.02829, 0.03258], "cm5 charges": [0.0514, -0.51118, 0.27194, -0.11973, -0.0804, -0.10761, -0.07749, -0.14763, 0.0832, 0.0832, 0.09979, 0.10544, 0.08637, 0.08539, 0.08483, 0.09247], "FUKUI+": [0.028, -0.058, -0.056, -0.068, -0.067, -0.042, -0.072, -0.062, -0.028, -0.028, -0.05, -0.1, -0.102, -0.096, -0.103, -0.098], "FUKUI-": [0.041, -0.156, -0.046, -0.047, -0.028, -0.074, -0.035, -0.036, -0.082, -0.082, -0.068, -0.075, -0.078, -0.087, -0.078, -0.068], "FUKUIrad": [0.035, -0.107, -0.051, -0.058, -0.048, -0.058, -0.053, -0.049, -0.055, -0.055, -0.059, -0.088, -0.09, -0.092, -0.09, -0.083], "s proportion": [0.969, 1.676, 1.017, 1.053, 1.056, 1.051, 1.054, 1.053, 0.976, 0.976, 0.961, 0.955, 0.97, 0.971, 0.972, 0.967], "p proportion": [2.859, 4.743, 2.726, 3.015, 2.968, 3.0, 2.967, 3.042, 0.0, 0.0, 0.0, 0.0, 0.0, 0.0, 0.0, 0.0], "d proportion": [0.0, 0.0, 0.0, 0.0, 0.0, 0.0, 0.0, 0.0, 0.0, 0.0, 0.0, 0.0, 0.0, 0.0, 0.0, 0.0], "Fermi-level/eV": -8.1319, "Coordination numbers": [3.644, 1.705, 2.866, 2.921, 2.92, 2.918, 2.922, 2.917, 0.924, 0.924, 0.925, 0.926, 0.926, 0.926, 0.926, 0.926], "Dispersion coefficient C6": [20.247, 18.517, 24.876, 29.348, 28.731, 29.048, 28.774, 29.659, 2.466, 2.466, 2.197, 2.375, 2.516, 2.57, 2.565, 2.559], "Total dispersion C6": 2834.144244, "Total dispersion C8": 66923.566414, "Polarizability alpha": [6.468, 5.81, 8.176, 8.884, 8.79, 8.838, 8.797, 8.931, 2.456, 2.456, 2.318, 2.41, 2.481, 2.507, 2.504, 2.501], "Total polarizability alpha": 84.325118, "Wiberg matrix": [[0.0, 0.9872321338403098, 0.0, 0.0, 0.0, 0.0, 0.0, 0.0, 0.9766374299939541, 0.9766374251205829, 0.9798325391592981, 0.0, 0.0, 0.0, 0.0, 0.0], [0.9872321338403098, 0.0, 1.057582450236611, 0.0, 0.0, 0.0, 0.0, 0.0, 0.0, 0.0, 0.0, 0.0, 0.0, 0.0, 0.0, 0.0], [0.0, 1.057582450236611, 0.0, 1.3496407395616432, 0.0, 0.0, 0.0, 1.3796465636299482, 0.0, 0.0, 0.0, 0.0, 0.0, 0.0, 0.0, 0.0], [0.0, 0.0, 1.3496407395616432, 0.0, 1.4711045183264306, 0.0, 0.11071056758295997, 0.0, 0.0, 0.0, 0.0, 0.9686012359116376, 0.0, 0.0, 0.0, 0.0], [0.0, 0.0, 0.0, 1.4711045183264306, 0.0, 1.4180558166251924, 0.0, 0.10409044016784799, 0.0, 0.0, 0.0, 0.0, 0.9708275750769141, 0.0, 0.0, 0.0], [0.0, 0.0, 0.0, 0.0, 1.4180558166251924, 0.0, 1.4491222348744413, 0.0, 0.0, 0.0, 0.0, 0.0, 0.0, 0.9715633674836108, 0.0, 0.0], [0.0, 0.0, 0.0, 0.11071056758295997, 0.0, 1.4491222348744413, 0.0, 1.4346548730588953, 0.0, 0.0, 0.0, 0.0, 0.0, 0.0, 0.9714269926947954, 0.0], [0.0, 0.0, 1.3796465636299482, 0.0, 0.10409044016784799, 0.0, 1.4346548730588953, 0.0, 0.0, 0.0, 0.0, 0.0, 0.0, 0.0, 0.0, 0.9666815039163809], [0.9766374299939541, 0.0, 0.0, 0.0, 0.0, 0.0, 0.0, 0.0, 0.0, 0.0, 0.0, 0.0, 0.0, 0.0, 0.0, 0.0], [0.9766374251205829, 0.0, 0.0, 0.0, 0.0, 0.0, 0.0, 0.0, 0.0, 0.0, 0.0, 0.0, 0.0, 0.0, 0.0, 0.0], [0.9798325391592981, 0.0, 0.0, 0.0, 0.0, 0.0, 0.0, 0.0, 0.0, 0.0, 0.0, 0.0, 0.0, 0.0, 0.0, 0.0], [0.0, 0.0, 0.0, 0.9686012359116376, 0.0, 0.0, 0.0, 0.0, 0.0, 0.0, 0.0, 0.0, 0.0, 0.0, 0.0, 0.0], [0.0, 0.0, 0.0, 0.0, 0.9708275750769141, 0.0, 0.0, 0.0, 0.0, 0.0, 0.0, 0.0, 0.0, 0.0, 0.0, 0.0], [0.0, 0.0, 0.0, 0.0, 0.0, 0.9715633674836108, 0.0, 0.0, 0.0, 0.0, 0.0, 0.0, 0.0, 0.0, 0.0, 0.0], [0.0, 0.0, 0.0, 0.0, 0.0, 0.0, 0.9714269926947954, 0.0, 0.0, 0.0, 0.0, 0.0, 0.0, 0.0, 0.0, 0.0], [0.0, 0.0, 0.0, 0.0, 0.0, 0.0, 0.0, 0.9666815039163809, 0.0, 0.0, 0.0, 0.0, 0.0, 0.0, 0.0, 0.0]], "Born radii": [], "Atomic SASAs": [], "Solvent H bonds": [], "Total SASA": NaN, "Total FOD": 0.0, "FOD": [0.0, 0.0, 0.0, 0.0, 0.0, 0.0, 0.0, 0.0, 0.0, 0.0, 0.0, 0.0, 0.0, 0.0, 0.0, 0.0], "FOD s proportion": [0.0, 0.0, 0.0, 0.0, 0.0, 0.0, 0.0, 0.0, 0.0, 0.0, 0.0, 0.0, 0.0, 0.0, 0.0, 0.0], "FOD p proportion": [0.0, 0.0, 0.0, 0.0, 0.0, 0.0, 0.0, 0.0, 0.0, 0.0, 0.0, 0.0, 0.0, 0.0, 0.0, 0.0], "FOD d proportion": [0.0, 0.0, 0.0, 0.0, 0.0, 0.0, 0.0, 0.0, 0.0, 0.0, 0.0, 0.0, 0.0, 0.0, 0.0, 0.0], "coordinates": [["2.66873620157908", "0.33346103242461", "-0.08378454754724"], ["1.72138636619143", "-0.70524736155383", "-0.06436688295272"], ["0.39789345834643", "-0.38036055244162", "-0.01731617614143"], ["-0.48990117575186", "-1.45728162901205", "-0.00028151603226"], ["-1.85040705067588", "-1.23853560580107", "0.04679226826517"], ["-2.35083565652112", "0.05435619313895", "0.07770930408035"], ["-1.47366971098238", "1.12176516149616", "0.06091658589840"], ["-0.10410131898766", "0.91543580436917", "0.01368487872842"], ["2.55084828498918", "0.97017362218028", "-0.96691713817883"], ["2.60942858787433", "0.95013591043250", "0.81922063195743"], ["3.64130771861290", "-0.15501626068918", "-0.12116210970260"], ["-0.08256876689761", "-2.45580066863147", "-0.02484281459424"], ["-2.52607538208292", "-2.08096599954433", "0.05950057490554"], ["-3.41591421867358", "0.22553942710223", "0.11456046068411"], ["-1.85195825605130", "2.13349510326450", "0.08467359815672"], ["0.55582991903094", "1.76884582326516", "0.00161588247317"]], "bond_dist": [[0.0, 1.4059743539725693, 2.3813202354808696, 3.6319033738844877, 4.7865310476191505, 5.029918628969824, 4.219228432113607, 2.834929071370417, 1.0950907065019513, 1.095090705111526, 1.088991507673921, 3.9183075420934332, 5.730275378092012, 6.088838850870215, 4.868796481913008, 2.555776924939937], [1.4059743539725693, 0.0, 1.3635976990529755, 2.3365476812678887, 3.61309575310819, 4.144897514473532, 3.6826694181305704, 2.4423577318951946, 2.0759671265896613, 2.075967162834895, 1.9980185088292306, 2.5140113673367437, 4.466416485403539, 5.224005775216177, 4.566121290097671, 2.7356923518587406], [2.3813202354808696, 1.3635976990529755, 0.0, 1.3957895604783572, 2.407369829029746, 2.784514362990446, 2.4010936513009162, 1.3899813021036873, 2.7130976815235246, 2.71309828391099, 3.2528910359006025, 2.130340882596725, 3.3834233373550195, 3.863888615093403, 3.3751599826623684, 2.1550847764845837], [3.6319033738844877, 2.3365476812678887, 1.3957895604783572, 0.0, 1.3787827963611503, 2.3987931580474404, 2.760983173838663, 2.403918594364845, 4.009124680717829, 4.009125585895775, 4.333289066787225, 1.0786858769690764, 2.130389985653111, 3.377369940333118, 3.8413662156164383, 3.3913795807979628], [4.7865310476191505, 3.61309575310819, 2.407369829029746, 1.3787827963611503, 0.0, 1.3867061175383084, 2.390219703619697, 2.773134083235039, 5.027628839145067, 5.027629909399757, 5.60010303043924, 2.1475842278885993, 1.0799898904278982, 2.144509483058237, 3.372243838199385, 3.851799620970635], [5.029918628969824, 4.144897514473532, 2.784514362990446, 2.3987931580474404, 1.3867061175383084, 0.0, 1.3816888206561613, 2.4069425434293086, 5.094749398121844, 5.09475040855904, 5.999097339750754, 3.3847361921278423, 2.1425782099608095, 1.079376695546978, 2.1381641119637114, 3.37549547010829], [4.219228432113607, 3.6826694181305704, 2.4010936513009162, 2.760983173838663, 2.390219703619697, 1.3816888206561613, 0.0, 1.3858283508882443, 4.15646090551103, 4.156461637524966, 5.275065644776235, 3.8394652987497095, 3.3712084764297026, 2.1397224025439834, 1.0803999694707378, 2.1309853834520633], [2.834929071370417, 2.4423577318951946, 1.3899813021036873, 2.403918594364845, 2.773134083235039, 2.4069425434293086, 1.3858283508882443, 0.0, 2.830783273922267, 2.8307837258479274, 3.897709608579961, 3.371525380423833, 3.8531131842730018, 3.3844109645442013, 2.1315983970609804, 1.0788714288252448], [1.0950907065019513, 2.0759671265896613, 2.7130976815235246, 4.009124680717829, 5.027628839145067, 5.094749398121844, 4.15646090551103, 2.830783273922267, 0.0, 1.7872104788428067, 1.7805773269037157, 4.422633744911345, 6.011500664082801, 6.1095276950381185, 4.673742117717618, 2.357123623696844], [1.095090705111526, 2.075967162834895, 2.71309828391099, 4.009125585895775, 5.027629909399757, 5.09475040855904, 4.156461637524966, 2.8307837258479274, 1.7872104788428067, 0.0, 1.7805773116045214, 4.422634604001305, 6.011501840571855, 6.109528783552147, 4.673742707432462, 2.3571234461574186], [1.088991507673921, 1.9980185088292306, 3.2528910359006025, 4.333289066787225, 5.60010303043924, 5.999097339750754, 5.275065644776235, 3.897709608579961, 1.7805773269037157, 1.7805773116045214, 0.0, 4.378372115042146, 6.463631774239189, 7.07140503958143, 5.954462500509892, 3.638199143141148], [3.9183075420934332, 2.5140113673367437, 2.130340882596725, 1.0786858769690764, 2.1475842278885993, 3.3847361921278423, 3.8394652987497095, 3.371525380423833, 4.422633744911345, 4.422634604001305, 4.378372115042146, 0.0, 2.4735277267409694, 4.280211429710346, 4.91979356182062, 4.272691297805203], [5.730275378092012, 4.466416485403539, 3.3834233373550195, 2.130389985653111, 1.0799898904278982, 2.1425782099608095, 3.3712084764297026, 3.8531131842730018, 6.011500664082801, 6.011501840571855, 6.463631774239189, 2.4735277267409694, 0.0, 2.472814596624057, 4.268108476573358, 4.9317889242845165], [6.088838850870215, 5.224005775216177, 3.863888615093403, 3.377369940333118, 2.144509483058237, 1.079376695546978, 2.1397224025439834, 3.3844109645442013, 6.1095276950381185, 6.109528783552147, 7.07140503958143, 4.280211429710346, 2.472814596624057, 0.0, 2.4672142873640586, 4.262546493069006], [4.868796481913008, 4.566121290097671, 3.3751599826623684, 3.8413662156164383, 3.372243838199385, 2.1381641119637114, 1.0803999694707378, 2.1315983970609804, 4.673742117717618, 4.673742707432462, 5.954462500509892, 4.91979356182062, 4.268108476573358, 2.4672142873640586, 0.0, 2.4366599224357244], [2.555776924939937, 2.7356923518587406, 2.1550847764845837, 3.3913795807979628, 3.851799620970635, 3.37549547010829, 2.1309853834520633, 1.0788714288252448, 2.357123623696844, 2.3571234461574186, 3.638199143141148, 4.272691297805203, 4.9317889242845165, 4.262546493069006, 2.4366599224357244, 0.0]]}