{"total energy": -27.97560491, "HOMO-LUMO gap/eV": 3.5057083, "electronic energy": -28.23918358, "dipole": [0.17230109, 0.72708127, 0.41394464], "partial charges": [0.03576032, -0.30424232, 0.22866723, -0.32638967, 0.03964003, 0.23122484, -0.14088477, -0.33926651, 0.05364698, 0.03602551, 0.0670003, 0.01352619, 0.04129812, 0.06720829, 0.03624998, 0.09126548, 0.09468841, 0.07458161], "atomic dipole moments": [[-0.04078427, -0.24107465, -0.0144433], [0.26713825, 0.07482984, -0.06883354], [-0.02117613, 0.08116679, 0.20428708], [0.04288166, -0.0991326, -0.25676331], [-0.22026052, 0.07889826, 0.0458453], [0.02345063, 0.02134284, -0.0290857], [0.06053452, 0.03062246, -0.06927208], [-0.05765208, 0.1105695, 0.12554084], [0.09232392, 0.01632961, 0.08309985], [0.03468037, 0.03466882, -0.11152879], [-0.10672911, 0.05326154, 0.03374739], [0.0505533, 0.03283866, -0.10371653], [-0.01080475, -0.11939737, -0.03318096], [0.06896984, 0.01585347, 0.10114126], [0.04195856, 0.06401792, -0.09372991], [0.05986392, 0.03037203, 0.11677474], [-0.10812908, 0.08115529, -0.00977265], [-0.03034559, -0.12766264, -0.00945144]], "atomic quadrupole moments": [[-0.23407177, 0.1357625, 0.50637049, -0.01510005, 0.02110699, -0.27229872], [0.02842187, -0.03319053, 0.11372714, -0.05344199, 0.03220718, -0.14214901], [0.15974575, -0.18893409, -0.01342738, 0.1671953, 0.15553752, -0.14631837], [0.1183531, -0.06994731, -0.13435879, 0.05068351, 0.05368444, 0.01600569], [0.39391208, -0.24288615, -0.18592227, -0.15580887, 0.05776866, -0.20798981], [0.24515292, -0.16911545, -0.19232972, 0.45563663, -0.15703675, -0.0528232], [0.02128005, 0.04881028, -0.1002261, -0.17363199, -0.05068323, 0.07894605], [0.10178371, -0.07988936, -0.10516274, 0.18641305, -0.05876268, 0.00337904], [0.00673208, 0.01443359, -0.00793655, 0.05638434, 0.00388405, 0.00120446], [-0.04501768, 0.02290493, -0.01104702, -0.02764905, -0.02100956, 0.05606469], [0.03901675, -0.04723471, 0.01047963, -0.0310053, 0.01920694, -0.04949637], [0.00299585, -0.01256785, -0.01862589, 0.00146576, -0.00561287, 0.01563004], [-0.01022473, 0.00992495, 0.0550309, -0.00805411, 0.02460083, -0.04480617], [0.02275386, -0.00467679, -0.05307035, 0.05632305, 0.01603226, 0.03031649], [-0.01566603, 0.0011042, 0.00067229, -0.04074452, -0.04982621, 0.01499374], [-0.03067043, 0.02096272, -0.02854548, 0.05112411, 0.01304381, 0.05921591], [0.05378009, -0.05065044, 0.00506898, 0.00562816, -0.00688445, -0.05884907], [-0.03724232, 0.03145169, 0.07485408, -0.00679877, 0.00926543, -0.03761176]], "number of molecular orbitals": 42, "number of electrons": 48, "number of unpaired electrons": 0, "orbital energies/eV": [-19.76322797, -19.70894992, -19.46627042, -18.29923577, -17.49932741, -17.27181969, -17.01272425, -16.34541997, -15.95503297, -15.60558459, -15.46733701, -14.93980784, -14.61036388, -14.49704544, -14.29626818, -13.97797964, -13.65502302, -13.0826636, -12.99254269, -12.90674981, -12.71601041, -11.97859603, -11.52710093, -10.75542832, -7.24972002, 0.2646158, 0.8055737, 1.69640945, 3.07256513, 3.2527205, 3.72350608, 3.94766623, 4.36296401, 4.54412275, 5.0355496, 5.2465169, 5.42019121, 5.76582019, 6.08064894, 6.58980249, 7.12878718, 17.02939472], "fractional occupation": [2.0, 2.0, 2.0, 2.0, 2.0, 2.0, 2.0, 2.0, 2.0, 2.0, 2.0, 2.0, 2.0, 2.0, 2.0, 2.0, 2.0, 2.0, 2.0, 2.0, 2.0, 2.0, 2.0, 2.0, 0.0, 0.0, 0.0, 0.0, 0.0, 0.0, 0.0, 0.0, 0.0, 0.0, 0.0, 0.0, 0.0, 0.0, 0.0, 0.0, 0.0, 0.0], "program call": "xtb /tmp/scratch/tmpyr6o_6_r/508431_6a2cc4_xyzopt.xyz --pop --wbo --acc 0.2 --gfn 2 --chrg 0 --uhf 0 --etemp 300 --input /tmp/scratch/tmpyr6o_6_r/508431_6a2cc4_xtb.inp", "method": "GFN2-xTB", "xtb version": "6.3.3 (7355c4f)", "Dipole module/D": 2.171, "Total charge": 0, "Transition dipole module/D": NaN, "HOMO": -10.7554, "LUMO": -7.2497, "HOMO occupancy": 2.0, "LUMO occupancy": 0, "mulliken charges": [0.17509, -0.46154, 0.39392, -0.46904, 0.16872, 0.40093, -0.11968, -0.48576, 0.03234, 0.01598, 0.03638, 0.0272, 0.02885, 0.03924, 0.01772, 0.07053, 0.07208, 0.05703], "cm5 charges": [0.05383, -0.56032, 0.38992, -0.56738, 0.04747, 0.4264, -0.26112, -0.53745, 0.09506, 0.07529, 0.0974, 0.10334, 0.09066, 0.10036, 0.07692, 0.12751, 0.12981, 0.1123], "FUKUI+": [0.021, -0.027, -0.001, -0.046, 0.026, -0.184, 0.048, -0.292, -0.028, -0.028, -0.042, -0.066, 0.0, -0.049, -0.035, -0.109, -0.111, -0.078], "FUKUI-": [0.024, -0.074, -0.007, -0.125, 0.036, -0.03, 0.004, -0.166, -0.058, -0.064, -0.061, -0.07, -0.079, -0.069, -0.071, -0.057, -0.065, -0.069], "FUKUIrad": [0.022, -0.05, -0.004, -0.085, 0.031, -0.107, 0.026, -0.229, -0.043, -0.046, -0.051, -0.068, -0.039, -0.059, -0.053, -0.083, -0.088, -0.074], "s proportion": [0.971, 1.68, 0.987, 1.689, 0.971, 1.073, 1.016, 1.73, 0.968, 0.984, 0.964, 0.973, 0.971, 0.961, 0.982, 0.929, 0.928, 0.943], "p proportion": [2.854, 4.781, 2.619, 4.781, 2.861, 2.526, 3.103, 4.756, 0.0, 0.0, 0.0, 0.0, 0.0, 0.0, 0.0, 0.0, 0.0, 0.0], "d proportion": [0.0, 0.0, 0.0, 0.0, 0.0, 0.0, 0.0, 0.0, 0.0, 0.0, 0.0, 0.0, 0.0, 0.0, 0.0, 0.0, 0.0, 0.0], "Fermi-level/eV": -9.0026, "Coordination numbers": [3.654, 1.702, 3.654, 1.7, 3.646, 2.808, 3.754, 0.857, 0.924, 0.924, 0.925, 0.921, 0.924, 0.925, 0.924, 0.925, 0.925, 0.925], "Dispersion coefficient C6": [20.268, 19.068, 17.303, 19.461, 20.236, 23.155, 23.272, 20.505, 2.275, 2.503, 2.119, 2.834, 2.432, 2.116, 2.5, 1.867, 1.834, 2.036], "Total dispersion C6": 2593.554633, "Total dispersion C8": 54668.465212, "Polarizability alpha": [6.464, 5.896, 5.973, 5.956, 6.465, 7.884, 6.879, 6.071, 2.359, 2.474, 2.276, 2.633, 2.439, 2.275, 2.472, 2.137, 2.118, 2.231], "Total polarizability alpha": 74.999759, "Wiberg matrix": [[0.0, 0.9746825850763084, 0.0, 0.0, 0.0, 0.0, 0.0, 0.0, 0.9797351699877893, 0.9782548737502901, 0.9799139344966141, 0.0, 0.0, 0.0, 0.0, 0.0, 0.0, 0.0], [0.9746825850763084, 0.0, 1.0077106913346827, 0.0, 0.0, 0.0, 0.0, 0.0, 0.0, 0.0, 0.0, 0.0, 0.0, 0.0, 0.0, 0.0, 0.0, 0.0], [0.0, 1.0077106913346827, 0.0, 0.9498195593922637, 0.0, 0.9191043708705643, 0.0, 0.0, 0.0, 0.0, 0.0, 0.9432899956431104, 0.0, 0.0, 0.0, 0.0, 0.0, 0.0], [0.0, 0.0, 0.9498195593922637, 0.0, 0.986769782778897, 0.0, 0.0, 0.0, 0.0, 0.0, 0.0, 0.0, 0.0, 0.0, 0.0, 0.0, 0.0, 0.0], [0.0, 0.0, 0.0, 0.986769782778897, 0.0, 0.0, 0.0, 0.0, 0.0, 0.0, 0.0, 0.0, 0.9789044405125317, 0.9783554360454256, 0.9765049907714883, 0.0, 0.0, 0.0], [0.0, 0.0, 0.9191043708705643, 0.0, 0.0, 0.0, 1.0278811778570476, 1.880722068924511, 0.0, 0.0, 0.0, 0.0, 0.0, 0.0, 0.0, 0.0, 0.0, 0.0], [0.0, 0.0, 0.0, 0.0, 0.0, 1.0278811778570476, 0.0, 0.0, 0.0, 0.0, 0.0, 0.0, 0.0, 0.0, 0.0, 0.9497847736236561, 0.944896774727339, 0.9810461255210103], [0.0, 0.0, 0.0, 0.0, 0.0, 1.880722068924511, 0.0, 0.0, 0.0, 0.0, 0.0, 0.0, 0.0, 0.0, 0.0, 0.0, 0.0, 0.0], [0.9797351699877893, 0.0, 0.0, 0.0, 0.0, 0.0, 0.0, 0.0, 0.0, 0.0, 0.0, 0.0, 0.0, 0.0, 0.0, 0.0, 0.0, 0.0], [0.9782548737502901, 0.0, 0.0, 0.0, 0.0, 0.0, 0.0, 0.0, 0.0, 0.0, 0.0, 0.0, 0.0, 0.0, 0.0, 0.0, 0.0, 0.0], [0.9799139344966141, 0.0, 0.0, 0.0, 0.0, 0.0, 0.0, 0.0, 0.0, 0.0, 0.0, 0.0, 0.0, 0.0, 0.0, 0.0, 0.0, 0.0], [0.0, 0.0, 0.9432899956431104, 0.0, 0.0, 0.0, 0.0, 0.0, 0.0, 0.0, 0.0, 0.0, 0.0, 0.0, 0.0, 0.0, 0.0, 0.0], [0.0, 0.0, 0.0, 0.0, 0.9789044405125317, 0.0, 0.0, 0.0, 0.0, 0.0, 0.0, 0.0, 0.0, 0.0, 0.0, 0.0, 0.0, 0.0], [0.0, 0.0, 0.0, 0.0, 0.9783554360454256, 0.0, 0.0, 0.0, 0.0, 0.0, 0.0, 0.0, 0.0, 0.0, 0.0, 0.0, 0.0, 0.0], [0.0, 0.0, 0.0, 0.0, 0.9765049907714883, 0.0, 0.0, 0.0, 0.0, 0.0, 0.0, 0.0, 0.0, 0.0, 0.0, 0.0, 0.0, 0.0], [0.0, 0.0, 0.0, 0.0, 0.0, 0.0, 0.9497847736236561, 0.0, 0.0, 0.0, 0.0, 0.0, 0.0, 0.0, 0.0, 0.0, 0.0, 0.0], [0.0, 0.0, 0.0, 0.0, 0.0, 0.0, 0.944896774727339, 0.0, 0.0, 0.0, 0.0, 0.0, 0.0, 0.0, 0.0, 0.0, 0.0, 0.0], [0.0, 0.0, 0.0, 0.0, 0.0, 0.0, 0.9810461255210103, 0.0, 0.0, 0.0, 0.0, 0.0, 0.0, 0.0, 0.0, 0.0, 0.0, 0.0]], "Born radii": [], "Atomic SASAs": [], "Solvent H bonds": [], "Total SASA": NaN, "Total FOD": 0.0, "FOD": [0.0, 0.0, 0.0, 0.0, 0.0, 0.0, 0.0, 0.0, 0.0, 0.0, 0.0, 0.0, 0.0, 0.0, 0.0, 0.0, 0.0, 0.0], "FOD s proportion": [0.0, 0.0, 0.0, 0.0, 0.0, 0.0, 0.0, 0.0, 0.0, 0.0, 0.0, 0.0, 0.0, 0.0, 0.0, 0.0, 0.0, 0.0], "FOD p proportion": [0.0, 0.0, 0.0, 0.0, 0.0, 0.0, 0.0, 0.0, 0.0, 0.0, 0.0, 0.0, 0.0, 0.0, 0.0, 0.0, 0.0, 0.0], "FOD d proportion": [0.0, 0.0, 0.0, 0.0, 0.0, 0.0, 0.0, 0.0, 0.0, 0.0, 0.0, 0.0, 0.0, 0.0, 0.0, 0.0, 0.0, 0.0], "coordinates": [["-0.73324705925494", "2.33574436242779", "-0.06154493329561"], ["-1.07923805717867", "0.96352435284862", "-0.07611021779652"], ["-0.03697272003240", "0.12426669676659", "-0.43082259147051"], ["0.97082595894776", "0.16872016159961", "0.56668874475982"], ["2.21737139753919", "-0.33694397358796", "0.15258325817374"], ["-0.56275934483959", "-1.32249426434743", "-0.52013130750092"], ["-1.49948482400233", "-1.69107485839250", "0.58089510982007"], ["-0.16836990821379", "-2.06890622380283", "-1.37799459361911"], ["0.06428212640572", "2.52946574002710", "0.65932342929514"], ["-0.41315290351027", "2.66526459569824", "-1.05671009929650"], ["-1.63483372063609", "2.86871006056130", "0.23057399294555"], ["0.40674443440455", "0.41713383915340", "-1.40621838512939"], ["2.15257021101478", "-1.39220347056953", "-0.13019222435591"], ["2.88204217643227", "-0.22683161070310", "1.00673041089401"], ["2.61010019696972", "0.23311425082041", "-0.69759510802987"], ["-1.02358071888579", "-1.46365966995629", "1.53262345456222"], ["-2.38368711716810", "-1.06194547264522", "0.50407700110064"], ["-1.76861212799198", "-2.74188451589815", "0.52382605894321"]], "bond_dist": [[0.0, 1.4152419131888045, 2.3477217488461517, 2.8274611036377717, 3.9868863918389685, 3.690809853379552, 4.149111056394042, 4.631746181594579, 1.092351578157783, 1.0960828254735515, 1.087310631988686, 2.6055313541966436, 4.714896479617162, 4.558324701767853, 4.000447985753909, 4.1305129807393515, 3.8194471815686897, 5.215069994748399], [1.4152419131888045, 0.0, 1.384373979221788, 2.290778618484756, 3.5512184487794194, 2.3853272535584416, 2.766796038356333, 3.423480526455544, 2.0738065212593675, 2.07392512248372, 2.00810217051918, 2.067818728891294, 3.9996203724632986, 4.275655766815517, 3.8119495195314315, 2.9124464026735515, 2.478050155478088, 3.8164400991297196], [2.3477217488461517, 1.384373979221788, 0.0, 1.418683598903517, 2.373846049826663, 1.5419289543259442, 2.5412554620208234, 2.3925734016399924, 2.642660274840423, 2.6438451212711254, 3.2438518147727216, 1.1108793951275164, 2.6803280830806098, 3.2726864533434874, 2.662707342826287, 2.711093112605463, 2.7907355698407446, 3.4820614381131905], [2.8274611036377717, 2.290778618484756, 1.418683598903517, 0.0, 1.4074995922233113, 2.39932952595952, 3.0921634338364403, 3.175930155242046, 2.5305182455702453, 3.283832427217148, 3.7672776572335804, 2.0669445722356636, 2.078135016757386, 2.000711199169377, 2.0711784777256153, 2.7523356943982273, 3.5736838292702338, 3.9972462809643488], [3.9868863918389685, 3.5512184487794194, 2.373846049826663, 1.4074995922233113, 0.0, 3.0253894306694646, 3.9789623857299956, 3.321765099242285, 3.620619236650683, 4.170767892886019, 5.0121636659095135, 2.5053674202526666, 1.0944102399304587, 1.0878783641908525, 1.0963601340245863, 3.698346904368259, 4.67107209114915, 4.6700776112369144], [3.690809853379552, 2.3853272535584416, 1.5419289543259442, 2.39932952595952, 3.0253894306694646, 0.0, 1.4918329159989652, 1.2035793528511385, 4.076995260987333, 4.026477320557607, 4.390796694051265, 2.179769213838641, 2.7440711468350045, 3.924084718586969, 3.538142015947248, 2.1085744292510613, 2.1053898176592427, 2.1350870248742897], [4.149111056394042, 2.766796038356333, 2.5412554620208234, 3.0921634338364403, 3.9789623857299956, 1.4918329159989652, 0.0, 2.3983061376652075, 4.501608714603286, 4.779075360535058, 4.575224881453009, 3.4679783649591704, 3.7326231101034772, 4.63930197848579, 4.714417250281248, 1.0881126905720218, 1.0878963650447528, 1.0862261820762125], [4.631746181594579, 3.423480526455544, 2.3925734016399924, 3.175930155242046, 3.321765099242285, 1.2035793528511385, 2.3983061376652075, 0.0, 5.034860118557511, 4.751369885548155, 5.396115601286227, 2.551851932247629, 2.720606624636703, 4.2877926854654875, 3.6718030790026277, 3.0934457073031467, 3.0763279698874686, 2.5749945122474984], [1.092351578157783, 2.0738065212593675, 2.642660274840423, 2.5305182455702453, 3.620619236650683, 4.076995260987333, 4.501608714603286, 5.034860118557511, 0.0, 1.7863808687519993, 1.7849110481627397, 2.9741703849955816, 4.512623570498854, 3.956973388340081, 3.687227647885093, 4.229793026160056, 4.349125126902996, 5.582561634753314], [1.0960828254735515, 2.07392512248372, 2.6438451212711254, 3.283832427217148, 4.170767892886019, 4.026477320557607, 4.779075360535058, 4.751369885548155, 1.7863808687519993, 0.0, 1.7863354696825555, 2.418362996968927, 4.88921441356127, 4.845649370420214, 3.8967137676000343, 4.9117497862201365, 4.495681967568775, 5.7941889658323475], [1.087310631988686, 2.00810217051918, 3.2438518147727216, 3.7672776572335804, 5.0121636659095135, 4.390796694051265, 4.575224881453009, 5.396115601286227, 1.7849110481627397, 1.7863354696825555, 0.0, 3.5857156358858124, 5.712264430574296, 5.530548335669265, 5.082059338218068, 4.564908598707105, 4.010690492383381, 5.619845632922916], [2.6055313541966436, 2.067818728891294, 1.1108793951275164, 2.0669445722356636, 2.5053674202526666, 2.179769213838641, 3.4679783649591704, 2.551851932247629, 2.9741703849955816, 2.418362996968927, 3.5857156358858124, 0.0, 2.819548174018389, 3.5162639696881675, 2.321806790877882, 3.770942273062018, 3.6909906959046324, 4.293791412866927], [4.714896479617162, 3.9996203724632986, 2.6803280830806098, 2.078135016757386, 1.0944102399304587, 2.7440711468350045, 3.7326231101034772, 2.720606624636703, 4.512623570498854, 4.88921441356127, 5.712264430574296, 2.819548174018389, 0.0, 1.784044281581099, 1.7812740990408074, 3.5858048887237324, 4.592275943695795, 4.19821983401863], [4.558324701767853, 4.275655766815517, 3.2726864533434874, 2.000711199169377, 1.0878783641908525, 3.924084718586969, 4.63930197848579, 4.2877926854654875, 3.956973388340081, 4.845649370420214, 5.530548335669265, 3.5162639696881675, 1.784044281581099, 0.0, 1.7861209673988396, 4.130399174652161, 5.355182593176989, 5.3091687850663485], [4.000447985753909, 3.8119495195314315, 2.662707342826287, 2.0711784777256153, 1.0963601340245863, 3.538142015947248, 4.714417250281248, 3.6718030790026277, 3.687227647885093, 3.8967137676000343, 5.082059338218068, 2.321806790877882, 1.7812740990408074, 1.7861209673988396, 0.0, 4.588742046946069, 5.297084791094897, 5.432826976250793], [4.1305129807393515, 2.9124464026735515, 2.711093112605463, 2.7523356943982273, 3.698346904368259, 2.1085744292510613, 1.0881126905720218, 3.0934457073031467, 4.229793026160056, 4.9117497862201365, 4.564908598707105, 3.770942273062018, 3.5858048887237324, 4.130399174652161, 4.588742046946069, 0.0, 1.7519051109857944, 1.7906989536897442], [3.8194471815686897, 2.478050155478088, 2.7907355698407446, 3.5736838292702338, 4.67107209114915, 2.1053898176592427, 1.0878963650447528, 3.0763279698874686, 4.349125126902996, 4.495681967568775, 4.010690492383381, 3.6909906959046324, 4.592275943695795, 5.355182593176989, 5.297084791094897, 1.7519051109857944, 0.0, 1.7891066085175706], [5.215069994748399, 3.8164400991297196, 3.4820614381131905, 3.9972462809643488, 4.6700776112369144, 2.1350870248742897, 1.0862261820762125, 2.5749945122474984, 5.582561634753314, 5.7941889658323475, 5.619845632922916, 4.293791412866927, 4.19821983401863, 5.3091687850663485, 5.432826976250793, 1.7906989536897442, 1.7891066085175706, 0.0]]}