{"total energy": -21.77982658, "HOMO-LUMO gap/eV": 11.18236626, "electronic energy": -21.98979042, "dipole": [1.21575771, -0.60519052, -0.23334725], "partial charges": [0.04156656, -0.31867078, 0.08695362, -0.07914142, 0.08387421, -0.44962774, 0.03008011, 0.02874215, 0.05887254, 0.0203987, 0.02031583, 0.04158652, 0.06359752, 0.04347728, 0.01707434, 0.31090055], "atomic dipole moments": [[-0.19856013, -0.09120873, -0.03099105], [0.23505903, -0.16873581, 0.01027979], [-0.05389655, 0.2064414, 0.01202809], [0.06738357, 0.04009311, 0.09767833], [0.04326286, 0.18943395, -0.06729819], [0.15175743, -0.18990214, -0.03515674], [0.06854632, -0.02941638, -0.09478391], [0.04710043, -0.0487526, 0.09918152], [-0.01289659, 0.12349237, 0.01079683], [0.06481989, -0.03399353, -0.09271142], [0.04436093, -0.05242619, 0.09679179], [-0.00513343, -0.12276125, -0.01952244], [-0.04542579, 0.06325134, -0.10255605], [-0.111477, -0.04664401, -0.00947975], [0.0482736, -0.03885777, 0.09997759], [0.06927081, 0.02641221, -0.01496999]], "atomic quadrupole moments": [[0.37330018, 0.26044574, -0.12876551, 0.0963356, 0.04168631, -0.24453467], [0.06885832, 0.04577941, 0.09168929, 0.03101313, 0.02955299, -0.16054762], [-0.02953881, 0.12364478, 0.36823762, 0.04864208, 0.08969992, -0.33869881], [0.1909694, 0.05892209, -0.16978194, -0.09284542, 0.09879469, -0.02118746], [-0.22984931, -0.094891, 0.34970688, -0.15644657, 0.09193612, -0.11985757], [-0.05804418, -0.0412136, 0.17384118, -0.01950869, 0.01752165, -0.11579699], [0.01313345, -0.00410789, -0.04776073, -0.03924777, 0.02708958, 0.03462728], [-0.00318994, -0.00328016, -0.03346276, 0.03159293, -0.04370139, 0.0366527], [-0.02245171, 0.00173466, 0.07925961, 0.00415324, 0.01413361, -0.0568079], [-0.0170528, -0.00050197, -0.00479678, -0.03324983, 0.02065547, 0.02184958], [-0.03103272, -0.00017034, 0.00462094, 0.02137163, -0.02482867, 0.02641178], [-0.02091043, 0.00718563, 0.06844034, -0.01134555, 0.01747772, -0.04752991], [-0.00681808, -0.02008592, -0.01774193, 0.01614051, -0.04271687, 0.02456001], [0.03880862, 0.0269413, 0.00343083, 0.01081844, 0.01515082, -0.04223945], [-0.01789954, -0.02238139, -0.00182703, 0.03318415, -0.00564031, 0.01972657], [0.06823777, 0.07103277, 0.00914844, -0.02840537, -0.00637252, -0.07738621]], "number of molecular orbitals": 34, "number of electrons": 38, "number of unpaired electrons": 0, "orbital energies/eV": [-19.33638607, -18.30614567, -17.83329013, -17.00648118, -16.66763293, -16.15839371, -15.44498847, -15.22258812, -14.78326747, -14.62693221, -14.0838535, -13.71844473, -13.54002305, -12.91063436, -12.729037, -12.51958822, -11.85279761, -11.16555378, -10.84051242, 0.34185384, 1.9075093, 2.41290918, 2.85823765, 3.19313079, 3.63916991, 3.86883453, 4.00553261, 4.89646122, 5.05964566, 5.79648944, 6.02047329, 6.15351537, 7.19833584, 7.82106212], "fractional occupation": [2.0, 2.0, 2.0, 2.0, 2.0, 2.0, 2.0, 2.0, 2.0, 2.0, 2.0, 2.0, 2.0, 2.0, 2.0, 2.0, 2.0, 2.0, 2.0, 0.0, 0.0, 0.0, 0.0, 0.0, 0.0, 0.0, 0.0, 0.0, 0.0, 0.0, 0.0, 0.0, 0.0, 0.0], "program call": "xtb /tmp/scratch/tmpnf2uq7x_/508422_58c103_xyzopt.xyz --pop --wbo --acc 0.2 --gfn 2 --chrg 0 --uhf 0 --etemp 300 --input /tmp/scratch/tmpnf2uq7x_/508422_58c103_xtb.inp", "method": "GFN2-xTB", "xtb version": "6.3.3 (7355c4f)", "Dipole module/D": 3.502, "Total charge": 0, "Transition dipole module/D": NaN, "HOMO": -10.8405, "LUMO": 0.3419, "HOMO occupancy": 2.0, "LUMO occupancy": 0, "mulliken charges": [0.17407, -0.46698, 0.19736, -0.0826, 0.20564, -0.57112, 0.01524, 0.01402, 0.0363, 0.01324, 0.0092, 0.02625, 0.04978, 0.02508, 0.00456, 0.34995], "cm5 charges": [0.05232, -0.58614, 0.11562, -0.18931, 0.12132, -0.7869, 0.07402, 0.07274, 0.09712, 0.07519, 0.07191, 0.08188, 0.10999, 0.08863, 0.06669, 0.53491], "FUKUI+": [0.002, -0.154, -0.012, 0.02, 0.011, -0.07, -0.079, -0.078, -0.091, -0.096, -0.082, -0.133, -0.064, -0.068, -0.052, -0.054], "FUKUI-": [0.038, -0.121, 0.032, 0.01, 0.019, -0.157, -0.091, -0.083, -0.06, -0.105, -0.089, -0.068, -0.066, -0.091, -0.123, -0.045], "FUKUIrad": [0.02, -0.137, 0.01, 0.015, 0.015, -0.114, -0.085, -0.081, -0.076, -0.1, -0.086, -0.1, -0.065, -0.079, -0.087, -0.05], "s proportion": [0.968, 1.685, 0.995, 1.039, 0.985, 1.694, 0.985, 0.986, 0.964, 0.987, 0.991, 0.974, 0.95, 0.975, 0.995, 0.65], "p proportion": [2.857, 4.782, 2.808, 3.043, 2.81, 4.877, 0.0, 0.0, 0.0, 0.0, 0.0, 0.0, 0.0, 0.0, 0.0, 0.0], "d proportion": [0.0, 0.0, 0.0, 0.0, 0.0, 0.0, 0.0, 0.0, 0.0, 0.0, 0.0, 0.0, 0.0, 0.0, 0.0, 0.0], "Fermi-level/eV": -5.2493, "Coordination numbers": [3.653, 1.701, 3.703, 3.799, 3.674, 1.655, 0.924, 0.924, 0.925, 0.923, 0.923, 0.924, 0.924, 0.924, 0.923, 0.805], "Dispersion coefficient C6": [20.177, 19.323, 19.282, 22.013, 19.406, 21.836, 2.585, 2.605, 2.212, 2.728, 2.729, 2.428, 2.157, 2.403, 2.779, 0.689], "Total dispersion C6": 1766.10045, "Total dispersion C8": 35892.711932, "Polarizability alpha": [6.45, 5.935, 6.279, 6.68, 6.312, 6.308, 2.515, 2.524, 2.326, 2.583, 2.583, 2.437, 2.297, 2.424, 2.607, 1.304], "Total polarizability alpha": 61.563858, "Wiberg matrix": [[0.0, 0.9944215224005666, 0.0, 0.0, 0.0, 0.0, 0.9770807380217277, 0.9770234699979587, 0.9799768811247995, 0.0, 0.0, 0.0, 0.0, 0.0, 0.0, 0.0], [0.9944215224005666, 0.0, 0.977468907543215, 0.0, 0.0, 0.0, 0.0, 0.0, 0.0, 0.0, 0.0, 0.0, 0.0, 0.0, 0.0, 0.0], [0.0, 0.977468907543215, 0.0, 1.0041709595308974, 0.0, 0.0, 0.0, 0.0, 0.0, 0.968114345481299, 0.9668845877157993, 0.0, 0.0, 0.0, 0.0, 0.0], [0.0, 0.0, 1.0041709595308974, 0.0, 0.9981511885078391, 0.0, 0.0, 0.0, 0.0, 0.0, 0.0, 0.9750019078402296, 0.9734766957618481, 0.0, 0.0, 0.0], [0.0, 0.0, 0.0, 0.9981511885078391, 0.0, 1.0128865592396707, 0.0, 0.0, 0.0, 0.0, 0.0, 0.0, 0.0, 0.9730851727236051, 0.9668138266668012, 0.0], [0.0, 0.0, 0.0, 0.0, 1.0128865592396707, 0.0, 0.0, 0.0, 0.0, 0.0, 0.0, 0.0, 0.0, 0.0, 0.0, 0.8721480694724077], [0.9770807380217277, 0.0, 0.0, 0.0, 0.0, 0.0, 0.0, 0.0, 0.0, 0.0, 0.0, 0.0, 0.0, 0.0, 0.0, 0.0], [0.9770234699979587, 0.0, 0.0, 0.0, 0.0, 0.0, 0.0, 0.0, 0.0, 0.0, 0.0, 0.0, 0.0, 0.0, 0.0, 0.0], [0.9799768811247995, 0.0, 0.0, 0.0, 0.0, 0.0, 0.0, 0.0, 0.0, 0.0, 0.0, 0.0, 0.0, 0.0, 0.0, 0.0], [0.0, 0.0, 0.968114345481299, 0.0, 0.0, 0.0, 0.0, 0.0, 0.0, 0.0, 0.0, 0.0, 0.0, 0.0, 0.0, 0.0], [0.0, 0.0, 0.9668845877157993, 0.0, 0.0, 0.0, 0.0, 0.0, 0.0, 0.0, 0.0, 0.0, 0.0, 0.0, 0.0, 0.0], [0.0, 0.0, 0.0, 0.9750019078402296, 0.0, 0.0, 0.0, 0.0, 0.0, 0.0, 0.0, 0.0, 0.0, 0.0, 0.0, 0.0], [0.0, 0.0, 0.0, 0.9734766957618481, 0.0, 0.0, 0.0, 0.0, 0.0, 0.0, 0.0, 0.0, 0.0, 0.0, 0.0, 0.0], [0.0, 0.0, 0.0, 0.0, 0.9730851727236051, 0.0, 0.0, 0.0, 0.0, 0.0, 0.0, 0.0, 0.0, 0.0, 0.0, 0.0], [0.0, 0.0, 0.0, 0.0, 0.9668138266668012, 0.0, 0.0, 0.0, 0.0, 0.0, 0.0, 0.0, 0.0, 0.0, 0.0, 0.0], [0.0, 0.0, 0.0, 0.0, 0.0, 0.8721480694724077, 0.0, 0.0, 0.0, 0.0, 0.0, 0.0, 0.0, 0.0, 0.0, 0.0]], "Born radii": [], "Atomic SASAs": [], "Solvent H bonds": [], "Total SASA": NaN, "Total FOD": 0.0, "FOD": [0.0, 0.0, 0.0, 0.0, 0.0, 0.0, 0.0, 0.0, 0.0, 0.0, 0.0, 0.0, 0.0, 0.0, 0.0, 0.0], "FOD s proportion": [0.0, 0.0, 0.0, 0.0, 0.0, 0.0, 0.0, 0.0, 0.0, 0.0, 0.0, 0.0, 0.0, 0.0, 0.0, 0.0], "FOD p proportion": [0.0, 0.0, 0.0, 0.0, 0.0, 0.0, 0.0, 0.0, 0.0, 0.0, 0.0, 0.0, 0.0, 0.0, 0.0, 0.0], "FOD d proportion": [0.0, 0.0, 0.0, 0.0, 0.0, 0.0, 0.0, 0.0, 0.0, 0.0, 0.0, 0.0, 0.0, 0.0, 0.0, 0.0], "coordinates": [["1.96158257127468", "1.29753286270001", "0.22747422891278"], ["0.64647645539909", "0.84835043398202", "0.03589595058534"], ["0.54985827235379", "-0.55435958166923", "-0.11146863658596"], ["-0.91135216279495", "-0.94419135917841", "-0.31842580869893"], ["-1.77739867344661", "-0.58178710079911", "0.89132092314610"], ["-2.00098986451981", "0.79787854288868", "1.00528639568241"], ["2.59665750697583", "1.04029507239413", "-0.62899337334748"], ["2.40207196243840", "0.86349573174803", "1.13395019449155"], ["1.91068580024742", "2.37948930803439", "0.32982991157144"], ["1.15346375502533", "-0.87974916118567", "-0.97333668100790"], ["0.95012407738546", "-1.04986823556223", "0.78807232575179"], ["-0.96182201455762", "-2.01874330747214", "-0.49653485370829"], ["-1.29847494521987", "-0.42198390315871", "-1.19452959816304"], ["-2.76467606676062", "-1.04263047613070", "0.79583580518947"], ["-1.30335460097352", "-0.97148167879601", "1.80727789960089"], ["-1.15285407282701", "1.23775285220495", "0.84821231657983"]], "bond_dist": [[0.0, 1.4028439638852492, 2.3531581731256517, 3.6847100732954026, 4.237041032020862, 4.068983474407247, 1.0968264258480969, 1.0973230203293716, 1.0879783622269923, 2.614490366036277, 2.6167939214166136, 4.479751238744712, 3.9505452539035826, 5.304424572693847, 4.278319923307289, 3.1762564495422487], [1.4028439638852492, 0.0, 1.4137350469078258, 2.4011622171343325, 2.9414649228415395, 2.8198126111394277, 2.0693300102264884, 2.070765096997115, 2.0072390721229945, 2.064440562833829, 2.064268707097712, 3.330215166038295, 2.6287891337840668, 3.9735725631304413, 3.2017845143593604, 2.012233205070122], [2.3531581731256517, 1.4137350469078258, 0.0, 1.5264127952924578, 2.5342580890054283, 3.095563917123363, 2.6457782268616894, 2.6442536391815508, 3.264056567661486, 1.1013784468404706, 1.1022320462062554, 2.139596452091346, 2.1463643795822716, 3.4709865602753673, 2.699995753312687, 2.6517699443855864], [3.6847100732954026, 2.4011622171343325, 1.5264127952924578, 0.0, 1.5312937537628426, 2.444244640934369, 4.0423718844896666, 4.0442438238840195, 4.408059314632655, 2.1671469313442127, 2.1680866026294616, 1.0903815513080468, 1.0909273695844066, 2.164735248694879, 2.1617185127954057, 2.4860105047027505], [4.237041032020862, 2.9414649228415395, 2.5342580890054283, 1.5312937537628426, 0.0, 1.4023046880148409, 4.906615290218484, 4.428959948519986, 4.763023956552805, 3.486500243049981, 2.769321320809769, 2.1578118740448096, 2.14608420074337, 1.093714165441369, 1.1025229383025348, 1.9242245063144783], [4.068983474407247, 2.8198126111394277, 3.095563917123363, 2.444244640934369, 1.4023046880148409, 0.0, 4.885488459699667, 4.405429994973745, 4.273048160351636, 4.084110873978648, 3.4886134219140996, 3.3568877749258306, 2.6116626899149837, 2.003636597400465, 2.064102935267721, 0.9682437686206722], [1.0968264258480969, 2.0693300102264884, 2.6457782268616894, 4.0423718844896666, 4.906615290218484, 4.885488459699667, 0.0, 1.7824397786126835, 1.7841918268243178, 2.4265099171655, 3.0146194095191188, 4.694468827683575, 4.198826960482009, 5.9255898202273, 5.019238772381143, 4.034843654001606], [1.0973230203293716, 2.070765096997115, 2.6442536391815508, 4.0442438238840195, 4.428959948519986, 4.405429994973745, 1.7824397786126835, 0.0, 1.7850227766439857, 3.0064236541131297, 2.4266738207667964, 4.720335375805213, 4.557227605939812, 5.517510639577166, 4.189355357631218, 3.5859745737099207], [1.0879783622269923, 2.0072390721229945, 3.264056567661486, 4.408059314632655, 4.763023956552805, 4.273048160351636, 1.7841918268243178, 1.7850227766439857, 0.0, 3.5908583643787866, 3.5907044010060774, 5.317765509263948, 4.524448779486701, 5.812664956586932, 4.872567579068743, 3.310220386365408], [2.614490366036277, 2.064440562833829, 1.1013784468404706, 2.1671469313442127, 3.486500243049981, 4.084110873978648, 2.4265099171655, 3.0064236541131297, 3.5908583643787866, 0.0, 1.7812493405089536, 2.4493022546821828, 2.5040923960222012, 4.302129852961302, 3.711628852007461, 3.6222862187292337], [2.6167939214166136, 2.064268707097712, 1.1022320462062554, 2.1680866026294616, 2.769321320809769, 3.4886134219140996, 3.0146194095191188, 2.4266738207667964, 3.5907044010060774, 1.7812493405089536, 0.0, 2.4988942292512566, 3.062865763961954, 3.7148153073500576, 2.4744879486199305, 3.107948545256976], [4.479751238744712, 3.330215166038295, 2.139596452091346, 1.0903815513080468, 2.1578118740448096, 3.3568877749258306, 4.694468827683575, 4.720335375805213, 5.317765509263948, 2.4493022546821828, 2.4988942292512566, 0.0, 1.7748725177525604, 2.4234894084839755, 2.5536159908630234, 3.5283998409018467], [3.9505452539035826, 2.6287891337840668, 2.1463643795822716, 1.0909273695844066, 2.14608420074337, 2.6116626899149837, 4.198826960482009, 4.557227605939812, 4.524448779486701, 2.5040923960222012, 3.062865763961954, 1.7748725177525604, 0.0, 2.548823716189848, 3.051691313043041, 2.636043638832429], [5.304424572693847, 3.9735725631304413, 3.4709865602753673, 2.164735248694879, 1.093714165441369, 2.003636597400465, 5.9255898202273, 5.517510639577166, 5.812664956586932, 4.302129852961302, 3.7148153073500576, 2.4234894084839755, 2.548823716189848, 0.0, 1.7786336576371455, 2.793002249054719], [4.278319923307289, 3.2017845143593604, 2.699995753312687, 2.1617185127954057, 1.1025229383025348, 2.064102935267721, 5.019238772381143, 4.189355357631218, 4.872567579068743, 3.711628852007461, 2.4744879486199305, 2.5536159908630234, 3.051691313043041, 1.7786336576371455, 0.0, 2.4131254452421107], [3.1762564495422487, 2.012233205070122, 2.6517699443855864, 2.4860105047027505, 1.9242245063144783, 0.9682437686206722, 4.034843654001606, 3.5859745737099207, 3.310220386365408, 3.6222862187292337, 3.107948545256976, 3.5283998409018467, 2.636043638832429, 2.793002249054719, 2.4131254452421107, 0.0]]}