{"total energy": -24.2513103, "HOMO-LUMO gap/eV": 5.13519674, "electronic energy": -24.63554973, "dipole": [-0.01832575, -0.13245509, -0.08641146], "partial charges": [-0.03821132, -0.04052905, -0.05377117, -0.05131977, -0.05652822, -0.0574201, -0.05079292, -0.05477598, 0.0215448, 0.01981813, 0.03620828, 0.02779823, 0.02976933, 0.02571731, 0.03596327, 0.0253771, 0.0249657, 0.03621875, 0.026949, 0.02674297, 0.02766132, 0.03861434], "atomic dipole moments": [[-0.11877283, -0.01527832, -0.07604101], [0.11449916, -0.07575888, -0.04520065], [-0.05149301, -0.0501675, 0.06573668], [-0.0709314, 0.05926011, -0.0534925], [0.01247859, 0.0704682, 0.08783103], [0.01478722, 0.02854816, -0.10651246], [0.10367272, 0.01679277, 0.01026228], [-0.01147594, -0.05169898, 0.08421416], [-0.05851125, 0.09383375, 0.09374905], [0.06981949, 0.06058541, 0.11074763], [-0.02585751, 0.01329583, -0.11991718], [0.11901252, 0.02333218, 0.01294002], [0.01720927, -0.01345086, 0.12227409], [0.08419791, -0.06609558, -0.05410603], [-0.02111923, 0.01951863, -0.12114776], [0.00701955, -0.11969661, 0.01340427], [-0.06943397, -0.09363865, 0.03205838], [0.04268574, 0.05283397, 0.10542092], [-0.05703509, -0.05464453, -0.09322468], [-0.08543631, 0.03540652, 0.07916918], [-0.08441379, 0.08306169, -0.03485974], [0.06388792, -0.03233715, -0.09877671]], "atomic quadrupole moments": [[-0.30463999, 0.27196045, 0.18216056, -0.04356089, -0.30670963, 0.12247942], [-0.30543918, 0.13176129, 0.24633775, -0.23994351, -0.27340435, 0.05910143], [-0.09689186, -0.04378026, 0.18423546, -0.07345851, 0.00433882, -0.0873436], [0.04572582, 0.12818287, 0.12505521, 0.05973843, -0.05132061, -0.17078103], [0.20108743, 0.02603121, -0.11950496, -0.05454534, 0.09231721, -0.08158247], [0.06518488, -0.19658056, -0.02748523, -0.04684044, -0.04389219, -0.03769964], [-0.01015911, 0.0136921, 0.11790011, 0.02781119, -0.19062591, -0.107741], [-0.0075432, 0.17372115, 0.04112663, 0.05329319, -0.01845692, -0.03358342], [0.03955522, -0.03033312, -0.03094099, 0.02495136, 0.04379399, -0.00861424], [0.04892818, -0.0305594, -0.03700501, 0.01454319, 0.04845388, -0.01192317], [-0.02575085, -0.01462567, -0.01999216, 0.03038206, -0.00751066, 0.04574301], [0.05149435, 0.01209571, -0.0118332, 0.01298139, 0.02116739, -0.03966115], [-0.03188115, 0.01453044, -0.02665416, 0.00524257, -0.00294613, 0.05853531], [0.01732945, -0.01139096, 0.01102985, -0.04150716, 0.03079243, -0.0283593], [-0.01287584, -0.01570863, -0.03357468, 0.01525018, -0.028981, 0.04645052], [0.00578187, 0.00057949, 0.04926866, -0.01885511, -0.02580419, -0.05505053], [0.01106013, 0.02129004, 0.04346956, -0.01526506, -0.01284143, -0.05452969], [0.00569084, 0.0066347, -0.01830497, 0.02882552, 0.03939818, 0.01261414], [-0.0325751, 0.02245388, 0.00048714, 0.0288544, 0.02139361, 0.03208796], [-0.00445315, -0.03055883, -0.00741166, -0.04340809, 0.0063339, 0.01186481], [0.01201704, -0.04132103, 0.01535939, 0.01603037, -0.01222384, -0.02737644], [0.01107085, -0.00526249, -0.02291302, -0.03495617, 0.02975211, 0.01184218]], "number of molecular orbitals": 46, "number of electrons": 46, "number of unpaired electrons": 0, "orbital energies/eV": [-17.03336422, -16.70227021, -16.64835028, -16.03685004, -15.9291185, -15.1774911, -14.95886347, -14.38875122, -14.12983478, -13.76803429, -13.5845864, -13.29311664, -13.24285268, -12.95463423, -12.55391166, -12.07641057, -12.02726565, -11.83362864, -11.71484453, -11.40392473, -11.24921733, -11.02350231, -10.37860079, -5.24340406, 1.97732528, 2.69878673, 2.7460011, 2.95677279, 3.06094591, 3.13436031, 3.62851058, 3.7926451, 4.39784739, 4.70960939, 5.01173893, 5.40874569, 5.62090889, 6.30869461, 6.36480628, 7.10926815, 7.49646863, 8.02843061, 8.41858673, 8.86593926, 11.54414412, 17.44600828], "fractional occupation": [2.0, 2.0, 2.0, 2.0, 2.0, 2.0, 2.0, 2.0, 2.0, 2.0, 2.0, 2.0, 2.0, 2.0, 2.0, 2.0, 2.0, 2.0, 2.0, 2.0, 2.0, 2.0, 2.0, 0.0, 0.0, 0.0, 0.0, 0.0, 0.0, 0.0, 0.0, 0.0, 0.0, 0.0, 0.0, 0.0, 0.0, 0.0, 0.0, 0.0, 0.0, 0.0, 0.0, 0.0, 0.0, 0.0], "program call": "xtb /tmp/scratch/tmpn81n7vi7/508442_9f6d62_xyzopt.xyz --pop --wbo --acc 0.2 --gfn 2 --chrg 0 --uhf 0 --etemp 300 --input /tmp/scratch/tmpn81n7vi7/508442_9f6d62_xtb.inp", "method": "GFN2-xTB", "xtb version": "6.3.3 (7355c4f)", "Dipole module/D": 0.405, "Total charge": 0, "Transition dipole module/D": NaN, "HOMO": -10.3786, "LUMO": -5.2434, "HOMO occupancy": 2.0, "LUMO occupancy": 0, "mulliken charges": [-0.04262, -0.0446, -0.04437, -0.0416, -0.0492, -0.04951, -0.04069, -0.04465, 0.02519, 0.02477, 0.0288, 0.02584, 0.02455, 0.02458, 0.02548, 0.02512, 0.02425, 0.02583, 0.02333, 0.02492, 0.02629, 0.02828], "cm5 charges": [-0.10579, -0.1078, -0.15174, -0.15246, -0.16035, -0.16024, -0.15147, -0.15209, 0.08175, 0.0812, 0.08579, 0.08098, 0.08069, 0.07937, 0.08249, 0.08006, 0.07914, 0.08423, 0.07846, 0.08019, 0.08128, 0.0863], "FUKUI+": [-0.147, -0.146, 0.022, 0.007, 0.021, 0.016, 0.01, 0.022, -0.126, -0.126, -0.064, -0.07, -0.03, -0.056, -0.022, -0.045, -0.046, 0.007, -0.057, -0.038, -0.073, -0.058], "FUKUI-": [-0.055, -0.05, 0.005, 0.001, 0.006, 0.007, 0.01, 0.011, -0.081, -0.082, -0.049, -0.074, -0.048, -0.078, -0.041, -0.084, -0.057, -0.056, -0.067, -0.082, -0.064, -0.073], "FUKUIrad": [-0.101, -0.098, 0.014, 0.004, 0.013, 0.012, 0.01, 0.017, -0.103, -0.104, -0.056, -0.072, -0.039, -0.067, -0.031, -0.065, -0.052, -0.024, -0.062, -0.06, -0.069, -0.066], "s proportion": [1.063, 1.063, 1.025, 1.032, 1.03, 1.03, 1.031, 1.024, 0.975, 0.975, 0.971, 0.974, 0.975, 0.975, 0.975, 0.975, 0.976, 0.974, 0.977, 0.975, 0.974, 0.972], "p proportion": [2.98, 2.981, 3.019, 3.01, 3.019, 3.02, 3.01, 3.021, 0.0, 0.0, 0.0, 0.0, 0.0, 0.0, 0.0, 0.0, 0.0, 0.0, 0.0, 0.0, 0.0, 0.0], "d proportion": [0.0, 0.0, 0.0, 0.0, 0.0, 0.0, 0.0, 0.0, 0.0, 0.0, 0.0, 0.0, 0.0, 0.0, 0.0, 0.0, 0.0, 0.0, 0.0, 0.0, 0.0, 0.0], "Fermi-level/eV": -7.811, "Coordination numbers": [2.891, 2.89, 3.804, 3.8, 3.799, 3.8, 3.802, 3.806, 0.925, 0.925, 0.924, 0.924, 0.924, 0.924, 0.924, 0.924, 0.924, 0.924, 0.924, 0.924, 0.924, 0.924], "Dispersion coefficient C6": [28.948, 29.005, 21.537, 21.496, 21.592, 21.608, 21.484, 21.554, 2.71, 2.736, 2.5, 2.618, 2.59, 2.648, 2.503, 2.653, 2.659, 2.5, 2.63, 2.633, 2.62, 2.467], "Total dispersion C6": 3734.668334, "Total dispersion C8": 81669.867794, "Polarizability alpha": [8.821, 8.83, 6.607, 6.601, 6.616, 6.618, 6.599, 6.609, 2.574, 2.587, 2.473, 2.53, 2.517, 2.545, 2.474, 2.547, 2.55, 2.473, 2.536, 2.538, 2.531, 2.456], "Total polarizability alpha": 92.633188, "Wiberg matrix": [[0.0, 1.9251823854189123, 0.0, 0.0, 0.0, 0.0, 0.0, 1.027434174236922, 0.9684775351758048, 0.0, 0.0, 0.0, 0.0, 0.0, 0.0, 0.0, 0.0, 0.0, 0.0, 0.0, 0.0, 0.0], [1.9251823854189123, 0.0, 1.0243668853203824, 0.0, 0.0, 0.0, 0.0, 0.0, 0.0, 0.9693407430689527, 0.0, 0.0, 0.0, 0.0, 0.0, 0.0, 0.0, 0.0, 0.0, 0.0, 0.0, 0.0], [0.0, 1.0243668853203824, 0.0, 0.9873177464911642, 0.0, 0.0, 0.0, 0.0, 0.0, 0.0, 0.9644326508324762, 0.9768257535140481, 0.0, 0.0, 0.0, 0.0, 0.0, 0.0, 0.0, 0.0, 0.0, 0.0], [0.0, 0.0, 0.9873177464911642, 0.0, 1.0094923278947505, 0.0, 0.0, 0.0, 0.0, 0.0, 0.0, 0.0, 0.9775329536563053, 0.9772595573299938, 0.0, 0.0, 0.0, 0.0, 0.0, 0.0, 0.0, 0.0], [0.0, 0.0, 0.0, 1.0094923278947505, 0.0, 1.0037559489570804, 0.0, 0.0, 0.0, 0.0, 0.0, 0.0, 0.0, 0.0, 0.9751634431718164, 0.9795270166949792, 0.0, 0.0, 0.0, 0.0, 0.0, 0.0], [0.0, 0.0, 0.0, 0.0, 1.0037559489570804, 0.0, 1.0095986356495465, 0.0, 0.0, 0.0, 0.0, 0.0, 0.0, 0.0, 0.0, 0.0, 0.979435100456442, 0.9756348863916082, 0.0, 0.0, 0.0, 0.0], [0.0, 0.0, 0.0, 0.0, 0.0, 1.0095986356495465, 0.0, 0.9840443277652101, 0.0, 0.0, 0.0, 0.0, 0.0, 0.0, 0.0, 0.0, 0.0, 0.0, 0.9775776301604766, 0.9789865114749734, 0.0, 0.0], [1.027434174236922, 0.0, 0.0, 0.0, 0.0, 0.0, 0.9840443277652101, 0.0, 0.0, 0.0, 0.0, 0.0, 0.0, 0.0, 0.0, 0.0, 0.0, 0.0, 0.0, 0.0, 0.9743411818962022, 0.9659735403790553], [0.9684775351758048, 0.0, 0.0, 0.0, 0.0, 0.0, 0.0, 0.0, 0.0, 0.0, 0.0, 0.0, 0.0, 0.0, 0.0, 0.0, 0.0, 0.0, 0.0, 0.0, 0.0, 0.0], [0.0, 0.9693407430689527, 0.0, 0.0, 0.0, 0.0, 0.0, 0.0, 0.0, 0.0, 0.0, 0.0, 0.0, 0.0, 0.0, 0.0, 0.0, 0.0, 0.0, 0.0, 0.0, 0.0], [0.0, 0.0, 0.9644326508324762, 0.0, 0.0, 0.0, 0.0, 0.0, 0.0, 0.0, 0.0, 0.0, 0.0, 0.0, 0.0, 0.0, 0.0, 0.0, 0.0, 0.0, 0.0, 0.0], [0.0, 0.0, 0.9768257535140481, 0.0, 0.0, 0.0, 0.0, 0.0, 0.0, 0.0, 0.0, 0.0, 0.0, 0.0, 0.0, 0.0, 0.0, 0.0, 0.0, 0.0, 0.0, 0.0], [0.0, 0.0, 0.0, 0.9775329536563053, 0.0, 0.0, 0.0, 0.0, 0.0, 0.0, 0.0, 0.0, 0.0, 0.0, 0.0, 0.0, 0.0, 0.0, 0.0, 0.0, 0.0, 0.0], [0.0, 0.0, 0.0, 0.9772595573299938, 0.0, 0.0, 0.0, 0.0, 0.0, 0.0, 0.0, 0.0, 0.0, 0.0, 0.0, 0.0, 0.0, 0.0, 0.0, 0.0, 0.0, 0.0], [0.0, 0.0, 0.0, 0.0, 0.9751634431718164, 0.0, 0.0, 0.0, 0.0, 0.0, 0.0, 0.0, 0.0, 0.0, 0.0, 0.0, 0.0, 0.0, 0.0, 0.0, 0.0, 0.0], [0.0, 0.0, 0.0, 0.0, 0.9795270166949792, 0.0, 0.0, 0.0, 0.0, 0.0, 0.0, 0.0, 0.0, 0.0, 0.0, 0.0, 0.0, 0.0, 0.0, 0.0, 0.0, 0.0], [0.0, 0.0, 0.0, 0.0, 0.0, 0.979435100456442, 0.0, 0.0, 0.0, 0.0, 0.0, 0.0, 0.0, 0.0, 0.0, 0.0, 0.0, 0.0, 0.0, 0.0, 0.0, 0.0], [0.0, 0.0, 0.0, 0.0, 0.0, 0.9756348863916082, 0.0, 0.0, 0.0, 0.0, 0.0, 0.0, 0.0, 0.0, 0.0, 0.0, 0.0, 0.0, 0.0, 0.0, 0.0, 0.0], [0.0, 0.0, 0.0, 0.0, 0.0, 0.0, 0.9775776301604766, 0.0, 0.0, 0.0, 0.0, 0.0, 0.0, 0.0, 0.0, 0.0, 0.0, 0.0, 0.0, 0.0, 0.0, 0.0], [0.0, 0.0, 0.0, 0.0, 0.0, 0.0, 0.9789865114749734, 0.0, 0.0, 0.0, 0.0, 0.0, 0.0, 0.0, 0.0, 0.0, 0.0, 0.0, 0.0, 0.0, 0.0, 0.0], [0.0, 0.0, 0.0, 0.0, 0.0, 0.0, 0.0, 0.9743411818962022, 0.0, 0.0, 0.0, 0.0, 0.0, 0.0, 0.0, 0.0, 0.0, 0.0, 0.0, 0.0, 0.0, 0.0], [0.0, 0.0, 0.0, 0.0, 0.0, 0.0, 0.0, 0.9659735403790553, 0.0, 0.0, 0.0, 0.0, 0.0, 0.0, 0.0, 0.0, 0.0, 0.0, 0.0, 0.0, 0.0, 0.0]], "Born radii": [], "Atomic SASAs": [], "Solvent H bonds": [], "Total SASA": NaN, "Total FOD": 0.0, "FOD": [0.0, 0.0, 0.0, 0.0, 0.0, 0.0, 0.0, 0.0, 0.0, 0.0, 0.0, 0.0, 0.0, 0.0, 0.0, 0.0, 0.0, 0.0, 0.0, 0.0, 0.0, 0.0], "FOD s proportion": [0.0, 0.0, 0.0, 0.0, 0.0, 0.0, 0.0, 0.0, 0.0, 0.0, 0.0, 0.0, 0.0, 0.0, 0.0, 0.0, 0.0, 0.0, 0.0, 0.0, 0.0, 0.0], "FOD p proportion": [0.0, 0.0, 0.0, 0.0, 0.0, 0.0, 0.0, 0.0, 0.0, 0.0, 0.0, 0.0, 0.0, 0.0, 0.0, 0.0, 0.0, 0.0, 0.0, 0.0, 0.0, 0.0], "FOD d proportion": [0.0, 0.0, 0.0, 0.0, 0.0, 0.0, 0.0, 0.0, 0.0, 0.0, 0.0, 0.0, 0.0, 0.0, 0.0, 0.0, 0.0, 0.0, 0.0, 0.0, 0.0, 0.0], "coordinates": [["-0.25730820828139", "1.76925669998234", "0.38539258994167"], ["1.00998028941262", "1.43002162205164", "0.56762064817654"], ["1.77780337932259", "0.45994618743786", "-0.27943489963844"], ["1.55076594288398", "-1.00744127305268", "0.11398271578766"], ["0.18433382018942", "-1.58159487402041", "-0.26868304842988"], ["-0.98858724870734", "-1.06126620887279", "0.57498811328535"], ["-1.88830118358182", "-0.04936460627377", "-0.13653931639503"], ["-1.14191952582200", "1.18369657579761", "-0.66721903886946"], ["-0.72720394636411", "2.46984199359311", "1.06324035117033"], ["1.56058813955835", "1.86557937549774", "1.39160358595710"], ["1.51501235810990", "0.58410808253108", "-1.33234983318842"], ["2.84385966203923", "0.67592555946896", "-0.17806410790255"], ["1.69639089422356", "-1.11551012847785", "1.19142092384831"], ["2.31848792195210", "-1.60770304949642", "-0.38232420128733"], ["-0.00628683854169", "-1.39159498959282", "-1.32635594771800"], ["0.24796202483444", "-2.66595222537342", "-0.14798992982608"], ["-1.61924878295199", "-1.90302773516458", "0.87149852398567"], ["-0.60058735349908", "-0.61226475762650", "1.49048319806500"], ["-2.39443151149934", "-0.53773192362915", "-0.97282226958459"], ["-2.65596718915407", "0.27609880513761", "0.57007328689005"], ["-1.87692340119585", "1.92302461893160", "-0.99317422888717"], ["-0.54841924292752", "0.89595025115084", "-1.53534811538069"]], "bond_dist": [[0.0, 1.324502789613612, 2.509575418902742, 3.3245822428325424, 3.4425381469229457, 2.929603289695035, 2.497986080005309, 1.4944594619007203, 1.0821734360511255, 2.0800206147559868, 2.7379438394023, 3.3361802398957296, 3.5761014405037823, 4.316013429735874, 3.603342640901106, 4.495650468221713, 3.9467523460016087, 2.647774589491166, 3.4255277151510506, 2.8314647031675406, 2.1324268850286985, 2.129942404185067], [1.324502789613612, 0.0, 1.4993671155938242, 2.5376094777788083, 3.2327897989989376, 3.193875630089744, 3.329333321397414, 2.4932264028609006, 2.0843882469682744, 1.0825097888622526, 2.1402137596079167, 2.1184475873612736, 2.7092467948267145, 3.4412728199851834, 3.5470363015149333, 4.227265320948051, 4.256102124716111, 2.7598074344054555, 4.2231549947412965, 3.843268764793967, 3.318636093645965, 2.6713889556017953], [2.509575418902742, 1.4993671155938242, 0.0, 1.536082477237811, 2.58981673942552, 3.270633416718356, 3.7040706389660256, 3.032980877967416, 3.481022792582503, 2.194392111748184, 1.0922935293755553, 1.0924280866399076, 2.156874463100156, 2.139649352119919, 2.7761891716219873, 3.482661803449653, 4.29514340828437, 3.1526161931427636, 4.345536979740819, 4.518161736021346, 4.000881173823748, 2.6793150686917078], [3.3245822428325424, 2.5376094777788083, 1.536082477237811, 0.0, 1.5307586976855518, 2.5814216493790907, 3.578806349660857, 3.5583586507720075, 4.264004665938825, 3.144305839201572, 2.150856925114017, 2.142686772857908, 1.09259260301107, 1.093632384917412, 2.1555887612590414, 2.1252261749994847, 3.3800737673614303, 2.58442238457888, 4.119023537592191, 4.421775365795497, 4.643541868417183, 3.278684176523067], [3.4425381469229457, 3.2327897989989376, 2.58981673942552, 1.5307586976855518, 0.0, 1.5356649317953925, 2.5808927560386627, 3.092671284814924, 4.361084926312951, 4.0661576416128655, 2.755424050177508, 3.489654424648846, 2.153010728033353, 2.1373370530919846, 1.0913790145985574, 1.0929072434282674, 2.1578330122263094, 2.156471193004824, 2.8697547870659172, 3.495975946613567, 4.1298942593791095, 2.8774289375413917], [2.929603289695035, 3.193875630089744, 3.270633416718356, 2.5814216493790907, 1.5356649317953925, 0.0, 1.5296082181844322, 2.5703010136217133, 3.574274278236843, 3.966305720074501, 3.551507509794538, 4.274642933804096, 2.755365572981076, 3.485941231979593, 2.165442319133968, 2.1509924612305356, 1.0928013824911513, 1.0909983832062236, 2.1555053283095225, 2.1374576491761594, 3.4862968886977344, 2.911694204877981], [2.497986080005309, 3.329333321397414, 3.7040706389660256, 3.578806349660857, 2.5808927560386627, 1.5296082181844322, 0.0, 1.5359513096505057, 3.02225411535673, 4.230492730947824, 3.6624846078308044, 4.787600275885801, 3.9686473724511746, 4.492872521194652, 2.599850767450773, 3.3779109491824166, 2.127109888401003, 2.1499455228305493, 1.0927212468393934, 1.092949632599831, 2.1504120728220157, 2.1553584042286213], [1.4944594619007203, 2.4932264028609006, 3.032980877967416, 3.5583586507720075, 3.092671284814924, 2.5703010136217133, 1.5359513096505057, 0.0, 2.1955975833786887, 3.4651496987091575, 2.8037817979762467, 4.047658543639816, 4.098402130164382, 4.455052933600572, 2.890717854062723, 4.125671519266977, 3.4818618481835406, 2.8590551892571665, 2.1506965586822298, 2.1556823373427916, 1.0922835886702658, 1.0902699787794734], [1.0821734360511255, 2.0843882469682744, 3.481022792582503, 4.264004665938825, 4.361084926312951, 3.574274278236843, 3.02225411535673, 2.1955975833786887, 0.0, 2.3889220066792767, 3.7844918642764154, 4.184670623597227, 4.329548712022301, 5.29077209965366, 4.59788946399627, 5.366042277559531, 4.467045845238278, 3.1141532135919245, 3.9963357738230396, 2.9624062140299694, 2.418616338141162, 3.043314181218044], [2.0800206147559868, 1.0825097888622526, 2.194392111748184, 3.144305839201572, 4.0661576416128655, 3.966305720074501, 4.230492730947824, 3.4651496987091575, 2.3889220066792767, 0.0, 3.010675681010303, 2.350727264390513, 2.990887847629371, 3.973024374237305, 4.522342984371537, 4.9626720786881275, 4.958252886227459, 3.289402413439385, 5.1969794368572915, 4.580469337953335, 4.1841308267052195, 3.735657778775489], [2.7379438394023, 2.1402137596079167, 1.0922935293755553, 2.150856925114017, 2.755424050177508, 3.551507509794538, 3.6624846078308044, 2.8037817979762467, 3.7844918642764154, 3.010675681010303, 0.0, 1.7625666347205753, 3.0481172993554035, 2.5203487301245193, 2.4935496388874276, 3.6838861183215474, 4.5679738459687105, 3.7249773737248506, 4.083079283829517, 4.594687565707151, 3.6623716055661197, 2.096712620475762], [3.3361802398957296, 2.1184475873612736, 1.0924280866399076, 2.142686772857908, 3.489654424648846, 4.274642933804096, 4.787600275885801, 4.047658543639816, 4.184670623597227, 2.350727264390513, 1.7625666347205753, 0.0, 2.530101904934172, 2.352168632287425, 3.703586160055297, 4.23175331604471, 5.260410516861708, 4.038279292986165, 5.435466809816094, 5.564859961227507, 4.9502983045036135, 3.6603533860800974], [3.5761014405037823, 2.7092467948267145, 2.156874463100156, 1.09259260301107, 2.153010728033353, 2.755365572981076, 3.9686473724511746, 4.098402130164382, 4.329548712022301, 2.990887847629371, 3.0481172993554035, 2.530101904934172, 0.0, 1.7623655416223014, 3.0519722618637477, 2.509150916235716, 3.4228644132708865, 2.3704014887048017, 4.663968718750515, 4.611471478391096, 5.174333236893299, 4.064531314182496], [4.316013429735874, 3.4412728199851834, 2.139649352119919, 1.093632384917412, 2.1373370530919846, 3.485941231979593, 4.492872521194652, 4.455052933600572, 5.29077209965366, 3.973024374237305, 2.5203487301245193, 2.352168632287425, 1.7623655416223014, 0.0, 2.518427350322657, 2.3370668282401583, 4.143073551546596, 3.608227461197551, 4.868792023187755, 5.403792562212163, 5.517304758232947, 3.9770467294653695], [3.603342640901106, 3.5470363015149333, 2.7761891716219873, 2.1555887612590414, 1.0913790145985574, 2.165442319133968, 2.599850767450773, 2.890717854062723, 4.59788946399627, 4.522342984371537, 2.4935496388874276, 3.703586160055297, 3.0519722618637477, 2.518427350322657, 0.0, 1.7541879377754501, 2.77376530480622, 2.982470701574585, 2.5607231744113648, 3.660389650744822, 3.820601308238824, 2.3601797597806993], [4.495650468221713, 4.227265320948051, 3.482661803449653, 2.1252261749994847, 1.0929072434282674, 2.1509924612305356, 3.3779109491824166, 4.125671519266977, 5.366042277559531, 4.9626720786881275, 3.6838861183215474, 4.23175331604471, 2.509150916235716, 2.3370668282401583, 1.7541879377754501, 0.0, 2.260063425200794, 2.760844518163263, 3.4916920887052036, 4.19572209866045, 5.127200313104899, 3.9046299582594486], [3.9467523460016087, 4.256102124716111, 4.29514340828437, 3.3800737673614303, 2.1578330122263094, 1.0928013824911513, 2.127109888401003, 3.4818618481835406, 4.467045845238278, 4.958252886227459, 4.5679738459687105, 5.260410516861708, 3.4228644132708865, 4.143073551546596, 2.77376530480622, 2.260063425200794, 0.0, 1.7569525317387233, 2.422077642279441, 2.4319199629029167, 4.264044711360143, 3.84367850074593], [2.647774589491166, 2.7598074344054555, 3.1526161931427636, 2.58442238457888, 2.156471193004824, 1.0909983832062236, 2.1499455228305493, 2.8590551892571665, 3.1141532135919245, 3.289402413439385, 3.7249773737248506, 4.038279292986165, 2.3704014887048017, 3.608227461197551, 2.982470701574585, 2.760844518163263, 1.7569525317387233, 0.0, 3.0481643383334345, 2.420935871321906, 3.7716415715167377, 3.3812851346626047], [3.4255277151510506, 4.2231549947412965, 4.345536979740819, 4.119023537592191, 2.8697547870659172, 2.1555053283095225, 1.0927212468393934, 2.1506965586822298, 3.9963357738230396, 5.1969794368572915, 4.083079283829517, 5.435466809816094, 4.663968718750515, 4.868792023187755, 2.5607231744113648, 3.4916920887052036, 2.422077642279441, 3.0481643383334345, 0.0, 1.7638730294328282, 2.5146672957337475, 2.4040884345606295], [2.8314647031675406, 3.843268764793967, 4.518161736021346, 4.421775365795497, 3.495975946613567, 2.1374576491761594, 1.092949632599831, 2.1556823373427916, 2.9624062140299694, 4.580469337953335, 4.594687565707151, 5.564859961227507, 4.611471478391096, 5.403792562212163, 3.660389650744822, 4.19572209866045, 2.4319199629029167, 2.420935871321906, 1.7638730294328282, 0.0, 2.400628387585413, 3.042823268267175], [2.1324268850286985, 3.318636093645965, 4.000881173823748, 4.643541868417183, 4.1298942593791095, 3.4862968886977344, 2.1504120728220157, 1.0922835886702658, 2.418616338141162, 4.1841308267052195, 3.6623716055661197, 4.9502983045036135, 5.174333236893299, 5.517304758232947, 3.820601308238824, 5.127200313104899, 4.264044711360143, 3.7716415715167377, 2.5146672957337475, 2.400628387585413, 0.0, 1.7645842509452419], [2.129942404185067, 2.6713889556017953, 2.6793150686917078, 3.278684176523067, 2.8774289375413917, 2.911694204877981, 2.1553584042286213, 1.0902699787794734, 3.043314181218044, 3.735657778775489, 2.096712620475762, 3.6603533860800974, 4.064531314182496, 3.9770467294653695, 2.3601797597806993, 3.9046299582594486, 3.84367850074593, 3.3812851346626047, 2.4040884345606295, 3.042823268267175, 1.7645842509452419, 0.0]]}