{"total energy": -25.85360676, "HOMO-LUMO gap/eV": 11.8157156, "electronic energy": -26.06485437, "dipole": [-0.4484025, -0.10041343, -0.28987286], "partial charges": [0.03623883, -0.31739378, 0.39340755, -0.32435372, 0.03700946, -0.3448505, 0.04160846, 0.07197737, 0.03654363, 0.0538169, -0.00320039, 0.06427768, 0.05119586, 0.05595045, 0.06744146, 0.04679505, 0.0335357], "atomic dipole moments": [[0.11436051, -0.18869942, 0.12458206], [-0.26886297, -0.06815591, -0.06312837], [0.17386507, -0.04129007, -0.11062572], [0.06829182, 0.11402904, -0.2475212], [-0.23692499, 0.06326366, 0.06786357], [-0.09730381, -0.07435678, 0.25027205], [0.14400419, 0.19764076, 0.00387515], [0.0803416, 0.09265775, -0.00730174], [-0.09685385, 0.02766986, 0.06736571], [-0.03384399, -0.04675661, -0.11064168], [-0.0903603, 0.01557561, 0.05727764], [0.03541072, -0.08334681, 0.08268398], [-0.00929185, -0.04377722, -0.11731536], [0.06592904, 0.10769452, 0.00172442], [-0.00766153, -0.03868068, -0.11666824], [0.0516622, -0.08197665, 0.07760726], [-0.10635423, 0.03692618, 0.04403238]], "atomic quadrupole moments": [[-0.06518054, -0.28737582, 0.16945713, 0.17961682, -0.28882759, -0.10427659], [0.00053259, 0.02593703, 0.10013862, 0.05227868, -0.10602352, -0.1006712], [-0.20530162, 0.086836, 0.17744685, 0.22355081, -0.05707015, 0.02785477], [0.08360717, -0.10278188, -0.06596715, 0.00394517, -0.07793054, -0.01764002], [0.434869, -0.20054563, -0.23067641, -0.20536708, 0.04279249, -0.20419259], [-0.07410354, 0.13069393, 0.02568985, 0.01203159, 0.05465208, 0.04841369], [0.02974748, 0.39022357, 0.23132933, -0.0144738, 0.00045205, -0.26107681], [0.00040937, 0.05205193, 0.04886207, 0.00258504, -0.02550662, -0.04927144], [0.03044989, -0.03722423, -0.03621602, -0.04333436, 2.76e-06, 0.00576613], [-0.03511615, -0.00811485, -0.00896089, 0.03276095, 0.02714667, 0.04407704], [0.00764824, -0.00607604, -0.00719456, -0.00090931, 0.00572199, -0.00045369], [-0.00516842, -0.04330426, 0.00722294, 0.02245959, -0.06021266, -0.00205451], [-0.01063553, -0.00098697, -0.03613797, 0.00297276, 0.04353516, 0.0467735], [0.01312513, 0.03664925, 0.0362552, -0.00964716, 0.01056463, -0.04938033], [-0.04392945, 0.02556423, -0.01536216, 0.01186369, 0.04537916, 0.05929161], [-0.00504087, -0.01390333, 0.01919043, 0.03167324, -0.04492488, -0.01414956], [0.05109236, -0.02005699, -0.00519862, -0.04071799, 0.00678332, -0.04589375]], "number of molecular orbitals": 38, "number of electrons": 44, "number of unpaired electrons": 0, "orbital energies/eV": [-19.76251738, -19.44419691, -19.40901135, -18.08684929, -17.56779919, -17.2791277, -16.48051586, -16.16883417, -15.83823428, -15.58428196, -14.71733698, -14.58557001, -14.2022694, -14.18275219, -14.03474521, -13.42375916, -12.95823775, -12.78732873, -12.479276, -11.55829379, -11.45541499, -11.39882304, 0.41689256, 0.79450548, 1.57843887, 2.90852101, 3.07792988, 3.76220897, 3.96074902, 4.08734849, 4.34874693, 4.77482337, 5.35881499, 5.47576898, 5.83018845, 6.11891415, 7.07381693, 7.57670326], "fractional occupation": [2.0, 2.0, 2.0, 2.0, 2.0, 2.0, 2.0, 2.0, 2.0, 2.0, 2.0, 2.0, 2.0, 2.0, 2.0, 2.0, 2.0, 2.0, 2.0, 2.0, 2.0, 2.0, 0.0, 0.0, 0.0, 0.0, 0.0, 0.0, 0.0, 0.0, 0.0, 0.0, 0.0, 0.0, 0.0, 0.0, 0.0, 0.0], "program call": "xtb /tmp/scratch/tmpi64sv5sw/508437_3bdd6d_xyzopt.xyz --pop --wbo --acc 0.2 --gfn 2 --chrg 0 --uhf 0 --etemp 300 --input /tmp/scratch/tmpi64sv5sw/508437_3bdd6d_xtb.inp", "method": "GFN2-xTB", "xtb version": "6.3.3 (7355c4f)", "Dipole module/D": 1.381, "Total charge": 0, "Transition dipole module/D": NaN, "HOMO": -11.3988, "LUMO": 0.4169, "HOMO occupancy": 2.0, "LUMO occupancy": 0, "mulliken charges": [0.1729, -0.45635, 0.61312, -0.4623, 0.17486, -0.47353, 0.17149, 0.03622, 0.01282, 0.02894, 0.02224, 0.02651, 0.02775, 0.03077, 0.03524, 0.02695, 0.01238], "cm5 charges": [0.05197, -0.55334, 0.63206, -0.5596, 0.0541, -0.57305, 0.05028, 0.09745, 0.0724, 0.09176, 0.10515, 0.08764, 0.09165, 0.09399, 0.09637, 0.08935, 0.07183], "FUKUI+": [0.011, -0.116, -0.011, -0.071, -0.004, -0.095, -0.008, -0.075, -0.062, -0.06, -0.111, -0.073, -0.047, -0.058, -0.084, -0.066, -0.07], "FUKUI-": [0.029, -0.108, 0.028, -0.111, 0.026, -0.095, 0.03, -0.069, -0.086, -0.086, -0.084, -0.076, -0.075, -0.102, -0.071, -0.066, -0.084], "FUKUIrad": [0.02, -0.112, 0.009, -0.091, 0.011, -0.095, 0.011, -0.072, -0.074, -0.073, -0.098, -0.074, -0.061, -0.08, -0.077, -0.066, -0.077], "s proportion": [0.971, 1.673, 0.924, 1.679, 0.97, 1.683, 0.97, 0.964, 0.987, 0.971, 0.978, 0.973, 0.972, 0.969, 0.965, 0.973, 0.988], "p proportion": [2.856, 4.783, 2.462, 4.783, 2.855, 4.79, 2.858, 0.0, 0.0, 0.0, 0.0, 0.0, 0.0, 0.0, 0.0, 0.0, 0.0], "d proportion": [0.0, 0.0, 0.0, 0.0, 0.0, 0.0, 0.0, 0.0, 0.0, 0.0, 0.0, 0.0, 0.0, 0.0, 0.0, 0.0, 0.0], "Fermi-level/eV": -5.491, "Coordination numbers": [3.655, 1.702, 3.567, 1.701, 3.652, 1.701, 3.652, 0.925, 0.924, 0.924, 0.921, 0.925, 0.924, 0.924, 0.925, 0.924, 0.924], "Dispersion coefficient C6": [20.259, 19.3, 15.57, 19.424, 20.258, 19.795, 20.178, 2.064, 2.496, 2.273, 3.115, 2.15, 2.305, 2.247, 2.114, 2.36, 2.537], "Total dispersion C6": 2108.132165, "Total dispersion C8": 42513.264118, "Polarizability alpha": [6.462, 5.931, 5.745, 5.95, 6.464, 6.007, 6.451, 2.247, 2.47, 2.358, 2.76, 2.293, 2.374, 2.344, 2.274, 2.403, 2.491], "Total polarizability alpha": 67.024127, "Wiberg matrix": [[0.0, 0.9740569448256634, 0.0, 0.0, 0.0, 0.0, 0.0, 0.9800221045413072, 0.9779543856138939, 0.9794976381015221, 0.0, 0.0, 0.0, 0.0, 0.0, 0.0, 0.0], [0.9740569448256634, 0.0, 0.9883015044087924, 0.0, 0.0, 0.0, 0.0, 0.0, 0.0, 0.0, 0.0, 0.0, 0.0, 0.0, 0.0, 0.0, 0.0], [0.0, 0.9883015044087924, 0.0, 1.0018942678437575, 0.0, 0.9554182277943865, 0.0, 0.0, 0.0, 0.0, 0.9300643790072192, 0.0, 0.0, 0.0, 0.0, 0.0, 0.0], [0.0, 0.0, 1.0018942678437575, 0.0, 0.96294639256151, 0.0, 0.0, 0.0, 0.0, 0.0, 0.0, 0.0, 0.0, 0.0, 0.0, 0.0, 0.0], [0.0, 0.0, 0.0, 0.96294639256151, 0.0, 0.0, 0.0, 0.0, 0.0, 0.0, 0.0, 0.9819271615260274, 0.9806194561813788, 0.980672054514409, 0.0, 0.0, 0.0], [0.0, 0.0, 0.9554182277943865, 0.0, 0.0, 0.0, 0.9801856507849572, 0.0, 0.0, 0.0, 0.0, 0.0, 0.0, 0.0, 0.0, 0.0, 0.0], [0.0, 0.0, 0.0, 0.0, 0.0, 0.9801856507849572, 0.0, 0.0, 0.0, 0.0, 0.0, 0.0, 0.0, 0.0, 0.980248264054008, 0.9795015565288852, 0.9772781077032546], [0.9800221045413072, 0.0, 0.0, 0.0, 0.0, 0.0, 0.0, 0.0, 0.0, 0.0, 0.0, 0.0, 0.0, 0.0, 0.0, 0.0, 0.0], [0.9779543856138939, 0.0, 0.0, 0.0, 0.0, 0.0, 0.0, 0.0, 0.0, 0.0, 0.0, 0.0, 0.0, 0.0, 0.0, 0.0, 0.0], [0.9794976381015221, 0.0, 0.0, 0.0, 0.0, 0.0, 0.0, 0.0, 0.0, 0.0, 0.0, 0.0, 0.0, 0.0, 0.0, 0.0, 0.0], [0.0, 0.0, 0.9300643790072192, 0.0, 0.0, 0.0, 0.0, 0.0, 0.0, 0.0, 0.0, 0.0, 0.0, 0.0, 0.0, 0.0, 0.0], [0.0, 0.0, 0.0, 0.0, 0.9819271615260274, 0.0, 0.0, 0.0, 0.0, 0.0, 0.0, 0.0, 0.0, 0.0, 0.0, 0.0, 0.0], [0.0, 0.0, 0.0, 0.0, 0.9806194561813788, 0.0, 0.0, 0.0, 0.0, 0.0, 0.0, 0.0, 0.0, 0.0, 0.0, 0.0, 0.0], [0.0, 0.0, 0.0, 0.0, 0.980672054514409, 0.0, 0.0, 0.0, 0.0, 0.0, 0.0, 0.0, 0.0, 0.0, 0.0, 0.0, 0.0], [0.0, 0.0, 0.0, 0.0, 0.0, 0.0, 0.980248264054008, 0.0, 0.0, 0.0, 0.0, 0.0, 0.0, 0.0, 0.0, 0.0, 0.0], [0.0, 0.0, 0.0, 0.0, 0.0, 0.0, 0.9795015565288852, 0.0, 0.0, 0.0, 0.0, 0.0, 0.0, 0.0, 0.0, 0.0, 0.0], [0.0, 0.0, 0.0, 0.0, 0.0, 0.0, 0.9772781077032546, 0.0, 0.0, 0.0, 0.0, 0.0, 0.0, 0.0, 0.0, 0.0, 0.0]], "Born radii": [], "Atomic SASAs": [], "Solvent H bonds": [], "Total SASA": NaN, "Total FOD": 0.0, "FOD": [0.0, 0.0, 0.0, 0.0, 0.0, 0.0, 0.0, 0.0, 0.0, 0.0, 0.0, 0.0, 0.0, 0.0, 0.0, 0.0, 0.0], "FOD s proportion": [0.0, 0.0, 0.0, 0.0, 0.0, 0.0, 0.0, 0.0, 0.0, 0.0, 0.0, 0.0, 0.0, 0.0, 0.0, 0.0, 0.0], "FOD p proportion": [0.0, 0.0, 0.0, 0.0, 0.0, 0.0, 0.0, 0.0, 0.0, 0.0, 0.0, 0.0, 0.0, 0.0, 0.0, 0.0, 0.0], "FOD d proportion": [0.0, 0.0, 0.0, 0.0, 0.0, 0.0, 0.0, 0.0, 0.0, 0.0, 0.0, 0.0, 0.0, 0.0, 0.0, 0.0, 0.0], "coordinates": [["-0.27544497892714", "2.33340922356471", "-0.49781451087941"], ["0.49202395984214", "1.35680892518145", "0.17468216180484"], ["-0.18700847767106", "0.18163301170848", "0.43626214307998"], ["0.54938649576000", "-0.61313207614296", "1.28618394929519"], ["1.86212952293919", "-0.91120153302746", "0.82272338665808"], ["-0.47786968890852", "-0.44485051398327", "-0.78346719682078"], ["-1.33837931665964", "-1.55559553115406", "-0.65952742023132"], ["0.37481849445391", "3.19840224129836", "-0.60350829164551"], ["-1.16072860189141", "2.60132459408835", "0.09030669861045"], ["-0.58769559445396", "1.97663927573023", "-1.48207475344920"], ["-1.13762360893193", "0.37961893283341", "0.98306054189104"], ["2.25310871176557", "-1.65499752673894", "1.51289618539248"], ["1.82875306166886", "-1.31449519804898", "-0.19211783715409"], ["2.48388718571518", "-0.01461922136107", "0.83725354181300"], ["-1.45577611402308", "-1.95780332875707", "-1.66298315723622"], ["-0.91082289371480", "-2.31462584939391", "0.00152144841079"], ["-2.31275715696325", "-1.24651642579723", "-0.26339788953936"]], "bond_dist": [[0.0, 1.412447694447233, 2.3474371293256677, 3.541906703799928, 4.103723193839399, 2.8002322027783224, 4.034890141454547, 1.0873024789975358, 1.0960804240124804, 1.0924987266254536, 2.5987765221562853, 5.132633795302918, 4.222357933619968, 3.86128971696377, 4.600576565185481, 4.717761284157309, 4.125707177938618], [1.412447694447233, 0.0, 1.3822255841236806, 2.2626078389372273, 2.727822963772349, 2.2593628787897018, 3.5395453802250274, 2.0026940467591676, 2.070635047337137, 2.0723965488373297, 2.0649762916186685, 3.7367384682652225, 3.009526981054438, 2.5074559029662558, 4.261172766564979, 3.934132335237208, 3.85175468165122], [2.3474371293256677, 1.3822255841236806, 0.0, 1.377060702526277, 2.3542740240891913, 1.4017209118724139, 2.3546491428812786, 3.240010600003751, 2.631106878047679, 2.657557920726907, 1.1143859482639518, 3.2382903659196365, 2.587770392263015, 2.707949904547363, 3.2548102864619572, 2.635187864670447, 2.6547961173327908], [3.541906703799928, 2.2626078389372273, 1.377060702526277, 0.0, 1.4237047972297177, 2.316685092912237, 2.870137602986409, 4.257840368729711, 3.832407563231649, 3.9576669364902965, 1.980767896365594, 2.009863538763945, 2.0770327899564616, 2.074138150543102, 3.8113520555736833, 2.5841149863542614, 3.315757213436595], [4.103723193839399, 2.727822963772349, 2.3542740240891913, 1.4237047972297177, 0.0, 2.8762697674014555, 3.5854662056273954, 4.5972898622562015, 4.691688954039497, 4.433211263765647, 3.269624493822504, 1.0873985922693927, 1.0925486158345554, 1.0911707282650753, 4.2758168993736625, 3.2145353536984076, 4.326866567615505], [2.8002322027783224, 2.2593628787897018, 1.4017209118724139, 2.316685092912237, 2.8762697674014555, 0.0, 1.4105291137878562, 3.746031631535563, 3.2417525976564567, 2.5226428699667216, 2.058068355365962, 3.7677557777276127, 2.5350511740758037, 3.403503850764641, 2.004713326298251, 2.073575524451544, 2.0688045676102376], [4.034890141454547, 3.5395453802250274, 2.3546491428812786, 2.870137602986409, 3.5854662056273954, 1.4105291137878562, 0.0, 5.053580879263174, 4.227741230241303, 3.7036188919937914, 2.5462625726976493, 4.198582062711097, 3.2105028563813103, 4.3845960419242935, 1.0874173700157193, 1.0935799584583143, 1.096294063711529], [1.0873024789975358, 2.0026940467591676, 3.240010600003751, 4.257840368729711, 4.5972898622562015, 3.746031631535563, 5.053580879263174, 0.0, 1.7876761011425595, 1.7863418326810336, 3.5707451770917964, 5.618062954369561, 4.759139746829984, 4.1045672518207565, 5.573151665985246, 5.693190098186343, 5.2053856653283646], [1.0960804240124804, 2.070635047337137, 2.631106878047679, 3.832407563231649, 4.691688954039497, 3.2417525976564567, 4.227741230241303, 1.7876761011425595, 0.0, 1.7863319975206757, 2.394476834434648, 5.6386455863321645, 4.93461334652061, 4.548001305126189, 4.893539186508954, 4.923099069326728, 4.032140528515002], [1.0924987266254536, 2.0723965488373297, 2.657557920726907, 3.9576669364902965, 4.433211263765647, 2.5226428699667216, 3.7036188919937914, 1.7863418326810336, 1.7863319975206757, 0.0, 2.9882748904788143, 5.498072925652236, 4.281913016173183, 4.333476078031786, 4.033129088811933, 4.551969388716019, 3.8535364756759587], [2.5987765221562853, 2.0649762916186685, 1.1143859482639518, 1.980767896365594, 3.269624493822504, 2.058068355365962, 2.5462625726976493, 3.5707451770917964, 2.394476834434648, 2.9882748904788143, 0.0, 3.989668609961229, 3.6125416901283183, 3.645822793175769, 3.544899307902215, 2.87642356112798, 2.3619724133828095], [5.132633795302918, 3.7367384682652225, 3.2382903659196365, 2.009863538763945, 1.0873985922693927, 3.7677557777276127, 4.198582062711097, 5.618062954369561, 5.6386455863321645, 5.498072925652236, 3.989668609961229, 0.0, 1.7897185171676362, 1.7890200308034427, 4.892210911606004, 3.5678882162692087, 4.916218931423548], [4.222357933619968, 3.009526981054438, 2.587770392263015, 2.0770327899564616, 1.0925486158345554, 2.5350511740758037, 3.2105028563813103, 4.759139746829984, 4.93461334652061, 4.281913016173183, 3.6125416901283183, 1.7897185171676362, 0.0, 1.7828302530237967, 3.6558750042673807, 2.9228468841165807, 4.1426813599864385], [3.86128971696377, 2.5074559029662558, 2.707949904547363, 2.074138150543102, 1.0911707282650753, 3.403503850764641, 4.3845960419242935, 4.1045672518207565, 4.548001305126189, 4.333476078031786, 3.645822793175769, 1.7890200308034427, 1.7828302530237967, 0.0, 5.05451233471771, 4.184798100783469, 5.0731451039552], [4.600576565185481, 4.261172766564979, 3.2548102864619572, 3.8113520555736833, 4.2758168993736625, 2.004713326298251, 1.0874173700157193, 5.573151665985246, 4.893539186508954, 4.033129088811933, 3.544899307902215, 4.892210911606004, 3.6558750042673807, 5.05451233471771, 0.0, 1.7874204613850935, 1.7886264248956831], [4.717761284157309, 3.934132335237208, 2.635187864670447, 2.5841149863542614, 3.2145353536984076, 2.073575524451544, 1.0935799584583143, 5.693190098186343, 4.923099069326728, 4.551969388716019, 2.87642356112798, 3.5678882162692087, 2.9228468841165807, 4.184798100783469, 1.7874204613850935, 0.0, 1.7822625156990626], [4.125707177938618, 3.85175468165122, 2.6547961173327908, 3.315757213436595, 4.326866567615505, 2.0688045676102376, 1.096294063711529, 5.2053856653283646, 4.032140528515002, 3.8535364756759587, 2.3619724133828095, 4.916218931423548, 4.1426813599864385, 5.0731451039552, 1.7886264248956831, 1.7822625156990626, 0.0]]}