{"total energy": -27.49833053, "HOMO-LUMO gap/eV": 3.70603455, "electronic energy": -28.01612615, "dipole": [0.01282049, -0.03240826, -0.03504008], "partial charges": [-0.08869152, -0.02928, 0.00317649, -0.04611699, 0.01161489, -0.10755021, -0.0432335, -0.04225014, 0.00703813, -0.10514961, 0.03222272, 0.03672714, 0.03603172, 0.03212211, 0.04066876, 0.04457273, 0.0404191, 0.02675123, 0.02645269, 0.04312477, 0.04292606, 0.03842342], "atomic dipole moments": [[-0.02847222, 0.0617571, 0.00867175], [0.08434867, -0.07086553, 0.0030599], [-0.04498907, 0.00533767, -0.00633104], [-0.00046274, -0.01485429, 0.00510407], [0.06756196, 0.06255472, -0.00918733], [-0.04708748, -0.04802689, 0.00217961], [-0.00422762, 0.00609584, -0.003503], [-0.0036956, 0.00653783, -0.00219108], [-0.06732613, -0.05391053, 0.0113724], [0.04222786, 0.05091323, -0.01325787], [-0.14006915, 0.02381431, -0.03397345], [0.07858539, 0.11013636, 0.0593753], [-0.08711229, -0.10429794, -0.05180512], [-0.03577085, 0.13330319, -0.04798616], [0.09703571, -0.02015467, 0.07899555], [0.04587095, -0.00356038, -0.11897956], [-0.04544821, 0.11647967, 0.01988453], [0.13929724, -0.03682837, 0.02806487], [0.03743898, -0.13340491, 0.04398856], [-0.09406712, 0.04208395, 0.07656477], [-0.05314837, -0.03390629, -0.11017605], [0.05078955, -0.10309741, 0.05012135]], "atomic quadrupole moments": [[-0.21315592, 0.09891036, -0.26792085, -0.22688775, -0.25510351, 0.48107677], [-0.114703, 0.07797945, -0.3106828, -0.17147243, -0.26042282, 0.42538581], [-0.12029808, -0.06472813, -0.22078807, -0.04174066, 0.19027655, 0.34108614], [-0.22852682, -0.02828887, -0.16948064, -0.08005544, 0.20962199, 0.39800746], [-0.2002476, 0.10507193, -0.14605533, -0.10492166, 0.1768453, 0.34630293], [0.06156285, 0.12904124, 0.04707457, -0.01983267, -0.03667685, -0.10863742], [-0.23584086, -0.0178847, -0.18558826, -0.08668184, 0.19063671, 0.42142912], [-0.24281244, -0.0150987, -0.17480466, -0.08969345, 0.19028371, 0.4176171], [-0.19425839, 0.10597923, -0.13923552, -0.10288175, 0.18129563, 0.33349391], [0.06223886, 0.12148947, 0.04696588, -0.00866807, -0.03742966, -0.10920475], [0.0431089, -0.01447768, 0.01334301, 0.02886557, 0.02148998, -0.05645192], [0.0228733, 0.01041001, 0.02705431, 0.02764298, 0.03075288, -0.04992761], [0.02031724, -0.01549717, 0.03789492, 0.02839434, 0.01745139, -0.05821216], [0.03625746, 0.00356139, 0.02725669, 0.0118717, -0.02823292, -0.06351415], [0.02315338, -0.01016062, -0.02699439, 0.06469166, -0.02809695, 0.00384101], [-0.03186376, 0.00285163, -0.04059662, -0.03698623, 0.01453422, 0.07246038], [-0.00460153, -0.04199556, 0.06000483, -0.01264938, 0.02139244, -0.0554033], [0.03443723, 0.00483307, 0.02792413, 0.01195082, -0.02823934, -0.06236136], [0.03702427, 0.00504606, 0.02725324, 0.01213524, -0.02894301, -0.06427752], [0.01145738, -0.03174453, -0.00848035, -0.0568583, 0.02569662, -0.00297703], [-0.03235144, 0.01692352, -0.0331559, 0.04421918, 0.01591453, 0.06550734], [-0.0021045, -0.03659235, 0.03887304, 0.02537011, -0.04666838, -0.03676853]], "number of molecular orbitals": 52, "number of electrons": 52, "number of unpaired electrons": 0, "orbital energies/eV": [-17.40209474, -16.95414089, -16.77544613, -16.37402987, -16.30623114, -15.72344624, -15.56962086, -15.08969403, -14.6449339, -14.02277162, -13.77725993, -13.51038105, -13.3627308, -13.16131785, -13.13141273, -12.75477091, -12.64377693, -12.61191305, -12.24105413, -12.13942719, -11.95031804, -11.52182956, -11.20195178, -11.15430907, -10.49959144, -10.18315848, -6.47712393, -5.71503649, -4.65115831, -2.07875022, 2.76382745, 2.89873506, 3.60025124, 3.82331689, 4.31697549, 4.47528926, 4.83365441, 5.22630365, 5.41585565, 5.94550166, 6.1733815, 6.23674482, 6.36949722, 6.65227856, 10.04171179, 11.04795445, 11.77780015, 12.73045391, 13.31126034, 16.21809509, 17.98721219, 18.4240335], "fractional occupation": [2.0, 2.0, 2.0, 2.0, 2.0, 2.0, 2.0, 2.0, 2.0, 2.0, 2.0, 2.0, 2.0, 2.0, 2.0, 2.0, 2.0, 2.0, 2.0, 2.0, 2.0, 2.0, 2.0, 2.0, 2.0, 2.0, 0.0, 0.0, 0.0, 0.0, 0.0, 0.0, 0.0, 0.0, 0.0, 0.0, 0.0, 0.0, 0.0, 0.0, 0.0, 0.0, 0.0, 0.0, 0.0, 0.0, 0.0, 0.0, 0.0, 0.0, 0.0, 0.0], "program call": "xtb /tmp/scratch/tmp_0ra4yfe/509114_ad5711_xyzopt.xyz --pop --wbo --acc 0.2 --gfn 2 --chrg 0 --uhf 0 --etemp 300 --input /tmp/scratch/tmp_0ra4yfe/509114_ad5711_xtb.inp", "method": "GFN2-xTB", "xtb version": "6.3.3 (7355c4f)", "Dipole module/D": 0.126, "Total charge": 0, "Transition dipole module/D": NaN, "HOMO": -10.1832, "LUMO": -6.4771, "HOMO occupancy": 2.0, "LUMO occupancy": 0, "mulliken charges": [-0.07628, -0.02345, -0.00282, -0.04903, 0.0124, -0.08894, -0.04304, -0.04027, 0.00351, -0.08849, 0.03179, 0.03135, 0.02856, 0.02962, 0.03488, 0.03947, 0.03493, 0.02784, 0.02781, 0.03765, 0.03863, 0.03387], "cm5 charges": [-0.17992, -0.08197, -0.01234, -0.10067, -0.00564, -0.23447, -0.09733, -0.0945, -0.01193, -0.2341, 0.08524, 0.08602, 0.08672, 0.08884, 0.08764, 0.09161, 0.0877, 0.08509, 0.08518, 0.09073, 0.09119, 0.08692], "FUKUI+": [-0.066, -0.043, -0.058, -0.024, -0.041, 0.024, -0.063, -0.022, -0.045, 0.026, -0.093, -0.078, -0.079, -0.055, -0.039, -0.044, -0.036, -0.078, -0.069, -0.034, -0.04, -0.044], "FUKUI-": [-0.046, -0.02, -0.043, -0.011, -0.055, 0.022, -0.046, -0.018, -0.064, 0.026, -0.072, -0.056, -0.056, -0.049, -0.056, -0.078, -0.053, -0.068, -0.062, -0.067, -0.075, -0.052], "FUKUIrad": [-0.056, -0.031, -0.051, -0.017, -0.048, 0.023, -0.055, -0.02, -0.054, 0.026, -0.083, -0.067, -0.068, -0.052, -0.048, -0.061, -0.044, -0.073, -0.065, -0.05, -0.057, -0.048], "s proportion": [1.045, 1.063, 1.077, 1.06, 1.079, 1.005, 1.056, 1.057, 1.083, 1.005, 0.968, 0.969, 0.971, 0.97, 0.965, 0.961, 0.965, 0.972, 0.972, 0.962, 0.961, 0.966], "p proportion": [3.032, 2.961, 2.926, 2.989, 2.908, 3.084, 2.987, 2.983, 2.914, 3.083, 0.0, 0.0, 0.0, 0.0, 0.0, 0.0, 0.0, 0.0, 0.0, 0.0, 0.0, 0.0], "d proportion": [0.0, 0.0, 0.0, 0.0, 0.0, 0.0, 0.0, 0.0, 0.0, 0.0, 0.0, 0.0, 0.0, 0.0, 0.0, 0.0, 0.0, 0.0, 0.0, 0.0, 0.0, 0.0], "Fermi-level/eV": -8.3301, "Coordination numbers": [2.838, 2.895, 2.975, 2.931, 2.964, 3.758, 2.924, 2.922, 2.97, 3.757, 0.926, 0.926, 0.925, 0.926, 0.925, 0.924, 0.925, 0.926, 0.925, 0.925, 0.924, 0.925], "Dispersion coefficient C6": [30.215, 28.73, 27.949, 29.145, 27.754, 22.607, 29.074, 29.05, 27.86, 22.562, 2.555, 2.493, 2.502, 2.556, 2.44, 2.389, 2.443, 2.633, 2.637, 2.408, 2.41, 2.47], "Total dispersion C6": 5078.675302, "Total dispersion C8": 120588.549074, "Polarizability alpha": [9.008, 8.788, 8.672, 8.854, 8.641, 6.779, 8.842, 8.839, 8.658, 6.772, 2.5, 2.469, 2.474, 2.5, 2.443, 2.417, 2.444, 2.537, 2.54, 2.427, 2.428, 2.458], "Total polarizability alpha": 113.488566, "Wiberg matrix": [[0.0, 1.9198822656518644, 0.0, 0.0, 0.0, 0.0, 0.0, 0.0, 0.0, 0.0, 0.9784003276031304, 0.9747274320344501, 0.0, 0.0, 0.0, 0.0, 0.0, 0.0, 0.0, 0.0, 0.0, 0.0], [1.9198822656518644, 0.0, 1.0741975419859158, 0.0, 0.0, 0.0, 0.0, 0.0, 0.0, 0.0, 0.0, 0.0, 0.9597502901056153, 0.0, 0.0, 0.0, 0.0, 0.0, 0.0, 0.0, 0.0, 0.0], [0.0, 1.0741975419859158, 0.0, 1.3916560733160632, 0.0, 0.0, 0.100254388404847, 0.0, 1.3501946378007597, 0.0, 0.0, 0.0, 0.0, 0.0, 0.0, 0.0, 0.0, 0.0, 0.0, 0.0, 0.0, 0.0], [0.0, 0.0, 1.3916560733160632, 0.0, 1.4225042834197807, 0.0, 0.0, 0.10214244327515695, 0.0, 0.0, 0.0, 0.0, 0.0, 0.9658650870004285, 0.0, 0.0, 0.0, 0.0, 0.0, 0.0, 0.0, 0.0], [0.0, 0.0, 0.0, 1.4225042834197807, 0.0, 1.023342348927015, 1.4034899640740728, 0.0, 0.10016770402735775, 0.0, 0.0, 0.0, 0.0, 0.0, 0.0, 0.0, 0.0, 0.0, 0.0, 0.0, 0.0, 0.0], [0.0, 0.0, 0.0, 0.0, 1.023342348927015, 0.0, 0.0, 0.0, 0.0, 0.0, 0.0, 0.0, 0.0, 0.0, 0.9823937998949304, 0.9687695809275179, 0.982641186437346, 0.0, 0.0, 0.0, 0.0, 0.0], [0.0, 0.0, 0.100254388404847, 0.0, 1.4034899640740728, 0.0, 0.0, 1.4403347496057308, 0.0, 0.0, 0.0, 0.0, 0.0, 0.0, 0.0, 0.0, 0.0, 0.9698111173218645, 0.0, 0.0, 0.0, 0.0], [0.0, 0.0, 0.0, 0.10214244327515695, 0.0, 0.0, 1.4403347496057308, 0.0, 1.4246725659628594, 0.0, 0.0, 0.0, 0.0, 0.0, 0.0, 0.0, 0.0, 0.0, 0.9682644999038317, 0.0, 0.0, 0.0], [0.0, 0.0, 1.3501946378007597, 0.0, 0.10016770402735775, 0.0, 0.0, 1.4246725659628594, 0.0, 1.025544150588794, 0.0, 0.0, 0.0, 0.0, 0.0, 0.0, 0.0, 0.0, 0.0, 0.0, 0.0, 0.0], [0.0, 0.0, 0.0, 0.0, 0.0, 0.0, 0.0, 0.0, 1.025544150588794, 0.0, 0.0, 0.0, 0.0, 0.0, 0.0, 0.0, 0.0, 0.0, 0.0, 0.9754624758072484, 0.9690244938641336, 0.9848961695594919], [0.9784003276031304, 0.0, 0.0, 0.0, 0.0, 0.0, 0.0, 0.0, 0.0, 0.0, 0.0, 0.0, 0.0, 0.0, 0.0, 0.0, 0.0, 0.0, 0.0, 0.0, 0.0, 0.0], [0.9747274320344501, 0.0, 0.0, 0.0, 0.0, 0.0, 0.0, 0.0, 0.0, 0.0, 0.0, 0.0, 0.0, 0.0, 0.0, 0.0, 0.0, 0.0, 0.0, 0.0, 0.0, 0.0], [0.0, 0.9597502901056153, 0.0, 0.0, 0.0, 0.0, 0.0, 0.0, 0.0, 0.0, 0.0, 0.0, 0.0, 0.0, 0.0, 0.0, 0.0, 0.0, 0.0, 0.0, 0.0, 0.0], [0.0, 0.0, 0.0, 0.9658650870004285, 0.0, 0.0, 0.0, 0.0, 0.0, 0.0, 0.0, 0.0, 0.0, 0.0, 0.0, 0.0, 0.0, 0.0, 0.0, 0.0, 0.0, 0.0], [0.0, 0.0, 0.0, 0.0, 0.0, 0.9823937998949304, 0.0, 0.0, 0.0, 0.0, 0.0, 0.0, 0.0, 0.0, 0.0, 0.0, 0.0, 0.0, 0.0, 0.0, 0.0, 0.0], [0.0, 0.0, 0.0, 0.0, 0.0, 0.9687695809275179, 0.0, 0.0, 0.0, 0.0, 0.0, 0.0, 0.0, 0.0, 0.0, 0.0, 0.0, 0.0, 0.0, 0.0, 0.0, 0.0], [0.0, 0.0, 0.0, 0.0, 0.0, 0.982641186437346, 0.0, 0.0, 0.0, 0.0, 0.0, 0.0, 0.0, 0.0, 0.0, 0.0, 0.0, 0.0, 0.0, 0.0, 0.0, 0.0], [0.0, 0.0, 0.0, 0.0, 0.0, 0.0, 0.9698111173218645, 0.0, 0.0, 0.0, 0.0, 0.0, 0.0, 0.0, 0.0, 0.0, 0.0, 0.0, 0.0, 0.0, 0.0, 0.0], [0.0, 0.0, 0.0, 0.0, 0.0, 0.0, 0.0, 0.9682644999038317, 0.0, 0.0, 0.0, 0.0, 0.0, 0.0, 0.0, 0.0, 0.0, 0.0, 0.0, 0.0, 0.0, 0.0], [0.0, 0.0, 0.0, 0.0, 0.0, 0.0, 0.0, 0.0, 0.0, 0.9754624758072484, 0.0, 0.0, 0.0, 0.0, 0.0, 0.0, 0.0, 0.0, 0.0, 0.0, 0.0, 0.0], [0.0, 0.0, 0.0, 0.0, 0.0, 0.0, 0.0, 0.0, 0.0, 0.9690244938641336, 0.0, 0.0, 0.0, 0.0, 0.0, 0.0, 0.0, 0.0, 0.0, 0.0, 0.0, 0.0], [0.0, 0.0, 0.0, 0.0, 0.0, 0.0, 0.0, 0.0, 0.0, 0.9848961695594919, 0.0, 0.0, 0.0, 0.0, 0.0, 0.0, 0.0, 0.0, 0.0, 0.0, 0.0, 0.0]], "Born radii": [], "Atomic SASAs": [], "Solvent H bonds": [], "Total SASA": NaN, "Total FOD": 0.0, "FOD": [0.0, 0.0, 0.0, 0.0, 0.0, 0.0, 0.0, 0.0, 0.0, 0.0, 0.0, 0.0, 0.0, 0.0, 0.0, 0.0, 0.0, 0.0, 0.0, 0.0, 0.0, 0.0], "FOD s proportion": [0.0, 0.0, 0.0, 0.0, 0.0, 0.0, 0.0, 0.0, 0.0, 0.0, 0.0, 0.0, 0.0, 0.0, 0.0, 0.0, 0.0, 0.0, 0.0, 0.0, 0.0, 0.0], "FOD p proportion": [0.0, 0.0, 0.0, 0.0, 0.0, 0.0, 0.0, 0.0, 0.0, 0.0, 0.0, 0.0, 0.0, 0.0, 0.0, 0.0, 0.0, 0.0, 0.0, 0.0, 0.0, 0.0], "FOD d proportion": [0.0, 0.0, 0.0, 0.0, 0.0, 0.0, 0.0, 0.0, 0.0, 0.0, 0.0, 0.0, 0.0, 0.0, 0.0, 0.0, 0.0, 0.0, 0.0, 0.0, 0.0, 0.0], "coordinates": [["-2.62705049575037", "1.58146951149066", "-0.26335281649205"], ["-2.09504022622198", "0.38301583466630", "-0.46056695380223"], ["-0.70581440436043", "0.02624974997795", "-0.17175797906913"], ["0.30485289681917", "0.97310137502811", "-0.31899300693524"], ["1.63346930476366", "0.67369514082278", "-0.06358139794811"], ["2.70326103023261", "1.70622171485917", "-0.25697789774825"], ["1.95108325560906", "-0.61337165854897", "0.34897323380173"], ["0.95920268660093", "-1.56525840486076", "0.49876264102131"], ["-0.37145811321116", "-1.27053950755593", "0.24294056201606"], ["-1.42341006459006", "-2.32287621847774", "0.43316141659214"], ["-3.65609050952797", "1.79037695303403", "-0.50214335157612"], ["-2.06309223690078", "2.39695717932974", "0.15882058085996"], ["-2.71493465100857", "-0.41248237955114", "-0.85451170619430"], ["0.04482937849310", "1.96432435725335", "-0.66152406118931"], ["3.53643787722022", "1.53246736776170", "0.42041775004645"], ["3.08425227484428", "1.66178051556874", "-1.27805895622437"], ["2.31275413037138", "2.70709527194451", "-0.08725236645079"], ["2.98000343006635", "-0.87300975475903", "0.55389852678427"], ["1.22594829889400", "-2.56106449172649", "0.82495948531293"], ["-2.21431100198080", "-1.96555898723611", "1.09117434134914"], ["-1.87534019471323", "-2.59208295312879", "-0.52220115006346"], ["-0.98955366564945", "-3.22051061589203", "0.86781410590939"]], "bond_dist": [[0.0, 1.3259787171491468, 2.473508892181606, 2.994873139820158, 4.360732954249852, 5.33177500611769, 5.113861515421168, 4.8315554884582435, 3.671237587791501, 4.144610710734496, 1.0768410229617627, 1.0776360385371404, 2.0815947255430425, 2.7283805151435603, 6.2014943619661596, 5.801297936219844, 5.0694885802569765, 6.175064530314906, 5.761129346369628, 3.819228833393775, 4.2486010652224255, 5.198071528817585], [1.3259787171491468, 0.0, 1.4630929728479793, 2.4754254441198165, 3.760834390562176, 4.981567750499398, 4.244909726037316, 3.7475973041987873, 2.4899605207503472, 2.9277447425159115, 2.102206436426935, 2.1072781809389474, 1.0827183265475298, 2.6683257536888734, 5.814715685646175, 5.397092096189287, 4.9969350708134135, 5.325674474263824, 4.620514254698192, 2.8174332750044138, 2.9838364022066504, 3.9965109352134345], [2.473508892181606, 1.4630929728479793, 0.0, 1.3927148117847095, 2.4296370055221437, 3.8014949106992466, 2.7819744279657335, 2.3989118412476134, 1.4019384393990173, 2.5296766240965423, 3.4533213548193857, 2.7516793080906057, 2.1668416413932805, 2.135291569621747, 4.540492046777745, 4.2735779120154636, 4.038047784522257, 3.862706063102095, 3.3792525550505528, 2.79961820193961, 2.888990677478062, 3.420916684406037], [2.994873139820158, 2.4754254441198165, 1.3927148117847095, 0.0, 1.3856769979131973, 2.508719370688006, 2.3818375215856, 2.7459366925167346, 2.4097905154193553, 3.796853623397065, 4.048525174360642, 2.804074772974707, 3.3653735977192074, 1.0804919035802958, 3.3619577729234975, 3.0197926015321004, 2.6631008097133595, 3.3654860434558067, 3.8271885788366227, 4.1195246599489295, 4.183906638482124, 4.5464690697781736], [4.360732954249852, 3.760834390562176, 2.4296370055221437, 1.3856769979131973, 0.0, 1.499322402990132, 1.3883878751973133, 2.4049489121937584, 2.809579689427538, 4.30937406289567, 5.423906146483577, 4.084563859807983, 4.5512601904136, 2.1323780195286894, 2.1431365567267173, 2.134488152606961, 2.143992603134776, 2.1416656233102604, 3.3792378063435575, 4.806717846814635, 4.815327895334185, 4.786709262484149], [5.33177500611769, 4.981567750499398, 3.8014949106992466, 2.508719370688006, 1.499322402990132, 0.0, 2.512660262833655, 3.7835783911072483, 4.3087032449156855, 5.808557200756736, 6.364631977586618, 4.834059093950281, 5.848315837241318, 2.7013947174258335, 1.0877679417700652, 1.090750144003582, 1.0876811444932264, 2.7178193290940516, 4.643573298221602, 6.283470591645204, 6.285646790067932, 6.25897187152042], [5.113861515421168, 4.244909726037316, 2.7819744279657335, 2.3818375215856, 1.3883878751973133, 2.512660262833655, 0.0, 1.3828782692251447, 2.416052755867666, 3.783741357255711, 6.1597730852713575, 5.021139574663464, 4.822909454684992, 3.3614617917041674, 2.6689096504009333, 3.017883892552558, 3.3684713495097154, 1.0807789052867307, 2.1321095162980983, 4.44182196593574, 4.39496980826683, 3.9640528372026047], [4.8315554884582435, 3.7475973041987873, 2.3989118412476134, 2.7459366925167346, 2.4049489121937584, 3.7835783911072483, 1.3828782692251447, 0.0, 1.386709172354353, 2.5010261482628042, 5.793361092440628, 4.994895348702815, 4.081608653334701, 3.826264268515692, 4.030407437477969, 4.252847391442434, 4.519792145622087, 2.1367928781837815, 1.081289676979418, 3.2530572252192202, 3.182981159485681, 2.5833525091044294], [3.671237587791501, 2.4899605207503472, 1.4019384393990173, 2.4097905154193553, 2.809579689427538, 4.3087032449156855, 2.416052755867666, 1.386709172354353, 0.0, 1.500066476753368, 4.551172332041308, 4.039707183445134, 2.7262695756522004, 3.3846263832553642, 4.812483430348487, 4.780572616185196, 4.809948147090511, 3.3892505419752643, 2.134457309781283, 2.1444485051367392, 2.143263920557514, 2.138900741303187], [4.144610710734496, 2.9277447425159115, 2.5296766240965423, 3.796853623397065, 4.30937406289567, 5.808557200756736, 3.783741357255711, 2.5010261482628042, 1.500066476753368, 0.0, 4.772683588037035, 4.770878690428137, 2.641163086270667, 4.661990147355498, 6.282032169200845, 6.254980752878374, 6.287317917184843, 4.6375360502443455, 2.6887430368723413, 1.0891193257191778, 1.0906102613956106, 1.087612912140044], [1.0768410229617627, 2.102206436426935, 3.4533213548193857, 4.048525174360642, 5.423906146483577, 6.364631977586618, 6.1597730852713575, 5.793361092440628, 4.551172332041308, 4.772683588037035, 0.0, 1.8282386024552517, 2.421265587770019, 3.7084320039042553, 7.256038928684225, 6.786074190583572, 6.053066441153569, 7.228180682524487, 6.673121272223119, 4.327175083860667, 4.730478710248846, 5.839194842056523], [1.0776360385371404, 2.1072781809389474, 2.7516793080906057, 2.804074772974707, 4.084563859807983, 4.834059093950281, 5.021139574663464, 4.994895348702815, 4.039707183445134, 4.770878690428137, 1.8282386024552517, 0.0, 3.056908813134812, 2.30292640505976, 5.671905606776198, 5.394465965563452, 4.393719262977311, 6.023419646643617, 5.986944761461411, 4.463596974768112, 5.0388056988355245, 5.762907366328222], [2.0815947255430425, 1.0827183265475298, 2.1668416413932805, 3.3653735977192074, 4.5512601904136, 5.848315837241318, 4.822909454684992, 4.081608653334701, 2.7262695756522004, 2.641163086270667, 2.421265587770019, 3.056908813134812, 0.0, 3.6472937904390257, 6.66992752019512, 6.173534468362655, 5.966414844825037, 5.884558147809562, 4.792451043119312, 2.5393631451427634, 2.359238821547721, 3.718651411972514], [2.7283805151435603, 2.6683257536888734, 2.135291569621747, 1.0804919035802958, 2.1323780195286894, 2.7013947174258335, 3.3614617917041674, 3.826264268515692, 3.3846263832553642, 4.661990147355498, 3.7084320039042553, 2.30292640505976, 3.6472937904390257, 0.0, 3.6808189918354257, 3.1160455060542636, 2.4545833233506564, 4.259455791949765, 4.907526818329366, 4.860005149199356, 4.94644414115188, 5.503756645247487], [6.2014943619661596, 5.814715685646175, 4.540492046777745, 3.3619577729234975, 2.1431365567267173, 1.0877679417700652, 2.6689096504009333, 4.030407437477969, 4.812483430348487, 6.282032169200845, 7.256038928684225, 5.671905606776198, 6.66992752019512, 3.6808189918354257, 0.0, 1.7623895230443325, 1.770559677833887, 2.472601180681708, 4.717946501580039, 6.764407990110224, 6.869336768587051, 6.578416424829328], [5.801297936219844, 5.397092096189287, 4.2735779120154636, 3.0197926015321004, 2.134488152606961, 1.090750144003582, 3.017883892552558, 4.252847391442434, 4.780572616185196, 6.254980752878374, 6.786074190583572, 5.394465965563452, 6.173534468362655, 3.1160455060542636, 1.7623895230443325, 0.0, 1.7623599692089713, 3.1292327742974337, 5.070345174454777, 6.844386830495403, 6.577555237133727, 6.7109934236246875], [5.0694885802569765, 4.9969350708134135, 4.038047784522257, 2.6631008097133595, 2.143992603134776, 1.0876811444932264, 3.3684713495097154, 4.519792145622087, 4.809948147090511, 6.287317917184843, 6.053066441153569, 4.393719262977311, 5.966414844825037, 2.4545833233506564, 1.770559677833887, 1.7623599692089713, 0.0, 3.697762580002602, 5.455894488843559, 6.611861012154885, 6.768353151340661, 6.85229160995071], [6.175064530314906, 5.325674474263824, 3.862706063102095, 3.3654860434558067, 2.1416656233102604, 2.7178193290940516, 1.0807789052867307, 2.1367928781837815, 3.3892505419752643, 4.6375360502443455, 7.228180682524487, 6.023419646643617, 5.884558147809562, 4.259455791949765, 2.472601180681708, 3.1292327742974337, 3.697762580002602, 0.0, 2.4494310036065126, 5.335094333306198, 5.261897461045088, 4.622411364210816], [5.761129346369628, 4.620514254698192, 3.3792525550505528, 3.8271885788366227, 3.3792378063435575, 4.643573298221602, 2.1321095162980983, 1.081289676979418, 2.134457309781283, 2.6887430368723413, 6.673121272223119, 5.986944761461411, 4.792451043119312, 4.907526818329366, 4.717946501580039, 5.070345174454777, 5.455894488843559, 2.4494310036065126, 0.0, 3.501554113919745, 3.381389395357489, 2.311959053287775], [3.819228833393775, 2.8174332750044138, 2.79961820193961, 4.1195246599489295, 4.806717846814635, 6.283470591645204, 4.44182196593574, 3.2530572252192202, 2.1444485051367392, 1.0891193257191778, 4.327175083860667, 4.463596974768112, 2.5393631451427634, 4.860005149199356, 6.764407990110224, 6.844386830495403, 6.611861012154885, 5.335094333306198, 3.501554113919745, 0.0, 1.7636365737612636, 1.7677171487371246], [4.2486010652224255, 2.9838364022066504, 2.888990677478062, 4.183906638482124, 4.815327895334185, 6.285646790067932, 4.39496980826683, 3.182981159485681, 2.143263920557514, 1.0906102613956106, 4.730478710248846, 5.0388056988355245, 2.359238821547721, 4.94644414115188, 6.869336768587051, 6.577555237133727, 6.768353151340661, 5.261897461045088, 3.381389395357489, 1.7636365737612636, 0.0, 1.7639958940525329], [5.198071528817585, 3.9965109352134345, 3.420916684406037, 4.5464690697781736, 4.786709262484149, 6.25897187152042, 3.9640528372026047, 2.5833525091044294, 2.138900741303187, 1.087612912140044, 5.839194842056523, 5.762907366328222, 3.718651411972514, 5.503756645247487, 6.578416424829328, 6.7109934236246875, 6.85229160995071, 4.622411364210816, 2.311959053287775, 1.7677171487371246, 1.7639958940525329, 0.0]]}