{"total energy": -25.4743861, "HOMO-LUMO gap/eV": 3.24979094, "electronic energy": -25.9816365, "dipole": [4.54e-06, -5.88e-06, -2.9e-07], "partial charges": [-0.03025979, -0.03026223, -0.03516042, 0.01309441, -0.03516232, -0.03025945, -0.03025992, -0.03516148, 0.0130947, -0.03515993, 0.02892678, 0.02892922, 0.02994748, 0.02994719, 0.02892532, 0.02892702, 0.02994645, 0.02994697], "atomic dipole moments": [[0.01693949, -0.0258993, -0.00148731], [0.00949775, 0.0291799, 0.00435227], [-0.03369951, 0.00104295, -0.00303192], [-0.00091956, 0.00691586, 0.00073462], [0.03229577, 0.00922519, 0.00411903], [-0.01692645, 0.02589283, 0.00148777], [-0.00947965, -0.02916886, -0.00434926], [0.03368002, -0.00105215, 0.00302901], [0.00093456, -0.00690727, -0.0007322], [-0.03231203, -0.00922654, -0.00412072], [0.11651459, 0.08745688, 0.02128953], [0.13595663, -0.05618437, 0.00606366], [0.02092572, -0.14496172, -0.0152436], [0.01834453, -0.14528139, -0.0155232], [-0.11649089, -0.08748444, -0.02129053], [-0.13594111, 0.05621336, -0.00605883], [-0.02095433, 0.14495617, 0.01524021], [-0.01837567, 0.14527853, 0.01552]], "atomic quadrupole moments": [[-0.29044379, 0.01083582, -0.21053693, -0.07442718, -0.08545434, 0.50098073], [-0.28404729, -0.01230157, -0.2163897, -0.07657353, -0.08831513, 0.50043699], [-0.22696976, -0.02053475, -0.26045258, -0.07098758, -0.09277134, 0.48742234], [-0.1781996, 0.01065838, -0.20680158, -0.05272374, -0.07081644, 0.38500117], [-0.2443012, 0.04241326, -0.24457993, -0.06513917, -0.08499145, 0.48888113], [-0.29035911, 0.01081156, -0.21060843, -0.07442084, -0.08546328, 0.50096754], [-0.28398208, -0.01225298, -0.21644249, -0.07656058, -0.08831493, 0.50042458], [-0.22697193, -0.02046424, -0.26043281, -0.07097769, -0.09275979, 0.48740473], [-0.17822156, 0.01071101, -0.20677998, -0.05271967, -0.07080888, 0.38500154], [-0.24434517, 0.04249094, -0.24455393, -0.06513572, -0.08498332, 0.4888991], [0.0361514, -0.00549098, 0.03452128, 0.00957166, 0.01224843, -0.07067268], [0.0338778, 0.00282586, 0.03660034, 0.01034571, 0.01327393, -0.07047814], [0.03429918, -0.00058482, 0.03365136, 0.00972729, 0.01228379, -0.06795054], [0.0345904, -0.00163401, 0.03338627, 0.0096302, 0.01215426, -0.06797667], [0.0361784, -0.00549755, 0.03449671, 0.00957362, 0.01224513, -0.07067511], [0.03389681, 0.00284243, 0.03658463, 0.0103498, 0.01327401, -0.07048144], [0.03429658, -0.00056403, 0.03365695, 0.00972987, 0.01228681, -0.06795353], [0.03458048, -0.00161018, 0.03339272, 0.00963184, 0.01215693, -0.0679732]], "number of molecular orbitals": 48, "number of electrons": 48, "number of unpaired electrons": 0, "orbital energies/eV": [-17.6232069, -17.32495574, -16.90360201, -16.66814717, -16.48085992, -15.70287679, -15.65443131, -15.44503819, -14.34323762, -14.20866149, -14.05790508, -13.3610406, -13.3269408, -13.27483709, -12.87000855, -12.7844159, -12.51679563, -12.26423334, -11.96838374, -11.5446331, -11.30182617, -11.23870831, -10.84244492, -10.26860094, -7.01881, -6.16123546, -5.08852313, -3.88516372, -1.4648671, 3.00286849, 3.22479225, 3.94089179, 3.97444656, 4.55897097, 4.867253, 5.12211987, 5.65785101, 6.08100798, 8.90005773, 10.47827465, 10.56710072, 11.08513956, 12.97489534, 14.05772601, 14.52334486, 15.61370828, 18.86997352, 19.04779558], "fractional occupation": [2.0, 2.0, 2.0, 2.0, 2.0, 2.0, 2.0, 2.0, 2.0, 2.0, 2.0, 2.0, 2.0, 2.0, 2.0, 2.0, 2.0, 2.0, 2.0, 2.0, 2.0, 2.0, 2.0, 2.0, 0.0, 0.0, 0.0, 0.0, 0.0, 0.0, 0.0, 0.0, 0.0, 0.0, 0.0, 0.0, 0.0, 0.0, 0.0, 0.0, 0.0, 0.0, 0.0, 0.0, 0.0, 0.0, 0.0, 0.0], "program call": "xtb /tmp/scratch/tmporsv6jiy/509122_3d4389_xyzopt.xyz --pop --wbo --acc 0.2 --gfn 2 --chrg 0 --uhf 0 --etemp 300 --input /tmp/scratch/tmporsv6jiy/509122_3d4389_xtb.inp", "method": "GFN2-xTB", "xtb version": "6.3.3 (7355c4f)", "Dipole module/D": 0.0, "Total charge": 0, "Transition dipole module/D": NaN, "HOMO": -10.2686, "LUMO": -7.0188, "HOMO occupancy": 2.0, "LUMO occupancy": 0, "mulliken charges": [-0.02802, -0.02802, -0.03507, 0.0052, -0.03507, -0.02802, -0.02802, -0.03507, 0.0052, -0.03507, 0.02975, 0.02975, 0.03074, 0.03074, 0.02974, 0.02975, 0.03074, 0.03074], "cm5 charges": [-0.08425, -0.08426, -0.08873, -0.00246, -0.08873, -0.08425, -0.08425, -0.08873, -0.00246, -0.08873, 0.08619, 0.0862, 0.08802, 0.08802, 0.08619, 0.08619, 0.08802, 0.08802], "FUKUI+": [-0.036, -0.036, -0.055, -0.019, -0.055, -0.036, -0.036, -0.055, -0.019, -0.055, -0.076, -0.076, -0.073, -0.073, -0.076, -0.076, -0.073, -0.073], "FUKUI-": [-0.038, -0.038, -0.055, -0.02, -0.055, -0.038, -0.038, -0.055, -0.02, -0.055, -0.075, -0.075, -0.072, -0.072, -0.075, -0.075, -0.072, -0.072], "FUKUIrad": [-0.037, -0.037, -0.055, -0.02, -0.055, -0.037, -0.037, -0.055, -0.02, -0.055, -0.075, -0.075, -0.073, -0.073, -0.075, -0.075, -0.073, -0.073], "s proportion": [1.056, 1.056, 1.06, 1.075, 1.06, 1.056, 1.056, 1.06, 1.075, 1.06, 0.97, 0.97, 0.969, 0.969, 0.97, 0.97, 0.969, 0.969], "p proportion": [2.972, 2.972, 2.975, 2.92, 2.975, 2.972, 2.972, 2.975, 2.92, 2.975, 0.0, 0.0, 0.0, 0.0, 0.0, 0.0, 0.0, 0.0], "d proportion": [0.0, 0.0, 0.0, 0.0, 0.0, 0.0, 0.0, 0.0, 0.0, 0.0, 0.0, 0.0, 0.0, 0.0, 0.0, 0.0, 0.0, 0.0], "Fermi-level/eV": -8.6437, "Coordination numbers": [2.916, 2.916, 2.918, 2.987, 2.918, 2.916, 2.916, 2.918, 2.987, 2.918, 0.926, 0.926, 0.926, 0.926, 0.926, 0.926, 0.926, 0.926], "Dispersion coefficient C6": [28.755, 28.755, 28.875, 27.714, 28.875, 28.755, 28.755, 28.875, 27.714, 28.875, 2.602, 2.602, 2.587, 2.587, 2.602, 2.602, 2.587, 2.587], "Total dispersion C6": 4401.555069, "Total dispersion C8": 110435.83455, "Polarizability alpha": [8.793, 8.793, 8.812, 8.635, 8.812, 8.793, 8.793, 8.812, 8.635, 8.812, 2.522, 2.522, 2.515, 2.515, 2.522, 2.522, 2.515, 2.515], "Total polarizability alpha": 107.841875, "Wiberg matrix": [[0.0, 1.3202315173030084, 0.0, 0.0, 0.0, 0.0, 0.0, 0.0, 0.0, 1.5580822965198937, 0.971184950011235, 0.0, 0.0, 0.0, 0.0, 0.0, 0.0, 0.0], [1.3202315173030084, 0.0, 1.558076617439236, 0.0, 0.0, 0.0, 0.0, 0.0, 0.0, 0.0, 0.0, 0.9711858796755074, 0.0, 0.0, 0.0, 0.0, 0.0, 0.0], [0.0, 1.558076617439236, 0.0, 1.279578459862281, 0.0, 0.0, 0.0, 0.0, 0.0, 0.11851913530686245, 0.0, 0.0, 0.9685461587232456, 0.0, 0.0, 0.0, 0.0, 0.0], [0.0, 0.0, 1.279578459862281, 0.0, 1.2797045298843237, 0.0, 0.0, 0.0, 1.2521395224639158, 0.0, 0.0, 0.0, 0.0, 0.0, 0.0, 0.0, 0.0, 0.0], [0.0, 0.0, 0.0, 1.2797045298843237, 0.0, 1.5579176328074609, 0.0, 0.11853477898217912, 0.0, 0.0, 0.0, 0.0, 0.0, 0.9685484122346149, 0.0, 0.0, 0.0, 0.0], [0.0, 0.0, 0.0, 0.0, 1.5579176328074609, 0.0, 1.3203920322901246, 0.0, 0.0, 0.0, 0.0, 0.0, 0.0, 0.0, 0.9711846631590277, 0.0, 0.0, 0.0], [0.0, 0.0, 0.0, 0.0, 0.0, 1.3203920322901246, 0.0, 1.557914684045778, 0.0, 0.0, 0.0, 0.0, 0.0, 0.0, 0.0, 0.9711848791802155, 0.0, 0.0], [0.0, 0.0, 0.0, 0.0, 0.11853477898217912, 0.0, 1.557914684045778, 0.0, 1.2797128218812817, 0.0, 0.0, 0.0, 0.0, 0.0, 0.0, 0.0, 0.9685474514880333, 0.0], [0.0, 0.0, 0.0, 1.2521395224639158, 0.0, 0.0, 0.0, 1.2797128218812817, 0.0, 1.2795694911175208, 0.0, 0.0, 0.0, 0.0, 0.0, 0.0, 0.0, 0.0], [1.5580822965198937, 0.0, 0.11851913530686245, 0.0, 0.0, 0.0, 0.0, 0.0, 1.2795694911175208, 0.0, 0.0, 0.0, 0.0, 0.0, 0.0, 0.0, 0.0, 0.9685460797630695], [0.971184950011235, 0.0, 0.0, 0.0, 0.0, 0.0, 0.0, 0.0, 0.0, 0.0, 0.0, 0.0, 0.0, 0.0, 0.0, 0.0, 0.0, 0.0], [0.0, 0.9711858796755074, 0.0, 0.0, 0.0, 0.0, 0.0, 0.0, 0.0, 0.0, 0.0, 0.0, 0.0, 0.0, 0.0, 0.0, 0.0, 0.0], [0.0, 0.0, 0.9685461587232456, 0.0, 0.0, 0.0, 0.0, 0.0, 0.0, 0.0, 0.0, 0.0, 0.0, 0.0, 0.0, 0.0, 0.0, 0.0], [0.0, 0.0, 0.0, 0.0, 0.9685484122346149, 0.0, 0.0, 0.0, 0.0, 0.0, 0.0, 0.0, 0.0, 0.0, 0.0, 0.0, 0.0, 0.0], [0.0, 0.0, 0.0, 0.0, 0.0, 0.9711846631590277, 0.0, 0.0, 0.0, 0.0, 0.0, 0.0, 0.0, 0.0, 0.0, 0.0, 0.0, 0.0], [0.0, 0.0, 0.0, 0.0, 0.0, 0.0, 0.9711848791802155, 0.0, 0.0, 0.0, 0.0, 0.0, 0.0, 0.0, 0.0, 0.0, 0.0, 0.0], [0.0, 0.0, 0.0, 0.0, 0.0, 0.0, 0.0, 0.9685474514880333, 0.0, 0.0, 0.0, 0.0, 0.0, 0.0, 0.0, 0.0, 0.0, 0.0], [0.0, 0.0, 0.0, 0.0, 0.0, 0.0, 0.0, 0.0, 0.0, 0.9685460797630695, 0.0, 0.0, 0.0, 0.0, 0.0, 0.0, 0.0, 0.0]], "Born radii": [], "Atomic SASAs": [], "Solvent H bonds": [], "Total SASA": NaN, "Total FOD": 0.0, "FOD": [0.0, 0.0, 0.0, 0.0, 0.0, 0.0, 0.0, 0.0, 0.0, 0.0, 0.0, 0.0, 0.0, 0.0, 0.0, 0.0, 0.0, 0.0], "FOD s proportion": [0.0, 0.0, 0.0, 0.0, 0.0, 0.0, 0.0, 0.0, 0.0, 0.0, 0.0, 0.0, 0.0, 0.0, 0.0, 0.0, 0.0, 0.0], "FOD p proportion": [0.0, 0.0, 0.0, 0.0, 0.0, 0.0, 0.0, 0.0, 0.0, 0.0, 0.0, 0.0, 0.0, 0.0, 0.0, 0.0, 0.0, 0.0], "FOD d proportion": [0.0, 0.0, 0.0, 0.0, 0.0, 0.0, 0.0, 0.0, 0.0, 0.0, 0.0, 0.0, 0.0, 0.0, 0.0, 0.0, 0.0, 0.0], "coordinates": [["2.28848169561246", "0.98703879336101", "0.33143396986391"], ["2.47586514527352", "-0.39658784617306", "0.18478090969272"], ["1.40410847648312", "-1.22079982089627", "-0.01339291206773"], ["0.09473665571377", "-0.69957988931864", "-0.07415032507560"], ["-1.03253852992221", "-1.52276520131799", "-0.27740104250628"], ["-2.28849124604815", "-0.98700475474514", "-0.33143074381175"], ["-2.47585949997076", "0.39654887009075", "-0.18478547131427"], ["-1.40408036485765", "1.22078768939277", "0.01339357520503"], ["-0.09475989304555", "0.69958973726276", "0.07414910650067"], ["1.03257019267482", "1.52278489881225", "0.27740646906466"], ["3.14727951509750", "1.62373984103067", "0.48741344099471"], ["3.47588062545357", "-0.80295939048165", "0.23019889418559"], ["1.54344038397269", "-2.28680282486824", "-0.12685199316386"], ["-0.88344020754667", "-2.58755552574871", "-0.38980136515484"], ["-3.14721487470883", "-1.62380617433202", "-0.48741485741793"], ["-3.47583614731673", "0.80302618750750", "-0.23018766145523"], ["-1.54351322622604", "2.28677673677750", "0.12684119732638"], ["0.88337129936112", "2.58756767364649", "0.38979680913381"]], "bond_dist": [[0.0, 1.4039381592124338, 2.403242167535639, 2.7967299657181277, 4.207014559328838, 5.028411167272344, 4.828468482745371, 3.7135970176439597, 2.414262398886412, 1.3664759652331488, 1.0803941476471195, 2.1504088581698664, 3.3886799083430876, 4.833114266643374, 6.085542050784918, 5.794535329963086, 4.0515875907015975, 2.130594786271931], [1.4039381592124338, 0.0, 1.3664774421866508, 2.414254014461046, 3.7135944770944787, 4.82847371543734, 5.028441321421175, 4.20704818168947, 2.796776318896032, 2.4032626882299595, 2.150373843937457, 1.0803849248943076, 2.13059702133307, 4.05159433026068, 5.7945613194974, 6.085558398459781, 4.833136144221574, 3.3886947833586305], [2.403242167535639, 1.3664774421866508, 0.0, 1.4106084663484906, 2.46943961613459, 3.713637153279122, 4.207058793968789, 3.7212889776165814, 2.4376558512790107, 2.783857412049022, 3.373552750648353, 2.1274791257759653, 1.0810405857344694, 2.6912048346620785, 4.593653793298783, 5.287412524761671, 4.583801109959089, 3.8648922536610852], [2.7967299657181277, 2.414254014461046, 1.4106084663484906, 0.0, 1.4105652257794343, 2.414245534088655, 2.7967307679517, 2.4376070300597794, 1.4197102899343488, 2.437627775949213, 3.877007395036545, 3.396387833071103, 2.1496038251792515, 2.1496319588884667, 3.396355624078727, 3.877004360869404, 3.4121234101335767, 3.4121152743143806], [4.207014559328838, 3.7135944770944787, 2.46943961613459, 1.4105652257794343, 0.0, 1.36651955342001, 2.4032310690644594, 2.7838260198734455, 2.4375967164572785, 3.7212713987890202, 5.287373077925447, 4.593650115278983, 2.6911123854810244, 1.0810377316578634, 2.1274799937676185, 3.3736090370478333, 3.8648566217695652, 4.583742989107417], [5.028411167272344, 4.82847371543734, 3.713637153279122, 2.414245534088655, 1.36651955342001, 0.0, 1.4038633592057308, 2.40321324358576, 2.7967039965998275, 4.207038856091006, 6.085564633712298, 5.794590893181687, 4.0515463104185985, 2.130572298888303, 1.0803950028140343, 2.15040667096143, 3.388606007828113, 4.833057959089219], [4.828468482745371, 5.028441321421175, 4.207058793968789, 2.7967307679517, 2.4032310690644594, 1.4038633592057308, 0.0, 1.3665120124563461, 2.4142320147127436, 3.713638093619083, 5.7946131397746194, 6.085576604675745, 4.8330636416043316, 3.3886147265335547, 2.1503806849131863, 1.080388107895121, 2.1305731958261553, 4.051560163408615], [3.7135970176439597, 4.20704818168947, 3.7212889776165814, 2.4376070300597794, 2.7838260198734455, 2.40321324358576, 1.3665120124563461, 0.0, 1.4105526001513706, 2.4694475216421563, 4.59368501603432, 5.287397853065132, 4.583747222520707, 3.8648558029570452, 3.3735798871763967, 2.127446477226399, 1.0810386371164398, 2.6911339684240665], [2.414262398886412, 2.796776318896032, 2.4376558512790107, 1.4197102899343488, 2.4375967164572785, 2.7967039965998275, 2.4142320147127436, 1.4105526001513706, 0.0, 1.4106158058115106, 3.3964187533947547, 3.8770451544790734, 3.412131610128828, 3.4121240684901393, 3.876983887336686, 3.396321039708335, 2.1496104875687987, 2.1496127069796183], [1.3664759652331488, 2.4032626882299595, 2.783857412049022, 2.437627775949213, 3.7212713987890202, 4.207038856091006, 3.713638093619083, 2.4694475216421563, 1.4106158058115106, 0.0, 2.1275080133712647, 3.3735857666931537, 3.8648896337485743, 4.583793249436623, 5.287399195498401, 4.593629516005109, 2.6912003289735025, 1.0810431332239228], [1.0803941476471195, 2.150373843937457, 3.373552750648353, 3.877007395036545, 5.287373077925447, 6.085564633712298, 5.7946131397746194, 4.59368501603432, 3.3964187533947547, 2.1275080133712647, 0.0, 2.4623174395353553, 4.271061451670411, 5.895016197170128, 7.149650687732061, 6.712241303844299, 4.751122689436594, 2.4624730469630434], [2.1504088581698664, 1.0803849248943076, 2.1274791257759653, 3.396387833071103, 4.593650115278983, 5.794590893181687, 6.085576604675745, 5.287397853065132, 3.8770451544790734, 3.3735857666931537, 2.4623174395353553, 0.0, 2.4624382146206027, 4.751090591919105, 6.7122390409847155, 7.149651148562416, 5.895037471286291, 4.271094692572096], [3.3886799083430876, 2.13059702133307, 1.0810405857344694, 2.1496038251792515, 2.6911123854810244, 4.0515463104185985, 4.8330636416043316, 4.583747222520707, 3.412131610128828, 3.8648896337485743, 4.271061451670411, 2.4624382146206027, 0.0, 2.459541413518119, 4.7509806244077595, 5.894985876455754, 5.523701008664728, 4.945918007626726], [4.833114266643374, 4.05159433026068, 2.6912048346620785, 2.1496319588884667, 1.0810377316578634, 2.130572298888303, 3.3886147265335547, 3.8648558029570452, 3.4121240684901393, 4.583793249436623, 5.895016197170128, 4.751090591919105, 2.459541413518119, 0.0, 2.4623194248336335, 4.271069842230681, 4.945880197988982, 5.523703136774675], [6.085542050784918, 5.7945613194974, 4.593653793298783, 3.396355624078727, 2.1274799937676185, 1.0803950028140343, 2.1503806849131863, 3.3735798871763967, 3.876983887336686, 5.287399195498401, 7.149650687732061, 6.7122390409847155, 4.7509806244077595, 2.4623194248336335, 0.0, 2.462452656118459, 4.271045326708471, 5.894980483595822], [5.794535329963086, 6.085558398459781, 5.287412524761671, 3.877004360869404, 3.3736090370478333, 2.15040667096143, 1.080388107895121, 2.127446477226399, 3.396321039708335, 4.593629516005109, 6.712241303844299, 7.149651148562416, 5.894985876455754, 4.271069842230681, 2.462452656118459, 0.0, 2.4622869795851137, 4.75096396773269], [4.0515875907015975, 4.833136144221574, 4.583801109959089, 3.4121234101335767, 3.8648566217695652, 3.388606007828113, 2.1305731958261553, 1.0810386371164398, 2.1496104875687987, 2.6912003289735025, 4.751122689436594, 5.895037471286291, 5.523701008664728, 4.945880197988982, 4.271045326708471, 2.4622869795851137, 0.0, 2.459550638230073], [2.130594786271931, 3.3886947833586305, 3.8648922536610852, 3.4121152743143806, 4.583742989107417, 4.833057959089219, 4.051560163408615, 2.6911339684240665, 2.1496127069796183, 1.0810431332239228, 2.4624730469630434, 4.271094692572096, 4.945918007626726, 5.523703136774675, 5.894980483595822, 4.75096396773269, 2.459550638230073, 0.0]]}