{"total energy": -28.54691326, "HOMO-LUMO gap/eV": 4.68899364, "electronic energy": -29.05301275, "dipole": [-0.19676248, -0.03045248, -0.06580353], "partial charges": [-0.10489798, -0.00539591, -0.1058411, -0.06782727, 0.01497197, -0.03812631, -0.03124652, -0.03419309, -0.03164462, -0.03785593, 0.0348469, 0.03285719, 0.03493861, 0.02831072, 0.03513081, 0.03212214, 0.03532445, 0.03676803, 0.03697617, 0.0273078, 0.02658555, 0.02609433, 0.02656544, 0.02822862], "atomic dipole moments": [[0.02048097, -0.01211161, -0.09355111], [-0.03120593, -0.08613977, 0.03838503], [0.0822376, 0.02678838, 0.04344896], [-0.00014818, 0.09454278, 0.03696126], [-0.07598851, -0.02450039, -0.03378057], [-0.00224981, -0.00462711, 0.0072172], [0.00129881, -0.00128547, 0.00247564], [-0.00112357, -0.00041571, -0.0017285], [0.00121071, 0.00080072, -0.00169385], [0.00418262, 0.00523963, -0.00606077], [0.10487, 0.03555381, 0.05908474], [-0.08476418, 0.08893519, 0.01340648], [-0.043208, -0.10158921, 0.0548749], [0.04250702, 0.10514435, -0.04926876], [-0.08624742, 0.08822956, 0.01188519], [0.02050191, -0.01756568, -0.1205778], [-0.04623424, -0.10492432, 0.04637996], [-0.03918475, -0.10456514, 0.05460577], [0.01246577, -0.02256627, -0.12205312], [-0.04318478, 0.05434207, -0.12887122], [0.08234492, 0.09794603, -0.07178856], [0.12827643, 0.04390707, 0.05773941], [0.04450763, -0.05500917, 0.12856184], [-0.08113368, -0.09771447, 0.07245582]], "atomic quadrupole moments": [[-0.09453394, -0.01961199, -0.11410114, -0.06072755, 0.05290936, 0.20863508], [0.06913605, -0.09677591, -0.11278892, 0.04272006, 0.11176756, 0.04365287], [0.1339846, 0.07131182, -0.09840126, 0.13275445, 0.05329801, -0.03558334], [0.14477579, -0.08127105, -0.0075244, 0.08060753, 0.05057984, -0.1372514], [0.0194296, -0.19868787, 0.11116742, -0.08374779, 0.31124953, -0.13059702], [-0.08016163, -0.26053889, 0.16287129, -0.15946446, 0.26586963, -0.08270966], [-0.09068838, -0.27145865, 0.16899229, -0.17288182, 0.27147784, -0.07830391], [-0.08834455, -0.26596994, 0.16473895, -0.17230285, 0.26688137, -0.0763944], [-0.08729755, -0.2681786, 0.16729897, -0.17606398, 0.27301405, -0.08000142], [-0.07658826, -0.25167961, 0.15870517, -0.16791194, 0.26853814, -0.08211691], [0.05273254, 0.03236836, -0.04220034, 0.03925959, 0.01685138, -0.0105322], [0.01067694, -0.07025903, 0.01998756, -0.00414472, 0.0025478, -0.0306645], [-0.0388001, 0.03991236, 0.05550235, -0.01947373, -0.03667757, -0.01670225], [-0.01216232, 0.01426843, 0.01754088, -0.00656273, -0.0161976, -0.00537856], [0.01492922, -0.0594158, 0.0307293, -0.00360092, 0.0205592, -0.04565853], [-0.02497298, 0.00208346, -0.05118613, -0.02841131, 0.01788459, 0.07615911], [-0.02697042, 0.03662058, 0.04653682, -0.00749707, -0.05076943, -0.01956641], [-0.01121674, 0.02160434, 0.02504794, -0.00840741, -0.04364364, -0.0138312], [-0.0161632, -0.00237748, -0.03994474, -0.01461183, 0.01142323, 0.05610794], [0.01386914, 0.03860541, -0.02435783, 0.02447488, -0.03807491, 0.01048868], [0.01299382, 0.03731191, -0.02556628, 0.0271568, -0.03781684, 0.01257246], [0.01013292, 0.03737693, -0.02274385, 0.02306395, -0.04025794, 0.01261093], [0.0143038, 0.04015813, -0.02310321, 0.02402763, -0.03806393, 0.00879941], [0.01321787, 0.03649926, -0.0233663, 0.0251158, -0.03840322, 0.01014843]], "number of molecular orbitals": 54, "number of electrons": 54, "number of unpaired electrons": 0, "orbital energies/eV": [-17.39837231, -17.07681111, -16.67183021, -16.52965085, -16.02742593, -15.95805056, -15.44708621, -15.25604836, -14.90673161, -14.27131122, -13.89131459, -13.61536086, -13.51044327, -13.33274272, -13.08934171, -12.84606371, -12.72036793, -12.59545526, -12.4760887, -12.2709223, -11.9625235, -11.82681206, -11.57756605, -11.28927562, -11.24808492, -10.82252647, -10.57951414, -5.89052051, -5.86687377, -2.38645084, 2.29979279, 2.68991131, 2.96616664, 3.4647728, 3.69651798, 3.84063508, 4.55792466, 4.65958461, 4.85139864, 5.39306355, 5.5326455, 5.58403016, 6.03902654, 6.26592625, 6.60201927, 7.15426584, 7.20069042, 8.05801527, 11.10531925, 11.43163885, 12.41825112, 12.67141231, 17.34552195, 18.24587396], "fractional occupation": [2.0, 2.0, 2.0, 2.0, 2.0, 2.0, 2.0, 2.0, 2.0, 2.0, 2.0, 2.0, 2.0, 2.0, 2.0, 2.0, 2.0, 2.0, 2.0, 2.0, 2.0, 2.0, 2.0, 2.0, 2.0, 2.0, 2.0, 0.0, 0.0, 0.0, 0.0, 0.0, 0.0, 0.0, 0.0, 0.0, 0.0, 0.0, 0.0, 0.0, 0.0, 0.0, 0.0, 0.0, 0.0, 0.0, 0.0, 0.0, 0.0, 0.0, 0.0, 0.0, 0.0, 0.0], "program call": "xtb /tmp/scratch/tmpytpnni8_/509290_4d0288_xyzopt.xyz --pop --wbo --acc 0.2 --gfn 2 --chrg 0 --uhf 0 --etemp 300 --input /tmp/scratch/tmpytpnni8_/509290_4d0288_xtb.inp", "method": "GFN2-xTB", "xtb version": "6.3.3 (7355c4f)", "Dipole module/D": 0.533, "Total charge": 0, "Transition dipole module/D": NaN, "HOMO": -10.5795, "LUMO": -5.8905, "HOMO occupancy": 2.0, "LUMO occupancy": 0, "mulliken charges": [-0.09426, 0.00551, -0.09325, -0.05749, 0.01099, -0.04247, -0.02654, -0.03413, -0.02673, -0.04167, 0.03101, 0.03007, 0.02816, 0.02023, 0.03136, 0.02966, 0.0291, 0.02903, 0.03235, 0.02774, 0.02782, 0.02798, 0.02787, 0.02767], "cm5 charges": [-0.2447, -0.06899, -0.24422, -0.16098, -0.00581, -0.09704, -0.08289, -0.09056, -0.08312, -0.09659, 0.08518, 0.08246, 0.08129, 0.07936, 0.08372, 0.08196, 0.082, 0.08643, 0.08906, 0.08532, 0.08425, 0.0844, 0.08429, 0.08516], "FUKUI+": [0.012, -0.003, 0.014, 0.019, -0.085, -0.054, -0.053, -0.064, -0.056, -0.051, 0.014, -0.031, -0.017, -0.01, -0.028, -0.017, -0.019, -0.044, -0.048, -0.095, -0.096, -0.098, -0.096, -0.094], "FUKUI-": [0.016, -0.017, 0.02, -0.003, -0.052, -0.027, -0.028, -0.061, -0.028, -0.028, -0.021, -0.062, -0.047, -0.051, -0.073, -0.043, -0.046, -0.054, -0.071, -0.057, -0.066, -0.075, -0.066, -0.058], "FUKUIrad": [0.014, -0.01, 0.017, 0.008, -0.069, -0.041, -0.041, -0.062, -0.042, -0.04, -0.004, -0.047, -0.032, -0.03, -0.051, -0.03, -0.033, -0.049, -0.06, -0.076, -0.081, -0.087, -0.081, -0.076], "s proportion": [1.009, 1.052, 1.01, 1.033, 1.084, 1.057, 1.055, 1.055, 1.056, 1.058, 0.969, 0.97, 0.972, 0.98, 0.969, 0.97, 0.971, 0.971, 0.968, 0.972, 0.972, 0.972, 0.972, 0.972], "p proportion": [3.085, 2.943, 3.083, 3.024, 2.905, 2.985, 2.971, 2.98, 2.971, 2.983, 0.0, 0.0, 0.0, 0.0, 0.0, 0.0, 0.0, 0.0, 0.0, 0.0, 0.0, 0.0, 0.0, 0.0], "d proportion": [0.0, 0.0, 0.0, 0.0, 0.0, 0.0, 0.0, 0.0, 0.0, 0.0, 0.0, 0.0, 0.0, 0.0, 0.0, 0.0, 0.0, 0.0, 0.0, 0.0, 0.0, 0.0, 0.0, 0.0], "Fermi-level/eV": -8.235, "Coordination numbers": [3.756, 3.851, 3.756, 3.812, 2.969, 2.926, 2.919, 2.92, 2.919, 2.925, 0.925, 0.925, 0.925, 0.924, 0.925, 0.925, 0.925, 0.924, 0.924, 0.926, 0.926, 0.926, 0.926, 0.926], "Dispersion coefficient C6": [22.559, 20.64, 22.577, 21.79, 27.675, 28.948, 28.779, 28.852, 28.789, 28.941, 2.519, 2.546, 2.517, 2.611, 2.515, 2.556, 2.512, 2.492, 2.49, 2.625, 2.635, 2.642, 2.636, 2.612], "Total dispersion C6": 5352.539948, "Total dispersion C8": 123113.508668, "Polarizability alpha": [6.772, 6.462, 6.775, 6.644, 8.629, 8.823, 8.797, 8.808, 8.799, 8.822, 2.482, 2.495, 2.481, 2.527, 2.48, 2.5, 2.479, 2.469, 2.467, 2.534, 2.539, 2.542, 2.539, 2.527], "Total polarizability alpha": 114.392497, "Wiberg matrix": [[0.0, 1.0104614631658144, 0.0, 0.0, 0.0, 0.0, 0.0, 0.0, 0.0, 0.0, 0.984934702796862, 0.9864759317055665, 0.9865355637984151, 0.0, 0.0, 0.0, 0.0, 0.0, 0.0, 0.0, 0.0, 0.0, 0.0, 0.0], [1.0104614631658144, 0.0, 1.0084495658062924, 0.9775662381711205, 0.0, 0.0, 0.0, 0.0, 0.0, 0.0, 0.0, 0.0, 0.0, 0.968782477406217, 0.0, 0.0, 0.0, 0.0, 0.0, 0.0, 0.0, 0.0, 0.0, 0.0], [0.0, 1.0084495658062924, 0.0, 0.0, 0.0, 0.0, 0.0, 0.0, 0.0, 0.0, 0.0, 0.0, 0.0, 0.0, 0.9859315366258825, 0.9867930419761537, 0.986773097096266, 0.0, 0.0, 0.0, 0.0, 0.0, 0.0, 0.0], [0.0, 0.9775662381711205, 0.0, 0.0, 1.0139631037378583, 0.0, 0.0, 0.0, 0.0, 0.0, 0.0, 0.0, 0.0, 0.0, 0.0, 0.0, 0.0, 0.974430382275341, 0.968092104625161, 0.0, 0.0, 0.0, 0.0, 0.0], [0.0, 0.0, 0.0, 1.0139631037378583, 0.0, 1.407883392442612, 0.0, 0.10977057093965205, 0.0, 1.4134028323043866, 0.0, 0.0, 0.0, 0.0, 0.0, 0.0, 0.0, 0.0, 0.0, 0.0, 0.0, 0.0, 0.0, 0.0], [0.0, 0.0, 0.0, 0.0, 1.407883392442612, 0.0, 1.4498561105463441, 0.0, 0.11132190272844433, 0.0, 0.0, 0.0, 0.0, 0.0, 0.0, 0.0, 0.0, 0.0, 0.0, 0.9694743184923686, 0.0, 0.0, 0.0, 0.0], [0.0, 0.0, 0.0, 0.0, 0.0, 1.4498561105463441, 0.0, 1.4349807585097274, 0.0, 0.10997950707449829, 0.0, 0.0, 0.0, 0.0, 0.0, 0.0, 0.0, 0.0, 0.0, 0.0, 0.9714011986969876, 0.0, 0.0, 0.0], [0.0, 0.0, 0.0, 0.0, 0.10977057093965205, 0.0, 1.4349807585097274, 0.0, 1.4408416471857, 0.0, 0.0, 0.0, 0.0, 0.0, 0.0, 0.0, 0.0, 0.0, 0.0, 0.0, 0.0, 0.9717695959644261, 0.0, 0.0], [0.0, 0.0, 0.0, 0.0, 0.0, 0.11132190272844433, 0.0, 1.4408416471857, 0.0, 1.4426408906476214, 0.0, 0.0, 0.0, 0.0, 0.0, 0.0, 0.0, 0.0, 0.0, 0.0, 0.0, 0.0, 0.9713999390508822, 0.0], [0.0, 0.0, 0.0, 0.0, 1.4134028323043866, 0.0, 0.10997950707449829, 0.0, 1.4426408906476214, 0.0, 0.0, 0.0, 0.0, 0.0, 0.0, 0.0, 0.0, 0.0, 0.0, 0.0, 0.0, 0.0, 0.0, 0.9691707160763383], [0.984934702796862, 0.0, 0.0, 0.0, 0.0, 0.0, 0.0, 0.0, 0.0, 0.0, 0.0, 0.0, 0.0, 0.0, 0.0, 0.0, 0.0, 0.0, 0.0, 0.0, 0.0, 0.0, 0.0, 0.0], [0.9864759317055665, 0.0, 0.0, 0.0, 0.0, 0.0, 0.0, 0.0, 0.0, 0.0, 0.0, 0.0, 0.0, 0.0, 0.0, 0.0, 0.0, 0.0, 0.0, 0.0, 0.0, 0.0, 0.0, 0.0], [0.9865355637984151, 0.0, 0.0, 0.0, 0.0, 0.0, 0.0, 0.0, 0.0, 0.0, 0.0, 0.0, 0.0, 0.0, 0.0, 0.0, 0.0, 0.0, 0.0, 0.0, 0.0, 0.0, 0.0, 0.0], [0.0, 0.968782477406217, 0.0, 0.0, 0.0, 0.0, 0.0, 0.0, 0.0, 0.0, 0.0, 0.0, 0.0, 0.0, 0.0, 0.0, 0.0, 0.0, 0.0, 0.0, 0.0, 0.0, 0.0, 0.0], [0.0, 0.0, 0.9859315366258825, 0.0, 0.0, 0.0, 0.0, 0.0, 0.0, 0.0, 0.0, 0.0, 0.0, 0.0, 0.0, 0.0, 0.0, 0.0, 0.0, 0.0, 0.0, 0.0, 0.0, 0.0], [0.0, 0.0, 0.9867930419761537, 0.0, 0.0, 0.0, 0.0, 0.0, 0.0, 0.0, 0.0, 0.0, 0.0, 0.0, 0.0, 0.0, 0.0, 0.0, 0.0, 0.0, 0.0, 0.0, 0.0, 0.0], [0.0, 0.0, 0.986773097096266, 0.0, 0.0, 0.0, 0.0, 0.0, 0.0, 0.0, 0.0, 0.0, 0.0, 0.0, 0.0, 0.0, 0.0, 0.0, 0.0, 0.0, 0.0, 0.0, 0.0, 0.0], [0.0, 0.0, 0.0, 0.974430382275341, 0.0, 0.0, 0.0, 0.0, 0.0, 0.0, 0.0, 0.0, 0.0, 0.0, 0.0, 0.0, 0.0, 0.0, 0.0, 0.0, 0.0, 0.0, 0.0, 0.0], [0.0, 0.0, 0.0, 0.968092104625161, 0.0, 0.0, 0.0, 0.0, 0.0, 0.0, 0.0, 0.0, 0.0, 0.0, 0.0, 0.0, 0.0, 0.0, 0.0, 0.0, 0.0, 0.0, 0.0, 0.0], [0.0, 0.0, 0.0, 0.0, 0.0, 0.9694743184923686, 0.0, 0.0, 0.0, 0.0, 0.0, 0.0, 0.0, 0.0, 0.0, 0.0, 0.0, 0.0, 0.0, 0.0, 0.0, 0.0, 0.0, 0.0], [0.0, 0.0, 0.0, 0.0, 0.0, 0.0, 0.9714011986969876, 0.0, 0.0, 0.0, 0.0, 0.0, 0.0, 0.0, 0.0, 0.0, 0.0, 0.0, 0.0, 0.0, 0.0, 0.0, 0.0, 0.0], [0.0, 0.0, 0.0, 0.0, 0.0, 0.0, 0.0, 0.9717695959644261, 0.0, 0.0, 0.0, 0.0, 0.0, 0.0, 0.0, 0.0, 0.0, 0.0, 0.0, 0.0, 0.0, 0.0, 0.0, 0.0], [0.0, 0.0, 0.0, 0.0, 0.0, 0.0, 0.0, 0.0, 0.9713999390508822, 0.0, 0.0, 0.0, 0.0, 0.0, 0.0, 0.0, 0.0, 0.0, 0.0, 0.0, 0.0, 0.0, 0.0, 0.0], [0.0, 0.0, 0.0, 0.0, 0.0, 0.0, 0.0, 0.0, 0.0, 0.9691707160763383, 0.0, 0.0, 0.0, 0.0, 0.0, 0.0, 0.0, 0.0, 0.0, 0.0, 0.0, 0.0, 0.0, 0.0]], "Born radii": [], "Atomic SASAs": [], "Solvent H bonds": [], "Total SASA": NaN, "Total FOD": 0.0, "FOD": [0.0, 0.0, 0.0, 0.0, 0.0, 0.0, 0.0, 0.0, 0.0, 0.0, 0.0, 0.0, 0.0, 0.0, 0.0, 0.0, 0.0, 0.0, 0.0, 0.0, 0.0, 0.0, 0.0, 0.0], "FOD s proportion": [0.0, 0.0, 0.0, 0.0, 0.0, 0.0, 0.0, 0.0, 0.0, 0.0, 0.0, 0.0, 0.0, 0.0, 0.0, 0.0, 0.0, 0.0, 0.0, 0.0, 0.0, 0.0, 0.0, 0.0], "FOD p proportion": [0.0, 0.0, 0.0, 0.0, 0.0, 0.0, 0.0, 0.0, 0.0, 0.0, 0.0, 0.0, 0.0, 0.0, 0.0, 0.0, 0.0, 0.0, 0.0, 0.0, 0.0, 0.0, 0.0, 0.0], "FOD d proportion": [0.0, 0.0, 0.0, 0.0, 0.0, 0.0, 0.0, 0.0, 0.0, 0.0, 0.0, 0.0, 0.0, 0.0, 0.0, 0.0, 0.0, 0.0, 0.0, 0.0, 0.0, 0.0, 0.0, 0.0], "coordinates": [["-1.85332295110516", "0.51806390123598", "0.84592183813503"], ["-1.57391902497318", "0.26427148814261", "-0.63240061569992"], ["-2.85699258044217", "-0.13505609866212", "-1.35647360839100"], ["-0.50563729885398", "-0.82905138110513", "-0.80661944120556"], ["0.81530374937296", "-0.41594154003793", "-0.22538835230988"], ["1.61137955340900", "0.51140851681174", "-0.88759987158981"], ["2.81504435418417", "0.92524166120988", "-0.34720479083945"], ["3.24324534441841", "0.41502108491109", "0.86680334462912"], ["2.46116221214611", "-0.51198888339827", "1.53318181828570"], ["1.25615591658164", "-0.92252457313773", "0.99020579682712"], ["-0.94559105411919", "0.82565343705496", "1.36012399641170"], ["-2.59789866375872", "1.30256430216737", "0.96293964803778"], ["-2.23034539907582", "-0.38539793608788", "1.32142020357252"], ["-1.19299043420417", "1.19036291934847", "-1.07726406655936"], ["-3.61145458041415", "0.64133574496561", "-1.25062268560298"], ["-2.67096416548305", "-0.28902051086915", "-2.41727250966902"], ["-3.25558711281447", "-1.05838438510594", "-0.94073581113167"], ["-0.85429062419907", "-1.74509568382897", "-0.32517750983238"], ["-0.38399352603533", "-1.03139516859498", "-1.87382075463329"], ["1.28427426776186", "0.90947265758172", "-1.83807274081884"], ["3.42244838771009", "1.64670460895793", "-0.87467084591481"], ["4.18345981593870", "0.73713465940805", "1.28991598212942"], ["2.79004427339363", "-0.91646900723237", "2.47973108771263"], ["0.65046854056181", "-1.64690981373492", "1.51652088845708"]], "bond_dist": [[0.0, 1.5257504449923351, 2.506883356281057, 2.5222745451527064, 3.0235145369230687, 3.874184463473037, 4.835596982594779, 5.097652621574528, 4.488665418959717, 3.430010472553257, 1.0876545310563777, 1.0879002889830962, 1.0883418182299707, 2.1416510048668047, 2.7389271099189596, 3.4595317248513178, 2.764720516509381, 2.7370477855683206, 3.457853689700535, 4.147474414898776, 5.662864315079198, 6.057051178045726, 5.127189923440868, 3.3772453429609826], [1.5257504449923351, 0.0, 1.5264409484391268, 1.5384839751979522, 2.5172870737583133, 3.205047644667657, 4.447608095570778, 5.047317160366289, 4.6448044127782175, 3.4714061467740875, 2.163353891852344, 2.1614108414194404, 2.161106600614589, 1.095744231163802, 2.1623892159310376, 2.1668889575535686, 2.1615958709815764, 2.1563412308298204, 2.1530905089553025, 3.168469460318331, 5.18974985143782, 6.08821088652563, 5.488505035644623, 3.6357086848895577], [2.506883356281057, 1.5264409484391268, 0.0, 2.512536709677497, 3.8527926003971005, 4.53917488170475, 5.857888516644615, 6.516014737370195, 6.06423591287977, 4.800520949619639, 3.4577913692510873, 2.741087362460575, 2.761606958571876, 2.1455993764537364, 1.0877507168963212, 1.0879365424284235, 1.0882328068269278, 2.768865152774041, 2.6808200463869762, 4.298030846214263, 6.545088539787478, 7.571794009941302, 6.871397080118969, 4.7793391331912485], [2.5222745451527064, 1.5384839751979522, 2.512536709677497, 0.0, 1.5011244360066598, 2.5070203271601095, 3.783587258159913, 4.289776357093614, 3.791714374770253, 2.5181805947181273, 2.7615909303283206, 3.4716973385607868, 2.774887230139942, 2.150287646522004, 3.4648633693102258, 2.752176790670297, 2.7627531208393425, 1.0920085343582866, 1.0930045101385284, 2.7000268811032844, 4.6436898988848885, 5.369919109889251, 4.6550250983137635, 2.720745140409146], [3.0235145369230687, 2.5172870737583133, 3.8527926003971005, 1.5011244360066598, 0.0, 1.3900499667198107, 2.410928060008439, 2.7889571484475164, 2.410527787966184, 1.388757047929295, 2.6750996250712933, 4.001916600719203, 3.4160691380210726, 2.709086889814062, 4.665311351441291, 4.1200156651500395, 4.182894596790958, 2.136388070126615, 2.1294192890869366, 2.139487574002292, 3.387223059923768, 3.8691352052419816, 3.3864138948765863, 2.139322635784909], [3.874184463473037, 3.205047644667657, 4.53917488170475, 2.5070203271601095, 1.3900499667198107, 0.0, 1.382784750901878, 2.39795895335481, 2.7621833385717625, 2.389247175775592, 3.418934211774982, 4.6656668440779026, 4.521380554319341, 2.8916159176147422, 5.237047167778614, 4.617255974578037, 5.1141409555381365, 3.3893450023949736, 2.708207630154447, 1.0811344057080525, 2.1375300463675413, 3.377591517863705, 3.8427857779589374, 3.370680141970337], [4.835596982594779, 4.447608095570778, 5.857888516644615, 3.783587258159913, 2.410928060008439, 1.382784750901878, 0.0, 1.3847371149428063, 2.3930562067334034, 2.762795739407574, 4.1312550243662995, 5.582007071080863, 5.4733941287177625, 4.0825995018508525, 6.49589524378671, 5.9879798313741555, 6.414017288079734, 4.538194125531039, 4.048805668803861, 2.136865218781133, 1.0805872866981294, 2.141987288800269, 3.3740316613420442, 3.843803464102831], [5.097652621574528, 5.047317160366289, 6.516014737370195, 4.289776357093614, 2.7889571484475164, 2.39795895335481, 1.3847371149428063, 0.0, 1.3838575711693188, 2.3984955590524644, 4.237727524017543, 5.908971016648694, 5.550454280946582, 4.9051749146187325, 7.1778563915948865, 6.801375075113981, 6.904559709776438, 4.782961825700552, 4.770744413107346, 3.376152347646898, 2.1405350710661293, 1.0801780924198778, 2.140045088464884, 3.375823376920929], [4.488665418959717, 4.6448044127782175, 6.06423591287977, 3.791714374770253, 2.410527787966184, 2.7621833385717625, 2.3930562067334034, 1.3838575711693188, 0.0, 1.3839807385866498, 3.664042003633223, 5.404801230580679, 4.697990199602398, 4.802630627150951, 6.779114980847163, 6.480318313814643, 6.25300242490483, 3.9957826872467948, 4.469044707259622, 3.8433026745762997, 3.3736898431493256, 2.1414473909633, 1.0806123727960557, 2.137038763573182], [3.430010472553257, 3.4714061467740875, 4.800520949619639, 2.5181805947181273, 1.388757047929295, 2.389247175775592, 2.762795739407574, 2.3984955590524644, 1.3839807385866498, 0.0, 2.835604971200229, 4.450337139377063, 3.5431482373089316, 3.8388856507433746, 5.582168336110248, 5.23779609617522, 4.909462144182283, 2.619320728180412, 3.3022100308947913, 3.3698907966795595, 3.843374370685759, 3.3783728454004947, 2.1381150000010254, 1.0810174605168452], [1.0876545310563777, 2.163353891852344, 3.4577913692510873, 2.7615909303283206, 2.6750996250712933, 3.418934211774982, 4.1312550243662995, 4.237727524017543, 3.664042003633223, 2.835604971200229, 0.0, 1.7650268600585601, 1.7659946599172482, 2.476909370416093, 3.7358800288683796, 4.299783104733186, 3.7655857659186345, 3.075276894521477, 3.77126238282458, 3.8997163211558687, 4.974756434193403, 5.130295076007535, 4.271238924474116, 2.947106249657679], [1.0879002889830962, 2.1614108414194404, 2.741087362460575, 3.4716973385607868, 4.001916600719203, 4.6656668440779026, 5.582007071080863, 5.908971016648694, 5.404801230580679, 4.450337139377063, 1.7650268600585601, 0.0, 1.7643186301944518, 2.479674874017266, 2.5227716912078026, 3.73688573758144, 3.1033229051780835, 3.7400061762328356, 4.2890502855716, 4.8032757690770165, 6.3039530057236135, 6.812741521159527, 6.021187108345526, 4.422413282838561], [1.0883418182299707, 2.161106600614589, 2.761606958571876, 2.774887230139942, 3.4160691380210726, 4.521380554319341, 5.4733941287177625, 5.550454280946582, 4.697990199602398, 3.5431482373089316, 1.7659946599172482, 1.7643186301944518, 0.0, 3.0516903225011984, 3.094680798781182, 3.7658009386380753, 2.5732044549576787, 2.5403914537849364, 3.7464506462094147, 4.9001670300645115, 6.395805988860623, 6.511372303905453, 5.1795784626127555, 3.1509626226754053], [2.1416510048668047, 1.095744231163802, 2.1455993764537364, 2.150287646522004, 2.709086889814062, 2.8916159176147422, 4.0825995018508525, 4.9051749146187325, 4.802630627150951, 3.8388856507433746, 2.476909370416093, 2.479674874017266, 3.0516903225011984, 0.0, 2.4860516638860717, 2.4836675122805874, 3.0544736801019163, 3.049142332046076, 2.49503257615691, 2.6066395189190823, 4.642366559154937, 5.891958463090194, 5.740689921629929, 4.263352899586588], [2.7389271099189596, 2.1623892159310376, 1.0877507168963212, 3.4648633693102258, 4.665311351441291, 5.237047167778614, 6.49589524378671, 7.1778563915948865, 6.779114980847163, 5.582168336110248, 3.7358800288683796, 2.5227716912078026, 3.094680798781182, 2.4860516638860717, 0.0, 1.7638471575908916, 1.7640068168904148, 3.7621080286386257, 3.6882122227383274, 4.93813283804144, 7.115328334197736, 8.199036809328323, 7.571095197880089, 5.572893322636281], [3.4595317248513178, 2.1668889575535686, 1.0879365424284235, 2.752176790670297, 4.1200156651500395, 4.617255974578037, 5.9879798313741555, 6.801375075113981, 6.480318313814643, 5.23779609617522, 4.299783104733186, 3.73688573758144, 3.7658009386380753, 2.4836675122805874, 1.7638471575908916, 0.0, 1.7646147975279751, 3.1300669566724477, 2.465095261481972, 4.173220496316622, 6.576954323694103, 7.8599853094200505, 7.361857715131392, 5.324519610139704], [2.764720516509381, 2.1615958709815764, 1.0882328068269278, 2.7627531208393425, 4.182894596790958, 5.1141409555381365, 6.414017288079734, 6.904559709776438, 6.25300242490483, 4.909462144182283, 3.7655857659186345, 3.1033229051780835, 2.5732044549576787, 3.0544736801019163, 1.7640068168904148, 1.7646147975279751, 0.0, 2.5722964946383975, 3.019507518988549, 5.028719147127252, 7.205416656356584, 7.971142657748845, 6.94761776715379, 4.652068726393616], [2.7370477855683206, 2.1563412308298204, 2.768865152774041, 1.0920085343582866, 2.136388070126615, 3.3893450023949736, 4.538194125531039, 4.782961825700552, 3.9957826872467948, 2.619320728180412, 3.075276894521477, 3.7400061762328356, 2.5403914537849364, 3.049142332046076, 3.7621080286386257, 3.1300669566724477, 2.5722964946383975, 0.0, 1.768853777352438, 3.7294831889002182, 5.486050376047785, 5.843708066097435, 4.672826901947197, 2.3802927549526234], [3.457853689700535, 2.1530905089553025, 2.6808200463869762, 1.0930045101385284, 2.1294192890869366, 2.708207630154447, 4.048805668803861, 4.770744413107346, 4.469044707259622, 3.3022100308947913, 3.77126238282458, 4.2890502855716, 3.7464506462094147, 2.49503257615691, 3.6882122227383274, 2.465095261481972, 3.019507518988549, 1.768853777352438, 0.0, 2.5595631015859897, 4.760201571502932, 5.830828236467623, 5.388982985569998, 3.59769182983797], [4.147474414898776, 3.168469460318331, 4.298030846214263, 2.7000268811032844, 2.139487574002292, 1.0811344057080525, 2.136865218781133, 3.376152347646898, 3.8433026745762997, 3.3698907966795595, 3.8997163211558687, 4.8032757690770165, 4.9001670300645115, 2.6066395189190823, 4.93813283804144, 4.173220496316622, 5.028719147127252, 3.7294831889002182, 2.5595631015859897, 0.0, 2.458341458880568, 4.268406105241562, 4.923904565976617, 4.264985282162782], [5.662864315079198, 5.18974985143782, 6.545088539787478, 4.6436898988848885, 3.387223059923768, 2.1375300463675413, 1.0805872866981294, 2.1405350710661293, 3.3736898431493256, 3.843374370685759, 4.974756434193403, 6.3039530057236135, 6.395805988860623, 4.642366559154937, 7.115328334197736, 6.576954323694103, 7.205416656356584, 5.486050376047785, 4.760201571502932, 2.458341458880568, 0.0, 2.468175849318946, 4.268700772232924, 4.924384849795455], [6.057051178045726, 6.08821088652563, 7.571794009941302, 5.369919109889251, 3.8691352052419816, 3.377591517863705, 2.141987288800269, 1.0801780924198778, 2.1414473909633, 3.3783728454004947, 5.130295076007535, 6.812741521159527, 6.511372303905453, 5.891958463090194, 8.199036809328323, 7.8599853094200505, 7.971142657748845, 5.843708066097435, 5.830828236467623, 4.268406105241562, 2.468175849318946, 0.0, 2.468131265959491, 4.268143060557429], [5.127189923440868, 5.488505035644623, 6.871397080118969, 4.6550250983137635, 3.3864138948765863, 3.8427857779589374, 3.3740316613420442, 2.140045088464884, 1.0806123727960557, 2.1381150000010254, 4.271238924474116, 6.021187108345526, 5.1795784626127555, 5.740689921629929, 7.571095197880089, 7.361857715131392, 6.94761776715379, 4.672826901947197, 5.388982985569998, 4.923904565976617, 4.268700772232924, 2.468131265959491, 0.0, 2.457458438362047], [3.3772453429609826, 3.6357086848895577, 4.7793391331912485, 2.720745140409146, 2.139322635784909, 3.370680141970337, 3.843803464102831, 3.375823376920929, 2.137038763573182, 1.0810174605168452, 2.947106249657679, 4.422413282838561, 3.1509626226754053, 4.263352899586588, 5.572893322636281, 5.324519610139704, 4.652068726393616, 2.3802927549526234, 3.59769182983797, 4.264985282162782, 4.924384849795455, 4.268143060557429, 2.457458438362047, 0.0]]}