{"total energy": -25.38394992, "HOMO-LUMO gap/eV": 4.64384239, "electronic energy": -25.84326601, "dipole": [0.29196796, 0.12098618, -0.04291973], "partial charges": [-0.09539447, -0.05820465, 0.00357601, -0.03976152, -0.03613163, -0.03554212, -0.04121122, 0.00906989, -0.10570142, 0.03486457, 0.03256197, 0.03305539, 0.03749289, 0.03340565, 0.02666422, 0.02533767, 0.0255649, 0.02597052, 0.04452612, 0.03814792, 0.04170931], "atomic dipole moments": [[-0.05609779, 0.03083177, -0.07373328], [-0.0080297, -0.02140553, 0.1021505], [0.07953229, -0.00414966, -0.02749893], [0.00068322, 0.00844535, 0.00265831], [-0.00153602, 0.00067377, 0.00065421], [-0.00037362, -0.00101793, -0.00042066], [0.00557199, -0.00650091, -0.00418386], [0.05417388, 0.06728323, -0.00171024], [-0.03670232, -0.05778537, -0.00565334], [-0.04224956, -0.10704386, 0.04844091], [0.00301384, 0.08227117, 0.09247102], [0.11573313, -0.01741369, -0.04102952], [0.0471866, 0.1049222, -0.04892826], [-0.00030498, -0.08766247, -0.08772696], [0.04568093, -0.1288778, -0.0496093], [-0.08943917, -0.11679379, 0.00086532], [-0.13682133, 0.01532418, 0.05160873], [-0.04807167, 0.12786231, 0.04952549], [0.10967318, -0.02037729, 0.06006307], [-0.05812008, 0.09640777, 0.05518587], [0.02882922, 0.03581708, -0.11852475]], "atomic quadrupole moments": [[0.01069162, -0.06803759, -0.08959354, 0.16011058, -0.07988485, 0.07890192], [0.13975682, -0.08281878, -0.14453273, 0.05793624, -0.05489662, 0.00477591], [-0.025565, -0.08179972, -0.30331888, 0.12806587, -0.1580087, 0.32888388], [-0.16256565, -0.06852796, -0.21217673, 0.20878991, -0.15997233, 0.37474237], [-0.17731904, -0.06445061, -0.20772555, 0.22138779, -0.16136552, 0.38504459], [-0.18154512, -0.05951774, -0.20414751, 0.22462635, -0.16103724, 0.38569263], [-0.18080443, -0.04713118, -0.18647242, 0.21981518, -0.15533146, 0.36727685], [-0.16150086, 0.08146316, -0.12773388, 0.21684344, -0.16549019, 0.28923474], [0.02279484, 0.11920003, 0.0860725, -0.02366979, 0.00801287, -0.10886734], [-0.02233702, 0.04520726, 0.04776557, -0.00394887, -0.03819752, -0.02542855], [-0.04578802, -0.01010797, 0.02706395, 0.00589681, 0.06102061, 0.01872407], [0.06288875, -0.01768134, -0.05156681, -0.0424565, -1.854e-05, -0.01132194], [-0.01424017, 0.02170074, 0.04317063, -0.00798409, -0.02282687, -0.02893046], [-0.01696585, 0.00115206, 0.0137906, 0.00579054, 0.04833451, 0.00317526], [0.02729809, 0.00951994, 0.02969355, -0.03311479, 0.02355542, -0.05699164], [0.02569363, 0.00604108, 0.02903333, -0.03300327, 0.02421946, -0.05472696], [0.02309135, 0.00929881, 0.03270583, -0.03104901, 0.02390761, -0.05579718], [0.02686067, 0.01018086, 0.03026944, -0.03265824, 0.02320602, -0.05713011], [0.04032649, -0.02752086, -0.02116431, 0.05552704, -0.01118226, -0.01916218], [9.057e-05, -0.03572933, 0.03048627, -0.03651885, 0.04511987, -0.03057684], [-0.04816668, 0.01118751, -0.02930131, -0.02296729, -0.01945195, 0.07746799]], "number of molecular orbitals": 48, "number of electrons": 48, "number of unpaired electrons": 0, "orbital energies/eV": [-17.37237115, -16.87717644, -16.70856904, -16.32603424, -16.01543943, -15.59964886, -15.2866269, -14.94546073, -14.09382764, -13.85565283, -13.5923895, -13.3188107, -13.1424668, -12.99870206, -12.79332888, -12.68949936, -12.39158805, -12.30493659, -12.2003076, -11.82902825, -11.24367177, -11.17316277, -10.63789817, -10.4366961, -5.79285371, -5.75671315, -2.3323213, 2.75812459, 2.98360508, 3.63732779, 3.78269746, 4.05234084, 4.13150561, 4.77493679, 5.00577876, 5.2624796, 5.56419307, 5.83554392, 6.26821762, 6.41599611, 7.36541088, 7.72020897, 11.079578, 11.30043003, 12.74920671, 12.86239428, 17.56016529, 18.08976214], "fractional occupation": [2.0, 2.0, 2.0, 2.0, 2.0, 2.0, 2.0, 2.0, 2.0, 2.0, 2.0, 2.0, 2.0, 2.0, 2.0, 2.0, 2.0, 2.0, 2.0, 2.0, 2.0, 2.0, 2.0, 2.0, 0.0, 0.0, 0.0, 0.0, 0.0, 0.0, 0.0, 0.0, 0.0, 0.0, 0.0, 0.0, 0.0, 0.0, 0.0, 0.0, 0.0, 0.0, 0.0, 0.0, 0.0, 0.0, 0.0, 0.0], "program call": "xtb /tmp/scratch/tmp39e939yt/509282_69ff97_xyzopt.xyz --pop --wbo --acc 0.2 --gfn 2 --chrg 0 --uhf 0 --etemp 300 --input /tmp/scratch/tmp39e939yt/509282_69ff97_xtb.inp", "method": "GFN2-xTB", "xtb version": "6.3.3 (7355c4f)", "Dipole module/D": 0.811, "Total charge": 0, "Transition dipole module/D": NaN, "HOMO": -10.4367, "LUMO": -5.7929, "HOMO occupancy": 2.0, "LUMO occupancy": 0, "mulliken charges": [-0.08064, -0.04317, -0.00574, -0.04028, -0.0326, -0.0315, -0.04232, 0.00352, -0.08931, 0.02988, 0.02876, 0.02944, 0.02769, 0.02863, 0.02708, 0.0272, 0.02723, 0.02696, 0.03697, 0.03403, 0.03819], "cm5 charges": [-0.23228, -0.15041, -0.01997, -0.09467, -0.08895, -0.08785, -0.0967, -0.01245, -0.23553, 0.08258, 0.08156, 0.081, 0.08459, 0.0846, 0.08467, 0.08363, 0.08367, 0.08432, 0.09026, 0.08715, 0.09079], "FUKUI+": [0.014, 0.017, -0.079, -0.047, -0.055, -0.062, -0.047, -0.073, 0.031, -0.019, -0.018, -0.046, -0.045, -0.045, -0.09, -0.093, -0.095, -0.09, -0.054, -0.047, -0.056], "FUKUI-": [0.006, 0.007, -0.061, -0.021, -0.053, -0.054, -0.022, -0.062, 0.026, -0.037, -0.037, -0.06, -0.047, -0.071, -0.066, -0.078, -0.078, -0.068, -0.079, -0.058, -0.088], "FUKUIrad": [0.01, 0.012, -0.07, -0.034, -0.054, -0.058, -0.034, -0.067, 0.028, -0.028, -0.028, -0.053, -0.046, -0.058, -0.078, -0.086, -0.087, -0.079, -0.066, -0.053, -0.072], "s proportion": [1.006, 1.025, 1.085, 1.057, 1.054, 1.054, 1.058, 1.083, 1.006, 0.97, 0.971, 0.971, 0.972, 0.971, 0.973, 0.973, 0.973, 0.973, 0.963, 0.966, 0.962], "p proportion": [3.075, 3.018, 2.921, 2.983, 2.979, 2.978, 2.985, 2.914, 3.084, 0.0, 0.0, 0.0, 0.0, 0.0, 0.0, 0.0, 0.0, 0.0, 0.0, 0.0, 0.0], "d proportion": [0.0, 0.0, 0.0, 0.0, 0.0, 0.0, 0.0, 0.0, 0.0, 0.0, 0.0, 0.0, 0.0, 0.0, 0.0, 0.0, 0.0, 0.0, 0.0, 0.0, 0.0], "Fermi-level/eV": -8.1148, "Coordination numbers": [3.753, 3.807, 2.974, 2.926, 2.918, 2.919, 2.926, 2.969, 3.757, 0.925, 0.925, 0.925, 0.924, 0.924, 0.925, 0.926, 0.926, 0.925, 0.925, 0.925, 0.924], "Dispersion coefficient C6": [22.38, 21.616, 27.94, 28.988, 28.899, 28.885, 29.024, 27.812, 22.572, 2.518, 2.55, 2.543, 2.483, 2.539, 2.634, 2.654, 2.65, 2.644, 2.389, 2.474, 2.426], "Total dispersion C6": 4259.735563, "Total dispersion C8": 99014.091942, "Polarizability alpha": [6.746, 6.619, 8.67, 8.83, 8.815, 8.813, 8.835, 8.65, 6.774, 2.482, 2.497, 2.494, 2.464, 2.492, 2.538, 2.547, 2.546, 2.543, 2.417, 2.46, 2.436], "Total polarizability alpha": 102.667541, "Wiberg matrix": [[0.0, 1.0013488345376815, 0.0, 0.0, 0.0, 0.0, 0.0, 0.0, 0.0, 0.9884083428942627, 0.9869950845777036, 0.9865953820432762, 0.0, 0.0, 0.0, 0.0, 0.0, 0.0, 0.0, 0.0, 0.0], [1.0013488345376815, 0.0, 1.0115391501520137, 0.0, 0.0, 0.0, 0.0, 0.0, 0.0, 0.0, 0.0, 0.0, 0.9723329733347715, 0.9742131122533371, 0.0, 0.0, 0.0, 0.0, 0.0, 0.0, 0.0], [0.0, 1.0115391501520137, 0.0, 1.4187759967353006, 0.0, 0.10849108215126124, 0.0, 1.3835808026684482, 0.0, 0.0, 0.0, 0.0, 0.0, 0.0, 0.0, 0.0, 0.0, 0.0, 0.0, 0.0, 0.0], [0.0, 0.0, 1.4187759967353006, 0.0, 1.4428550308928323, 0.0, 0.10787796993569224, 0.0, 0.0, 0.0, 0.0, 0.0, 0.0, 0.0, 0.9691235610888587, 0.0, 0.0, 0.0, 0.0, 0.0, 0.0], [0.0, 0.0, 0.0, 1.4428550308928323, 0.0, 1.4358743343664795, 0.0, 0.10718337528548089, 0.0, 0.0, 0.0, 0.0, 0.0, 0.0, 0.0, 0.9714240757390104, 0.0, 0.0, 0.0, 0.0, 0.0], [0.0, 0.0, 0.10849108215126124, 0.0, 1.4358743343664795, 0.0, 1.4421229077441247, 0.0, 0.0, 0.0, 0.0, 0.0, 0.0, 0.0, 0.0, 0.0, 0.9714690597232712, 0.0, 0.0, 0.0, 0.0], [0.0, 0.0, 0.0, 0.10787796993569224, 0.0, 1.4421229077441247, 0.0, 1.417796419114062, 0.0, 0.0, 0.0, 0.0, 0.0, 0.0, 0.0, 0.0, 0.0, 0.9687541431673521, 0.0, 0.0, 0.0], [0.0, 0.0, 1.3835808026684482, 0.0, 0.10718337528548089, 0.0, 1.417796419114062, 0.0, 1.0246351381798717, 0.0, 0.0, 0.0, 0.0, 0.0, 0.0, 0.0, 0.0, 0.0, 0.0, 0.0, 0.0], [0.0, 0.0, 0.0, 0.0, 0.0, 0.0, 0.0, 1.0246351381798717, 0.0, 0.0, 0.0, 0.0, 0.0, 0.0, 0.0, 0.0, 0.0, 0.0, 0.9733132206274566, 0.9848953700056311, 0.9698027235720401], [0.9884083428942627, 0.0, 0.0, 0.0, 0.0, 0.0, 0.0, 0.0, 0.0, 0.0, 0.0, 0.0, 0.0, 0.0, 0.0, 0.0, 0.0, 0.0, 0.0, 0.0, 0.0], [0.9869950845777036, 0.0, 0.0, 0.0, 0.0, 0.0, 0.0, 0.0, 0.0, 0.0, 0.0, 0.0, 0.0, 0.0, 0.0, 0.0, 0.0, 0.0, 0.0, 0.0, 0.0], [0.9865953820432762, 0.0, 0.0, 0.0, 0.0, 0.0, 0.0, 0.0, 0.0, 0.0, 0.0, 0.0, 0.0, 0.0, 0.0, 0.0, 0.0, 0.0, 0.0, 0.0, 0.0], [0.0, 0.9723329733347715, 0.0, 0.0, 0.0, 0.0, 0.0, 0.0, 0.0, 0.0, 0.0, 0.0, 0.0, 0.0, 0.0, 0.0, 0.0, 0.0, 0.0, 0.0, 0.0], [0.0, 0.9742131122533371, 0.0, 0.0, 0.0, 0.0, 0.0, 0.0, 0.0, 0.0, 0.0, 0.0, 0.0, 0.0, 0.0, 0.0, 0.0, 0.0, 0.0, 0.0, 0.0], [0.0, 0.0, 0.0, 0.9691235610888587, 0.0, 0.0, 0.0, 0.0, 0.0, 0.0, 0.0, 0.0, 0.0, 0.0, 0.0, 0.0, 0.0, 0.0, 0.0, 0.0, 0.0], [0.0, 0.0, 0.0, 0.0, 0.9714240757390104, 0.0, 0.0, 0.0, 0.0, 0.0, 0.0, 0.0, 0.0, 0.0, 0.0, 0.0, 0.0, 0.0, 0.0, 0.0, 0.0], [0.0, 0.0, 0.0, 0.0, 0.0, 0.9714690597232712, 0.0, 0.0, 0.0, 0.0, 0.0, 0.0, 0.0, 0.0, 0.0, 0.0, 0.0, 0.0, 0.0, 0.0, 0.0], [0.0, 0.0, 0.0, 0.0, 0.0, 0.0, 0.9687541431673521, 0.0, 0.0, 0.0, 0.0, 0.0, 0.0, 0.0, 0.0, 0.0, 0.0, 0.0, 0.0, 0.0, 0.0], [0.0, 0.0, 0.0, 0.0, 0.0, 0.0, 0.0, 0.0, 0.9733132206274566, 0.0, 0.0, 0.0, 0.0, 0.0, 0.0, 0.0, 0.0, 0.0, 0.0, 0.0, 0.0], [0.0, 0.0, 0.0, 0.0, 0.0, 0.0, 0.0, 0.0, 0.9848953700056311, 0.0, 0.0, 0.0, 0.0, 0.0, 0.0, 0.0, 0.0, 0.0, 0.0, 0.0, 0.0], [0.0, 0.0, 0.0, 0.0, 0.0, 0.0, 0.0, 0.0, 0.9698027235720401, 0.0, 0.0, 0.0, 0.0, 0.0, 0.0, 0.0, 0.0, 0.0, 0.0, 0.0, 0.0]], "Born radii": [], "Atomic SASAs": [], "Solvent H bonds": [], "Total SASA": NaN, "Total FOD": 0.0, "FOD": [0.0, 0.0, 0.0, 0.0, 0.0, 0.0, 0.0, 0.0, 0.0, 0.0, 0.0, 0.0, 0.0, 0.0, 0.0, 0.0, 0.0, 0.0, 0.0, 0.0, 0.0], "FOD s proportion": [0.0, 0.0, 0.0, 0.0, 0.0, 0.0, 0.0, 0.0, 0.0, 0.0, 0.0, 0.0, 0.0, 0.0, 0.0, 0.0, 0.0, 0.0, 0.0, 0.0, 0.0], "FOD p proportion": [0.0, 0.0, 0.0, 0.0, 0.0, 0.0, 0.0, 0.0, 0.0, 0.0, 0.0, 0.0, 0.0, 0.0, 0.0, 0.0, 0.0, 0.0, 0.0, 0.0, 0.0], "FOD d proportion": [0.0, 0.0, 0.0, 0.0, 0.0, 0.0, 0.0, 0.0, 0.0, 0.0, 0.0, 0.0, 0.0, 0.0, 0.0, 0.0, 0.0, 0.0, 0.0, 0.0, 0.0], "coordinates": [["2.30832337866155", "-0.99534165152124", "0.24654852916161"], ["1.39752207090332", "-0.53292327443540", "-0.89304709616424"], ["-0.00788504862979", "-0.32500533274671", "-0.39754632668741"], ["-0.87580188198073", "-1.40938985159663", "-0.37443775984754"], ["-2.16598248406973", "-1.28955219867892", "0.10750868413633"], ["-2.60596257780573", "-0.06514520488479", "0.57660189502503"], ["-1.75055037803026", "1.02124098506772", "0.55684288362933"], ["-0.45110264505911", "0.91149867588994", "0.07812606515068"], ["0.43710247208003", "2.12138393010881", "0.06833199778410"], ["1.94328394456622", "-1.93128737757931", "0.66354449108859"], ["2.33197748529483", "-0.25700803840273", "1.04481404003192"], ["3.32325846637598", "-1.14790931427803", "-0.11410848719379"], ["1.79410217372329", "0.38587135441157", "-1.32559301081716"], ["1.39465509644795", "-1.29710940543435", "-1.67369626789639"], ["-0.53042448157266", "-2.36498495622161", "-0.74445038061085"], ["-2.82393959018451", "-2.14621577592460", "0.11518860138038"], ["-3.61149874379769", "0.04514906975371", "0.95547196624846"], ["-2.09780566143478", "1.97755237119652", "0.92306893250089"], ["1.36966261960076", "1.92937065170145", "0.59548925927590"], ["-0.06084413807610", "2.96174314881503", "0.54603504821139"], ["0.68190892298723", "2.40806219475958", "-0.95469406440722"]], "bond_dist": [[0.0, 1.530381640945362, 2.495802564758434, 3.270430179438676, 4.486123591457883, 5.0124252728179775, 4.542834389383803, 3.358398151055336, 3.6396712989597244, 1.0877195515547258, 1.0876230352775216, 1.0878619431891838, 2.154948221441277, 2.147834627678126, 3.304011355196144, 5.261358176577267, 6.052229947900866, 5.358148173056204, 3.0914051352670433, 4.6218142557344, 3.9587075531174873], [1.530381640945362, 0.0, 1.504632863745354, 2.491014070484535, 3.777851758845027, 4.290288313400995, 3.7984164651545713, 2.5390835788345467, 2.981946059904525, 2.162465157456137, 2.1690186541706007, 2.1664288242622174, 1.0902088406510335, 1.0924293074060965, 2.663739645488385, 4.630333732378151, 5.370426415223227, 4.670982910837633, 2.8773960466338857, 4.050985414383483, 3.0274243270773824], [2.495802564758434, 1.504632863745354, 0.0, 1.3891376534370843, 2.417191709689214, 2.786843894359151, 2.400025075554914, 1.3970140391263282, 2.529797804610999, 2.7410064157403338, 2.7495424596075915, 3.442967483035805, 2.1479698000188745, 2.1308833518375114, 2.134222749808831, 3.392619602285504, 3.8670019972468577, 3.378396781110307, 2.822404707424775, 3.4199219373048995, 2.8733060113456124], [3.270430179438676, 2.491014070484535, 1.3891376534370843, 0.0, 1.382461364354266, 2.3884987185952653, 2.7459852207175564, 2.4024377233463525, 3.792904744224856, 3.049102995689581, 3.692168466356856, 4.215240350293021, 3.3550032452905127, 2.6183304719273344, 1.0813680651008684, 2.139599716418129, 3.371702933688393, 3.8272959742131194, 4.1388634851455945, 4.540730119927176, 4.163664306488265], [4.486123591457883, 3.777851758845027, 2.417191709689214, 1.382461364354266, 0.0, 1.3830413623018611, 2.3904497893936902, 2.790394443978107, 4.2909289642635855, 4.196077983065355, 4.70917536933135, 5.495538471285584, 4.532449122407949, 3.9813173915570492, 2.1348161146883284, 1.0802032305058042, 2.142425368806101, 3.368049712869162, 4.806285016259808, 4.76418145743688, 4.7865553739579685], [5.0124252728179775, 4.290288313400995, 2.786843894359151, 2.3884987185952653, 1.3830413623018611, 0.0, 1.382879388730476, 2.417795018726859, 3.781467022790677, 4.917894828585966, 4.963797540834139, 6.066722437977713, 4.8148033411780835, 4.752527684194397, 3.3678331885214474, 2.142725117024007, 1.0801899550563738, 2.1332782863567963, 4.447926027370023, 3.954821779820112, 4.389956852038042], [4.542834389383803, 3.7984164651545713, 2.400025075554914, 2.7459852207175564, 2.3904497893936902, 1.382879388730476, 0.0, 1.389164345008125, 2.496954620674683, 4.730033928848855, 4.305702053127894, 5.558680144848791, 4.063474028084054, 4.499152244180884, 3.8273486238157264, 3.3734263351307847, 2.1388757310100113, 1.081313653832233, 3.2499111040698425, 2.573086208068909, 3.1819609149135286], [3.358398151055336, 2.5390835788345467, 1.3970140391263282, 2.4024377233463525, 2.790394443978107, 2.417795018726859, 1.389164345008125, 0.0, 1.5009418983571599, 3.762610054178417, 3.169452412341594, 4.303942052653159, 2.6995658916952263, 3.369518182735728, 3.3790929188710463, 3.8705744365118866, 3.392403421049377, 2.135890857348179, 2.1491659272307952, 2.1388648665732477, 2.142460034483328], [3.6396712989597244, 2.981946059904525, 2.529797804610999, 3.792904744224856, 4.2909289642635855, 3.781467022790677, 2.496954620674683, 1.5009418983571599, 0.0, 4.364287486910659, 3.1938717648675974, 4.364797735492774, 2.607005757620644, 3.9544489112917702, 4.660925807702528, 5.371126336635137, 4.635616498828097, 2.6789964520819605, 1.0883162712061976, 1.0873613233042856, 1.0902737957740867], [1.0877195515547258, 2.162465157456137, 2.7410064157403338, 3.049102995689581, 4.196077983065355, 4.917894828585966, 4.730033928848855, 3.762610054178417, 4.364287486910659, 0.0, 1.7605852558593005, 1.7671318642187392, 3.0574740868045414, 2.483116928137328, 2.879197201652331, 4.803468395698488, 5.903146059182932, 5.628213421773341, 3.903633353439102, 5.288864298980242, 4.799970591421813], [1.0876230352775216, 2.1690186541706007, 2.7495424596075915, 3.692168466356856, 4.70917536933135, 4.963797540834139, 4.305702053127894, 3.169452412341594, 3.1938717648675974, 1.7605852558593005, 0.0, 1.7661949187223565, 2.5142460800841464, 3.057888553993938, 3.979746081468285, 5.569271965070479, 5.951822461225237, 4.9629689523918845, 2.4306777729429525, 4.04162529301873, 3.717977712106607], [1.0878619431891838, 2.1664288242622174, 3.442967483035805, 4.215240350293021, 5.495538471285584, 6.066722437977713, 5.558680144848791, 4.303942052653159, 4.364797735492774, 1.7671318642187392, 1.7661949187223565, 0.0, 2.4816318941342166, 2.4847707482614307, 4.090168246431814, 6.231952895583771, 7.117460798497583, 6.342884519296451, 3.7134509130121702, 5.364436903553201, 4.508685495359641], [2.154948221441277, 1.0902088406510335, 2.1479698000188745, 3.3550032452905127, 4.532449122407949, 4.8148033411780835, 4.063474028084054, 2.6995658916952263, 2.607005757620644, 3.0574740868045414, 2.5142460800841464, 2.4816318941342166, 0.0, 1.7644143739905684, 3.648062687177247, 5.460185585019731, 5.877063074730567, 4.768319996800263, 2.5006191441928918, 3.684960367792907, 2.337476342172951], [2.147834627678126, 1.0924293074060965, 2.1308833518375114, 2.6183304719273344, 3.9813173915570492, 4.752527684194397, 4.499152244180884, 3.369518182735728, 3.9544489112917702, 2.483116928137328, 3.057888553993938, 2.4847707482614307, 1.7644143739905684, 0.0, 2.3895161628912023, 4.6602180028425835, 5.811691637540373, 5.446455857038813, 3.9446167291287217, 5.0183174686588075, 3.8409982899356816], [3.304011355196144, 2.663739645488385, 2.134222749808831, 1.0813680651008684, 2.1348161146883284, 3.3678331885214474, 3.8273486238157264, 3.3790929188710463, 4.660925807702528, 2.879197201652331, 3.979746081468285, 4.090168246431814, 3.648062687177247, 2.3895161628912023, 0.0, 2.4590751690498545, 4.265149542262402, 4.908659171566755, 4.883365572828403, 5.5008990761500165, 4.929090564787555], [5.261358176577267, 4.630333732378151, 3.392619602285504, 2.139599716418129, 1.0802032305058042, 2.142725117024007, 3.3734263351307847, 3.8705744365118866, 5.371126336635137, 4.803468395698488, 5.569271965070479, 6.231952895583771, 5.460185585019731, 4.6602180028425835, 2.4590751690498545, 0.0, 2.475561641443948, 4.264434879688475, 5.867486083915362, 5.82336410634234, 5.846115851582185], [6.052229947900866, 5.370426415223227, 3.8670019972468577, 3.371702933688393, 2.142425368806101, 1.0801899550563738, 2.1388757310100113, 3.392403421049377, 4.635616498828097, 5.903146059182932, 5.951822461225237, 7.117460798497583, 5.877063074730567, 5.811691637540373, 4.265149542262402, 2.475561641443948, 0.0, 2.4548929148980094, 5.337775477426008, 4.613166780097939, 5.259794871875083], [5.358148173056204, 4.670982910837633, 3.378396781110307, 3.8272959742131194, 3.368049712869162, 2.1332782863567963, 1.081313653832233, 2.135890857348179, 2.6789964520819605, 5.628213421773341, 4.9629689523918845, 6.342884519296451, 4.768319996800263, 5.446455857038813, 4.908659171566755, 4.264434879688475, 2.4548929148980094, 0.0, 3.4832407611865213, 2.29346861419455, 3.3820327839318844], [3.0914051352670433, 2.8773960466338857, 2.822404707424775, 4.1388634851455945, 4.806285016259808, 4.447926027370023, 3.2499111040698425, 2.1491659272307952, 1.0883162712061976, 3.903633353439102, 2.4306777729429525, 3.7134509130121702, 2.5006191441928918, 3.9446167291287217, 4.883365572828403, 5.867486083915362, 5.337775477426008, 3.4832407611865213, 0.0, 1.7648196155833333, 1.7621631813274825], [4.6218142557344, 4.050985414383483, 3.4199219373048995, 4.540730119927176, 4.76418145743688, 3.954821779820112, 2.573086208068909, 2.1388648665732477, 1.0873613233042856, 5.288864298980242, 4.04162529301873, 5.364436903553201, 3.684960367792907, 5.0183174686588075, 5.5008990761500165, 5.82336410634234, 4.613166780097939, 2.29346861419455, 1.7648196155833333, 0.0, 1.7636418508483351], [3.9587075531174873, 3.0274243270773824, 2.8733060113456124, 4.163664306488265, 4.7865553739579685, 4.389956852038042, 3.1819609149135286, 2.142460034483328, 1.0902737957740867, 4.799970591421813, 3.717977712106607, 4.508685495359641, 2.337476342172951, 3.8409982899356816, 4.929090564787555, 5.846115851582185, 5.259794871875083, 3.3820327839318844, 1.7621631813274825, 1.7636418508483351, 0.0]]}