{"total energy": -25.39130418, "HOMO-LUMO gap/eV": 4.53859088, "electronic energy": -25.85245911, "dipole": [-0.1560919, 0.13462656, 0.03557035], "partial charges": [-0.10684062, 0.01041007, -0.0464987, -0.04316428, 0.00219447, -0.10549249, 0.00556209, -0.10584147, -0.05174133, 0.04349053, 0.03938767, 0.03958292, 0.02477614, 0.02510224, 0.0419051, 0.0372744, 0.0417869, 0.04239672, 0.03757704, 0.04251528, 0.02561731], "atomic dipole moments": [[-0.06262022, -0.01958767, 0.004782], [0.08927849, 0.02771114, 0.00050892], [-0.00120192, 0.00691203, 0.00163251], [-0.00128733, 0.00726324, 0.0006067], [-0.0843834, -0.01899958, -0.00130724], [0.06053014, 0.02600617, 0.0019823], [-0.06800992, 0.053925, 0.00538967], [0.04308755, -0.05064022, -0.00523588], [-0.00048256, -0.01376691, -0.00027823], [0.04257751, 0.00505307, 0.11988403], [0.07393968, -0.08074976, -0.06345361], [0.01325652, 0.11541596, -0.0500488], [0.10491208, -0.10172143, -0.01008645], [-0.03045788, -0.14149277, -0.01213174], [-0.06380542, 0.05248221, -0.09508782], [-0.00637953, -0.12474469, -0.01276044], [-0.0605235, 0.03159159, 0.10592701], [-0.07510298, -0.00091594, -0.10135029], [0.04988559, 0.11466501, 0.01050701], [-0.07410839, -0.02003343, 0.10007629], [0.0330285, 0.14070117, 0.01192981]], "atomic quadrupole moments": [[0.16432588, 0.07204574, -0.04815347, 0.00845534, 0.00675724, -0.11617241], [-0.096352, 0.07625672, -0.30705356, 0.01108473, -0.06388081, 0.40340555], [-0.23365491, 0.00251991, -0.23874842, 0.00885343, -0.06355755, 0.47240333], [-0.24176976, 0.01385166, -0.23638216, 0.00963773, -0.06355102, 0.47815192], [-0.08322167, 0.07376261, -0.30204189, 0.01121263, -0.06177576, 0.38526356], [0.15735518, 0.06518613, -0.04153419, 0.00234685, 0.00577318, -0.115821], [-0.19512648, -0.13783035, -0.20117858, -0.00484989, -0.05107162, 0.39630506], [0.06741996, -0.11839933, 0.04858934, -0.01233444, 0.01592716, -0.11600931], [-0.24026395, -0.00488838, -0.21452976, 0.00764266, -0.05784319, 0.45479371], [-0.02949362, 0.00400011, -0.04908631, 0.02896968, 0.00045035, 0.07857993], [0.00159718, -0.03483336, 0.01905615, -0.03652533, 0.05271557, -0.02065333], [-0.02526162, 0.00165532, 0.06091447, -0.00038566, -0.05416459, -0.03565285], [0.03717321, 0.00049268, 0.03428912, -0.00126806, 0.00928741, -0.07146233], [0.03839307, 0.00025931, 0.03486038, -0.00140541, 0.00957314, -0.07325345], [-0.01620564, -0.01469732, -0.01530797, 0.04525793, -0.04924962, 0.03151361], [-0.02408843, -0.00092565, 0.0823432, -0.00055466, 0.01462712, -0.05825477], [-0.01911587, -0.00431857, -0.03348862, -0.04524427, 0.03597506, 0.05260449], [-0.01114559, -0.0026961, -0.03385537, 0.06070566, 0.01169528, 0.04500096], [-0.00189124, 0.04337862, 0.06072717, 0.00369479, 0.01114539, -0.05883594], [-0.01248279, 0.00846175, -0.02656064, -0.05954048, -0.02519954, 0.03904343], [0.03572826, 0.00081439, 0.03653671, -0.00133442, 0.00959725, -0.07226497]], "number of molecular orbitals": 48, "number of electrons": 48, "number of unpaired electrons": 0, "orbital energies/eV": [-17.31260553, -16.84626303, -16.58775414, -16.29112449, -15.96447441, -15.61556469, -15.25242031, -14.83538867, -13.83829626, -13.75800849, -13.54176255, -13.2314364, -13.13333638, -12.78300902, -12.75871367, -12.63364031, -12.52777029, -12.43024387, -11.99917061, -11.98858556, -11.2746164, -11.15635764, -10.50471402, -10.19103298, -5.6524421, -5.60783203, -2.21707265, 2.77259439, 3.04206022, 3.81666632, 3.92844738, 4.21532187, 4.70384245, 5.12697664, 5.33853359, 5.64406953, 5.87360651, 5.99999627, 6.24241098, 6.57322326, 6.60516182, 7.06654631, 10.94340568, 11.52771472, 13.00846258, 13.18540494, 17.82057746, 17.96315771], "fractional occupation": [2.0, 2.0, 2.0, 2.0, 2.0, 2.0, 2.0, 2.0, 2.0, 2.0, 2.0, 2.0, 2.0, 2.0, 2.0, 2.0, 2.0, 2.0, 2.0, 2.0, 2.0, 2.0, 2.0, 2.0, 0.0, 0.0, 0.0, 0.0, 0.0, 0.0, 0.0, 0.0, 0.0, 0.0, 0.0, 0.0, 0.0, 0.0, 0.0, 0.0, 0.0, 0.0, 0.0, 0.0, 0.0, 0.0, 0.0, 0.0], "program call": "xtb /tmp/scratch/tmpkh89p653/509215_fbb763_xyzopt.xyz --pop --wbo --acc 0.2 --gfn 2 --chrg 0 --uhf 0 --etemp 300 --input /tmp/scratch/tmpkh89p653/509215_fbb763_xtb.inp", "method": "GFN2-xTB", "xtb version": "6.3.3 (7355c4f)", "Dipole module/D": 0.532, "Total charge": 0, "Transition dipole module/D": NaN, "HOMO": -10.191, "LUMO": -5.6524, "HOMO occupancy": 2.0, "LUMO occupancy": 0, "mulliken charges": [-0.08889, 0.01265, -0.04761, -0.03995, -0.00435, -0.08815, 0.00352, -0.08869, -0.05736, 0.03851, 0.03407, 0.0341, 0.02647, 0.02643, 0.03627, 0.03315, 0.03641, 0.03693, 0.03328, 0.03677, 0.02643], "cm5 charges": [-0.23439, -0.00541, -0.1019, -0.09419, -0.02039, -0.23391, -0.01245, -0.2345, -0.10962, 0.09065, 0.08682, 0.08683, 0.08372, 0.08377, 0.08914, 0.0862, 0.08922, 0.08977, 0.08634, 0.08966, 0.08463], "FUKUI+": [0.032, -0.076, -0.052, -0.047, -0.073, 0.031, -0.071, 0.031, -0.044, -0.058, -0.05, -0.05, -0.089, -0.087, -0.054, -0.047, -0.054, -0.054, -0.047, -0.054, -0.085], "FUKUI-": [0.024, -0.066, -0.044, -0.022, -0.073, 0.027, -0.048, 0.027, -0.016, -0.094, -0.063, -0.065, -0.07, -0.066, -0.082, -0.055, -0.083, -0.062, -0.048, -0.061, -0.061], "FUKUIrad": [0.028, -0.071, -0.048, -0.035, -0.073, 0.029, -0.06, 0.029, -0.03, -0.076, -0.056, -0.057, -0.079, -0.076, -0.068, -0.051, -0.069, -0.058, -0.047, -0.057, -0.073], "s proportion": [1.005, 1.079, 1.055, 1.056, 1.08, 1.005, 1.081, 1.005, 1.058, 0.961, 0.966, 0.966, 0.974, 0.974, 0.964, 0.967, 0.964, 0.963, 0.967, 0.963, 0.974], "p proportion": [3.084, 2.908, 2.993, 2.983, 2.924, 3.083, 2.915, 3.084, 2.999, 0.0, 0.0, 0.0, 0.0, 0.0, 0.0, 0.0, 0.0, 0.0, 0.0, 0.0, 0.0], "d proportion": [0.0, 0.0, 0.0, 0.0, 0.0, 0.0, 0.0, 0.0, 0.0, 0.0, 0.0, 0.0, 0.0, 0.0, 0.0, 0.0, 0.0, 0.0, 0.0, 0.0, 0.0], "Fermi-level/eV": -7.9217, "Coordination numbers": [3.758, 2.965, 2.924, 2.923, 2.97, 3.758, 2.969, 3.758, 2.93, 0.924, 0.925, 0.925, 0.926, 0.925, 0.925, 0.925, 0.925, 0.925, 0.925, 0.925, 0.925], "Dispersion coefficient C6": [22.594, 27.782, 29.155, 29.072, 27.973, 22.568, 27.894, 22.574, 29.285, 2.403, 2.457, 2.454, 2.662, 2.657, 2.424, 2.485, 2.425, 2.417, 2.481, 2.416, 2.649], "Total dispersion C6": 4247.420989, "Total dispersion C8": 98911.740515, "Polarizability alpha": [6.777, 8.646, 8.855, 8.842, 8.676, 6.773, 8.663, 6.774, 8.875, 2.424, 2.451, 2.45, 2.551, 2.549, 2.435, 2.465, 2.435, 2.431, 2.463, 2.431, 2.545], "Total polarizability alpha": 102.511271, "Wiberg matrix": [[0.0, 1.0236074477457648, 0.0, 0.0, 0.0, 0.0, 0.0, 0.0, 0.0, 0.9690452168360759, 0.9829035782883786, 0.9823152913775183, 0.0, 0.0, 0.0, 0.0, 0.0, 0.0, 0.0, 0.0, 0.0], [1.0236074477457648, 0.0, 1.4122305731877014, 0.0, 0.10412896817822988, 0.0, 0.0, 0.0, 1.4100849027746614, 0.0, 0.0, 0.0, 0.0, 0.0, 0.0, 0.0, 0.0, 0.0, 0.0, 0.0, 0.0], [0.0, 1.4122305731877014, 0.0, 1.441745309162381, 0.0, 0.0, 0.10552534411737281, 0.0, 0.0, 0.0, 0.0, 0.0, 0.9698004790320442, 0.0, 0.0, 0.0, 0.0, 0.0, 0.0, 0.0, 0.0], [0.0, 0.0, 1.441745309162381, 0.0, 1.4203065856568138, 0.0, 0.0, 0.0, 0.1053400803760678, 0.0, 0.0, 0.0, 0.0, 0.968708901863033, 0.0, 0.0, 0.0, 0.0, 0.0, 0.0, 0.0], [0.0, 0.10412896817822988, 0.0, 1.4203065856568138, 0.0, 1.0270556039162702, 1.3738389464364094, 0.0, 0.0, 0.0, 0.0, 0.0, 0.0, 0.0, 0.0, 0.0, 0.0, 0.0, 0.0, 0.0, 0.0], [0.0, 0.0, 0.0, 0.0, 1.0270556039162702, 0.0, 0.0, 0.0, 0.0, 0.0, 0.0, 0.0, 0.0, 0.0, 0.9715582369026385, 0.9857338835456168, 0.9710986906394427, 0.0, 0.0, 0.0, 0.0], [0.0, 0.0, 0.10552534411737281, 0.0, 1.3738389464364094, 0.0, 0.0, 1.0270232355084086, 1.4266723837079447, 0.0, 0.0, 0.0, 0.0, 0.0, 0.0, 0.0, 0.0, 0.0, 0.0, 0.0, 0.0], [0.0, 0.0, 0.0, 0.0, 0.0, 0.0, 1.0270232355084086, 0.0, 0.0, 0.0, 0.0, 0.0, 0.0, 0.0, 0.0, 0.0, 0.0, 0.9709075429752645, 0.9856639360140926, 0.9713148329493921, 0.0], [0.0, 1.4100849027746614, 0.0, 0.1053400803760678, 0.0, 0.0, 1.4266723837079447, 0.0, 0.0, 0.0, 0.0, 0.0, 0.0, 0.0, 0.0, 0.0, 0.0, 0.0, 0.0, 0.0, 0.9670680619895625], [0.9690452168360759, 0.0, 0.0, 0.0, 0.0, 0.0, 0.0, 0.0, 0.0, 0.0, 0.0, 0.0, 0.0, 0.0, 0.0, 0.0, 0.0, 0.0, 0.0, 0.0, 0.0], [0.9829035782883786, 0.0, 0.0, 0.0, 0.0, 0.0, 0.0, 0.0, 0.0, 0.0, 0.0, 0.0, 0.0, 0.0, 0.0, 0.0, 0.0, 0.0, 0.0, 0.0, 0.0], [0.9823152913775183, 0.0, 0.0, 0.0, 0.0, 0.0, 0.0, 0.0, 0.0, 0.0, 0.0, 0.0, 0.0, 0.0, 0.0, 0.0, 0.0, 0.0, 0.0, 0.0, 0.0], [0.0, 0.0, 0.9698004790320442, 0.0, 0.0, 0.0, 0.0, 0.0, 0.0, 0.0, 0.0, 0.0, 0.0, 0.0, 0.0, 0.0, 0.0, 0.0, 0.0, 0.0, 0.0], [0.0, 0.0, 0.0, 0.968708901863033, 0.0, 0.0, 0.0, 0.0, 0.0, 0.0, 0.0, 0.0, 0.0, 0.0, 0.0, 0.0, 0.0, 0.0, 0.0, 0.0, 0.0], [0.0, 0.0, 0.0, 0.0, 0.0, 0.9715582369026385, 0.0, 0.0, 0.0, 0.0, 0.0, 0.0, 0.0, 0.0, 0.0, 0.0, 0.0, 0.0, 0.0, 0.0, 0.0], [0.0, 0.0, 0.0, 0.0, 0.0, 0.9857338835456168, 0.0, 0.0, 0.0, 0.0, 0.0, 0.0, 0.0, 0.0, 0.0, 0.0, 0.0, 0.0, 0.0, 0.0, 0.0], [0.0, 0.0, 0.0, 0.0, 0.0, 0.9710986906394427, 0.0, 0.0, 0.0, 0.0, 0.0, 0.0, 0.0, 0.0, 0.0, 0.0, 0.0, 0.0, 0.0, 0.0, 0.0], [0.0, 0.0, 0.0, 0.0, 0.0, 0.0, 0.0, 0.9709075429752645, 0.0, 0.0, 0.0, 0.0, 0.0, 0.0, 0.0, 0.0, 0.0, 0.0, 0.0, 0.0, 0.0], [0.0, 0.0, 0.0, 0.0, 0.0, 0.0, 0.0, 0.9856639360140926, 0.0, 0.0, 0.0, 0.0, 0.0, 0.0, 0.0, 0.0, 0.0, 0.0, 0.0, 0.0, 0.0], [0.0, 0.0, 0.0, 0.0, 0.0, 0.0, 0.0, 0.9713148329493921, 0.0, 0.0, 0.0, 0.0, 0.0, 0.0, 0.0, 0.0, 0.0, 0.0, 0.0, 0.0, 0.0], [0.0, 0.0, 0.0, 0.0, 0.0, 0.0, 0.0, 0.0, 0.9670680619895625, 0.0, 0.0, 0.0, 0.0, 0.0, 0.0, 0.0, 0.0, 0.0, 0.0, 0.0, 0.0]], "Born radii": [], "Atomic SASAs": [], "Solvent H bonds": [], "Total SASA": NaN, "Total FOD": 0.0, "FOD": [0.0, 0.0, 0.0, 0.0, 0.0, 0.0, 0.0, 0.0, 0.0, 0.0, 0.0, 0.0, 0.0, 0.0, 0.0, 0.0, 0.0, 0.0, 0.0, 0.0, 0.0], "FOD s proportion": [0.0, 0.0, 0.0, 0.0, 0.0, 0.0, 0.0, 0.0, 0.0, 0.0, 0.0, 0.0, 0.0, 0.0, 0.0, 0.0, 0.0, 0.0, 0.0, 0.0, 0.0], "FOD p proportion": [0.0, 0.0, 0.0, 0.0, 0.0, 0.0, 0.0, 0.0, 0.0, 0.0, 0.0, 0.0, 0.0, 0.0, 0.0, 0.0, 0.0, 0.0, 0.0, 0.0, 0.0], "FOD d proportion": [0.0, 0.0, 0.0, 0.0, 0.0, 0.0, 0.0, 0.0, 0.0, 0.0, 0.0, 0.0, 0.0, 0.0, 0.0, 0.0, 0.0, 0.0, 0.0, 0.0, 0.0], "coordinates": [["3.12975412312187", "0.51257102956445", "-0.07605718459736"], ["1.69745955315399", "0.07125007664088", "-0.11885956554521"], ["1.36675205209846", "-1.27106853712665", "-0.23069315561614"], ["0.04164754479844", "-1.66563380494141", "-0.24876942675602"], ["-0.98726238928841", "-0.73992881680946", "-0.15583761299348"], ["-2.41675622573085", "-1.18932307445493", "-0.17939569764023"], ["-0.66576457595148", "0.61512497366837", "-0.04066012885474"], ["-1.74630709331810", "1.64876490308590", "0.06220824933706"], ["0.66736712368252", "0.99677903522996", "-0.02427151203238"], ["3.47812947921166", "0.55033665508004", "0.95689110524213"], ["3.76594801478969", "-0.18198045164388", "-0.62025139509770"], ["3.24348196205246", "1.50570404038185", "-0.50533711189324"], ["2.14914958628579", "-2.01294228355023", "-0.30565423012754"], ["-0.19812815741964", "-2.71610724137212", "-0.33858841128578"], ["-2.95306393554996", "-0.72599995883193", "-1.00720090774167"], ["-2.47843550625339", "-2.26929939953275", "-0.28941962430917"], ["-2.92424859379826", "-0.90641897936422", "0.74278460227673"], ["-2.38536744706392", "1.62563473228645", "-0.82027705290833"], ["-1.31996295865160", "2.64479525639600", "0.15341842605571"], ["-2.37633207707193", "1.46085850135686", "0.93124065796389"], ["0.91193952090267", "2.04688534393683", "0.06367597652346"]], "bond_dist": [[0.0, 1.4993545152710375, 2.512659684444308, 3.782962867745415, 4.304061540612616, 5.802663133381445, 3.79706892984865, 5.008595295581266, 2.510077465665453, 1.0907675282495344, 1.0877921522911531, 1.087900939654991, 2.71891845330072, 4.6441453998929285, 6.277082304809484, 6.263874003681543, 6.271760790547329, 5.675327299163863, 4.939536548827087, 5.677224966191809, 2.7004346652754836], [1.4993545152710375, 0.0, 1.386972769736064, 2.403196953467321, 2.8048369794703043, 4.303426630927688, 2.426261185425361, 3.7922113992489566, 1.3880350018312826, 2.134841643051349, 2.143400098702386, 2.1441101549919495, 2.140741443291558, 3.378001532327788, 4.801263029485466, 4.790131744664773, 4.801921870523953, 4.424655293126637, 3.9751866260217517, 4.430519190789522, 2.133892137520067], [2.512659684444308, 1.386972769736064, 0.0, 1.3827185025922248, 2.41435224128914, 3.784738912826764, 2.7793816497064308, 4.278125266336727, 2.3822010377965497, 3.0308064752733603, 2.663458230812415, 3.362738527575209, 1.0808060509762503, 2.132751348166227, 4.422767709398512, 3.9730820544873025, 4.415123417094309, 4.7767038571560345, 4.764448394681776, 4.777467355072682, 3.3618931543631114], [3.782962867745415, 2.403196953467321, 1.3827185025922248, 0.0, 1.387163184172711, 2.5050815805519435, 2.3969985387276393, 3.7787203784831447, 2.7441513144547103, 4.263044743332419, 4.02611973447525, 4.513862463760791, 2.136685263449331, 1.081228134115403, 3.228997820785125, 2.591695038551628, 3.2180936047309276, 4.129100546320096, 4.538230594061621, 4.124803436912278, 3.8259415422206193], [4.304061540612616, 2.8048369794703043, 2.41435224128914, 1.387163184172711, 0.0, 1.4986536659895344, 1.3974253010165847, 2.5158598029823764, 2.4023452348594487, 4.779401084613327, 4.808325663329761, 4.802521691302505, 3.388227912316127, 2.135746205870572, 2.1422859734436375, 2.1401905984761207, 2.1417647901826484, 2.8270246597267343, 3.4150674983489777, 2.820411066583801, 3.3795690965257843], [5.802663133381445, 4.303426630927688, 3.784738912826764, 2.5050815805519435, 1.4986536659895344, 0.0, 2.5181842811873993, 2.9261951190256967, 3.783506677848735, 6.250379280276186, 6.2797232925872795, 6.277555678579937, 4.641312928776075, 2.697910806147079, 1.0897503085354514, 1.0873170930386518, 1.0899540064703168, 2.887161516211159, 4.001772618054278, 2.873779673349483, 4.6489078437528235], [3.79706892984865, 2.426261185425361, 2.7793816497064308, 2.3969985387276393, 1.3974253010165847, 2.5181842811873993, 0.0, 1.4988547423800214, 1.3867835224132299, 4.262764822423366, 4.539975724814082, 4.036243831525767, 3.86014262986976, 3.3770627995246354, 2.822154411481573, 3.415781192180935, 2.8336604783595787, 2.14148699619477, 2.1413088207895745, 2.1414708765623103, 2.133066805795622], [5.008595295581266, 3.7922113992489566, 4.278125266336727, 3.7787203784831447, 2.5158598029823764, 2.9261951190256967, 1.4988547423800214, 0.0, 2.5016769469345825, 5.413108120946244, 5.848276335554529, 5.0239992998195655, 5.358918273973871, 4.648613214518031, 2.8704365819360755, 4.0013600255421515, 2.894770288618249, 1.089822668698941, 1.0872741522801952, 1.089705291906265, 2.6878945480919856], [2.510077465665453, 1.3880350018312826, 2.3822010377965497, 2.7441513144547103, 2.4023452348594487, 3.783506677848735, 1.3867835224132299, 2.5016769469345825, 0.0, 3.010378032671414, 3.36836302788879, 2.669606044476998, 3.3664934155945114, 3.8253629498057355, 4.128151973218228, 4.542427330181262, 4.136452734809041, 3.216873119701191, 2.5878585810423034, 3.223736664581163, 1.0817918828551356], [1.0907675282495344, 2.134841643051349, 3.0308064752733603, 4.263044743332419, 4.779401084613327, 6.250379280276186, 4.262764822423366, 5.413108120946244, 3.010378032671414, 0.0, 1.7625283885943355, 1.762355712446916, 3.1512865938994654, 5.085547474687746, 6.8444825462230705, 6.707033945130688, 6.569507101971608, 6.220545701273392, 5.296604216014824, 5.924898994244155, 3.102067398754705], [1.0877921522911531, 2.143400098702386, 2.663458230812415, 4.02611973447525, 4.808325663329761, 6.2797232925872795, 4.539975724814082, 5.848276335554529, 3.36836302788879, 1.7625283885943355, 0.0, 1.7704392148196908, 2.4628093236216646, 4.71328256334648, 6.75209661796568, 6.5923194407320205, 6.865960163891561, 6.414527638742961, 5.869899175070936, 6.544742328242528, 3.685235931055367], [1.087900939654991, 2.1441101549919495, 3.362738527575209, 4.513862463760791, 4.802521691302505, 6.277555678579937, 4.036243831525767, 5.0239992998195655, 2.669606044476998, 1.762355712446916, 1.7704392148196908, 0.0, 3.6902992500395033, 5.449419771163912, 6.60526691896577, 6.85839710478442, 6.739216978651608, 5.638928640071368, 4.749370189980845, 5.8006962207615835, 2.4602323575202605], [2.71891845330072, 2.140741443291558, 1.0808060509762503, 2.136685263449331, 3.388227912316127, 4.641312928776075, 3.86014262986976, 5.358918273973871, 3.3664934155945114, 3.1512865938994654, 2.4628093236216646, 3.6902992500395033, 0.0, 2.4505587983747867, 5.3085752429843485, 4.634708871335049, 5.29745098152688, 5.836602100164143, 5.825805398751446, 5.837566714205053, 4.2601988113628435], [4.6441453998929285, 3.378001532327788, 2.132751348166227, 1.081228134115403, 2.135746205870572, 2.697910806147079, 3.3770627995246354, 4.648613214518031, 3.8253629498057355, 5.085547474687746, 4.71328256334648, 5.449419771163912, 2.4505587983747867, 0.0, 3.463703337189689, 2.3241894118782818, 3.4461677024996327, 4.885362117945855, 5.499078071806437, 4.878942610508094, 4.907154496840655], [6.277082304809484, 4.801263029485466, 4.422767709398512, 3.228997820785125, 2.1422859734436375, 1.0897503085354514, 2.822154411481573, 2.8704365819360755, 4.128151973218228, 6.8444825462230705, 6.75209661796568, 6.60526691896577, 5.3085752429843485, 3.463703337189689, 0.0, 1.7669904584943292, 1.7594972668817812, 2.426397648988429, 3.9212646457149716, 2.97867844272218, 4.875850892096186], [6.263874003681543, 4.790131744664773, 3.9730820544873025, 2.591695038551628, 2.1401905984761207, 1.0873170930386518, 3.415781192180935, 4.0013600255421515, 4.542427330181262, 6.707033945130688, 6.5923194407320205, 6.85839710478442, 4.634708871335049, 2.3241894118782818, 1.7669904584943292, 0.0, 1.7668157555576742, 3.932045671701995, 5.068184139297372, 3.92613226987308, 5.499888186849836], [6.271760790547329, 4.801921870523953, 4.415123417094309, 3.2180936047309276, 2.1417647901826484, 1.0899540064703168, 2.8336604783595787, 2.894770288618249, 4.136452734809041, 6.569507101971608, 6.865960163891561, 6.739216978651608, 5.29745098152688, 3.4461677024996327, 1.7594972668817812, 1.7668157555576742, 0.0, 3.02404540754591, 3.9410921629768256, 2.43715630704225, 4.888714984837411], [5.675327299163863, 4.424655293126637, 4.7767038571560345, 4.129100546320096, 2.8270246597267343, 2.887161516211159, 2.14148699619477, 1.089822668698941, 3.216873119701191, 6.220545701273392, 6.414527638742961, 5.638928640071368, 5.836602100164143, 4.885362117945855, 2.426397648988429, 3.932045671701995, 3.02404540754591, 0.0, 1.766877976428305, 1.7592746049691377, 3.439630543686122], [4.939536548827087, 3.9751866260217517, 4.764448394681776, 4.538230594061621, 3.4150674983489777, 4.001772618054278, 2.1413088207895745, 1.0872741522801952, 2.5878585810423034, 5.296604216014824, 5.869899175070936, 4.749370189980845, 5.825805398751446, 5.499078071806437, 3.9212646457149716, 5.068184139297372, 3.9410921629768256, 1.766877976428305, 0.0, 1.767096312806797, 2.3123448378011178], [5.677224966191809, 4.430519190789522, 4.777467355072682, 4.124803436912278, 2.820411066583801, 2.873779673349483, 2.1414708765623103, 1.089705291906265, 3.223736664581163, 5.924898994244155, 6.544742328242528, 5.8006962207615835, 5.837566714205053, 4.878942610508094, 2.97867844272218, 3.92613226987308, 2.43715630704225, 1.7592746049691377, 1.767096312806797, 0.0, 3.4509166954236257], [2.7004346652754836, 2.133892137520067, 3.3618931543631114, 3.8259415422206193, 3.3795690965257843, 4.6489078437528235, 2.133066805795622, 2.6878945480919856, 1.0817918828551356, 3.102067398754705, 3.685235931055367, 2.4602323575202605, 4.2601988113628435, 4.907154496840655, 4.875850892096186, 5.499888186849836, 4.888714984837411, 3.439630543686122, 2.3123448378011178, 3.4509166954236257, 0.0]]}