{"total energy": -25.38543786, "HOMO-LUMO gap/eV": 4.55782949, "electronic energy": -25.84555032, "dipole": [-0.02102413, -0.04540613, -0.04158121], "partial charges": [-0.09677167, -0.05689678, 0.00807008, -0.03961718, -0.04146696, 0.01282859, -0.10764887, -0.04146696, -0.03961719, 0.03406297, 0.03495096, 0.03495095, 0.03373164, 0.03373163, 0.02648707, 0.02631284, 0.0404605, 0.04046048, 0.044638, 0.02631284, 0.02648707], "atomic dipole moments": [[-0.04795693, 0.06022038, 0.0617232], [-0.01830607, -0.07380285, -0.06896179], [0.08802945, 0.01678164, 0.00840958], [0.00015604, 0.00529814, -0.00583434], [-0.00202204, 0.00548065, -0.00734738], [-0.08941366, -0.01591023, -0.00745655], [0.06609675, 0.00833773, 0.00223955], [-0.00087022, -0.00721823, 0.00593716], [0.00113844, -0.00553363, 0.00549696], [0.12185338, 0.02096393, 0.00947491], [-0.02250396, -0.11969415, 0.02717397], [-0.03510681, 0.01925806, -0.11818706], [0.0377789, -0.02094112, 0.11678159], [0.02513676, 0.118444, -0.02903233], [0.07721885, -0.07470188, 0.09896449], [-0.06138884, -0.10102323, 0.08592433], [-0.04975602, -0.03921813, 0.10972672], [-0.06265325, 0.10298004, -0.03903018], [-0.01972293, -0.09190746, -0.08614525], [-0.07737907, 0.0752757, -0.09850543], [0.06123796, 0.10149416, -0.08535771]], "atomic quadrupole moments": [[-0.02293652, -0.11196545, 0.00763528, -0.11612296, 0.13919625, 0.01530124], [0.13857026, -0.04796538, -0.06953114, -0.0738308, 0.11372651, -0.06903913], [-0.05477871, -0.05590695, 0.03823234, -0.078702, 0.37225747, 0.01654637], [-0.21410609, -0.10479128, 0.11495006, -0.09666581, 0.35676652, 0.09915603], [-0.21324856, -0.09839473, 0.11650975, -0.10200597, 0.35396492, 0.09673882], [-0.05434353, -0.0558129, 0.03775893, -0.07811783, 0.36593186, 0.0165846], [0.17312894, 0.05671449, -0.08330702, 0.03303644, -0.01655517, -0.08982192], [-0.21235772, -0.10303346, 0.11050825, -0.09664684, 0.35466141, 0.10184947], [-0.21528889, -0.09822895, 0.11402692, -0.1033956, 0.35624284, 0.10126197], [0.07666037, 0.02548003, -0.03587022, 0.01290143, 0.01652061, -0.04079015], [-0.0412013, 0.0229513, 0.0688471, -0.01845567, -0.02967709, -0.0276458], [-0.03257516, -0.01996653, -0.03337448, 0.03534855, -0.02094339, 0.06594964], [-0.01367078, -0.00887937, -0.03508673, 0.01729617, -0.0212449, 0.04875751], [-0.01760855, 0.00901866, 0.04892503, -0.00888422, -0.0269164, -0.03131648], [0.0333091, 0.01547162, -0.01760069, 0.01479201, -0.05209701, -0.01570842], [0.03336744, 0.01541508, -0.01770021, 0.01502023, -0.05182651, -0.01566723], [-0.01470091, 0.01304649, -0.04667883, -0.03016011, -0.0393734, 0.06137974], [-0.00607107, -0.03898718, 0.05166389, 0.01497083, -0.03968466, -0.04559282], [-0.03559954, 0.00559366, 0.02128096, 0.00410255, 0.06760931, 0.01431858], [0.03334401, 0.0155411, -0.01763109, 0.01488314, -0.05184083, -0.01571293], [0.03334174, 0.01529779, -0.01773703, 0.01498481, -0.05207526, -0.01560471]], "number of molecular orbitals": 48, "number of electrons": 48, "number of unpaired electrons": 0, "orbital energies/eV": [-17.352395, -16.93704365, -16.55004827, -16.45439359, -15.99803462, -15.41759147, -15.41685167, -14.98395424, -14.02542165, -13.82609614, -13.47832244, -13.33822897, -13.16990045, -13.06603887, -12.80026178, -12.76307052, -12.38294038, -12.2184261, -12.11569816, -11.76263566, -11.29154371, -11.17674328, -10.73868492, -10.35203803, -5.79420855, -5.73849896, -2.32523531, 2.81021156, 2.99231437, 3.74885714, 3.85927086, 4.25896681, 4.62868087, 4.68927517, 5.08929091, 5.31314598, 5.51340996, 5.51363279, 6.17263981, 6.4083896, 7.0854193, 7.48633204, 10.90768632, 11.63541464, 12.58407314, 13.0763994, 17.62317109, 18.07271571], "fractional occupation": [2.0, 2.0, 2.0, 2.0, 2.0, 2.0, 2.0, 2.0, 2.0, 2.0, 2.0, 2.0, 2.0, 2.0, 2.0, 2.0, 2.0, 2.0, 2.0, 2.0, 2.0, 2.0, 2.0, 2.0, 0.0, 0.0, 0.0, 0.0, 0.0, 0.0, 0.0, 0.0, 0.0, 0.0, 0.0, 0.0, 0.0, 0.0, 0.0, 0.0, 0.0, 0.0, 0.0, 0.0, 0.0, 0.0, 0.0, 0.0], "program call": "xtb /tmp/scratch/tmphwyzl5cm/509295_b8887e_xyzopt.xyz --pop --wbo --acc 0.2 --gfn 2 --chrg 0 --uhf 0 --etemp 300 --input /tmp/scratch/tmphwyzl5cm/509295_b8887e_xtb.inp", "method": "GFN2-xTB", "xtb version": "6.3.3 (7355c4f)", "Dipole module/D": 0.165, "Total charge": 0, "Transition dipole module/D": NaN, "HOMO": -10.352, "LUMO": -5.7942, "HOMO occupancy": 2.0, "LUMO occupancy": 0, "mulliken charges": [-0.08052, -0.0422, 0.00272, -0.0395, -0.04191, 0.01128, -0.08921, -0.04191, -0.0395, 0.02929, 0.02911, 0.02911, 0.02806, 0.02806, 0.02719, 0.02702, 0.03473, 0.03473, 0.03926, 0.02702, 0.02719], "cm5 charges": [-0.23185, -0.14904, -0.01369, -0.0938, -0.09618, -0.00685, -0.23474, -0.09618, -0.0938, 0.08084, 0.08173, 0.08173, 0.08384, 0.08384, 0.0846, 0.08428, 0.0875, 0.0875, 0.09139, 0.08428, 0.0846], "FUKUI+": [0.014, 0.017, -0.081, -0.05, -0.05, -0.082, 0.033, -0.05, -0.05, -0.045, -0.019, -0.019, -0.046, -0.046, -0.091, -0.091, -0.052, -0.052, -0.061, -0.091, -0.091], "FUKUI-": [0.002, 0.003, -0.072, -0.03, -0.03, -0.073, 0.024, -0.03, -0.03, -0.061, -0.036, -0.036, -0.061, -0.061, -0.067, -0.068, -0.07, -0.07, -0.103, -0.068, -0.067], "FUKUIrad": [0.008, 0.01, -0.076, -0.04, -0.04, -0.077, 0.029, -0.04, -0.04, -0.053, -0.027, -0.027, -0.053, -0.053, -0.079, -0.079, -0.061, -0.061, -0.082, -0.079, -0.079], "s proportion": [1.006, 1.025, 1.083, 1.057, 1.057, 1.08, 1.005, 1.057, 1.057, 0.971, 0.971, 0.971, 0.972, 0.972, 0.973, 0.973, 0.965, 0.965, 0.961, 0.973, 0.973], "p proportion": [3.075, 3.017, 2.915, 2.983, 2.985, 2.908, 3.084, 2.985, 2.983, 0.0, 0.0, 0.0, 0.0, 0.0, 0.0, 0.0, 0.0, 0.0, 0.0, 0.0, 0.0], "d proportion": [0.0, 0.0, 0.0, 0.0, 0.0, 0.0, 0.0, 0.0, 0.0, 0.0, 0.0, 0.0, 0.0, 0.0, 0.0, 0.0, 0.0, 0.0, 0.0, 0.0, 0.0], "Fermi-level/eV": -8.0731, "Coordination numbers": [3.753, 3.806, 2.971, 2.924, 2.924, 2.967, 3.757, 2.924, 2.924, 0.925, 0.925, 0.925, 0.924, 0.924, 0.926, 0.926, 0.925, 0.925, 0.924, 0.926, 0.926], "Dispersion coefficient C6": [22.406, 21.592, 27.835, 28.985, 29.03, 27.725, 22.61, 29.03, 28.985, 2.529, 2.517, 2.517, 2.534, 2.534, 2.637, 2.639, 2.443, 2.443, 2.388, 2.639, 2.637], "Total dispersion C6": 4258.837839, "Total dispersion C8": 99008.275335, "Polarizability alpha": [6.75, 6.615, 8.654, 8.829, 8.836, 8.637, 6.779, 8.836, 8.829, 2.487, 2.481, 2.481, 2.489, 2.489, 2.539, 2.541, 2.444, 2.444, 2.417, 2.541, 2.539], "Total polarizability alpha": 102.656863, "Wiberg matrix": [[0.0, 1.001806239064556, 0.0, 0.0, 0.0, 0.0, 0.0, 0.0, 0.0, 0.986578307901413, 0.9884701645183919, 0.988470169392929, 0.0, 0.0, 0.0, 0.0, 0.0, 0.0, 0.0, 0.0, 0.0], [1.001806239064556, 0.0, 1.0113963907963928, 0.0, 0.0, 0.0, 0.0, 0.0, 0.0, 0.0, 0.0, 0.0, 0.9746685479935118, 0.9746685773910938, 0.0, 0.0, 0.0, 0.0, 0.0, 0.0, 0.0], [0.0, 1.0113963907963928, 0.0, 1.4107133832508882, 0.0, 0.10630110820573012, 0.0, 0.0, 1.4107134660971046, 0.0, 0.0, 0.0, 0.0, 0.0, 0.0, 0.0, 0.0, 0.0, 0.0, 0.0, 0.0], [0.0, 0.0, 1.4107133832508882, 0.0, 1.4498644552668987, 0.0, 0.0, 0.10883094679664225, 0.0, 0.0, 0.0, 0.0, 0.0, 0.0, 0.9694685937297767, 0.0, 0.0, 0.0, 0.0, 0.0, 0.0], [0.0, 0.0, 0.0, 1.4498644552668987, 0.0, 1.4101236914966975, 0.0, 0.0, 0.10883095930515642, 0.0, 0.0, 0.0, 0.0, 0.0, 0.0, 0.9697079828073376, 0.0, 0.0, 0.0, 0.0, 0.0], [0.0, 0.0, 0.10630110820573012, 0.0, 1.4101236914966975, 0.0, 1.0243863770886608, 1.4101237981459132, 0.0, 0.0, 0.0, 0.0, 0.0, 0.0, 0.0, 0.0, 0.0, 0.0, 0.0, 0.0, 0.0], [0.0, 0.0, 0.0, 0.0, 0.0, 1.0243863770886608, 0.0, 0.0, 0.0, 0.0, 0.0, 0.0, 0.0, 0.0, 0.0, 0.0, 0.9824464761458337, 0.9824465275526714, 0.9685512245199142, 0.0, 0.0], [0.0, 0.0, 0.0, 0.10883094679664225, 0.0, 1.4101237981459132, 0.0, 0.0, 1.4498643450513178, 0.0, 0.0, 0.0, 0.0, 0.0, 0.0, 0.0, 0.0, 0.0, 0.0, 0.9697079750678568, 0.0], [0.0, 0.0, 1.4107134660971046, 0.0, 0.10883095930515642, 0.0, 0.0, 1.4498643450513178, 0.0, 0.0, 0.0, 0.0, 0.0, 0.0, 0.0, 0.0, 0.0, 0.0, 0.0, 0.0, 0.9694685928735689], [0.986578307901413, 0.0, 0.0, 0.0, 0.0, 0.0, 0.0, 0.0, 0.0, 0.0, 0.0, 0.0, 0.0, 0.0, 0.0, 0.0, 0.0, 0.0, 0.0, 0.0, 0.0], [0.9884701645183919, 0.0, 0.0, 0.0, 0.0, 0.0, 0.0, 0.0, 0.0, 0.0, 0.0, 0.0, 0.0, 0.0, 0.0, 0.0, 0.0, 0.0, 0.0, 0.0, 0.0], [0.988470169392929, 0.0, 0.0, 0.0, 0.0, 0.0, 0.0, 0.0, 0.0, 0.0, 0.0, 0.0, 0.0, 0.0, 0.0, 0.0, 0.0, 0.0, 0.0, 0.0, 0.0], [0.0, 0.9746685479935118, 0.0, 0.0, 0.0, 0.0, 0.0, 0.0, 0.0, 0.0, 0.0, 0.0, 0.0, 0.0, 0.0, 0.0, 0.0, 0.0, 0.0, 0.0, 0.0], [0.0, 0.9746685773910938, 0.0, 0.0, 0.0, 0.0, 0.0, 0.0, 0.0, 0.0, 0.0, 0.0, 0.0, 0.0, 0.0, 0.0, 0.0, 0.0, 0.0, 0.0, 0.0], [0.0, 0.0, 0.0, 0.9694685937297767, 0.0, 0.0, 0.0, 0.0, 0.0, 0.0, 0.0, 0.0, 0.0, 0.0, 0.0, 0.0, 0.0, 0.0, 0.0, 0.0, 0.0], [0.0, 0.0, 0.0, 0.0, 0.9697079828073376, 0.0, 0.0, 0.0, 0.0, 0.0, 0.0, 0.0, 0.0, 0.0, 0.0, 0.0, 0.0, 0.0, 0.0, 0.0, 0.0], [0.0, 0.0, 0.0, 0.0, 0.0, 0.0, 0.9824464761458337, 0.0, 0.0, 0.0, 0.0, 0.0, 0.0, 0.0, 0.0, 0.0, 0.0, 0.0, 0.0, 0.0, 0.0], [0.0, 0.0, 0.0, 0.0, 0.0, 0.0, 0.9824465275526714, 0.0, 0.0, 0.0, 0.0, 0.0, 0.0, 0.0, 0.0, 0.0, 0.0, 0.0, 0.0, 0.0, 0.0], [0.0, 0.0, 0.0, 0.0, 0.0, 0.0, 0.9685512245199142, 0.0, 0.0, 0.0, 0.0, 0.0, 0.0, 0.0, 0.0, 0.0, 0.0, 0.0, 0.0, 0.0, 0.0], [0.0, 0.0, 0.0, 0.0, 0.0, 0.0, 0.0, 0.9697079750678568, 0.0, 0.0, 0.0, 0.0, 0.0, 0.0, 0.0, 0.0, 0.0, 0.0, 0.0, 0.0, 0.0], [0.0, 0.0, 0.0, 0.0, 0.0, 0.0, 0.0, 0.0, 0.9694685928735689, 0.0, 0.0, 0.0, 0.0, 0.0, 0.0, 0.0, 0.0, 0.0, 0.0, 0.0, 0.0]], "Born radii": [], "Atomic SASAs": [], "Solvent H bonds": [], "Total SASA": NaN, "Total FOD": 0.0, "FOD": [0.0, 0.0, 0.0, 0.0, 0.0, 0.0, 0.0, 0.0, 0.0, 0.0, 0.0, 0.0, 0.0, 0.0, 0.0, 0.0, 0.0, 0.0, 0.0, 0.0, 0.0], "FOD s proportion": [0.0, 0.0, 0.0, 0.0, 0.0, 0.0, 0.0, 0.0, 0.0, 0.0, 0.0, 0.0, 0.0, 0.0, 0.0, 0.0, 0.0, 0.0, 0.0, 0.0, 0.0], "FOD p proportion": [0.0, 0.0, 0.0, 0.0, 0.0, 0.0, 0.0, 0.0, 0.0, 0.0, 0.0, 0.0, 0.0, 0.0, 0.0, 0.0, 0.0, 0.0, 0.0, 0.0, 0.0], "FOD d proportion": [0.0, 0.0, 0.0, 0.0, 0.0, 0.0, 0.0, 0.0, 0.0, 0.0, 0.0, 0.0, 0.0, 0.0, 0.0, 0.0, 0.0, 0.0, 0.0, 0.0, 0.0], "coordinates": [["3.06966604348295", "-0.29190332875062", "-0.54517499022229"], ["2.29140974799184", "0.62552994775224", "0.39928464196969"], ["0.81457983825416", "0.37270875824738", "0.28565185785077"], ["0.19345274133700", "-0.58370062701246", "1.07746964108262"], ["-1.15912189281634", "-0.84022383966710", "0.94974195503932"], ["-1.93076534978388", "-0.14921272549264", "0.02476398148804"], ["-3.39401822142339", "-0.43882459364847", "-0.12521452412312"], ["-1.30825822072966", "0.80406627144224", "-0.77038266159776"], ["0.04433603483111", "1.06037360404073", "-0.64242934565315"], ["4.13863455666319", "-0.10802666557513", "-0.46208523322731"], ["2.87647886229593", "-1.33479616926856", "-0.30347550887414"], ["2.76620258778074", "-0.11895006571732", "-1.57539948793715"], ["2.61876638882890", "0.44618671340668", "1.42563894350079"], ["2.50810111948317", "1.66632117487370", "0.14922875878664"], ["0.77462127928943", "-1.13078659518946", "1.80671329384123"], ["-1.62378764424091", "-1.58537427861005", "1.58033289182461"], ["-3.82129342540452", "-0.77638494775889", "0.81629885204923"], ["-3.93204638292055", "0.44471804120075", "-0.46112616546673"], ["-3.54441070478682", "-1.22629636525152", "-0.86492734104452"], ["-1.89048770634714", "1.35510505445116", "-1.49576079808191"], ["0.50794134821482", "1.80947163652735", "-1.26914976120486"]], "bond_dist": [[0.0, 1.529500138982187, 2.4934707278562622, 3.315226119319294, 4.518636903548726, 5.03482920847379, 6.478978849136893, 4.518637927846707, 3.315227439235383, 1.087845677083294, 1.0878259985229846, 1.0878260043924437, 2.152253463292822, 2.152253455590036, 3.3915091191206366, 5.312189602563378, 7.040856188291047, 7.040855924506978, 6.687401823168736, 5.312191187673366, 3.391511407626819], [1.529500138982187, 0.0, 1.5026168992078694, 2.514676336576878, 3.78914317795783, 4.308973716693065, 5.807929162829153, 3.789143215154457, 2.514676382718335, 2.1661723986386963, 2.16311261454425, 2.1631126055007814, 1.0921215675358866, 1.0921215471028136, 2.7140653028083586, 4.648843198773016, 6.2852530825507875, 6.285253051110606, 6.251743195989383, 4.6488432297488735, 2.714065366405032], [2.4934707278562622, 1.5026168992078694, 0.0, 1.3883418831757706, 2.4099210915501272, 2.8066679035301023, 4.30577463332642, 2.409921084833845, 1.388341880499498, 3.440865745138722, 2.741180715870416, 2.741180743276712, 2.1354293888157474, 2.1354293892291536, 2.139093933491016, 3.3846601215852874, 4.805551320539659, 4.805551293710718, 4.783455699829043, 3.3846600943621112, 2.1390939218732212], [3.315226119319294, 2.514676336576878, 1.3883418831757706, 0.0, 1.3825977945041266, 2.410243025289108, 3.786474108577645, 2.756009961984705, 2.38396065276821, 4.261567139513515, 3.109627499642683, 3.7246140031292567, 2.657825443066649, 3.35884300898142, 1.0811365460341495, 2.135084113618712, 4.027843618100331, 4.521577715500475, 4.261156939241767, 3.8370939723979225, 3.36642231248907], [4.518636903548726, 3.78914317795783, 2.4099210915501272, 1.3825977945041266, 0.0, 1.3887095578804363, 2.512252850813171, 2.3842735393734285, 2.756009992252384, 5.531328240963383, 4.254553943215178, 4.722790217869071, 4.019175278994275, 4.5135478184276625, 2.1349916267026368, 1.0811144096531045, 2.666278255317436, 3.3661156721788656, 3.021866867628701, 3.3667266925124157, 3.8371169404358385], [5.03482920847379, 4.308973716693065, 2.8066679035301023, 2.410243025289108, 1.3887095578804363, 0.0, 1.4991589484385366, 1.388709528926447, 2.4102430383436007, 6.0890338867327864, 4.962151366067305, 4.962151424933501, 4.7974149488741205, 4.797414966015628, 3.3849589991957427, 2.1392966024277094, 2.143354579253416, 2.14335455865923, 2.134364342877883, 2.1392965846048804, 3.384959019311006], [6.478978849136893, 5.807929162829153, 4.30577463332642, 3.786474108577645, 2.512252850813171, 1.4991589484385366, 0.0, 2.5122528552341894, 3.786474138175028, 7.547434466034497, 6.336692806183368, 6.336692872551349, 6.272317774231735, 6.272317796202961, 4.646365438953799, 2.7124130335410372, 1.0876389704841058, 1.0876389662707355, 1.0908275489928088, 2.7124130734751, 4.6463654880294625], [4.518637927846707, 3.789143215154457, 2.409921084833845, 2.756009961984705, 2.3842735393734285, 1.388709528926447, 2.5122528552341894, 0.0, 1.3825978157009244, 5.531329113197947, 4.722791471534326, 4.254555456148177, 4.513547490854384, 4.019174952228718, 3.8371169112567687, 3.366726685140535, 3.366115004268074, 2.666277376986495, 3.0218684724601657, 1.0811144043030623, 2.1349916725895013], [3.315227439235383, 2.514676382718335, 1.388341880499498, 2.38396065276821, 2.756009992252384, 2.4102430383436007, 3.786474138175028, 1.3825978157009244, 0.0, 4.261568206048266, 3.724615542791244, 3.1096294210903848, 3.3588426031619902, 2.6578249387937785, 3.3664223183601805, 3.837094008698379, 4.521577275268297, 4.027843063899841, 4.2611580664808155, 2.13508409787348, 1.0811365446335819], [1.087845677083294, 2.1661723986386963, 3.440865745138722, 4.261567139513515, 5.531328240963383, 6.0890338867327864, 7.547434466034497, 5.531329113197947, 4.261568206048266, 0.0, 1.767245726172598, 1.767245727006109, 2.486092171348878, 2.486092183628666, 4.184503550052268, 6.289637301844441, 8.089587266514682, 8.089587038856804, 7.774444891729209, 6.2896386912009, 4.184505474337277], [1.0878259985229846, 2.16311261454425, 2.741180715870416, 3.109627499642683, 4.254553943215178, 4.962151366067305, 6.336692806183368, 4.722791471534326, 3.724615542791244, 1.767245726172598, 0.0, 1.7630182111246504, 2.4956266821731483, 3.057343393972878, 2.9853512337182684, 4.885071351503643, 6.813653302713411, 7.039001390079164, 6.446303064547253, 5.601882100757814, 4.0532600153196], [1.0878260043924437, 2.1631126055007814, 2.741180743276712, 3.7246140031292567, 4.722790217869071, 4.962151424933501, 6.336692872551349, 4.254555456148177, 3.1096294210903848, 1.767245727006109, 1.7630182111246504, 0.0, 3.0573434021790074, 2.495626646719484, 4.053257472623084, 5.601880136354256, 7.039001725909031, 6.813652914951477, 6.446303330353969, 4.8850737265308055, 2.985354749931344], [2.152253463292822, 1.0921215675358866, 2.1354293888157474, 2.657825443066649, 4.019175278994275, 4.7974149488741205, 6.272317774231735, 4.513547490854384, 3.3588426031619902, 2.486092171348878, 2.4956266821731483, 3.0573434021790074, 0.0, 1.7692365205197378, 2.4562030985955516, 4.706424864528161, 6.583338607776417, 6.817113223640267, 6.78444142428566, 5.449227605419726, 3.6845643292933183], [2.152253455590036, 1.0921215471028136, 2.1354293892291536, 3.35884300898142, 4.5135478184276625, 4.797414966015628, 6.272317796202961, 4.019174952228718, 2.6578249387937785, 2.486092183628666, 3.057343393972878, 2.495626646719484, 1.7692365205197378, 0.0, 3.684564997072375, 5.44922812126585, 6.817113099819171, 6.583338606093172, 6.784441628549314, 4.7064243088077715, 2.4562021071656925], [3.3915091191206366, 2.7140653028083586, 2.139093933491016, 1.0811365460341495, 2.1349916267026368, 3.3849589991957427, 4.646365438953799, 3.8371169112567687, 3.3664223183601805, 4.184503550052268, 2.9853512337182684, 4.053257472623084, 2.4562030985955516, 3.684564997072375, 0.0, 2.451583857999736, 4.714759088970903, 5.456925064079076, 5.079451060658394, 4.918210886785694, 4.263469266713892], [5.312189602563378, 4.648843198773016, 3.3846601215852874, 2.135084113618712, 1.0811144096531045, 2.1392966024277094, 2.7124130335410372, 3.366726685140535, 3.837094008698379, 6.289637301844441, 4.885071351503643, 5.601880136354256, 4.706424864528161, 5.44922812126585, 2.451583857999736, 0.0, 2.463177502660736, 3.690106816102017, 3.130020366549369, 4.26378939681245, 4.918210922146109], [7.040856188291047, 6.2852530825507875, 4.805551320539659, 4.027843618100331, 2.666278255317436, 2.143354579253416, 1.0876389704841058, 3.366115004268074, 4.521577275268297, 8.089587266514682, 6.813653302713411, 7.039001725909031, 6.583338607776417, 6.817113099819171, 4.714759088970903, 2.463177502660736, 0.0, 1.770642087667738, 1.7622729178283907, 3.690105713937016, 5.45692440099135], [7.040855924506978, 6.285253051110606, 4.805551293710718, 4.521577715500475, 3.3661156721788656, 2.14335455865923, 1.0876389662707355, 2.666277376986495, 4.027843063899841, 8.089587038856804, 7.039001390079164, 6.813652914951477, 6.817113223640267, 6.583338606093172, 5.456925064079076, 3.690106816102017, 1.770642087667738, 0.0, 1.7622729513135116, 2.463175829451467, 4.714758271625287], [6.687401823168736, 6.251743195989383, 4.783455699829043, 4.261156939241767, 3.021866867628701, 2.134364342877883, 1.0908275489928088, 3.0218684724601657, 4.2611580664808155, 7.774444891729209, 6.446303064547253, 6.446303330353969, 6.78444142428566, 6.784441628549314, 5.079451060658394, 3.130020366549369, 1.7622729178283907, 1.7622729513135116, 0.0, 3.130023230733034, 5.079452754682473], [5.312191187673366, 4.6488432297488735, 3.3846600943621112, 3.8370939723979225, 3.3667266925124157, 2.1392965846048804, 2.7124130734751, 1.0811144043030623, 2.13508409787348, 6.2896386912009, 5.601882100757814, 4.8850737265308055, 5.449227605419726, 4.7064243088077715, 4.918210886785694, 4.26378939681245, 3.690105713937016, 2.463175829451467, 3.130023230733034, 0.0, 2.4515838722566823], [3.391511407626819, 2.714065366405032, 2.1390939218732212, 3.36642231248907, 3.8371169404358385, 3.384959019311006, 4.6463654880294625, 2.1349916725895013, 1.0811365446335819, 4.184505474337277, 4.0532600153196, 2.985354749931344, 3.6845643292933183, 2.4562021071656925, 4.263469266713892, 4.918210922146109, 5.45692440099135, 4.714758271625287, 5.079452754682473, 2.4515838722566823, 0.0]]}