{"total energy": -25.38045048, "HOMO-LUMO gap/eV": 4.74101227, "electronic energy": -25.83957673, "dipole": [-0.184168, -0.0028445, -0.02291367], "partial charges": [-0.10161575, -0.01420207, -0.10161574, 0.0104521, -0.03418765, -0.03152605, -0.03349078, -0.03084848, -0.03845886, 0.03532752, 0.03263508, 0.03728147, 0.03005467, 0.03263508, 0.03532749, 0.03728146, 0.02935853, 0.02661961, 0.02648084, 0.02700204, 0.02548949], "atomic dipole moments": [[0.04614136, -0.08549825, 0.0069578], [-0.00728923, 0.03853446, -0.08820232], [0.03607923, 0.05717329, 0.07012061], [-0.08573624, -0.01079643, 0.0107284], [0.00065201, -0.00423254, 0.00966475], [0.00245166, -0.00106369, 0.00279358], [-0.00146569, -0.00014738, 9.948e-05], [-0.00091408, 0.00057093, -0.00143552], [0.00097322, 0.002617, -0.00575695], [-0.12107803, -0.01471686, 0.02133782], [0.04695496, 0.07718227, 0.08668306], [0.01295616, 0.05529285, -0.11056127], [-0.02101221, -0.05000221, 0.10959702], [0.06013842, -0.1097441, 0.00392778], [-0.12069401, -0.02016094, 0.01892788], [0.01359393, 0.04624698, -0.11456606], [-0.08567874, 0.04259866, -0.10987138], [0.05404935, 0.0582946, -0.12306557], [0.1456659, 0.01686187, -0.01488206], [0.08922905, -0.04186677, 0.10878377], [-0.05248403, -0.05815872, 0.12300854]], "atomic quadrupole moments": [[-0.03912309, -0.14480259, 0.15902266, 0.00624845, -0.0086819, -0.11989958], [0.06218698, -0.03265592, 0.05331083, 0.06774594, 0.10016348, -0.11549781], [-0.06980203, 0.07767932, 0.01771052, 0.08883879, 0.15428344, 0.05209151], [-0.09250233, -0.01329563, 0.31013082, -0.05445452, 0.28634313, -0.21762849], [-0.2348189, -0.04625708, 0.37252643, -0.01265291, 0.28163941, -0.13770753], [-0.2574222, -0.04746273, 0.38527016, -0.01566955, 0.28300957, -0.12784796], [-0.25560622, -0.04571821, 0.38088283, -0.01831102, 0.27887896, -0.12527661], [-0.25591119, -0.04457274, 0.38573909, -0.02204818, 0.28368614, -0.12982791], [-0.23650234, -0.03780654, 0.36662187, -0.03031562, 0.27233148, -0.13011953], [0.07652564, 0.02007146, -0.02646986, -0.02334814, -0.00958306, -0.05005578], [-0.02302389, 0.02161982, 0.00430063, 0.04448597, 0.0510139, 0.01872326], [-0.04247998, -0.00176278, -0.02179482, -0.02384668, -0.04122856, 0.0642748], [-0.00828739, 0.00397579, -0.01268108, -0.00687554, -0.01928626, 0.02096847], [-0.01228642, -0.05613903, 0.05072617, 0.01533892, -0.00326881, -0.03843975], [0.07691331, 0.01802438, -0.04636399, -0.02611886, 0.00804357, -0.03054932], [-0.04527964, 0.01771616, -0.01133753, -0.0144497, -0.04756226, 0.05661716], [0.04076639, 0.00739215, -0.05575587, 0.00152055, -0.03910875, 0.01498949], [0.03924326, 0.00581916, -0.05585874, 0.00487191, -0.03970562, 0.01661548], [0.03302049, 0.00590549, -0.05373581, 0.00343423, -0.04092356, 0.02071532], [0.03720074, 0.00776706, -0.05489996, 5.558e-05, -0.04027252, 0.01769922], [0.03694144, 0.00608106, -0.05488624, 0.00378306, -0.04000787, 0.0179448]], "number of molecular orbitals": 48, "number of electrons": 48, "number of unpaired electrons": 0, "orbital energies/eV": [-17.40106645, -17.04468516, -16.53599427, -16.44310444, -15.99768086, -15.59649636, -15.42035861, -14.9148308, -14.28380313, -13.80965241, -13.54421649, -13.31285578, -13.15635636, -13.07799925, -12.81610494, -12.70494786, -12.52481604, -12.23737141, -11.99269462, -11.75666004, -11.24688914, -11.19988978, -10.82893455, -10.63443225, -5.89341998, -5.87559055, -2.38234695, 2.38092438, 2.83491778, 3.34554234, 3.56707654, 3.83962752, 4.20807729, 4.78996109, 5.21910422, 5.40681663, 5.49058889, 5.78935477, 6.28332029, 6.92978609, 7.07970682, 7.74217694, 11.1561497, 11.41029624, 12.39986049, 12.69768731, 17.33311984, 18.24555127], "fractional occupation": [2.0, 2.0, 2.0, 2.0, 2.0, 2.0, 2.0, 2.0, 2.0, 2.0, 2.0, 2.0, 2.0, 2.0, 2.0, 2.0, 2.0, 2.0, 2.0, 2.0, 2.0, 2.0, 2.0, 2.0, 0.0, 0.0, 0.0, 0.0, 0.0, 0.0, 0.0, 0.0, 0.0, 0.0, 0.0, 0.0, 0.0, 0.0, 0.0, 0.0, 0.0, 0.0, 0.0, 0.0, 0.0, 0.0, 0.0, 0.0], "program call": "xtb /tmp/scratch/tmp38u27jgi/509355_6ae0b0_xyzopt.xyz --pop --wbo --acc 0.2 --gfn 2 --chrg 0 --uhf 0 --etemp 300 --input /tmp/scratch/tmp38u27jgi/509355_6ae0b0_xtb.inp", "method": "GFN2-xTB", "xtb version": "6.3.3 (7355c4f)", "Dipole module/D": 0.472, "Total charge": 0, "Transition dipole module/D": NaN, "HOMO": -10.6344, "LUMO": -5.8934, "HOMO occupancy": 2.0, "LUMO occupancy": 0, "mulliken charges": [-0.08901, -0.00223, -0.08901, 0.00216, -0.03965, -0.02716, -0.03304, -0.02683, -0.0406, 0.03047, 0.03148, 0.02986, 0.0226, 0.03148, 0.03047, 0.02986, 0.02828, 0.02765, 0.02798, 0.02784, 0.02737], "cm5 charges": [-0.23887, -0.07104, -0.23887, -0.0124, -0.09434, -0.08354, -0.08945, -0.08316, -0.09497, 0.08279, 0.08416, 0.08341, 0.08195, 0.08416, 0.08279, 0.08341, 0.08653, 0.08408, 0.08439, 0.08426, 0.08471], "FUKUI+": [0.016, 0.006, 0.016, -0.084, -0.054, -0.053, -0.064, -0.056, -0.051, -0.044, -0.018, -0.018, -0.038, -0.018, -0.044, -0.018, -0.095, -0.096, -0.099, -0.096, -0.094], "FUKUI-": [0.009, -0.011, 0.009, -0.059, -0.031, -0.029, -0.064, -0.033, -0.029, -0.061, -0.051, -0.05, -0.07, -0.051, -0.061, -0.05, -0.066, -0.076, -0.08, -0.077, -0.067], "FUKUIrad": [0.012, -0.003, 0.012, -0.071, -0.043, -0.041, -0.064, -0.044, -0.04, -0.053, -0.034, -0.034, -0.054, -0.034, -0.053, -0.034, -0.08, -0.086, -0.09, -0.086, -0.08], "s proportion": [1.01, 1.05, 1.01, 1.088, 1.057, 1.055, 1.055, 1.055, 1.058, 0.97, 0.969, 0.97, 0.977, 0.969, 0.97, 0.97, 0.972, 0.972, 0.972, 0.972, 0.973], "p proportion": [3.079, 2.952, 3.079, 2.91, 2.983, 2.972, 2.978, 2.971, 2.982, 0.0, 0.0, 0.0, 0.0, 0.0, 0.0, 0.0, 0.0, 0.0, 0.0, 0.0, 0.0], "d proportion": [0.0, 0.0, 0.0, 0.0, 0.0, 0.0, 0.0, 0.0, 0.0, 0.0, 0.0, 0.0, 0.0, 0.0, 0.0, 0.0, 0.0, 0.0, 0.0, 0.0, 0.0], "Fermi-level/eV": -8.2639, "Coordination numbers": [3.756, 3.855, 3.756, 2.973, 2.925, 2.919, 2.92, 2.919, 2.926, 0.925, 0.925, 0.925, 0.924, 0.925, 0.925, 0.925, 0.926, 0.926, 0.926, 0.926, 0.925], "Dispersion coefficient C6": [22.495, 20.792, 22.495, 27.779, 28.851, 28.786, 28.834, 28.77, 28.956, 2.512, 2.549, 2.485, 2.586, 2.549, 2.512, 2.485, 2.595, 2.635, 2.637, 2.629, 2.651], "Total dispersion C6": 4267.22874, "Total dispersion C8": 99086.073297, "Polarizability alpha": [6.763, 6.485, 6.763, 8.645, 8.809, 8.798, 8.806, 8.796, 8.825, 2.479, 2.497, 2.465, 2.515, 2.497, 2.479, 2.465, 2.519, 2.538, 2.539, 2.536, 2.546], "Total polarizability alpha": 102.763953, "Wiberg matrix": [[0.0, 0.9976458572818647, 0.0, 0.0, 0.0, 0.0, 0.0, 0.0, 0.0, 0.985814850980124, 0.9876277428073339, 0.9853363212702768, 0.0, 0.0, 0.0, 0.0, 0.0, 0.0, 0.0, 0.0, 0.0], [0.9976458572818647, 0.0, 0.9976458977186249, 0.9982581954775165, 0.0, 0.0, 0.0, 0.0, 0.0, 0.0, 0.0, 0.0, 0.9680090355764394, 0.0, 0.0, 0.0, 0.0, 0.0, 0.0, 0.0, 0.0], [0.0, 0.9976458977186249, 0.0, 0.0, 0.0, 0.0, 0.0, 0.0, 0.0, 0.0, 0.0, 0.0, 0.0, 0.9876277386396035, 0.9858148585641974, 0.9853363049829735, 0.0, 0.0, 0.0, 0.0, 0.0], [0.0, 0.9982581954775165, 0.0, 0.0, 1.4097567426145805, 0.0, 0.11037330938995295, 0.0, 1.4169784734176982, 0.0, 0.0, 0.0, 0.0, 0.0, 0.0, 0.0, 0.0, 0.0, 0.0, 0.0, 0.0], [0.0, 0.0, 0.0, 1.4097567426145805, 0.0, 1.449431964620067, 0.0, 0.11180100633086014, 0.0, 0.0, 0.0, 0.0, 0.0, 0.0, 0.0, 0.0, 0.9671513092021331, 0.0, 0.0, 0.0, 0.0], [0.0, 0.0, 0.0, 0.0, 1.449431964620067, 0.0, 1.4351777458113613, 0.0, 0.11022451833552402, 0.0, 0.0, 0.0, 0.0, 0.0, 0.0, 0.0, 0.0, 0.9714068143265493, 0.0, 0.0, 0.0], [0.0, 0.0, 0.0, 0.11037330938995295, 0.0, 1.4351777458113613, 0.0, 1.441501263999606, 0.0, 0.0, 0.0, 0.0, 0.0, 0.0, 0.0, 0.0, 0.0, 0.0, 0.9716972407573936, 0.0, 0.0], [0.0, 0.0, 0.0, 0.0, 0.11180100633086014, 0.0, 1.441501263999606, 0.0, 1.4418400558205855, 0.0, 0.0, 0.0, 0.0, 0.0, 0.0, 0.0, 0.0, 0.0, 0.0, 0.9713212748289266, 0.0], [0.0, 0.0, 0.0, 1.4169784734176982, 0.0, 0.11022451833552402, 0.0, 1.4418400558205855, 0.0, 0.0, 0.0, 0.0, 0.0, 0.0, 0.0, 0.0, 0.0, 0.0, 0.0, 0.0, 0.9686694008897934], [0.985814850980124, 0.0, 0.0, 0.0, 0.0, 0.0, 0.0, 0.0, 0.0, 0.0, 0.0, 0.0, 0.0, 0.0, 0.0, 0.0, 0.0, 0.0, 0.0, 0.0, 0.0], [0.9876277428073339, 0.0, 0.0, 0.0, 0.0, 0.0, 0.0, 0.0, 0.0, 0.0, 0.0, 0.0, 0.0, 0.0, 0.0, 0.0, 0.0, 0.0, 0.0, 0.0, 0.0], [0.9853363212702768, 0.0, 0.0, 0.0, 0.0, 0.0, 0.0, 0.0, 0.0, 0.0, 0.0, 0.0, 0.0, 0.0, 0.0, 0.0, 0.0, 0.0, 0.0, 0.0, 0.0], [0.0, 0.9680090355764394, 0.0, 0.0, 0.0, 0.0, 0.0, 0.0, 0.0, 0.0, 0.0, 0.0, 0.0, 0.0, 0.0, 0.0, 0.0, 0.0, 0.0, 0.0, 0.0], [0.0, 0.0, 0.9876277386396035, 0.0, 0.0, 0.0, 0.0, 0.0, 0.0, 0.0, 0.0, 0.0, 0.0, 0.0, 0.0, 0.0, 0.0, 0.0, 0.0, 0.0, 0.0], [0.0, 0.0, 0.9858148585641974, 0.0, 0.0, 0.0, 0.0, 0.0, 0.0, 0.0, 0.0, 0.0, 0.0, 0.0, 0.0, 0.0, 0.0, 0.0, 0.0, 0.0, 0.0], [0.0, 0.0, 0.9853363049829735, 0.0, 0.0, 0.0, 0.0, 0.0, 0.0, 0.0, 0.0, 0.0, 0.0, 0.0, 0.0, 0.0, 0.0, 0.0, 0.0, 0.0, 0.0], [0.0, 0.0, 0.0, 0.0, 0.9671513092021331, 0.0, 0.0, 0.0, 0.0, 0.0, 0.0, 0.0, 0.0, 0.0, 0.0, 0.0, 0.0, 0.0, 0.0, 0.0, 0.0], [0.0, 0.0, 0.0, 0.0, 0.0, 0.9714068143265493, 0.0, 0.0, 0.0, 0.0, 0.0, 0.0, 0.0, 0.0, 0.0, 0.0, 0.0, 0.0, 0.0, 0.0, 0.0], [0.0, 0.0, 0.0, 0.0, 0.0, 0.0, 0.9716972407573936, 0.0, 0.0, 0.0, 0.0, 0.0, 0.0, 0.0, 0.0, 0.0, 0.0, 0.0, 0.0, 0.0, 0.0], [0.0, 0.0, 0.0, 0.0, 0.0, 0.0, 0.0, 0.9713212748289266, 0.0, 0.0, 0.0, 0.0, 0.0, 0.0, 0.0, 0.0, 0.0, 0.0, 0.0, 0.0, 0.0], [0.0, 0.0, 0.0, 0.0, 0.0, 0.0, 0.0, 0.0, 0.9686694008897934, 0.0, 0.0, 0.0, 0.0, 0.0, 0.0, 0.0, 0.0, 0.0, 0.0, 0.0, 0.0]], "Born radii": [], "Atomic SASAs": [], "Solvent H bonds": [], "Total SASA": NaN, "Total FOD": 0.0, "FOD": [0.0, 0.0, 0.0, 0.0, 0.0, 0.0, 0.0, 0.0, 0.0, 0.0, 0.0, 0.0, 0.0, 0.0, 0.0, 0.0, 0.0, 0.0, 0.0, 0.0, 0.0], "FOD s proportion": [0.0, 0.0, 0.0, 0.0, 0.0, 0.0, 0.0, 0.0, 0.0, 0.0, 0.0, 0.0, 0.0, 0.0, 0.0, 0.0, 0.0, 0.0, 0.0, 0.0, 0.0], "FOD p proportion": [0.0, 0.0, 0.0, 0.0, 0.0, 0.0, 0.0, 0.0, 0.0, 0.0, 0.0, 0.0, 0.0, 0.0, 0.0, 0.0, 0.0, 0.0, 0.0, 0.0, 0.0], "FOD d proportion": [0.0, 0.0, 0.0, 0.0, 0.0, 0.0, 0.0, 0.0, 0.0, 0.0, 0.0, 0.0, 0.0, 0.0, 0.0, 0.0, 0.0, 0.0, 0.0, 0.0, 0.0], "coordinates": [["-2.04300204104504", "1.09181890628442", "0.32549064198604"], ["-1.32683120171170", "-0.25952628135753", "0.37484227544061"], ["-1.88092003628955", "-1.20633165772219", "-0.69193564461754"], ["0.16352330346458", "-0.08327236771045", "0.21414429506968"], ["0.70239330477410", "0.46702868267119", "-0.94302693820621"], ["2.06905767230467", "0.62518320076434", "-1.08254632829229"], ["2.92329336452650", "0.23506517233454", "-0.06526385075391"], ["2.39953229682260", "-0.31401574752005", "1.09155897432358"], ["1.03107539225043", "-0.47054664481050", "1.22712490040371"], ["-3.10706339497955", "0.96125778429210", "0.51120476670791"], ["-1.63894138373754", "1.76200390199356", "1.08132443794791"], ["-1.91997792852204", "1.55979242385051", "-0.64809768543573"], ["-1.51304757141513", "-0.70772031669388", "1.35755224097869"], ["-1.36219105781761", "-2.16200897748499", "-0.65589702848539"], ["-2.94184479551603", "-1.38136226429009", "-0.52590715137028"], ["-1.75457669001283", "-0.78544387539214", "-1.68636977813990"], ["0.05057014668275", "0.77687160548029", "-1.74674078379119"], ["2.47001520304812", "1.05494982954881", "-1.98942764417456"], ["3.99086361632187", "0.35864950384188", "-0.17434469101158"], ["3.05766387949686", "-0.62172443698417", "1.89145721619705"], ["0.63040492135456", "-0.90066944109564", "2.13485877522342"]], "bond_dist": [[0.0, 1.5301862863714049, 2.5185159995087205, 2.502397172143903, 3.088154024595416, 4.371424490654105, 5.054780518443358, 4.722218028297827, 3.5642506248995707, 1.0880085053132842, 1.0879787086039685, 1.08720208641134, 2.1411081941446417, 3.4661248176936383, 2.765758775143145, 2.766746660729058, 2.9624954665770984, 5.072231328114116, 6.098762784691876, 5.604040946833259, 3.7935376158181033], [1.5301862863714049, 0.0, 1.5301862592640343, 1.509319659340076, 2.526343895386256, 3.799836003660559, 4.301380352505533, 3.795054262008538, 2.516076066508306, 2.162899703156835, 2.1640503907868425, 2.1698271254188355, 1.0960261429475395, 2.1640504248159504, 2.1628995378138085, 2.1698273314489125, 2.733581850177549, 4.661937614370033, 5.381600672966078, 4.653504646995322, 2.7091503967521158], [2.5185159995087205, 1.5301862592640343, 0.0, 2.502397169805443, 3.0881530863341147, 4.371423942086724, 5.054780782536703, 4.722219066862215, 3.5642517218233136, 2.7657581916277114, 3.4661247790268495, 2.7667471370306473, 2.1411081273538097, 1.0879787104848475, 1.0880085103275834, 1.087202102820572, 2.962492766526608, 5.072229974133603, 6.098762964272334, 5.604042770100087, 3.7935404473398244], [2.502397172143903, 1.509319659340076, 2.502397169805443, 0.0, 1.3900566130498795, 2.411301950409486, 2.7920849720752026, 2.4130551682616224, 1.3887972131463096, 3.4461609820628043, 2.7213828948432983, 2.790000094247833, 2.1232538402773207, 2.721382389472881, 3.4461608426111607, 2.7900011028036684, 2.1442192897981616, 3.3869136311106027, 3.872305838035691, 3.388120266478514, 2.138985866006246], [3.088154024595416, 2.526343895386256, 3.0881530863341147, 1.3900566130498795, 0.0, 1.3828412798586112, 2.3993066046734643, 2.762218491670932, 2.386763166288648, 4.10743382220145, 3.355116605488399, 2.8562119570149367, 3.403068916007785, 3.355114184917405, 4.107433425021602, 2.8562121142635175, 1.0801999869580003, 2.136607799212295, 3.3788541598427995, 3.842783269620773, 3.3688515773237753], [4.371424490654105, 3.799836003660559, 4.371423942086724, 2.411301950409486, 1.3828412798586112, 0.0, 1.3844761944787232, 2.3912427749543155, 2.7590962819111895, 5.426344808588119, 4.441165950439386, 4.120029738705845, 4.5345551922648015, 4.4411640041193845, 5.426344572419493, 4.120030490574894, 2.130365118455532, 1.0806942295455317, 2.142243803121941, 3.372953894231235, 3.8405264772705756], [5.054780518443358, 4.301380352505533, 5.054780782536703, 2.7920849720752026, 2.3993066046734643, 1.3844761944787232, 0.0, 1.383493607217235, 2.397633327933619, 6.101219093222304, 4.945724667446491, 5.054886189403976, 4.75335365916815, 4.945724291195805, 6.10121918510249, 5.054887871303754, 3.3724557185637183, 2.1401117369706486, 1.0802212547547216, 2.1403039979824388, 3.374577024504289], [4.722218028297827, 3.795054262008538, 4.722219066862215, 2.4130551682616224, 2.762218491670932, 2.3912427749543155, 1.383493607217235, 0.0, 1.3840355276479581, 5.682053299663059, 4.540840450784237, 5.019534933018885, 3.9413242610870496, 4.540841778414543, 5.6820537217794875, 5.0195372404255725, 3.8423435448486485, 3.372167423873565, 2.1418043791901464, 1.0805827201271176, 2.1359889281955473], [3.5642506248995707, 2.516076066508306, 3.5642517218233136, 1.3887972131463096, 2.386763166288648, 2.7590962819111895, 2.397633327933619, 1.3840355276479581, 0.0, 4.436980750849168, 3.4834651287108684, 4.043198261551842, 2.5584808570819013, 3.4834667658175142, 4.4369811004327255, 4.043200345165641, 3.370655712969848, 3.83977831969687, 3.3781695635289903, 2.1380488879568733, 1.0814449748495165], [1.0880085053132842, 2.162899703156835, 2.7657581916277114, 3.4461609820628043, 4.10743382220145, 5.426344808588119, 6.101219093222304, 5.682053299663059, 4.436980750849168, 0.0, 1.766808711898957, 1.7639154727401813, 2.4581859967360185, 3.7631770272680427, 2.5672489182484295, 3.1160104067891803, 3.8862534600031307, 6.1127527630584355, 7.1563735688132555, 6.5126639638377535, 4.480144500751053], [1.0879787086039685, 2.1640503907868425, 3.4661247790268495, 2.7213828948432983, 3.355116605488399, 4.441165950439386, 4.945724667446491, 4.540840450784237, 3.4834651287108684, 1.766808711898957, 0.0, 1.7637380480802658, 2.4883104242677536, 4.300279786786785, 3.763177053695863, 3.763375210676002, 3.438442634604632, 5.178123988792606, 5.936397296924076, 5.328843862516546, 3.6537236600831666], [1.08720208641134, 2.1698271254188355, 2.7667471370306473, 2.790000094247833, 2.8562119570149367, 4.120029738705845, 5.054886189403976, 5.019534933018885, 4.043198261551842, 1.7639154727401813, 1.7637380480802658, 0.0, 3.054478346852774, 3.7633751731477876, 3.1160124069147646, 2.570116691411897, 2.38810413970892, 4.618016002404578, 6.0502259447284645, 5.9987726145813145, 4.505904119233284], [2.1411081941446417, 1.0960261429475395, 2.1411081273538097, 2.1232538402773207, 3.403068916007785, 4.5345551922648015, 4.75335365916815, 3.9413242610870496, 2.5584808570819013, 2.4581859967360185, 2.4883104242677536, 3.054478346852774, 0.0, 2.488310904470307, 2.458185156530566, 3.0544784375048875, 3.779622828718409, 5.493092886652343, 5.811788981620649, 4.602591985108821, 2.2881921688414972], [3.4661248176936383, 2.1640504248159504, 1.0879787104848475, 2.721382389472881, 3.355114184917405, 4.4411640041193845, 4.945724291195805, 4.540841778414543, 3.4834667658175142, 3.7631770272680427, 4.300279786786785, 3.7633751731477876, 2.488310904470307, 0.0, 1.7668085889532548, 1.7637380906567923, 3.438437639446339, 5.178120575551632, 5.936396733502412, 5.328846758963009, 3.653728796477156], [2.765758775143145, 2.1628995378138085, 1.0880085103275834, 3.4461608426111607, 4.107433425021602, 5.426344572419493, 6.10121918510249, 5.6820537217794875, 4.4369811004327255, 2.5672489182484295, 3.763177053695863, 3.1160124069147646, 2.458185156530566, 1.7668085889532548, 0.0, 1.7639154709625213, 3.8862520995129217, 6.112752039425658, 7.1563735956376116, 6.512664927340665, 4.480146085349751], [2.766746660729058, 2.1698273314489125, 1.087202102820572, 2.7900011028036684, 2.8562121142635175, 4.120030490574894, 5.054887871303754, 5.0195372404255725, 4.043200345165641, 3.1160104067891803, 3.763375210676002, 2.570116691411897, 3.0544784375048875, 1.7637380906567923, 1.7639154709625213, 0.0, 2.3881016356363602, 4.618015777611426, 6.050227585650633, 5.998775654644349, 4.505907441858012], [2.9624954665770984, 2.733581850177549, 2.962492766526608, 2.1442192897981616, 1.0801999869580003, 2.130365118455532, 3.3724557185637183, 3.8423435448486485, 3.370655712969848, 3.8862534600031307, 3.438442634604632, 2.38810413970892, 3.779622828718409, 3.438437639446339, 3.8862520995129217, 2.3881016356363602, 0.0, 2.4474351455502696, 4.263009714482026, 4.922922739089612, 4.2681573852668775], [5.072231328114116, 4.661937614370033, 5.072229974133603, 3.3869136311106027, 2.136607799212295, 1.0806942295455317, 2.1401117369706486, 3.372167423873565, 3.83977831969687, 6.1127527630584355, 5.178123988792606, 4.618016002404578, 5.493092886652343, 5.178120575551632, 6.112752039425658, 4.618015777611426, 2.4474351455502696, 0.0, 2.468266631990901, 4.268235567825121, 4.921214401899109], [6.098762784691876, 5.381600672966078, 6.098762964272334, 3.872305838035691, 3.3788541598427995, 2.142243803121941, 1.0802212547547216, 2.1418043791901464, 3.3781695635289903, 7.1563735688132555, 5.936397296924076, 6.0502259447284645, 5.811788981620649, 5.936396733502412, 7.1563735956376116, 6.050227585650633, 4.263009714482026, 2.468266631990901, 0.0, 2.4697231287105605, 4.267433361416635], [5.604040946833259, 4.653504646995322, 5.604042770100087, 3.388120266478514, 3.842783269620773, 3.372953894231235, 2.1403039979824388, 1.0805827201271176, 2.1380488879568733, 6.5126639638377535, 5.328843862516546, 5.9987726145813145, 4.602591985108821, 5.328846758963009, 6.512664927340665, 5.998775654644349, 4.922922739089612, 4.268235567825121, 2.4697231287105605, 0.0, 2.455329037855672], [3.7935376158181033, 2.7091503967521158, 3.7935404473398244, 2.138985866006246, 3.3688515773237753, 3.8405264772705756, 3.374577024504289, 2.1359889281955473, 1.0814449748495165, 4.480144500751053, 3.6537236600831666, 4.505904119233284, 2.2881921688414972, 3.653728796477156, 4.480146085349751, 4.505907441858012, 4.2681573852668775, 4.921214401899109, 4.267433361416635, 2.455329037855672, 0.0]]}