{"total energy": -21.15860884, "HOMO-LUMO gap/eV": 3.61898007, "electronic energy": -21.58046391, "dipole": [-0.00624826, 5.757e-05, 0.00020429], "partial charges": [-0.08578533, -0.03025694, 0.0145951, -0.03243249, -0.02993778, -0.03037661, -0.02988919, -0.03398609, 0.0387189, 0.03615837, 0.03304558, 0.03404978, 0.02896357, 0.02897665, 0.02873266, 0.02942384], "atomic dipole moments": [[0.05125427, 0.03851336, 0.00257467], [-0.10580254, -0.01400345, 0.00194457], [0.04235281, -0.01063423, -0.00257356], [0.00205865, -0.01487846, -0.00172655], [-0.00354636, -0.00442935, -0.00037653], [0.0028089, 6.771e-05, -8.461e-05], [-0.00190369, 0.00439843, 0.00055015], [0.00616009, 0.01077323, 0.00099064], [-0.00772049, 0.14606539, 0.01639849], [0.13294256, -0.05995036, -0.01101868], [0.02186356, -0.1400681, -0.01622179], [0.09875403, 0.10750629, 0.0087332], [-0.03794024, 0.14064164, 0.01689144], [-0.14283742, 0.03686981, 0.00878293], [-0.10267291, -0.10490824, -0.00830457], [0.0364083, -0.14075951, -0.01685161]], "atomic quadrupole moments": [[-0.32962097, -0.04800455, -0.29631082, 0.02661856, -0.10171651, 0.62593179], [-0.22705359, -0.09456517, -0.30208897, 0.014857, -0.0899585, 0.52914256], [-0.14788717, -0.03790525, -0.25724051, 0.01419599, -0.07342627, 0.40512767], [-0.24409027, -0.00020589, -0.25422188, 0.02461434, -0.08489181, 0.49831216], [-0.26055298, 0.00560932, -0.24601027, 0.02610032, -0.08506321, 0.50656325], [-0.26520435, 0.00153176, -0.24080394, 0.02577821, -0.08426283, 0.50600829], [-0.26436277, -0.0065345, -0.24290793, 0.02489179, -0.084364, 0.50727071], [-0.2434369, -0.0046236, -0.24736542, 0.02386929, -0.08307346, 0.49080232], [0.01393672, -0.00829707, 0.05021841, -0.00354596, 0.01309993, -0.06415513], [0.04871417, -0.00948325, 0.02188564, -0.00502845, 0.01068923, -0.07059981], [0.0478536, 0.00449331, 0.03090683, -0.00372197, 0.01214293, -0.07876043], [0.04011074, -0.00243316, 0.03099446, -0.0039622, 0.01159574, -0.0711052], [0.04055267, 0.00192431, 0.03183177, -0.00353166, 0.01168911, -0.07238443], [0.0329978, 0.00194178, 0.03750419, -0.0032228, 0.01211281, -0.07050199], [0.03697634, -0.00328774, 0.03458593, -0.00397055, 0.01207936, -0.07156227], [0.03804083, 0.0014817, 0.03315534, -0.00346255, 0.01171527, -0.07119618]], "number of molecular orbitals": 40, "number of electrons": 40, "number of unpaired electrons": 0, "orbital energies/eV": [-17.50278678, -16.99491726, -16.65636282, -16.46451188, -15.68981284, -15.50405203, -14.85607202, -14.31049766, -13.78076964, -13.39505681, -13.22107443, -13.06371849, -12.93307878, -12.69795733, -11.99303056, -11.81135437, -11.46553645, -11.34888784, -10.96330404, -10.42732781, -6.80834775, -5.99614937, -4.63538186, -2.05448248, 2.92663849, 3.37583771, 3.43640251, 4.12101887, 5.04731413, 5.23572815, 5.32193272, 6.50050311, 9.62316519, 10.97720906, 11.55015741, 12.34082555, 12.86832772, 15.8193187, 18.01373338, 18.73494642], "fractional occupation": [2.0, 2.0, 2.0, 2.0, 2.0, 2.0, 2.0, 2.0, 2.0, 2.0, 2.0, 2.0, 2.0, 2.0, 2.0, 2.0, 2.0, 2.0, 2.0, 2.0, 0.0, 0.0, 0.0, 0.0, 0.0, 0.0, 0.0, 0.0, 0.0, 0.0, 0.0, 0.0, 0.0, 0.0, 0.0, 0.0, 0.0, 0.0, 0.0, 0.0], "program call": "xtb /tmp/scratch/tmp_zs00_37/509356_d2560a_xyzopt.xyz --pop --wbo --acc 0.2 --gfn 2 --chrg 0 --uhf 0 --etemp 300 --input /tmp/scratch/tmp_zs00_37/509356_d2560a_xtb.inp", "method": "GFN2-xTB", "xtb version": "6.3.3 (7355c4f)", "Dipole module/D": 0.016, "Total charge": 0, "Transition dipole module/D": NaN, "HOMO": -10.4273, "LUMO": -6.8083, "HOMO occupancy": 2.0, "LUMO occupancy": 0, "mulliken charges": [-0.07338, -0.02442, 0.00765, -0.0346, -0.02684, -0.0292, -0.02698, -0.03536, 0.03223, 0.03359, 0.02787, 0.03161, 0.02921, 0.0295, 0.0293, 0.02981], "cm5 charges": [-0.17714, -0.08248, -0.00407, -0.08856, -0.08318, -0.08562, -0.08329, -0.08935, 0.08687, 0.08709, 0.08541, 0.08982, 0.08567, 0.08591, 0.08574, 0.08719], "FUKUI+": [-0.072, -0.044, -0.062, -0.032, -0.026, -0.068, -0.029, -0.032, -0.084, -0.099, -0.081, -0.063, -0.075, -0.086, -0.077, -0.07], "FUKUI-": [-0.073, -0.042, -0.063, -0.034, -0.031, -0.07, -0.032, -0.035, -0.079, -0.095, -0.077, -0.063, -0.075, -0.084, -0.076, -0.07], "FUKUIrad": [-0.072, -0.043, -0.062, -0.033, -0.029, -0.069, -0.03, -0.034, -0.082, -0.097, -0.079, -0.063, -0.075, -0.085, -0.076, -0.07], "s proportion": [1.046, 1.063, 1.077, 1.059, 1.056, 1.056, 1.055, 1.061, 0.968, 0.966, 0.972, 0.968, 0.971, 0.971, 0.971, 0.97], "p proportion": [3.028, 2.962, 2.916, 2.976, 2.971, 2.973, 2.972, 2.974, 0.0, 0.0, 0.0, 0.0, 0.0, 0.0, 0.0, 0.0], "d proportion": [0.0, 0.0, 0.0, 0.0, 0.0, 0.0, 0.0, 0.0, 0.0, 0.0, 0.0, 0.0, 0.0, 0.0, 0.0, 0.0], "Fermi-level/eV": -8.6178, "Coordination numbers": [2.837, 2.896, 2.97, 2.924, 2.918, 2.92, 2.917, 2.929, 0.926, 0.926, 0.925, 0.926, 0.926, 0.926, 0.926, 0.925], "Dispersion coefficient C6": [30.139, 28.754, 27.683, 28.809, 28.748, 28.758, 28.746, 28.847, 2.466, 2.5, 2.543, 2.529, 2.601, 2.601, 2.604, 2.594], "Total dispersion C6": 3103.776684, "Total dispersion C8": 75802.841201, "Polarizability alpha": [8.997, 8.792, 8.63, 8.802, 8.792, 8.794, 8.792, 8.808, 2.456, 2.473, 2.494, 2.487, 2.522, 2.522, 2.524, 2.519], "Total polarizability alpha": 90.403332, "Wiberg matrix": [[0.0, 1.9012459821522751, 0.0, 0.0, 0.0, 0.0, 0.0, 0.0, 0.9727651288056338, 0.9783096407748156, 0.0, 0.0, 0.0, 0.0, 0.0, 0.0], [1.9012459821522751, 0.0, 1.0912614195847614, 0.0, 0.0, 0.0, 0.0, 0.0, 0.0, 0.0, 0.9645666974470247, 0.0, 0.0, 0.0, 0.0, 0.0], [0.0, 1.0912614195847614, 0.0, 1.3739565546280257, 0.0, 0.10171796557852729, 0.0, 1.3766500546719402, 0.0, 0.0, 0.0, 0.0, 0.0, 0.0, 0.0, 0.0], [0.0, 0.0, 1.3739565546280257, 0.0, 1.4611325197528358, 0.0, 0.10641307912769149, 0.0, 0.0, 0.0, 0.0, 0.9661096608202647, 0.0, 0.0, 0.0, 0.0], [0.0, 0.0, 0.0, 1.4611325197528358, 0.0, 1.4284607582739115, 0.0, 0.10503272200855546, 0.0, 0.0, 0.0, 0.0, 0.9710886681360079, 0.0, 0.0, 0.0], [0.0, 0.0, 0.10171796557852729, 0.0, 1.4284607582739115, 0.0, 1.4330471997731145, 0.0, 0.0, 0.0, 0.0, 0.0, 0.0, 0.9717216996534009, 0.0, 0.0], [0.0, 0.0, 0.0, 0.10641307912769149, 0.0, 1.4330471997731145, 0.0, 1.4561582325238205, 0.0, 0.0, 0.0, 0.0, 0.0, 0.0, 0.9710805410264952, 0.0], [0.0, 0.0, 1.3766500546719402, 0.0, 0.10503272200855546, 0.0, 1.4561582325238205, 0.0, 0.0, 0.0, 0.0, 0.0, 0.0, 0.0, 0.0, 0.9688305249870021], [0.9727651288056338, 0.0, 0.0, 0.0, 0.0, 0.0, 0.0, 0.0, 0.0, 0.0, 0.0, 0.0, 0.0, 0.0, 0.0, 0.0], [0.9783096407748156, 0.0, 0.0, 0.0, 0.0, 0.0, 0.0, 0.0, 0.0, 0.0, 0.0, 0.0, 0.0, 0.0, 0.0, 0.0], [0.0, 0.9645666974470247, 0.0, 0.0, 0.0, 0.0, 0.0, 0.0, 0.0, 0.0, 0.0, 0.0, 0.0, 0.0, 0.0, 0.0], [0.0, 0.0, 0.0, 0.9661096608202647, 0.0, 0.0, 0.0, 0.0, 0.0, 0.0, 0.0, 0.0, 0.0, 0.0, 0.0, 0.0], [0.0, 0.0, 0.0, 0.0, 0.9710886681360079, 0.0, 0.0, 0.0, 0.0, 0.0, 0.0, 0.0, 0.0, 0.0, 0.0, 0.0], [0.0, 0.0, 0.0, 0.0, 0.0, 0.9717216996534009, 0.0, 0.0, 0.0, 0.0, 0.0, 0.0, 0.0, 0.0, 0.0, 0.0], [0.0, 0.0, 0.0, 0.0, 0.0, 0.0, 0.9710805410264952, 0.0, 0.0, 0.0, 0.0, 0.0, 0.0, 0.0, 0.0, 0.0], [0.0, 0.0, 0.0, 0.0, 0.0, 0.0, 0.0, 0.9688305249870021, 0.0, 0.0, 0.0, 0.0, 0.0, 0.0, 0.0, 0.0]], "Born radii": [], "Atomic SASAs": [], "Solvent H bonds": [], "Total SASA": NaN, "Total FOD": 0.0, "FOD": [0.0, 0.0, 0.0, 0.0, 0.0, 0.0, 0.0, 0.0, 0.0, 0.0, 0.0, 0.0, 0.0, 0.0, 0.0, 0.0], "FOD s proportion": [0.0, 0.0, 0.0, 0.0, 0.0, 0.0, 0.0, 0.0, 0.0, 0.0, 0.0, 0.0, 0.0, 0.0, 0.0, 0.0], "FOD p proportion": [0.0, 0.0, 0.0, 0.0, 0.0, 0.0, 0.0, 0.0, 0.0, 0.0, 0.0, 0.0, 0.0, 0.0, 0.0, 0.0], "FOD d proportion": [0.0, 0.0, 0.0, 0.0, 0.0, 0.0, 0.0, 0.0, 0.0, 0.0, 0.0, 0.0, 0.0, 0.0, 0.0, 0.0], "coordinates": [["2.84655434602734", "0.09771712828910", "-0.08302032421802"], ["1.77601385449716", "-0.68567722597098", "-0.13435001377422"], ["0.38129150407635", "-0.26986789627022", "-0.04238148763783"], ["-0.00815403902758", "1.06062568799722", "0.11839738367669"], ["-1.34433983239259", "1.40083025055962", "0.20002981962039"], ["-2.32284192166399", "0.42289764948748", "0.12329808326437"], ["-1.95328533853681", "-0.90207763062473", "-0.03619810818722"], ["-0.61698751466904", "-1.24304504080727", "-0.11790529566451"], ["2.78474401676347", "1.16567739484512", "0.03709604088665"], ["3.84061605467282", "-0.30847547344553", "-0.16074687446796"], ["1.91663967593152", "-1.75326054494078", "-0.25711735567335"], ["0.73910760236279", "1.83660621171173", "0.18027699709614"], ["-1.62699087549078", "2.43638701786012", "0.32450767107352"], ["-3.36673540642689", "0.69252711396220", "0.18750265403389"], ["-2.70984929970958", "-1.67114306640624", "-0.09695209290543"], ["-0.33578182641419", "-2.27972057624684", "-0.24243509712311"]], "bond_dist": [[0.0, 1.3275535376481744, 2.4928479988204533, 3.0194572278996756, 4.397933060890606, 5.183721388062245, 4.9030850367276395, 3.714159713328032, 1.0764699665629653, 1.0766580361994589, 2.078742268011231, 2.744884788336283, 5.064391648391746, 6.247555613899844, 5.831181866218453, 3.975536017092451], [1.3275535376481744, 0.0, 1.4582887379491223, 2.5093246474971194, 3.768544872213353, 4.253932236199229, 3.736861705076666, 2.4571090457284135, 2.115288212500065, 2.098942638885811, 1.0837811517246645, 2.7451918824907438, 4.64093489610367, 5.333939098182573, 4.592984842716088, 2.6480818691492636], [2.4928479988204533, 1.4582887379491223, 0.0, 1.3956112833742442, 2.4140834801453908, 2.796374689809913, 2.418672449187707, 1.3961871649228823, 2.800659019074942, 3.461564278787014, 2.1456605630830428, 2.1482184080338085, 3.389929413883768, 3.876436068887099, 3.3943631983376985, 2.143297320293684], [3.0194572278996756, 2.5093246474971194, 1.3956112833742442, 0.0, 1.381229696095786, 2.400937538125837, 2.767605437081797, 2.3944552583157823, 2.7960553140974427, 4.094556232521615, 3.4298393397553175, 1.079062009540979, 2.134439830589544, 3.379399488080623, 3.8481285329612893, 3.37571521478297], [4.397933060890606, 3.768544872213353, 2.4140834801453908, 1.381229696095786, 0.0, 1.385534651429702, 2.3937424616174794, 2.7604710989121766, 4.138982690851045, 5.471348410760216, 4.559743374341274, 2.1286249260272445, 1.0806313737666255, 2.1428798662232333, 3.374882875278793, 3.8417989071107916], [5.183721388062245, 4.253932236199229, 2.796374689809913, 2.400937538125837, 1.385534651429702, 0.0, 1.3847637329626408, 2.396556566246103, 5.162033190579616, 6.21319582896208, 4.780542292429848, 3.373033261504462, 2.1398208834471006, 1.080062906756386, 2.1408622960352295, 3.3743612514729078], [4.9030850367276395, 3.736861705076666, 2.418672449187707, 2.767605437081797, 2.3937424616174794, 1.3847637329626408, 0.0, 1.3815305691028974, 5.170097199215066, 5.8255617128673824, 3.968581268556952, 3.846586851702199, 3.3737105603459328, 2.1425796173995324, 1.080528444104262, 2.134654865067587], [3.714159713328032, 2.4571090457284135, 1.3961871649228823, 2.3944552583157823, 2.7604710989121766, 2.396556566246103, 1.3815305691028974, 0.0, 4.1710606083213415, 4.554721205356302, 2.588236194643102, 3.37818863938878, 3.841100922438579, 3.37651107658255, 2.136299933883507, 1.0813327315572767], [1.0764699665629653, 2.115288212500065, 2.800659019074942, 2.7960553140974427, 4.138982690851045, 5.162033190579616, 5.170097199215066, 4.1710606083213415, 0.0, 1.8240433817989103, 3.0594714193154675, 2.1576085380451113, 4.60007751572984, 6.171482190812221, 6.1851495491198785, 4.656885909517354], [1.0766580361994589, 2.098942638885811, 3.461564278787014, 4.094556232521615, 5.471348410760216, 6.21319582896208, 5.8255617128673824, 4.554721205356302, 1.8240433817989103, 0.0, 2.4079817853168612, 3.7864267319894407, 6.137138389585031, 7.284860945681452, 6.6910035945308, 4.618958701069623], [2.078742268011231, 1.0837811517246645, 2.1456605630830428, 3.4298393397553175, 4.559743374341274, 4.780542292429848, 3.968581268556952, 2.588236194643102, 3.0594714193154675, 2.4079817853168612, 0.0, 3.8032931696934074, 5.518038769091364, 5.83897392410344, 4.629988815689194, 2.3131749517726106], [2.744884788336283, 2.7451918824907438, 2.1482184080338085, 1.079062009540979, 2.1286249260272445, 3.373033261504462, 3.846586851702199, 3.37818863938878, 2.1576085380451113, 3.7864267319894407, 3.8032931696934074, 0.0, 2.4451915077639548, 4.262266533764947, 4.927115249193272, 4.275303383850209], [5.064391648391746, 4.64093489610367, 3.389929413883768, 2.134439830589544, 1.0806313737666255, 2.1398208834471006, 3.3737105603459328, 3.841100922438579, 4.60007751572984, 6.137138389585031, 5.518038769091364, 2.4451915077639548, 0.0, 2.467089129326097, 4.268725113275393, 4.922429862377022], [6.247555613899844, 5.333939098182573, 3.876436068887099, 3.379399488080623, 2.1428798662232333, 1.080062906756386, 2.1425796173995324, 3.37651107658255, 6.171482190812221, 7.284860945681452, 5.83897392410344, 4.262266533764947, 2.467089129326097, 0.0, 2.469686332678203, 4.266823456157369], [5.831181866218453, 4.592984842716088, 3.3943631983376985, 3.8481285329612893, 3.374882875278793, 2.1408622960352295, 1.080528444104262, 2.136299933883507, 6.1851495491198785, 6.6910035945308, 4.629988815689194, 4.927115249193272, 4.268725113275393, 2.469686332678203, 0.0, 2.4551432255082686], [3.975536017092451, 2.6480818691492636, 2.143297320293684, 3.37571521478297, 3.8417989071107916, 3.3743612514729078, 2.134654865067587, 1.0813327315572767, 4.656885909517354, 4.618958701069623, 2.3131749517726106, 4.275303383850209, 4.922429862377022, 4.266823456157369, 2.4551432255082686, 0.0]]}