{"total energy": -22.14558804, "HOMO-LUMO gap/eV": 12.77070332, "electronic energy": -22.47418146, "dipole": [0.02140931, 0.00180206, -0.01123964], "partial charges": [-0.10181288, -0.05508051, -0.02040359, -0.0612266, -0.05683667, -0.05513355, -0.05954517, 0.03188394, 0.03478191, 0.03227096, 0.02825126, 0.02985427, 0.02772188, 0.03132158, 0.0269071, 0.02622558, 0.02881567, 0.0262916, 0.02942107, 0.0248084, 0.03148374], "atomic dipole moments": [[-0.07920757, -0.04583817, -0.03233108], [0.00811129, 0.07335033, 0.08136724], [-0.01900833, 0.01215374, -0.09635408], [-0.07453195, -0.0855153, 0.011241], [0.06251385, -0.08168571, 0.04174419], [0.08948974, 0.02454818, -0.05685519], [0.00409122, 0.09501622, 0.05267182], [0.09835458, -0.04190281, -0.06146738], [-0.00779338, 0.12266967, -0.0166676], [0.01850301, -0.02095957, 0.12016243], [0.01253261, -0.12023264, 0.01505094], [-0.01424291, 0.02004497, -0.11992988], [0.01955508, -0.01296675, 0.12208632], [0.05371218, 0.04030245, -0.10646282], [0.03792091, 0.07451611, 0.09480747], [-0.05193769, 0.09421683, 0.06778495], [-0.03037773, 0.01523942, -0.1194298], [-0.1112876, -0.03255456, -0.05245044], [-0.0110738, -0.00054836, 0.12339074], [-0.00362653, -0.11242747, 0.05918175], [-0.00366954, -0.01863373, -0.12259657]], "atomic quadrupole moments": [[0.12777095, 0.13076404, -0.04767329, 0.08812115, 0.05733148, -0.08009766], [0.20288919, 0.04990731, -0.10898172, -0.04264632, 0.10859526, -0.09390748], [0.13429985, 0.00308415, 0.08854144, -0.04932434, 0.04647198, -0.22284129], [0.14287595, -0.06723479, 0.08793228, 0.04860561, -0.0719589, -0.23080823], [0.13877353, 0.08590888, 0.07514948, -0.00833599, -0.10363808, -0.21392302], [0.01458325, -0.06616862, 0.1816766, -0.10240628, -0.04202069, -0.19625985], [0.20318703, -0.02117625, 0.00666124, -0.00283506, 0.10341038, -0.20984827], [0.03518324, -0.03005392, -0.0259346, -0.04983114, 0.0363145, -0.00924863], [-0.03165699, -0.01602113, 0.0774727, 0.0127941, -0.02116983, -0.04581571], [-0.03873155, 0.01043242, -0.03886358, 0.01217197, -0.02830885, 0.07759513], [-0.01291393, -0.00927122, 0.05401691, 0.00219577, -0.02081573, -0.04110298], [-0.01627579, -0.00040832, -0.03526958, 0.00972116, -0.02536539, 0.05154536], [-0.0235247, 0.00304896, -0.00218563, 0.00823015, 0.00086267, 0.02571033], [-0.00312035, -0.00251613, -0.03578185, -0.02121662, -0.02462693, 0.0389022], [-0.02166898, -0.00441277, -0.0024976, 0.02031936, 0.0342667, 0.02416658], [-0.01725377, -0.02007782, 0.01218738, -0.01373744, 0.03949524, 0.00506638], [-0.00907595, 0.01718516, -0.04080832, 0.00781243, -0.00947712, 0.04988427], [0.0332077, 0.02255969, -0.03208603, 0.03484863, 0.00673958, -0.00112167], [-0.04129201, -0.0091627, -0.01352919, -0.003331, 0.00225438, 0.05482119], [-0.03773314, 0.00408865, 0.03574358, 0.0008848, -0.03801832, 0.00198956], [-0.01602106, -0.0033362, -0.04097448, 0.00249181, 0.00883064, 0.05699554]], "number of molecular orbitals": 42, "number of electrons": 42, "number of unpaired electrons": 0, "orbital energies/eV": [-17.22663895, -16.70857565, -16.22069864, -16.07761174, -15.35080411, -15.02727849, -14.7794469, -14.19904596, -13.97319884, -13.50169832, -13.11192657, -13.05977608, -12.9486748, -12.34068832, -11.96785219, -11.90431103, -11.82135331, -11.49724738, -11.43447786, -11.36875709, -11.20558155, 1.56512177, 1.82888076, 1.93877098, 3.13969862, 3.50843295, 3.61697975, 4.11918029, 4.26600208, 4.46130069, 4.91963752, 5.08854863, 5.25957546, 5.57501419, 5.67970518, 6.17796789, 6.70304195, 7.64970675, 7.83814389, 8.27972808, 8.74156555, 9.54955664], "fractional occupation": [2.0, 2.0, 2.0, 2.0, 2.0, 2.0, 2.0, 2.0, 2.0, 2.0, 2.0, 2.0, 2.0, 2.0, 2.0, 2.0, 2.0, 2.0, 2.0, 2.0, 2.0, 0.0, 0.0, 0.0, 0.0, 0.0, 0.0, 0.0, 0.0, 0.0, 0.0, 0.0, 0.0, 0.0, 0.0, 0.0, 0.0, 0.0, 0.0, 0.0, 0.0, 0.0], "program call": "xtb /tmp/scratch/tmp3kyeeujc/509449_ec0877_xyzopt.xyz --pop --wbo --acc 0.2 --gfn 2 --chrg 0 --uhf 0 --etemp 300 --input /tmp/scratch/tmp3kyeeujc/509449_ec0877_xtb.inp", "method": "GFN2-xTB", "xtb version": "6.3.3 (7355c4f)", "Dipole module/D": 0.062, "Total charge": 0, "Transition dipole module/D": NaN, "HOMO": -11.2056, "LUMO": 1.5651, "HOMO occupancy": 2.0, "LUMO occupancy": 0, "mulliken charges": [-0.08568, -0.04444, -0.01451, -0.0562, -0.0471, -0.04503, -0.05149, 0.02874, 0.02781, 0.02737, 0.02385, 0.02249, 0.02013, 0.02551, 0.02433, 0.02418, 0.02342, 0.02463, 0.0234, 0.0245, 0.02407], "cm5 charges": [-0.23826, -0.15589, -0.08468, -0.16475, -0.15704, -0.155, -0.15994, 0.08031, 0.08062, 0.07963, 0.07928, 0.07837, 0.0797, 0.08194, 0.07962, 0.07871, 0.07881, 0.0791, 0.0792, 0.0794, 0.08087], "FUKUI+": [0.005, -0.004, -0.042, -0.005, -0.004, 0.001, -0.015, -0.074, -0.041, -0.048, -0.074, -0.053, -0.075, -0.064, -0.076, -0.078, -0.066, -0.088, -0.062, -0.071, -0.064], "FUKUI-": [0.021, 0.009, -0.001, 0.01, 0.01, 0.011, 0.016, -0.064, -0.06, -0.066, -0.082, -0.08, -0.087, -0.08, -0.087, -0.088, -0.104, -0.073, -0.089, -0.057, -0.061], "FUKUIrad": [0.013, 0.003, -0.021, 0.003, 0.003, 0.006, 0.001, -0.069, -0.051, -0.057, -0.078, -0.066, -0.081, -0.072, -0.082, -0.083, -0.085, -0.081, -0.076, -0.064, -0.063], "s proportion": [1.005, 1.029, 1.058, 1.034, 1.029, 1.028, 1.032, 0.971, 0.972, 0.973, 0.976, 0.978, 0.98, 0.974, 0.976, 0.976, 0.977, 0.975, 0.977, 0.975, 0.976], "p proportion": [3.081, 3.016, 2.956, 3.022, 3.018, 3.017, 3.02, 0.0, 0.0, 0.0, 0.0, 0.0, 0.0, 0.0, 0.0, 0.0, 0.0, 0.0, 0.0, 0.0, 0.0], "d proportion": [0.0, 0.0, 0.0, 0.0, 0.0, 0.0, 0.0, 0.0, 0.0, 0.0, 0.0, 0.0, 0.0, 0.0, 0.0, 0.0, 0.0, 0.0, 0.0, 0.0, 0.0], "Fermi-level/eV": -4.8202, "Coordination numbers": [3.752, 3.801, 3.872, 3.819, 3.823, 3.826, 3.831, 0.925, 0.925, 0.925, 0.924, 0.924, 0.924, 0.925, 0.925, 0.925, 0.924, 0.925, 0.924, 0.925, 0.924], "Dispersion coefficient C6": [22.506, 21.563, 20.892, 21.661, 21.578, 21.544, 21.622, 2.56, 2.519, 2.554, 2.611, 2.589, 2.619, 2.568, 2.631, 2.641, 2.603, 2.64, 2.595, 2.661, 2.565], "Total dispersion C6": 3027.697684, "Total dispersion C8": 64079.419866, "Polarizability alpha": [6.765, 6.611, 6.499, 6.624, 6.61, 6.605, 6.616, 2.502, 2.482, 2.499, 2.527, 2.516, 2.531, 2.506, 2.536, 2.541, 2.523, 2.541, 2.519, 2.551, 2.505], "Total polarizability alpha": 81.610935, "Wiberg matrix": [[0.0, 1.018709476854894, 0.0, 0.0, 0.0, 0.0, 0.0, 0.9875551120050918, 0.9871914994671345, 0.98788356359864, 0.0, 0.0, 0.0, 0.0, 0.0, 0.0, 0.0, 0.0, 0.0, 0.0, 0.0], [1.018709476854894, 0.0, 1.0012197892479535, 0.0, 0.0, 0.0, 0.0, 0.0, 0.0, 0.0, 0.9772360774055882, 0.9766436138935469, 0.0, 0.0, 0.0, 0.0, 0.0, 0.0, 0.0, 0.0, 0.0], [0.0, 1.0012197892479535, 0.0, 0.9916670322515724, 0.0, 0.0, 0.994632598169708, 0.0, 0.0, 0.0, 0.0, 0.0, 0.9715108212301795, 0.0, 0.0, 0.0, 0.0, 0.0, 0.0, 0.0, 0.0], [0.0, 0.0, 0.9916670322515724, 0.0, 1.002196124833286, 0.0, 0.0, 0.0, 0.0, 0.0, 0.0, 0.0, 0.0, 0.9805231128667307, 0.9843373791078187, 0.0, 0.0, 0.0, 0.0, 0.0, 0.0], [0.0, 0.0, 0.0, 1.002196124833286, 0.0, 1.0064083041885041, 0.0, 0.0, 0.0, 0.0, 0.0, 0.0, 0.0, 0.0, 0.0, 0.9824520058555601, 0.9832183458056043, 0.0, 0.0, 0.0, 0.0], [0.0, 0.0, 0.0, 0.0, 1.0064083041885041, 0.0, 1.008266642404094, 0.0, 0.0, 0.0, 0.0, 0.0, 0.0, 0.0, 0.0, 0.0, 0.0, 0.9798985106970882, 0.9805571329609751, 0.0, 0.0], [0.0, 0.0, 0.994632598169708, 0.0, 0.0, 1.008266642404094, 0.0, 0.0, 0.0, 0.0, 0.0, 0.0, 0.0, 0.0, 0.0, 0.0, 0.0, 0.0, 0.0, 0.9799894339726648, 0.9782586763124256], [0.9875551120050918, 0.0, 0.0, 0.0, 0.0, 0.0, 0.0, 0.0, 0.0, 0.0, 0.0, 0.0, 0.0, 0.0, 0.0, 0.0, 0.0, 0.0, 0.0, 0.0, 0.0], [0.9871914994671345, 0.0, 0.0, 0.0, 0.0, 0.0, 0.0, 0.0, 0.0, 0.0, 0.0, 0.0, 0.0, 0.0, 0.0, 0.0, 0.0, 0.0, 0.0, 0.0, 0.0], [0.98788356359864, 0.0, 0.0, 0.0, 0.0, 0.0, 0.0, 0.0, 0.0, 0.0, 0.0, 0.0, 0.0, 0.0, 0.0, 0.0, 0.0, 0.0, 0.0, 0.0, 0.0], [0.0, 0.9772360774055882, 0.0, 0.0, 0.0, 0.0, 0.0, 0.0, 0.0, 0.0, 0.0, 0.0, 0.0, 0.0, 0.0, 0.0, 0.0, 0.0, 0.0, 0.0, 0.0], [0.0, 0.9766436138935469, 0.0, 0.0, 0.0, 0.0, 0.0, 0.0, 0.0, 0.0, 0.0, 0.0, 0.0, 0.0, 0.0, 0.0, 0.0, 0.0, 0.0, 0.0, 0.0], [0.0, 0.0, 0.9715108212301795, 0.0, 0.0, 0.0, 0.0, 0.0, 0.0, 0.0, 0.0, 0.0, 0.0, 0.0, 0.0, 0.0, 0.0, 0.0, 0.0, 0.0, 0.0], [0.0, 0.0, 0.0, 0.9805231128667307, 0.0, 0.0, 0.0, 0.0, 0.0, 0.0, 0.0, 0.0, 0.0, 0.0, 0.0, 0.0, 0.0, 0.0, 0.0, 0.0, 0.0], [0.0, 0.0, 0.0, 0.9843373791078187, 0.0, 0.0, 0.0, 0.0, 0.0, 0.0, 0.0, 0.0, 0.0, 0.0, 0.0, 0.0, 0.0, 0.0, 0.0, 0.0, 0.0], [0.0, 0.0, 0.0, 0.0, 0.9824520058555601, 0.0, 0.0, 0.0, 0.0, 0.0, 0.0, 0.0, 0.0, 0.0, 0.0, 0.0, 0.0, 0.0, 0.0, 0.0, 0.0], [0.0, 0.0, 0.0, 0.0, 0.9832183458056043, 0.0, 0.0, 0.0, 0.0, 0.0, 0.0, 0.0, 0.0, 0.0, 0.0, 0.0, 0.0, 0.0, 0.0, 0.0, 0.0], [0.0, 0.0, 0.0, 0.0, 0.0, 0.9798985106970882, 0.0, 0.0, 0.0, 0.0, 0.0, 0.0, 0.0, 0.0, 0.0, 0.0, 0.0, 0.0, 0.0, 0.0, 0.0], [0.0, 0.0, 0.0, 0.0, 0.0, 0.9805571329609751, 0.0, 0.0, 0.0, 0.0, 0.0, 0.0, 0.0, 0.0, 0.0, 0.0, 0.0, 0.0, 0.0, 0.0, 0.0], [0.0, 0.0, 0.0, 0.0, 0.0, 0.0, 0.9799894339726648, 0.0, 0.0, 0.0, 0.0, 0.0, 0.0, 0.0, 0.0, 0.0, 0.0, 0.0, 0.0, 0.0, 0.0], [0.0, 0.0, 0.0, 0.0, 0.0, 0.0, 0.9782586763124256, 0.0, 0.0, 0.0, 0.0, 0.0, 0.0, 0.0, 0.0, 0.0, 0.0, 0.0, 0.0, 0.0, 0.0]], "Born radii": [], "Atomic SASAs": [], "Solvent H bonds": [], "Total SASA": NaN, "Total FOD": 0.0, "FOD": [0.0, 0.0, 0.0, 0.0, 0.0, 0.0, 0.0, 0.0, 0.0, 0.0, 0.0, 0.0, 0.0, 0.0, 0.0, 0.0, 0.0, 0.0, 0.0, 0.0, 0.0], "FOD s proportion": [0.0, 0.0, 0.0, 0.0, 0.0, 0.0, 0.0, 0.0, 0.0, 0.0, 0.0, 0.0, 0.0, 0.0, 0.0, 0.0, 0.0, 0.0, 0.0, 0.0, 0.0], "FOD p proportion": [0.0, 0.0, 0.0, 0.0, 0.0, 0.0, 0.0, 0.0, 0.0, 0.0, 0.0, 0.0, 0.0, 0.0, 0.0, 0.0, 0.0, 0.0, 0.0, 0.0, 0.0], "FOD d proportion": [0.0, 0.0, 0.0, 0.0, 0.0, 0.0, 0.0, 0.0, 0.0, 0.0, 0.0, 0.0, 0.0, 0.0, 0.0, 0.0, 0.0, 0.0, 0.0, 0.0, 0.0], "coordinates": [["2.70147479210345", "-0.07248103087385", "0.03662211903493"], ["1.43495881246650", "-0.77143985528253", "-0.44372713962838"], ["0.19050761741262", "-0.30630701503590", "0.30880588873035"], ["-0.19416402652756", "1.15977492979432", "0.02472394812639"], ["-1.72568820473096", "1.19045234197459", "-0.12385311784930"], ["-2.20366409243817", "-0.18205187001433", "0.35115817866792"], ["-1.06359085616819", "-1.10550376461730", "-0.06042118449967"], ["3.56928901189222", "-0.43913531079160", "-0.50736300610968"], ["2.63051629856433", "1.00186752976833", "-0.11508819138508"], ["2.85872766121201", "-0.25797284871335", "1.09720322180777"], ["1.54715077097346", "-1.84985327844581", "-0.30557424756068"], ["1.29956918743406", "-0.58770291063317", "-1.51240066770267"], ["0.37222317687949", "-0.42634929223788", "1.38189792519892"], ["0.28309167921469", "1.50735944255501", "-0.89169945320304"], ["0.13501348355872", "1.80947001121690", "0.83494023117648"], ["-2.17730557212815", "2.00056733850533", "0.44757812367880"], ["-1.99809348633751", "1.32905510971262", "-1.17100012789419"], ["-3.15906876100219", "-0.46548327411035", "-0.08877622701260"], ["-2.30920685231599", "-0.18921418430549", "1.43741919734412"], ["-1.10050748808144", "-2.07314924295702", "0.43862789743393"], ["-1.09123315198140", "-1.27190482550852", "-1.13907436835432"]], "bond_dist": [[0.0, 1.5242511522688438, 2.5364768376095634, 3.146954160301035, 4.606574129051569, 4.9164342951209665, 3.9054158174241627, 1.0878679595558425, 1.0873251380553108, 1.0881029155769824, 2.146768363263244, 2.1518049408853246, 2.7130062344333825, 3.0341809016062027, 3.2811240728227324, 5.316851720891825, 5.050603632079702, 5.875044361213663, 5.204112760637645, 4.315014623329352, 4.147952894949458], [1.5242511522688438, 0.0, 1.526863875634527, 2.5696455382503864, 3.7337688668136244, 3.7707820820777243, 2.5497593214638283, 2.1609815441073956, 2.1637884237473273, 2.1599149243173845, 1.0929998940526209, 1.0927729521736238, 2.1404208476780178, 2.5923740714295156, 3.160054404959553, 4.639709359326476, 4.089847574635827, 4.617866274127041, 4.230422531897473, 2.983552765178351, 2.6675117237158092], [2.5364768376095634, 1.526863875634527, 0.0, 1.5420995725264024, 2.469673828175181, 2.3977679691281932, 1.5322555457837963, 3.4784966196245284, 2.8008300903350722, 2.7826794189360915, 2.1448726454638702, 2.1508125295692393, 1.0949690459553902, 2.176963689155319, 2.18091938640853, 3.3086955612117124, 3.1071224496689007, 3.3768432796098273, 2.7451869083104645, 2.1921006397797838, 2.161387464193281], [3.146954160301035, 2.5696455382503864, 1.5420995725264024, 0.0, 1.5390199987568787, 2.4382676191199173, 2.4278880264674645, 4.123494786793093, 2.8325432247891587, 3.5327564610384528, 3.4927261664643634, 2.76544206264837, 2.162985371181086, 1.0901467115387824, 1.0894548899751653, 2.1951282236387164, 2.1708462269950535, 3.3830469407955444, 2.879042488752335, 3.382982952412528, 2.8411663044664475], [4.606574129051569, 3.7337688668136244, 2.469673828175181, 1.5390199987568787, 0.0, 1.5290076824449874, 2.390357913062166, 5.553325082957063, 4.360293422450026, 4.960421650378701, 4.4707891691997075, 3.773868398530805, 3.046730361079494, 2.17375590332934, 2.1828143150012367, 1.089393509221124, 1.0908401465465682, 2.190418446778104, 2.16368781898097, 3.3702123265741846, 2.7379573082303286], [4.9164342951209665, 3.7707820820777243, 2.3977679691281932, 2.4382676191199173, 1.5290076824449874, 0.0, 1.5237873729265379, 5.842100483989616, 4.998834951818515, 5.117632017723188, 4.157098887110545, 3.988740121121652, 2.7851931494631845, 3.253115421251752, 3.10960082361432, 2.1849069057485773, 2.1546854732206575, 1.0893455479521819, 1.0913998229815178, 2.1910852834583183, 2.1554756101819725], [3.9054158174241627, 2.5497593214638283, 1.5322555457837963, 2.4278880264674645, 2.390357913062166, 1.5237873729265379, 0.0, 4.701848549245027, 4.253284604242746, 4.176480033625834, 2.7258261255544465, 2.821504480894428, 2.1454829640552604, 3.054771931015228, 3.2764914987978946, 3.338577760560477, 2.8343884116125, 2.191222920278117, 2.15282874709746, 1.0893808313174476, 1.0917628408328073], [1.0878679595558425, 2.1609815441073956, 3.4784966196245284, 4.123494786793093, 5.553325082957063, 5.842100483989616, 4.701848549245027, 0.0, 1.7639906247080837, 1.764185378728656, 2.4738405269388704, 2.4867249776526092, 3.7135832160118802, 3.838704109288334, 4.318825335609695, 6.315648097498815, 5.879001571199656, 6.741417315882065, 6.196882443119906, 5.037052677038846, 4.776298896613159], [1.0873251380553108, 2.1637884237473273, 2.8008300903350722, 2.8325432247891587, 4.360293422450026, 4.998834951818515, 4.253284604242746, 1.7639906247080837, 0.0, 1.763215436580423, 3.0565139247140825, 2.500127307577961, 3.062786076002668, 2.523697578832302, 2.7896792058259345, 4.942584934059082, 4.75878453715035, 5.9726966994037465, 5.313174159483461, 4.866504716536889, 4.479956181357442], [1.0881029155769824, 2.1599149243173845, 2.7826794189360915, 3.5327564610384528, 4.960421650378701, 5.117632017723188, 4.176480033625834, 1.764185378728656, 1.763215436580423, 0.0, 2.4944141336475742, 3.057732741793379, 2.5084071143812907, 3.7021659418533974, 3.429536525083379, 5.557395727560474, 5.5903591866452675, 6.137058058132312, 5.17957737658732, 4.405011891867523, 4.650933878221929], [2.146768363263244, 1.0929998940526209, 2.1448726454638702, 3.4927261664643634, 4.4707891691997075, 4.157098887110545, 2.7258261255544465, 2.4738405269388704, 3.0565139247140825, 2.4944141336475742, 0.0, 1.763731895677512, 2.500876003313902, 3.6348680028574676, 4.084795213102375, 5.409672122542721, 4.8397497185961456, 4.910395500748024, 4.5461238949979075, 2.759310090787767, 2.826626362029884], [2.1518049408853246, 1.0927729521736238, 2.1508125295692393, 2.76544206264837, 3.773868398530805, 3.988740121121652, 2.821504480894428, 2.4867249776526092, 2.500127307577961, 3.057732741793379, 1.763731895677512, 0.0, 3.043512766251007, 2.4099341870979734, 3.5514275017562396, 4.757028257107732, 3.8295031984746655, 4.681997067803193, 4.677979799690137, 3.431243406776455, 2.5146452259232643], [2.7130062344333825, 2.1404208476780178, 1.0949690459553902, 2.162985371181086, 3.046730361079494, 2.7851931494631845, 2.1454829640552604, 3.7135832160118802, 3.062786076002668, 2.5084071143812907, 2.500876003313902, 3.043512766251007, 0.0, 2.9860373296338003, 2.313940171084096, 3.6418367160139167, 3.9009145296709535, 3.825498226514871, 2.6924677662965624, 2.402216483684306, 3.0351227143545074], [3.0341809016062027, 2.5923740714295156, 2.176963689155319, 1.0901467115387824, 2.17375590332934, 3.253115421251752, 3.054771931015228, 3.838704109288334, 2.523697578832302, 3.7021659418533974, 3.6348680028574676, 2.4099341870979734, 2.9860373296338003, 0.0, 1.7591141371156525, 2.844375694415496, 2.3051262571774065, 4.047871365057157, 3.875973095399571, 4.062531226048904, 3.1103493311882144], [3.2811240728227324, 3.160054404959553, 2.18091938640853, 1.0894548899751653, 2.1828143150012367, 3.10960082361432, 3.2764914987978946, 4.318825335609695, 2.7896792058259345, 3.429536525083379, 4.084795213102375, 3.5514275017562396, 2.313940171084096, 1.7591141371156525, 0.0, 2.35231524377887, 2.967278306252349, 4.1084841948682325, 3.214332351890341, 4.093691220661515, 3.8594410650687254], [5.316851720891825, 4.639709359326476, 3.3086955612117124, 2.1951282236387164, 1.089393509221124, 2.1849069057485773, 3.338577760560477, 6.315648097498815, 4.942584934059082, 5.557395727560474, 5.409672122542721, 4.757028257107732, 3.6418367160139167, 2.844375694415496, 2.35231524377887, 0.0, 1.7614883484078632, 2.707940282302379, 2.4067252474002467, 4.213637502970301, 3.795535995946267], [5.050603632079702, 4.089847574635827, 3.1071224496689007, 2.1708462269950535, 1.0908401465465682, 2.1546854732206575, 2.8343884116125, 5.879001571199656, 4.75878453715035, 5.5903591866452675, 4.8397497185961456, 3.8295031984746655, 3.9009145296709535, 2.3051262571774065, 2.967278306252349, 1.7614883484078632, 0.0, 2.3957128732458846, 3.0341035829261647, 3.8693096879819913, 2.754706428056578], [5.875044361213663, 4.617866274127041, 3.3768432796098273, 3.3830469407955444, 2.190418446778104, 1.0893455479521819, 2.191222920278117, 6.741417315882065, 5.9726966994037465, 6.137058058132312, 4.910395500748024, 4.681997067803193, 3.825498226514871, 4.047871365057157, 4.1084841948682325, 2.707940282302379, 2.3957128732458846, 0.0, 1.7685763616945538, 2.664661234048338, 2.455480810391253], [5.204112760637645, 4.230422531897473, 2.7451869083104645, 2.879042488752335, 2.16368781898097, 1.0913998229815178, 2.15282874709746, 6.196882443119906, 5.313174159483461, 5.17957737658732, 4.5461238949979075, 4.677979799690137, 2.6924677662965624, 3.875973095399571, 3.214332351890341, 2.4067252474002467, 3.0341035829261647, 1.7685763616945538, 0.0, 2.451071096295176, 3.0486059196525916], [4.315014623329352, 2.983552765178351, 2.1921006397797838, 3.382982952412528, 3.3702123265741846, 2.1910852834583183, 1.0893808313174476, 5.037052677038846, 4.866504716536889, 4.405011891867523, 2.759310090787767, 3.431243406776455, 2.402216483684306, 4.062531226048904, 4.093691220661515, 4.213637502970301, 3.8693096879819913, 2.664661234048338, 2.451071096295176, 0.0, 1.769526227348965], [4.147952894949458, 2.6675117237158092, 2.161387464193281, 2.8411663044664475, 2.7379573082303286, 2.1554756101819725, 1.0917628408328073, 4.776298896613159, 4.479956181357442, 4.650933878221929, 2.826626362029884, 2.5146452259232643, 3.0351227143545074, 3.1103493311882144, 3.8594410650687254, 3.795535995946267, 2.754706428056578, 2.455480810391253, 3.0486059196525916, 1.769526227348965, 0.0]]}