{"total energy": -26.06970033, "HOMO-LUMO gap/eV": 3.7750579, "electronic energy": -26.39791717, "dipole": [-0.39386244, -0.72984274, -0.02468029], "partial charges": [0.03768456, -0.27238063, 0.35339356, -0.42995486, -0.09580092, 0.05089878, -0.11704658, -0.12476846, 0.05821704, 0.06233619, 0.05844742, 0.05437855, 0.04823232, 0.05898137, 0.05918033, 0.05846466, 0.08397065, 0.05576601], "atomic dipole moments": [[-0.20762949, -0.13857825, -0.00630425], [0.00453825, 0.24496488, 0.00300669], [0.18081418, -0.01939142, 0.00394552], [0.01611895, -0.19866238, -0.00202905], [0.09720173, 0.07004623, 0.00345117], [-0.12137564, 0.01290737, -0.00454996], [0.0537247, 0.06458756, 0.0017708], [0.02225938, -0.0925423, 0.00219747], [-0.00379894, 0.07528023, -0.10292062], [0.09591347, -0.08095564, 0.00155963], [-0.0088172, 0.07346273, 0.10396439], [0.05255485, -0.13536309, 0.00040267], [0.06018162, -0.11219531, 0.00599466], [-0.08395216, 0.00743756, 0.0969675], [-0.0693794, 0.00349475, -0.10815073], [-0.07074358, 0.01685606, 0.10657453], [0.09363348, 0.0932078, -0.00510003], [-0.08015147, 0.0118465, -0.09955759]], "atomic quadrupole moments": [[0.30903609, 0.36907472, -0.02434271, 0.0175656, 0.01114263, -0.28469338], [0.06909843, 0.04758051, 0.02442314, 0.00424234, 0.00234571, -0.09352157], [-0.11764832, -0.16699047, -0.32641167, -0.01442641, -0.01439128, 0.44405999], [-0.10369558, -0.01878861, -0.07588306, -0.00561018, -0.00360276, 0.17957864], [-0.25412352, 0.13735476, -0.14935153, -0.02241959, 0.00039235, 0.40347505], [-0.42916646, 0.05689483, -0.09863891, -0.03250529, -0.00492128, 0.52780537], [0.05211736, 0.14195278, 0.0718961, 0.00918677, 0.00739123, -0.12401346], [-0.02932042, -0.12737075, 0.13562323, 0.00158959, 0.00260202, -0.10630281], [-0.02148442, 0.02041342, -0.01125689, 0.00820451, -0.04822003, 0.0327413], [0.05317081, -0.04663782, 0.00640402, 0.00227951, -0.00057746, -0.05957483], [-0.02061818, 0.018339, -0.01296158, -0.01040715, 0.04825059, 0.03357976], [0.03327305, 0.00179385, 0.04092132, 0.00333756, 0.00076785, -0.07419437], [0.00524949, -0.04744511, 0.05170194, 0.00488542, -0.00552213, -0.05695143], [-0.00226045, -0.00807201, -0.02863282, -0.0683117, 0.01442495, 0.03089327], [-0.01909512, -0.00497747, -0.031301, 0.06070776, -0.01227761, 0.05039612], [-0.01342866, -0.00193015, -0.03375923, -0.0635618, 0.00834845, 0.04718789], [0.03323231, 0.0422098, 0.02050851, -0.00293397, -0.00477691, -0.05374082], [-0.00462617, 0.00058512, -0.02989073, 0.06992379, -0.00461323, 0.0345169]], "number of molecular orbitals": 42, "number of electrons": 46, "number of unpaired electrons": 0, "orbital energies/eV": [-19.89053137, -19.09695976, -18.09922104, -17.51394351, -16.67626286, -16.33959916, -16.26463063, -15.61786709, -15.53245423, -15.06015224, -14.44537582, -13.93650834, -13.82760308, -13.65191722, -13.53729358, -12.97653271, -12.82450019, -12.65626856, -12.36361592, -12.27224324, -11.91981835, -11.06444509, -10.88301005, -7.10795215, -4.12593101, 0.80850192, 2.67221171, 3.02020962, 3.77972993, 4.19011059, 4.66877272, 5.17375014, 5.3108412, 5.42217267, 5.7135121, 6.03582437, 6.04082114, 6.79680555, 7.40730637, 10.92308436, 14.81592167, 19.69040733], "fractional occupation": [2.0, 2.0, 2.0, 2.0, 2.0, 2.0, 2.0, 2.0, 2.0, 2.0, 2.0, 2.0, 2.0, 2.0, 2.0, 2.0, 2.0, 2.0, 2.0, 2.0, 2.0, 2.0, 2.0, 0.0, 0.0, 0.0, 0.0, 0.0, 0.0, 0.0, 0.0, 0.0, 0.0, 0.0, 0.0, 0.0, 0.0, 0.0, 0.0, 0.0, 0.0, 0.0], "program call": "xtb /tmp/scratch/tmpel09atu4/509763_ca3e69_xyzopt.xyz --pop --wbo --acc 0.2 --gfn 2 --chrg 0 --uhf 0 --etemp 300 --input /tmp/scratch/tmpel09atu4/509763_ca3e69_xtb.inp", "method": "GFN2-xTB", "xtb version": "6.3.3 (7355c4f)", "Dipole module/D": 2.109, "Total charge": 0, "Transition dipole module/D": NaN, "HOMO": -10.883, "LUMO": -7.108, "HOMO occupancy": 2.0, "LUMO occupancy": 0, "mulliken charges": [0.17687, -0.41997, 0.57485, -0.54551, -0.11783, 0.07008, -0.09502, -0.10161, 0.04064, 0.03357, 0.04082, 0.05015, 0.04063, 0.04618, 0.04709, 0.04572, 0.07119, 0.04216], "cm5 charges": [0.0567, -0.50949, 0.63008, -0.60148, -0.16572, 0.04492, -0.24151, -0.247, 0.10272, 0.09447, 0.10296, 0.11353, 0.09369, 0.09874, 0.09958, 0.0985, 0.1343, 0.09499], "FUKUI+": [0.033, -0.083, -0.078, -0.168, -0.046, -0.132, 0.039, 0.037, -0.037, -0.054, -0.037, -0.092, -0.052, -0.073, -0.074, -0.076, -0.034, -0.075], "FUKUI-": [0.026, -0.094, -0.011, -0.144, -0.058, -0.048, 0.017, 0.013, -0.064, -0.065, -0.065, -0.077, -0.053, -0.076, -0.077, -0.084, -0.061, -0.08], "FUKUIrad": [0.029, -0.089, -0.045, -0.156, -0.052, -0.09, 0.028, 0.025, -0.05, -0.059, -0.051, -0.085, -0.052, -0.075, -0.075, -0.08, -0.047, -0.077], "s proportion": [0.971, 1.688, 0.972, 1.723, 1.061, 1.104, 1.009, 1.008, 0.959, 0.966, 0.959, 0.95, 0.959, 0.954, 0.953, 0.954, 0.929, 0.958], "p proportion": [2.852, 4.732, 2.454, 4.822, 3.057, 2.826, 3.086, 3.093, 0.0, 0.0, 0.0, 0.0, 0.0, 0.0, 0.0, 0.0, 0.0, 0.0], "d proportion": [0.0, 0.0, 0.0, 0.0, 0.0, 0.0, 0.0, 0.0, 0.0, 0.0, 0.0, 0.0, 0.0, 0.0, 0.0, 0.0, 0.0, 0.0], "Fermi-level/eV": -8.9955, "Coordination numbers": [3.655, 1.706, 2.724, 0.856, 2.899, 2.939, 3.761, 3.758, 0.924, 0.925, 0.924, 0.926, 0.925, 0.925, 0.925, 0.925, 0.925, 0.925], "Dispersion coefficient C6": [20.232, 18.517, 21.0, 22.289, 30.408, 26.858, 22.788, 22.944, 2.22, 2.172, 2.217, 2.266, 2.342, 2.211, 2.209, 2.217, 1.938, 2.249], "Total dispersion C6": 2815.835742, "Total dispersion C8": 62149.496198, "Polarizability alpha": [6.458, 5.81, 7.502, 6.33, 9.041, 8.5, 6.805, 6.829, 2.33, 2.305, 2.329, 2.354, 2.393, 2.325, 2.324, 2.328, 2.177, 2.345], "Total polarizability alpha": 80.48506, "Wiberg matrix": [[0.0, 0.9661568328364671, 0.0, 0.0, 0.0, 0.0, 0.0, 0.0, 0.9767329491243222, 0.9823168324844705, 0.976699917499996, 0.0, 0.0, 0.0, 0.0, 0.0, 0.0, 0.0], [0.9661568328364671, 0.0, 1.0964081389566311, 0.16153181543133124, 0.0, 0.0, 0.0, 0.0, 0.0, 0.0, 0.0, 0.0, 0.0, 0.0, 0.0, 0.0, 0.0, 0.0], [0.0, 1.0964081389566311, 0.0, 1.7018007907474009, 1.0500751339494543, 0.0, 0.0, 0.0, 0.0, 0.0, 0.0, 0.0, 0.0, 0.0, 0.0, 0.0, 0.0, 0.0], [0.0, 0.16153181543133124, 1.7018007907474009, 0.0, 0.0, 0.0, 0.0, 0.0, 0.0, 0.0, 0.0, 0.0, 0.0, 0.0, 0.0, 0.0, 0.0, 0.0], [0.0, 0.0, 1.0500751339494543, 0.0, 0.0, 1.7826486292012653, 0.0, 0.0, 0.0, 0.0, 0.0, 0.9626199292245957, 0.0, 0.0, 0.0, 0.0, 0.0, 0.0], [0.0, 0.0, 0.0, 0.0, 1.7826486292012653, 0.0, 1.0335151291624427, 1.0397966601333246, 0.0, 0.0, 0.0, 0.0, 0.0, 0.0, 0.0, 0.0, 0.0, 0.0], [0.0, 0.0, 0.0, 0.0, 0.0, 1.0335151291624427, 0.0, 0.0, 0.0, 0.0, 0.0, 0.0, 0.9842057751149653, 0.9665666497572394, 0.9645344675780578, 0.0, 0.0, 0.0], [0.0, 0.0, 0.0, 0.0, 0.0, 1.0397966601333246, 0.0, 0.0, 0.0, 0.0, 0.0, 0.0, 0.0, 0.0, 0.0, 0.9599857155552511, 0.9720973829017133, 0.9652545501018479], [0.9767329491243222, 0.0, 0.0, 0.0, 0.0, 0.0, 0.0, 0.0, 0.0, 0.0, 0.0, 0.0, 0.0, 0.0, 0.0, 0.0, 0.0, 0.0], [0.9823168324844705, 0.0, 0.0, 0.0, 0.0, 0.0, 0.0, 0.0, 0.0, 0.0, 0.0, 0.0, 0.0, 0.0, 0.0, 0.0, 0.0, 0.0], [0.976699917499996, 0.0, 0.0, 0.0, 0.0, 0.0, 0.0, 0.0, 0.0, 0.0, 0.0, 0.0, 0.0, 0.0, 0.0, 0.0, 0.0, 0.0], [0.0, 0.0, 0.0, 0.0, 0.9626199292245957, 0.0, 0.0, 0.0, 0.0, 0.0, 0.0, 0.0, 0.0, 0.0, 0.0, 0.0, 0.0, 0.0], [0.0, 0.0, 0.0, 0.0, 0.0, 0.0, 0.9842057751149653, 0.0, 0.0, 0.0, 0.0, 0.0, 0.0, 0.0, 0.0, 0.0, 0.0, 0.0], [0.0, 0.0, 0.0, 0.0, 0.0, 0.0, 0.9665666497572394, 0.0, 0.0, 0.0, 0.0, 0.0, 0.0, 0.0, 0.0, 0.0, 0.0, 0.0], [0.0, 0.0, 0.0, 0.0, 0.0, 0.0, 0.9645344675780578, 0.0, 0.0, 0.0, 0.0, 0.0, 0.0, 0.0, 0.0, 0.0, 0.0, 0.0], [0.0, 0.0, 0.0, 0.0, 0.0, 0.0, 0.0, 0.9599857155552511, 0.0, 0.0, 0.0, 0.0, 0.0, 0.0, 0.0, 0.0, 0.0, 0.0], [0.0, 0.0, 0.0, 0.0, 0.0, 0.0, 0.0, 0.9720973829017133, 0.0, 0.0, 0.0, 0.0, 0.0, 0.0, 0.0, 0.0, 0.0, 0.0], [0.0, 0.0, 0.0, 0.0, 0.0, 0.0, 0.0, 0.9652545501018479, 0.0, 0.0, 0.0, 0.0, 0.0, 0.0, 0.0, 0.0, 0.0, 0.0]], "Born radii": [], "Atomic SASAs": [], "Solvent H bonds": [], "Total SASA": NaN, "Total FOD": 0.0, "FOD": [0.0, 0.0, 0.0, 0.0, 0.0, 0.0, 0.0, 0.0, 0.0, 0.0, 0.0, 0.0, 0.0, 0.0, 0.0, 0.0, 0.0, 0.0], "FOD s proportion": [0.0, 0.0, 0.0, 0.0, 0.0, 0.0, 0.0, 0.0, 0.0, 0.0, 0.0, 0.0, 0.0, 0.0, 0.0, 0.0, 0.0, 0.0], "FOD p proportion": [0.0, 0.0, 0.0, 0.0, 0.0, 0.0, 0.0, 0.0, 0.0, 0.0, 0.0, 0.0, 0.0, 0.0, 0.0, 0.0, 0.0, 0.0], "FOD d proportion": [0.0, 0.0, 0.0, 0.0, 0.0, 0.0, 0.0, 0.0, 0.0, 0.0, 0.0, 0.0, 0.0, 0.0, 0.0, 0.0, 0.0, 0.0], "coordinates": [["3.41857459665947", "0.62117594986427", "-0.26577052858162"], ["2.28865542914153", "-0.23301747457927", "-0.30070810380719"], ["1.08532956984339", "0.38014976555639", "-0.31990936865780"], ["0.97787637598671", "1.58471531339186", "-0.30718992621598"], ["0.02243227322373", "-0.62612090978680", "-0.35857428410185"], ["-1.29630487262196", "-0.39971619456142", "-0.40191079567943"], ["-2.26314983347812", "-1.54073520837928", "-0.44825524731758"], ["-1.91860327079123", "0.95563615524782", "-0.40596170490384"], ["3.43516807196946", "1.26664338633437", "-1.14699379058935"], ["4.29117002032980", "-0.02694428332180", "-0.25066387764642"], ["3.39238459213156", "1.25081708121570", "0.62657303598038"], ["0.39845578253363", "-1.63950666875585", "-0.35512332726446"], ["-1.75531406774892", "-2.49977963879063", "-0.39729614219590"], ["-2.96622371618683", "-1.46810421935232", "0.38048482640551"], ["-2.84156115349138", "-1.49875476372254", "-1.37067712875540"], ["-2.51108104557897", "1.08803044917669", "0.49917206868163"], ["-1.16475339209238", "1.73349592657533", "-0.45083437312561"], ["-2.59305635982945", "1.05201733388754", "-1.25588133222514"]], "bond_dist": [[0.0, 1.4168925032089266, 2.3462857862350828, 2.6243344824855543, 3.6191359015883315, 4.826058780488182, 6.081870849395968, 5.349484534392955, 1.0924550299530364, 1.087065233083115, 1.092433479824697, 3.7735642933704536, 6.043739462045538, 6.748954519409373, 6.701061440983287, 5.996991440394613, 4.719999979833048, 6.1078351695747815], [1.4168925032089266, 0.0, 1.3506797831473798, 2.241056944541232, 2.300792515202509, 3.590260549501394, 4.738230363718617, 4.373214097252138, 2.068737151397653, 2.0137118146966793, 2.068775813473191, 2.356698447811264, 4.636941799294051, 5.440883927018914, 5.391293609533622, 5.042067644723051, 3.9769014747962115, 5.137585069450038], [2.3462857862350828, 1.3506797831473798, 0.0, 1.2094156159559863, 1.4641811059098244, 2.5074085760643987, 3.8624585515095395, 3.0597715764966273, 2.6441786185422482, 3.2323263289204505, 2.6412863140356686, 2.133552843318589, 4.045891541123525, 4.507957281380513, 4.478265944405052, 3.755816659257931, 2.628984694503421, 3.8546040774085264], [2.6243344824855543, 2.241056944541232, 1.2094156159559863, 0.0, 2.4090061418474593, 3.019741843998081, 4.5047298786159145, 2.9656518331852846, 2.6162421066377424, 3.684909310076768, 2.6102205318422946, 3.2762224016720993, 4.915439771402985, 5.034732287021898, 5.022638329405244, 3.615209455986462, 2.152587215665344, 3.7330072495144053], [3.6191359015883315, 2.300792515202509, 1.4641811059098244, 2.4090061418474593, 0.0, 1.3387325379422268, 2.4634219201811094, 2.5043601904611585, 3.9813223470251335, 4.311934512384385, 3.981204603640205, 1.0809053081274524, 2.5831141027659132, 3.191740729672517, 3.1604272431837295, 3.1769062661180945, 2.6430500075485437, 3.234515217636875], [4.826058780488182, 3.590260549501394, 2.5074085760643987, 3.019741843998081, 1.3387325379422268, 0.0, 1.4962825189196298, 1.4913925366458731, 5.071364623801737, 5.60193807600459, 5.0760070905509815, 2.100353104924821, 2.1496458326956382, 2.1312495923911197, 2.1293686759628017, 2.1215611126675618, 2.1378244226840537, 2.125643510677619], [6.081870849395968, 4.738230363718617, 3.8624585515095395, 4.5047298786159145, 2.4634219201811094, 1.4962825189196298, 0.0, 2.520391053532503, 6.390652320182538, 6.729763298970892, 6.397897284528444, 2.665065442180171, 1.0863978161113894, 1.089219103260996, 1.0895797998349395, 2.8052624275423743, 3.453559166924022, 2.7355920665522064], [5.349484534392955, 4.373214097252138, 3.0597715764966273, 2.9656518331852846, 2.5043601904611585, 1.4913925366458731, 2.520391053532503, 0.0, 5.4137530088072126, 6.288947929545183, 5.418473202877475, 3.4793840653502803, 3.4592826952270914, 2.7550905879274117, 2.794022527715123, 1.0898739884809752, 1.0841443722204611, 1.0892840188927573], [1.0924550299530364, 2.068737151397653, 2.6441786185422482, 2.6162421066377424, 3.9813223470251335, 5.071364623801737, 6.390652320182538, 5.4137530088072126, 0.0, 1.7915121287670535, 1.7741533717211069, 4.277193998662892, 6.456709209104427, 7.126699952829529, 6.862564457538125, 6.172490841264565, 4.675667514311696, 6.033026656600292], [1.087065233083115, 2.0137118146966793, 3.2323263289204505, 3.684909310076768, 4.311934512384385, 5.60193807600459, 6.729763298970892, 6.288947929545183, 1.7915121287670535, 0.0, 1.7916567621270827, 4.214794581076553, 6.534247129061826, 7.425971619571189, 7.368616543889201, 6.9336889290025665, 5.736402900956271, 7.04039722996375], [1.092433479824697, 2.068775813473191, 2.6412863140356686, 2.6102205318422946, 3.981204603640205, 5.0760070905509815, 6.397897284528444, 5.418473202877475, 1.7741533717211069, 1.7916567621270827, 0.0, 4.275664725653571, 6.450898026095041, 6.919898269786191, 7.100086838228426, 5.90708363151126, 4.7075781671907295, 6.277631653523939], [3.7735642933704536, 2.356698447811264, 2.133552843318589, 3.2762224016720993, 1.0809053081274524, 2.100353104924821, 2.665065442180171, 3.4793840653502803, 4.277193998662892, 4.214794581076553, 4.275664725653571, 0.0, 2.3196061513278114, 3.4484150394807522, 3.3983628953103433, 4.0785639516106595, 3.718861389732836, 4.123689044801024], [6.043739462045538, 4.636941799294051, 4.045891541123525, 4.915439771402985, 2.5831141027659132, 2.1496458326956382, 1.0863978161113894, 3.4592826952270914, 6.456709209104427, 6.534247129061826, 6.450898026095041, 2.3196061513278114, 0.0, 1.7707624298227538, 1.7690263075445254, 3.774549006863256, 4.274605276060876, 3.7488988265360934], [6.748954519409373, 5.440883927018914, 4.507957281380513, 5.034732287021898, 3.191740729672517, 2.1312495923911197, 1.089219103260996, 2.7550905879274117, 7.126699952829529, 7.425971619571189, 6.919898269786191, 3.4484150394807522, 1.7707624298227538, 0.0, 1.755861157270406, 2.5990509721325354, 3.766514361383211, 3.0278640531018675], [6.701061440983287, 5.391293609533622, 4.478265944405052, 5.022638329405244, 3.1604272431837295, 2.1293686759628017, 1.0895797998349395, 2.794022527715123, 6.862564457538125, 7.368616543889201, 7.100086838228426, 3.3983628953103433, 1.7690263075445254, 1.755861157270406, 0.0, 3.208895582681963, 3.7556942751911517, 2.5654182897375826], [5.996991440394613, 5.042067644723051, 3.755816659257931, 3.615209455986462, 3.1769062661180945, 2.1215611126675618, 2.8052624275423743, 1.0898739884809752, 6.172490841264565, 6.9336889290025665, 5.90708363151126, 4.0785639516106595, 3.774549006863256, 2.5990509721325354, 3.208895582681963, 0.0, 1.7696711763860014, 1.757335863360705], [4.719999979833048, 3.9769014747962115, 2.628984694503421, 2.152587215665344, 2.6430500075485437, 2.1378244226840537, 3.453559166924022, 1.0841443722204611, 4.675667514311696, 5.736402900956271, 4.7075781671907295, 3.718861389732836, 4.274605276060876, 3.766514361383211, 3.7556942751911517, 1.7696711763860014, 0.0, 1.7755458446048789], [6.1078351695747815, 5.137585069450038, 3.8546040774085264, 3.7330072495144053, 3.234515217636875, 2.125643510677619, 2.7355920665522064, 1.0892840188927573, 6.033026656600292, 7.04039722996375, 6.277631653523939, 4.123689044801024, 3.7488988265360934, 3.0278640531018675, 2.5654182897375826, 1.757335863360705, 1.7755458446048789, 0.0]]}