{"total energy": -15.77390066, "HOMO-LUMO gap/eV": 5.25876275, "electronic energy": -16.04374814, "dipole": [0.00170505, 0.12574003, 0.01149636], "partial charges": [-0.10064253, -0.04040379, -0.04538905, -0.05055983, -0.09765696, 0.04029192, 0.03962909, 0.04029792, 0.02353697, 0.02409635, 0.03292595, 0.03377843, 0.03402457, 0.0319065, 0.03416445], "atomic dipole moments": [[-0.02409151, -0.05769164, -0.00518271], [0.10678259, 0.10150752, 0.00180685], [-0.13126748, 0.0479584, 0.03681077], [-0.01658722, -0.02903819, -0.09435917], [0.06007564, -0.01251764, 0.07423303], [0.06161811, 0.02978356, -0.10547861], [-0.07922111, 0.09376988, 0.02463397], [0.0859952, -0.0036339, 0.09242811], [0.08300486, -0.10724917, -0.04029315], [-0.03711073, -0.13474937, -0.02355163], [-0.06200203, -0.04989292, 0.0944419], [0.04212519, 0.10940292, 0.0385928], [-0.04847989, -0.10798954, -0.03798487], [-0.09284029, 0.0740721, 0.03560614], [0.05858425, 0.05220666, -0.09701084]], "atomic quadrupole moments": [[-0.020276, 0.10323394, 0.11625414, 0.00428998, 0.02959624, -0.09597814], [-0.37858202, 0.03892839, -0.06526721, 0.18947484, -0.13056612, 0.44384923], [-0.28438187, -0.1963066, -0.1763056, 0.12540898, -0.1149062, 0.46068747], [0.07854316, -0.13274039, -0.08875814, 0.10517194, 0.01712434, 0.01021497], [0.028651, -0.04023033, -0.11268616, 0.17688707, -0.03716921, 0.08403516], [-0.02509775, 0.01270278, -0.0276141, -0.057455, -0.01798682, 0.05271185], [0.0324974, -0.05326658, 0.01801013, -0.02003053, 0.02007436, -0.05050753], [0.00887457, -0.00807901, -0.03460331, 0.06915372, -0.00931446, 0.02572874], [0.04422515, 0.01096463, 0.02652296, -0.02404117, 0.01933698, -0.07074811], [0.04384139, 0.00897616, 0.02396738, -0.02781747, 0.02216072, -0.06780877], [-0.00399503, 0.01770012, -0.01230691, -0.03329342, -0.03332494, 0.01630195], [-0.00419528, 0.02901602, 0.04090729, 0.01612421, 0.01497287, -0.03671201], [-0.03182542, 0.03881789, 0.06326362, 0.02140473, 0.02225229, -0.03143819], [0.02067088, -0.06026603, -0.00464923, -0.02481393, 0.02992186, -0.01602165], [0.00042161, 0.0317297, -0.02890764, -0.04070239, -0.04237724, 0.02848603]], "number of molecular orbitals": 30, "number of electrons": 30, "number of unpaired electrons": 0, "orbital energies/eV": [-16.85265118, -16.47928529, -15.9471459, -15.39095866, -14.41334834, -13.99979746, -13.38339212, -13.23947788, -13.04516993, -12.62088363, -12.3517356, -12.12480463, -11.63346334, -11.27774724, -10.42491583, -5.16615309, 2.89929228, 3.30578192, 3.52142269, 3.90246557, 4.62397282, 4.93764222, 5.15490282, 5.77966963, 6.11146498, 6.72629657, 7.51546056, 7.90428956, 11.30005743, 17.77555338], "fractional occupation": [2.0, 2.0, 2.0, 2.0, 2.0, 2.0, 2.0, 2.0, 2.0, 2.0, 2.0, 2.0, 2.0, 2.0, 2.0, 0.0, 0.0, 0.0, 0.0, 0.0, 0.0, 0.0, 0.0, 0.0, 0.0, 0.0, 0.0, 0.0, 0.0, 0.0], "program call": "xtb /tmp/scratch/tmpkrx869v6/509706_bb2796_xyzopt.xyz --pop --wbo --acc 0.2 --gfn 2 --chrg 0 --uhf 0 --etemp 300 --input /tmp/scratch/tmpkrx869v6/509706_bb2796_xtb.inp", "method": "GFN2-xTB", "xtb version": "6.3.3 (7355c4f)", "Dipole module/D": 0.321, "Total charge": 0, "Transition dipole module/D": NaN, "HOMO": -10.4249, "LUMO": -5.1662, "HOMO occupancy": 2.0, "LUMO occupancy": 0, "mulliken charges": [-0.0831, -0.03764, -0.04933, -0.03626, -0.08154, 0.03476, 0.03146, 0.03553, 0.02409, 0.0247, 0.0275, 0.025, 0.0284, 0.02818, 0.02825], "cm5 charges": [-0.23121, -0.10247, -0.11245, -0.14566, -0.23325, 0.08652, 0.08488, 0.08723, 0.08026, 0.08148, 0.08231, 0.08138, 0.08064, 0.07971, 0.08063], "FUKUI+": [0.048, -0.152, -0.148, 0.022, 0.018, -0.093, -0.067, -0.095, -0.132, -0.131, -0.082, -0.059, -0.037, -0.063, -0.03], "FUKUI-": [0.026, -0.076, -0.072, 0.005, 0.012, -0.116, -0.062, -0.123, -0.094, -0.093, -0.126, -0.069, -0.068, -0.077, -0.068], "FUKUIrad": [0.037, -0.114, -0.11, 0.014, 0.015, -0.105, -0.064, -0.109, -0.113, -0.112, -0.104, -0.064, -0.053, -0.07, -0.049], "s proportion": [1.0, 1.06, 1.063, 1.021, 1.005, 0.965, 0.969, 0.964, 0.976, 0.975, 0.972, 0.975, 0.972, 0.972, 0.972], "p proportion": [3.083, 2.978, 2.987, 3.016, 3.076, 0.0, 0.0, 0.0, 0.0, 0.0, 0.0, 0.0, 0.0, 0.0, 0.0], "d proportion": [0.0, 0.0, 0.0, 0.0, 0.0, 0.0, 0.0, 0.0, 0.0, 0.0, 0.0, 0.0, 0.0, 0.0, 0.0], "Fermi-level/eV": -7.7955, "Coordination numbers": [3.754, 2.886, 2.89, 3.803, 3.754, 0.925, 0.925, 0.924, 0.925, 0.925, 0.924, 0.925, 0.925, 0.925, 0.925], "Dispersion coefficient C6": [22.48, 29.002, 29.125, 21.479, 22.422, 2.445, 2.454, 2.445, 2.68, 2.672, 2.545, 2.533, 2.53, 2.559, 2.528], "Total dispersion C6": 1661.867679, "Total dispersion C8": 35714.633122, "Polarizability alpha": [6.761, 8.829, 8.848, 6.598, 6.752, 2.445, 2.45, 2.445, 2.56, 2.556, 2.495, 2.489, 2.487, 2.502, 2.486], "Total polarizability alpha": 62.704228, "Wiberg matrix": [[0.0, 1.037761775998696, 0.0, 0.0, 0.0, 0.9729917670605589, 0.9806005081131509, 0.970189391545867, 0.0, 0.0, 0.0, 0.0, 0.0, 0.0, 0.0], [1.037761775998696, 0.0, 1.9277428218337789, 0.0, 0.0, 0.0, 0.0, 0.0, 0.9673972801707156, 0.0, 0.0, 0.0, 0.0, 0.0, 0.0], [0.0, 1.9277428218337789, 0.0, 1.0243846887510957, 0.0, 0.0, 0.0, 0.0, 0.0, 0.9671341583027383, 0.0, 0.0, 0.0, 0.0, 0.0], [0.0, 0.0, 1.0243846887510957, 0.0, 1.0021005414822264, 0.0, 0.0, 0.0, 0.0, 0.0, 0.9676351137649739, 0.9720071251580351, 0.0, 0.0, 0.0], [0.0, 0.0, 0.0, 1.0021005414822264, 0.0, 0.0, 0.0, 0.0, 0.0, 0.0, 0.0, 0.0, 0.9882872164306283, 0.9868793715633142, 0.9890366141922198], [0.9729917670605589, 0.0, 0.0, 0.0, 0.0, 0.0, 0.0, 0.0, 0.0, 0.0, 0.0, 0.0, 0.0, 0.0, 0.0], [0.9806005081131509, 0.0, 0.0, 0.0, 0.0, 0.0, 0.0, 0.0, 0.0, 0.0, 0.0, 0.0, 0.0, 0.0, 0.0], [0.970189391545867, 0.0, 0.0, 0.0, 0.0, 0.0, 0.0, 0.0, 0.0, 0.0, 0.0, 0.0, 0.0, 0.0, 0.0], [0.0, 0.9673972801707156, 0.0, 0.0, 0.0, 0.0, 0.0, 0.0, 0.0, 0.0, 0.0, 0.0, 0.0, 0.0, 0.0], [0.0, 0.0, 0.9671341583027383, 0.0, 0.0, 0.0, 0.0, 0.0, 0.0, 0.0, 0.0, 0.0, 0.0, 0.0, 0.0], [0.0, 0.0, 0.0, 0.9676351137649739, 0.0, 0.0, 0.0, 0.0, 0.0, 0.0, 0.0, 0.0, 0.0, 0.0, 0.0], [0.0, 0.0, 0.0, 0.9720071251580351, 0.0, 0.0, 0.0, 0.0, 0.0, 0.0, 0.0, 0.0, 0.0, 0.0, 0.0], [0.0, 0.0, 0.0, 0.0, 0.9882872164306283, 0.0, 0.0, 0.0, 0.0, 0.0, 0.0, 0.0, 0.0, 0.0, 0.0], [0.0, 0.0, 0.0, 0.0, 0.9868793715633142, 0.0, 0.0, 0.0, 0.0, 0.0, 0.0, 0.0, 0.0, 0.0, 0.0], [0.0, 0.0, 0.0, 0.0, 0.9890366141922198, 0.0, 0.0, 0.0, 0.0, 0.0, 0.0, 0.0, 0.0, 0.0, 0.0]], "Born radii": [], "Atomic SASAs": [], "Solvent H bonds": [], "Total SASA": NaN, "Total FOD": 0.0, "FOD": [0.0, 0.0, 0.0, 0.0, 0.0, 0.0, 0.0, 0.0, 0.0, 0.0, 0.0, 0.0, 0.0, 0.0, 0.0], "FOD s proportion": [0.0, 0.0, 0.0, 0.0, 0.0, 0.0, 0.0, 0.0, 0.0, 0.0, 0.0, 0.0, 0.0, 0.0, 0.0], "FOD p proportion": [0.0, 0.0, 0.0, 0.0, 0.0, 0.0, 0.0, 0.0, 0.0, 0.0, 0.0, 0.0, 0.0, 0.0, 0.0], "FOD d proportion": [0.0, 0.0, 0.0, 0.0, 0.0, 0.0, 0.0, 0.0, 0.0, 0.0, 0.0, 0.0, 0.0, 0.0, 0.0], "coordinates": [["2.02484913388622", "0.66696103384192", "0.31194709234394"], ["1.36016345368045", "-0.66204410727870", "0.15819815091508"], ["0.08504450277260", "-0.95656790513367", "0.35898228378054"], ["-1.01366932921630", "-0.02660711783288", "0.77202222806395"], ["-1.99673056344402", "0.19439677677199", "-0.37836409910130"], ["2.55282791371068", "0.92249954203807", "-0.60654320645111"], ["1.31723229591422", "1.45912820142008", "0.53558011573653"], ["2.76310572007909", "0.62217445245262", "1.11322162799847"], ["2.03127743795777", "-1.45544336669947", "-0.14883572805894"], ["-0.24220662265244", "-1.97531494185509", "0.18972467602025"], ["-1.54920156160970", "-0.46889304609281", "1.61698675862212"], ["-0.61408259320777", "0.93369905245621", "1.09731940869064"], ["-2.41905223792568", "-0.75312292509102", "-0.70626943627898"], ["-2.81030384708753", "0.84569507818192", "-0.06632720441996"], ["-1.48925370285760", "0.65344127282085", "-1.22402166786125"]], "bond_dist": [[0.0, 1.4938876984519758, 2.5300001051016836, 3.1504444705692376, 4.107669628886114, 1.0898100523011613, 1.0854778394430755, 1.0904446370256828, 2.1718569405255783, 3.4836909240133034, 3.970784732951247, 2.766210314875087, 4.775108663891456, 4.853219720105169, 3.8351403577281626], [1.4938876984519758, 0.0, 1.3240041066695323, 2.5329118118084883, 3.5057278100591653, 2.125572025238286, 2.154908859991568, 2.1282702257435697, 1.083580254332755, 2.0720193214015272, 3.2603337753376316, 2.7066570566476402, 3.8778951512444486, 4.440325054918473, 3.4293164835936496], [2.5300001051016836, 1.3240041066695323, 0.0, 1.497531684504365, 2.4904190036345977, 3.2485518168268106, 2.717546914229397, 3.19895550197944, 2.0723364826447885, 1.0833221873964207, 2.119236236433069, 2.1463992120084647, 2.7288553596279277, 3.4368709735485794, 2.7525344510581116], [3.1504444705692376, 2.5329118118084883, 1.497531684504365, 0.0, 1.529261525508506, 3.939688908131813, 2.7742416436557296, 3.847254128523094, 3.487298842421422, 2.17524420011646, 1.0937900494018014, 1.0898053752908923, 2.1652419225468025, 2.1660185786194734, 2.1616747083089924], [4.107669628886114, 3.5057278100591653, 2.4904190036345977, 1.529261525508506, 0.0, 4.613098923594557, 3.6629481893051348, 5.006382243401073, 4.358842074620291, 2.847582844655726, 2.1498047916070027, 2.15311984794145, 1.0879664941096157, 1.0878685531443204, 1.087837918526648], [1.0898100523011613, 2.125572025238286, 3.2485518168268106, 3.939688908131813, 4.613098923594557, 0.0, 1.766100940454107, 1.7584092245819827, 2.477120003501921, 4.104094222015256, 4.868953137614009, 3.5961917912066044, 5.247594517061989, 5.39081761314564, 4.097815978974513], [1.0854778394430755, 2.154908859991568, 2.717546914229397, 2.7742416436557296, 3.6629481893051348, 1.766100940454107, 0.0, 1.7676852811813513, 3.077826008371024, 3.7877256276440514, 3.6198272497037345, 2.0788468016604216, 4.516200557371427, 4.216058257487609, 3.4090605047517726], [1.0904446370256828, 2.1282702257435697, 3.19895550197944, 3.847254128523094, 5.006382243401073, 1.7584092245819827, 1.7676852811813513, 0.0, 2.5386723315444923, 4.0781981378089736, 4.476628383607535, 3.3915632620353193, 5.661868217415173, 5.701244699324045, 4.852447269155596], [2.1718569405255783, 1.083580254332755, 2.0723364826447885, 3.487298842421422, 4.358842074620291, 2.477120003501921, 3.077826008371024, 2.5386723315444923, 0.0, 2.3566118423944444, 4.112327863376321, 3.7760871041786848, 4.53975996786283, 5.3612456704282, 4.242352972278956], [3.4836909240133034, 2.0720193214015272, 1.0833221873964207, 2.17524420011646, 2.847582844655726, 4.104094222015256, 3.7877256276440514, 4.0781981378089736, 2.3566118423944444, 0.0, 2.452472171284506, 3.0699156918955426, 2.6523980862327283, 3.8234517719957437, 3.234836067142182], [3.970784732951247, 3.2603337753376316, 2.119236236433069, 1.0937900494018014, 2.1498047916070027, 4.868953137614009, 3.6198272497037345, 4.476628383607535, 4.112327863376321, 2.452472171284506, 0.0, 1.7640199076433463, 2.496987418940881, 2.480336027455553, 3.055250717785672], [2.766210314875087, 2.7066570566476402, 2.1463992120084647, 1.0898053752908923, 2.15311984794145, 3.5961917912066044, 2.0788468016604216, 3.3915632620353193, 3.7760871041786848, 3.0699156918955426, 1.7640199076433463, 0.0, 3.0587933117470185, 2.487007425739824, 2.4966163677863973], [4.775108663891456, 3.8778951512444486, 2.7288553596279277, 2.1652419225468025, 1.0879664941096157, 5.247594517061989, 4.516200557371427, 5.661868217415173, 4.53975996786283, 2.6523980862327283, 2.496987418940881, 3.0587933117470185, 0.0, 1.7660189380009808, 1.7638071130286979], [4.853219720105169, 4.440325054918473, 3.4368709735485794, 2.1660185786194734, 1.0878685531443204, 5.39081761314564, 4.216058257487609, 5.701244699324045, 5.3612456704282, 3.8234517719957437, 2.480336027455553, 2.487007425739824, 1.7660189380009808, 0.0, 1.7670289980439902], [3.8351403577281626, 3.4293164835936496, 2.7525344510581116, 2.1616747083089924, 1.087837918526648, 4.097815978974513, 3.4090605047517726, 4.852447269155596, 4.242352972278956, 3.234836067142182, 3.055250717785672, 2.4966163677863973, 1.7638071130286979, 1.7670289980439902, 0.0]]}