{"total energy": -23.02563077, "HOMO-LUMO gap/eV": 3.98837699, "electronic energy": -23.33790923, "dipole": [-0.2107752, 1.19428507, 0.18146903], "partial charges": [-0.10457504, -0.05013615, -0.08812168, 0.23378729, -0.35113364, -0.08222172, -0.10023579, 0.03364496, 0.03364495, 0.0379733, 0.04470829, 0.0447083, 0.05356809, 0.05356826, 0.05275353, 0.05275383, 0.04955477, 0.04955457, 0.03620388], "atomic dipole moments": [[0.09069674, -0.04095814, -0.0110358], [-0.00849081, 0.12724996, 0.01852998], [0.01460999, -0.0869728, -0.01317267], [0.0046048, -0.02736663, -0.00414441], [-0.02744929, 0.16642044, 0.02517638], [0.01604796, -0.08679356, -0.01322997], [-0.10241536, 0.05659198, 0.01392686], [-0.02261459, 0.08357926, -0.08781005], [-0.01123895, 0.05560711, 0.10949453], [-0.08769637, -0.08796091, -0.00741416], [0.02066319, -0.08707983, 0.08776708], [0.00924925, -0.05901324, -0.11020356], [-0.00701997, 0.06086862, 0.11348014], [-0.01878749, 0.08980552, -0.09063143], [-0.00556473, 0.06086143, 0.11365361], [-0.01736001, 0.08986972, -0.09096334], [0.0061552, -0.05980491, -0.11165822], [0.01773871, -0.08829237, 0.08928527], [0.08928071, 0.08535261, 0.00695372]], "atomic quadrupole moments": [[0.17794297, -0.12802793, -0.05669117, -0.03565956, 0.01717097, -0.1212518], [0.23279727, 0.05070067, 0.01623369, -0.02095203, 0.03557014, -0.24903096], [0.19046068, 0.03747716, 0.04735469, -0.01976422, 0.03921804, -0.23781536], [-0.28033378, 0.00035203, -0.31163807, 0.05158223, -0.13118679, 0.59197185], [-0.12772949, -0.00191831, -0.1294017, 0.02244771, -0.05599899, 0.25713119], [0.19500771, 0.01258054, 0.03517757, -0.02311345, 0.03784485, -0.23018528], [0.19455999, -0.13929141, -0.05634119, -0.03922727, 0.0203671, -0.1382188], [-0.03497431, -0.01578236, 0.00802793, 0.00119106, -0.06565301, 0.02694638], [-0.03470849, -0.00919918, -0.02595463, 0.00446797, 0.05180677, 0.06066312], [0.01937294, 0.05664638, 0.03470959, 0.00373068, 0.00948231, -0.05408253], [-0.01447869, -0.00202894, -0.00423877, 0.00796734, -0.04610369, 0.01871746], [-0.015737, 0.00414894, -0.02701392, -0.00225071, 0.03251631, 0.04275092], [-0.02179127, 0.0215414, -0.02400464, -0.01063896, 0.04341183, 0.04579591], [-0.01802522, 0.01100691, 0.00503027, 0.02108113, -0.05666439, 0.01299495], [-0.00558518, -0.0118271, -0.03794095, 0.00031518, 0.04701225, 0.04352613], [-0.00558552, -0.01811524, -0.00701373, -0.00057644, -0.05987212, 0.01259925], [-0.0307993, -0.00852944, -0.02777744, 0.00418976, 0.04899822, 0.05857673], [-0.03104907, -0.01482697, 0.00470872, 0.00109376, -0.06329135, 0.02634035], [0.02390245, 0.05911134, 0.03169212, 0.00373531, 0.00911977, -0.05559457]], "number of molecular orbitals": 40, "number of electrons": 42, "number of unpaired electrons": 0, "orbital energies/eV": [-19.23595271, -17.47311162, -17.21075577, -16.60053065, -15.95754175, -15.37267499, -15.28501848, -14.92145398, -14.77692299, -13.94342255, -13.91824253, -13.43584148, -13.16918419, -12.98053278, -12.77230189, -12.47907161, -12.36251952, -12.10976619, -12.02593389, -11.6997083, -10.62877005, -6.64039306, 1.19103908, 3.16289027, 3.40404284, 3.65810027, 3.92728291, 3.98710958, 4.27685983, 4.51399212, 4.54795209, 5.12940019, 5.309147, 5.95552947, 6.4661759, 7.05900869, 7.44320452, 7.58764746, 8.10040761, 17.41819803], "fractional occupation": [2.0, 2.0, 2.0, 2.0, 2.0, 2.0, 2.0, 2.0, 2.0, 2.0, 2.0, 2.0, 2.0, 2.0, 2.0, 2.0, 2.0, 2.0, 2.0, 2.0, 2.0, 0.0, 0.0, 0.0, 0.0, 0.0, 0.0, 0.0, 0.0, 0.0, 0.0, 0.0, 0.0, 0.0, 0.0, 0.0, 0.0, 0.0, 0.0, 0.0], "program call": "xtb /tmp/scratch/tmpizit6ssj/509886_04ffd9_xyzopt.xyz --pop --wbo --acc 0.2 --gfn 2 --chrg 0 --uhf 0 --etemp 300 --input /tmp/scratch/tmpizit6ssj/509886_04ffd9_xtb.inp", "method": "GFN2-xTB", "xtb version": "6.3.3 (7355c4f)", "Dipole module/D": 3.117, "Total charge": 0, "Transition dipole module/D": NaN, "HOMO": -10.6288, "LUMO": -6.6404, "HOMO occupancy": 2.0, "LUMO occupancy": 0, "mulliken charges": [-0.08927, -0.0283, -0.09175, 0.39882, -0.48581, -0.08345, -0.07271, 0.02728, 0.02728, 0.03445, 0.03758, 0.03758, 0.04387, 0.04387, 0.04344, 0.04344, 0.04299, 0.04299, 0.02772], "cm5 charges": [-0.24174, -0.13974, -0.19483, 0.41807, -0.54054, -0.18825, -0.22315, 0.07941, 0.07941, 0.08613, 0.09516, 0.09516, 0.1007, 0.1007, 0.09958, 0.09958, 0.09743, 0.09743, 0.07949], "FUKUI+": [0.017, 0.013, 0.032, -0.191, -0.295, 0.03, 0.031, -0.024, -0.024, -0.039, -0.022, -0.022, -0.096, -0.096, -0.097, -0.097, -0.03, -0.03, -0.061], "FUKUI-": [0.013, 0.004, -0.013, -0.035, -0.174, -0.015, 0.019, -0.065, -0.065, -0.089, -0.059, -0.059, -0.067, -0.067, -0.07, -0.07, -0.047, -0.047, -0.096], "FUKUIrad": [0.015, 0.009, 0.009, -0.113, -0.234, 0.007, 0.025, -0.044, -0.044, -0.064, -0.041, -0.041, -0.082, -0.082, -0.083, -0.083, -0.038, -0.038, -0.078], "s proportion": [1.006, 1.022, 1.042, 1.07, 1.729, 1.038, 1.001, 0.973, 0.973, 0.966, 0.962, 0.962, 0.956, 0.956, 0.957, 0.957, 0.957, 0.957, 0.972], "p proportion": [3.083, 3.006, 3.05, 2.531, 4.757, 3.046, 3.072, 0.0, 0.0, 0.0, 0.0, 0.0, 0.0, 0.0, 0.0, 0.0, 0.0, 0.0, 0.0], "d proportion": [0.0, 0.0, 0.0, 0.0, 0.0, 0.0, 0.0, 0.0, 0.0, 0.0, 0.0, 0.0, 0.0, 0.0, 0.0, 0.0, 0.0, 0.0, 0.0], "Fermi-level/eV": -8.6346, "Coordination numbers": [3.752, 3.801, 3.804, 2.812, 0.857, 3.802, 3.753, 0.925, 0.925, 0.925, 0.924, 0.924, 0.924, 0.924, 0.924, 0.924, 0.925, 0.925, 0.925], "Dispersion coefficient C6": [22.558, 21.473, 22.178, 23.108, 20.729, 22.068, 22.474, 2.535, 2.535, 2.476, 2.387, 2.387, 2.276, 2.276, 2.286, 2.286, 2.325, 2.325, 2.5], "Total dispersion C6": 2631.563914, "Total dispersion C8": 56058.481097, "Polarizability alpha": [6.773, 6.597, 6.704, 7.876, 6.104, 6.688, 6.76, 2.49, 2.49, 2.461, 2.416, 2.416, 2.359, 2.359, 2.364, 2.364, 2.385, 2.385, 2.473], "Total polarizability alpha": 76.465347, "Wiberg matrix": [[0.0, 1.0196720284373324, 0.0, 0.0, 0.0, 0.0, 0.0, 0.9877527010846935, 0.987752683088086, 0.9870358089668537, 0.0, 0.0, 0.0, 0.0, 0.0, 0.0, 0.0, 0.0, 0.0], [1.0196720284373324, 0.0, 1.0078848591590244, 0.0, 0.0, 0.0, 0.0, 0.0, 0.0, 0.0, 0.9772726280133375, 0.9772726486746746, 0.0, 0.0, 0.0, 0.0, 0.0, 0.0, 0.0], [0.0, 1.0078848591590244, 0.0, 0.9854627146089658, 0.0, 0.0, 0.0, 0.0, 0.0, 0.0, 0.0, 0.0, 0.9536031175684305, 0.9536028572476458, 0.0, 0.0, 0.0, 0.0, 0.0], [0.0, 0.0, 0.9854627146089658, 0.0, 1.8754601158385948, 0.9838198003537466, 0.0, 0.0, 0.0, 0.0, 0.0, 0.0, 0.0, 0.0, 0.0, 0.0, 0.0, 0.0, 0.0], [0.0, 0.0, 0.0, 1.8754601158385948, 0.0, 0.0, 0.0, 0.0, 0.0, 0.0, 0.0, 0.0, 0.0, 0.0, 0.0, 0.0, 0.0, 0.0, 0.0], [0.0, 0.0, 0.0, 0.9838198003537466, 0.0, 0.0, 1.0200212951781116, 0.0, 0.0, 0.0, 0.0, 0.0, 0.0, 0.0, 0.9553520035937111, 0.9553515573321321, 0.0, 0.0, 0.0], [0.0, 0.0, 0.0, 0.0, 0.0, 1.0200212951781116, 0.0, 0.0, 0.0, 0.0, 0.0, 0.0, 0.0, 0.0, 0.0, 0.0, 0.986635797648663, 0.9866358215604347, 0.9872873871433105], [0.9877527010846935, 0.0, 0.0, 0.0, 0.0, 0.0, 0.0, 0.0, 0.0, 0.0, 0.0, 0.0, 0.0, 0.0, 0.0, 0.0, 0.0, 0.0, 0.0], [0.987752683088086, 0.0, 0.0, 0.0, 0.0, 0.0, 0.0, 0.0, 0.0, 0.0, 0.0, 0.0, 0.0, 0.0, 0.0, 0.0, 0.0, 0.0, 0.0], [0.9870358089668537, 0.0, 0.0, 0.0, 0.0, 0.0, 0.0, 0.0, 0.0, 0.0, 0.0, 0.0, 0.0, 0.0, 0.0, 0.0, 0.0, 0.0, 0.0], [0.0, 0.9772726280133375, 0.0, 0.0, 0.0, 0.0, 0.0, 0.0, 0.0, 0.0, 0.0, 0.0, 0.0, 0.0, 0.0, 0.0, 0.0, 0.0, 0.0], [0.0, 0.9772726486746746, 0.0, 0.0, 0.0, 0.0, 0.0, 0.0, 0.0, 0.0, 0.0, 0.0, 0.0, 0.0, 0.0, 0.0, 0.0, 0.0, 0.0], [0.0, 0.0, 0.9536031175684305, 0.0, 0.0, 0.0, 0.0, 0.0, 0.0, 0.0, 0.0, 0.0, 0.0, 0.0, 0.0, 0.0, 0.0, 0.0, 0.0], [0.0, 0.0, 0.9536028572476458, 0.0, 0.0, 0.0, 0.0, 0.0, 0.0, 0.0, 0.0, 0.0, 0.0, 0.0, 0.0, 0.0, 0.0, 0.0, 0.0], [0.0, 0.0, 0.0, 0.0, 0.0, 0.9553520035937111, 0.0, 0.0, 0.0, 0.0, 0.0, 0.0, 0.0, 0.0, 0.0, 0.0, 0.0, 0.0, 0.0], [0.0, 0.0, 0.0, 0.0, 0.0, 0.9553515573321321, 0.0, 0.0, 0.0, 0.0, 0.0, 0.0, 0.0, 0.0, 0.0, 0.0, 0.0, 0.0, 0.0], [0.0, 0.0, 0.0, 0.0, 0.0, 0.0, 0.986635797648663, 0.0, 0.0, 0.0, 0.0, 0.0, 0.0, 0.0, 0.0, 0.0, 0.0, 0.0, 0.0], [0.0, 0.0, 0.0, 0.0, 0.0, 0.0, 0.9866358215604347, 0.0, 0.0, 0.0, 0.0, 0.0, 0.0, 0.0, 0.0, 0.0, 0.0, 0.0, 0.0], [0.0, 0.0, 0.0, 0.0, 0.0, 0.0, 0.9872873871433105, 0.0, 0.0, 0.0, 0.0, 0.0, 0.0, 0.0, 0.0, 0.0, 0.0, 0.0, 0.0]], "Born radii": [], "Atomic SASAs": [], "Solvent H bonds": [], "Total SASA": NaN, "Total FOD": 0.0, "FOD": [0.0, 0.0, 0.0, 0.0, 0.0, 0.0, 0.0, 0.0, 0.0, 0.0, 0.0, 0.0, 0.0, 0.0, 0.0, 0.0, 0.0, 0.0, 0.0], "FOD s proportion": [0.0, 0.0, 0.0, 0.0, 0.0, 0.0, 0.0, 0.0, 0.0, 0.0, 0.0, 0.0, 0.0, 0.0, 0.0, 0.0, 0.0, 0.0, 0.0], "FOD p proportion": [0.0, 0.0, 0.0, 0.0, 0.0, 0.0, 0.0, 0.0, 0.0, 0.0, 0.0, 0.0, 0.0, 0.0, 0.0, 0.0, 0.0, 0.0, 0.0], "FOD d proportion": [0.0, 0.0, 0.0, 0.0, 0.0, 0.0, 0.0, 0.0, 0.0, 0.0, 0.0, 0.0, 0.0, 0.0, 0.0, 0.0, 0.0, 0.0, 0.0], "coordinates": [["-3.14500414567223", "-0.14116114572164", "0.36038446412925"], ["-1.76191305450858", "-0.75558758751401", "0.19353412587301"], ["-0.66118000350014", "0.29817781788350", "0.27946614643766"], ["0.72395540787234", "-0.29578504323890", "0.11540564799069"], ["0.91544176221160", "-1.47065139820014", "-0.06219961410834"], ["1.84935546500931", "0.71941384575400", "0.19445298554043"], ["3.21891238726316", "0.07576796640369", "0.02425498082386"], ["-3.33377104970350", "0.59707052322634", "-0.41656760726472"], ["-3.23321248452138", "0.34980170697536", "1.32757020507201"], ["-3.91178438282409", "-0.90898846557423", "0.29573742928421"], ["-1.59341808293831", "-1.50713059699371", "0.96660893248324"], ["-1.69361997178120", "-1.26073640156191", "-0.77135592713101"], ["-0.70390357998645", "0.81047222554102", "1.24414730034253"], ["-0.80412881384312", "1.05693282359994", "-0.49431498669381"], ["1.78407490692925", "1.22672790109537", "1.16003790642273"], ["1.68382392391946", "1.47327216900722", "-0.57903299709796"], ["3.28094125449882", "-0.42305576249067", "-0.93943163025247"], ["3.38113391658514", "-0.66946083188086", "0.79864687859206"], ["4.00429554498993", "0.82492225368963", "0.08518775955662"]], "bond_dist": [[0.0, 1.5225964186895062, 2.5236776474654197, 3.8797900970289456, 4.293406876300661, 5.0706755459550985, 6.376478252719366, 1.0882432918877336, 1.0882433051730198, 1.0870556399342814, 2.1542516004194465, 2.1542518624620195, 2.7650704865814744, 2.765074615580568, 5.177488423837224, 5.177497524851326, 6.562146046847524, 6.562137800288188, 7.219524667713777], [1.5225964186895062, 0.0, 1.5262434574317596, 2.529241872782861, 2.782974095052371, 3.9008832836303506, 5.05256663166148, 2.1616303213980665, 2.161630249152879, 2.1577590395896626, 1.0912617042477553, 1.0912616935769848, 2.1623402666124196, 2.1623406979545927, 4.175851395447348, 4.175856690338153, 5.179243998990668, 5.179238496962213, 5.979875576144212], [2.5236776474654197, 1.5262434574317596, 0.0, 1.5160170960056438, 2.393998429347134, 2.547048363762616, 3.894831940141768, 2.7778665799218216, 2.777865768369494, 3.467555914681501, 2.144847667783312, 2.144847981091538, 1.0931059385092474, 1.093106016390199, 2.7598701887036317, 2.759875166218142, 4.188819604643627, 4.188815467130701, 4.699134589030253], [3.8797900970289456, 2.529241872782861, 1.5160170960056438, 0.0, 1.2035454312336182, 1.517696463193486, 2.5241177492562406, 4.1887146729499225, 4.188711364380233, 4.679596285530883, 2.74993181334454, 2.74993598677291, 2.1299399408648823, 2.129940437730791, 2.129120845161896, 2.1291209500850514, 2.7689449505901047, 2.768943806106589, 3.4666308400743957], [4.293406876300661, 2.782974095052371, 2.393998429347134, 1.2035454312336182, 0.0, 2.394671404171292, 2.7757637090865694, 4.7388669679433635, 4.7388650241786054, 4.872955615664344, 2.711854620013789, 2.7118573181307037, 3.0874498514119755, 3.0874469484592857, 3.086137258931292, 3.086132508782189, 2.7317724052557746, 2.7317761269351513, 3.8512853854979876], [5.0706755459550985, 3.9008832836303506, 2.547048363762616, 1.517696463193486, 2.394671404171292, 0.0, 1.522804498977979, 5.220451562931891, 5.220446793898785, 5.987711163072034, 4.172099551110652, 4.172104601210492, 2.762115409230749, 2.7621186068123205, 1.0926954477096664, 1.0926955788195596, 2.1541515732099366, 2.1541514234817076, 2.1602864768500685], [6.376478252719366, 5.05256663166148, 3.894831940141768, 2.5241177492562406, 2.7757637090865694, 1.522804498977979, 0.0, 6.588151571952193, 6.5881439287427055, 7.203491124245011, 5.152875254325792, 5.152884126497106, 4.173297584946905, 4.173303223348008, 2.161821042620866, 2.1618212162180406, 1.0869059652271649, 1.086905974634987, 1.0870932131716542], [1.0882432918877336, 2.1616303213980665, 2.7778665799218216, 4.1887146729499225, 4.7388669679433635, 5.220451562931891, 6.588151571952193, 0.0, 1.7644462590128387, 1.7634317554431025, 3.060991366105571, 2.503480952616657, 3.117646099090742, 2.5722767797734543, 5.392077576882287, 5.096114563693519, 6.713304945606991, 6.940518469566498, 7.358729252212285], [1.0882433051730198, 2.161630249152879, 2.777865768369494, 4.188711364380233, 4.7388650241786054, 5.220446793898785, 6.5881439287427055, 1.7644462590128387, 0.0, 1.7634317102920447, 2.503480837013929, 3.060991508119739, 2.57227141691322, 3.1176509662292338, 5.0961004100619895, 5.39208389136479, 6.94051906740878, 6.713287892101829, 7.3587210948693755], [1.0870556399342814, 2.1577590395896626, 3.467555914681501, 4.679596285530883, 4.872955615664344, 5.987711163072034, 7.203491124245011, 1.7634317554431025, 1.7634317102920447, 0.0, 2.4864965078659673, 2.486497173976746, 3.7611867272212978, 3.7611902997109006, 6.144193418367597, 6.1442022551708595, 7.314169487465073, 7.314160835213011, 8.10648499470273], [2.1542516004194465, 1.0912617042477553, 2.144847667783312, 2.74993181334454, 2.711854620013789, 4.172099551110652, 5.152875254325792, 3.060991366105571, 2.503480837013929, 2.4864965078659673, 0.0, 1.7582014592543558, 2.4979084129760722, 3.0547827210390692, 4.349581123756364, 4.691708089126884, 5.3448655571545665, 5.0473824387393424, 6.127786847040061], [2.1542518624620195, 1.0912616935769848, 2.144847981091538, 2.74993598677291, 2.7118573181307037, 4.172104601210492, 5.152884126497106, 2.503480952616657, 3.060991508119739, 2.486497173976746, 1.7582014592543558, 0.0, 3.0547826392607837, 2.497906491442521, 4.691707841148314, 4.349588284190539, 5.047397120205933, 5.344870684756484, 6.127795717033272], [2.7650704865814744, 2.1623402666124196, 1.0931059385092474, 2.1299399408648823, 3.0874498514119755, 2.762115409230749, 4.173297584946905, 3.117646099090742, 2.57227141691322, 3.7611867272212978, 2.4979084129760722, 3.0547826392607837, 0.0, 1.7587037975011048, 2.5239611979846486, 3.0764480809762964, 4.708353916000777, 4.367631375084876, 4.8487663401034835], [2.765074615580568, 2.1623406979545927, 1.093106016390199, 2.129940437730791, 3.0874469484592857, 2.7621186068123205, 4.173303223348008, 2.5722767797734543, 3.1176509662292338, 3.7611902997109006, 3.0547827210390692, 2.497906491442521, 1.7587037975011048, 0.0, 3.076444760356455, 2.5239699715252786, 4.367641526567243, 4.708355292613302, 4.848772747003196], [5.177488423837224, 4.175851395447348, 2.7598701887036317, 2.129120845161896, 3.086137258931292, 1.0926954477096664, 2.161821042620866, 5.392077576882287, 5.0961004100619895, 6.144193418367597, 4.349581123756364, 4.691707841148314, 2.5239611979846486, 3.076444760356455, 0.0, 1.7593186019328302, 3.061072905787907, 2.505340828387539, 2.4992259398013243], [5.177497524851326, 4.175856690338153, 2.759875166218142, 2.1291209500850514, 3.086132508782189, 1.0926955788195596, 2.1618212162180406, 5.096114563693519, 5.39208389136479, 6.1442022551708595, 4.691708089126884, 4.349588284190539, 3.0764480809762964, 2.5239699715252786, 1.7593186019328302, 0.0, 2.5053404092449485, 3.0610729759642905, 2.4992269545714576], [6.562146046847524, 5.179243998990668, 4.188819604643627, 2.7689449505901047, 2.7317724052557746, 2.1541515732099366, 1.0869059652271649, 6.713304945606991, 6.94051906740878, 7.314169487465073, 5.3448655571545665, 5.047397120205933, 4.708353916000777, 4.367641526567243, 3.061072905787907, 2.5053404092449485, 0.0, 1.7583147985114473, 1.7693319226233288], [6.562137800288188, 5.179238496962213, 4.188815467130701, 2.768943806106589, 2.7317761269351513, 2.1541514234817076, 1.086905974634987, 6.940518469566498, 6.713287892101829, 7.314160835213011, 5.0473824387393424, 5.344870684756484, 4.367631375084876, 4.708355292613302, 2.505340828387539, 3.0610729759642905, 1.7583147985114473, 0.0, 1.7693318332325663], [7.219524667713777, 5.979875576144212, 4.699134589030253, 3.4666308400743957, 3.8512853854979876, 2.1602864768500685, 1.0870932131716542, 7.358729252212285, 7.3587210948693755, 8.10648499470273, 6.127786847040061, 6.127795717033272, 4.8487663401034835, 4.848772747003196, 2.4992259398013243, 2.4992269545714576, 1.7693319226233288, 1.7693318332325663, 0.0]]}