{"total energy": -32.15388737, "HOMO-LUMO gap/eV": 10.3438637, "electronic energy": -32.44918496, "dipole": [-0.00971396, -0.53248612, 0.31732129], "partial charges": [0.03953019, -0.31316546, 0.08138491, 0.08128812, -0.32075745, 0.08128811, 0.08138492, -0.31316545, 0.03953019, 0.06260857, 0.03168641, 0.03168623, 0.03531786, 0.03531899, 0.03736219, 0.0373607, 0.03736183, 0.03736107, 0.03531866, 0.03531818, 0.03168638, 0.03168626, 0.06260857], "atomic dipole moments": [[0.20897219, 0.08868107, -0.0548619], [0.00151624, -0.24731568, 0.14730535], [-0.104447, 0.16168193, -0.09529211], [0.11898588, -0.16266059, 0.095744], [0.00448467, 0.24583619, -0.14647905], [-0.12484178, -0.15834236, 0.09552612], [0.11027658, 0.15787683, -0.09510414], [-0.01053574, -0.24710031, 0.14729783], [-0.20560263, 0.09602599, -0.05522781], [-0.0880939, 0.07504588, -0.04384317], [-0.00495701, -0.00953587, 0.11911248], [-0.0065885, -0.10923158, -0.04825401], [0.00267757, -0.10930802, -0.04787104], [0.00430011, -0.0099889, 0.11886412], [-0.00297765, 0.10946304, 0.04785407], [-0.00459409, 0.0100747, -0.11899014], [0.00676806, 0.10928972, 0.04786421], [0.00515871, 0.00990358, -0.11898138], [-0.00485971, -0.00982606, 0.11885614], [-0.0064646, -0.1091462, -0.04787856], [0.00440694, -0.00969965, 0.11912087], [0.00279927, -0.10939881, -0.04824375], [0.09077413, 0.07187571, -0.04368735]], "atomic quadrupole moments": [[0.33789753, 0.26486259, -0.12672395, -0.16362249, -0.08344664, -0.21117358], [0.13901174, -0.00770645, -0.02175608, 0.00158332, -0.08804258, -0.11725566], [0.38679161, -0.11609663, -0.09724222, 0.06156244, -0.1752418, -0.28954938], [0.39438467, -0.1239518, -0.10144009, 0.06617984, -0.17437344, -0.29294458], [0.13748073, -0.0027057, -0.01975981, -0.00137471, -0.09041488, -0.11772092], [0.40279148, 0.10639325, -0.1095994, -0.07108452, -0.17173533, -0.29319208], [0.39464071, 0.09896878, -0.10486824, -0.06653474, -0.17278404, -0.28977246], [0.13937139, 0.00215009, -0.02210777, -0.00424967, -0.08793181, -0.11726362], [0.31799385, -0.28048266, -0.10739462, 0.16150663, -0.08968869, -0.21059923], [0.04438461, -0.04390468, -0.00425264, 0.02514433, -0.03223675, -0.04013197], [-0.02832732, 0.02086501, -0.04184849, -0.00519175, -0.00394874, 0.07017581], [-0.02851688, 0.0157996, 0.0478182, -0.01536349, 0.04466761, -0.01930132], [-0.01999758, -0.00856208, 0.02977162, 0.00464295, 0.03150075, -0.00977404], [-0.01997036, -0.00821238, -0.02704828, 0.00628831, 0.0007201, 0.04701864], [-0.01932304, -0.00818387, 0.02947264, 0.00445024, 0.03164427, -0.0101496], [-0.01929849, -0.00786985, -0.02753133, 0.00603112, 0.00077099, 0.04682983], [-0.01867084, 0.00983428, 0.02883317, -0.00334191, 0.03179871, -0.01016233], [-0.01873006, 0.00755678, -0.02807835, -0.00611621, 0.0009988, 0.04680841], [-0.01937554, 0.00793885, -0.0276206, -0.00637593, 0.00095913, 0.04699614], [-0.01931641, 0.01024703, 0.02910535, -0.00354163, 0.03166229, -0.00978895], [-0.02983921, -0.02128397, -0.04035448, 0.0048739, -0.00416215, 0.07019369], [-0.02959928, -0.01313389, 0.04884544, 0.01691869, 0.04406896, -0.01924616], [0.04752447, 0.04212616, -0.00730363, -0.02611864, -0.03125342, -0.04022084]], "number of molecular orbitals": 50, "number of electrons": 56, "number of unpaired electrons": 0, "orbital energies/eV": [-19.18427159, -19.11306196, -19.10115243, -18.00863636, -17.63561814, -17.14875104, -16.52252914, -16.43850804, -16.37728285, -15.44593592, -15.29972854, -15.17530479, -15.11761114, -14.83732959, -14.65982722, -14.40998993, -14.25876066, -13.74211912, -13.57826096, -13.08721188, -12.6298449, -12.56423108, -12.48630754, -12.36429831, -12.32248514, -11.03149544, -10.96406643, -10.92031415, -0.57645045, 1.04990855, 2.15396905, 2.36472785, 2.79599614, 3.15016518, 3.51083512, 3.53496319, 3.67373718, 3.83877854, 3.8763581, 4.22312282, 4.25812626, 4.76067958, 4.88030786, 5.25812833, 5.25856976, 6.41141918, 6.86928176, 6.88514946, 6.97678114, 6.98634722], "fractional occupation": [2.0, 2.0, 2.0, 2.0, 2.0, 2.0, 2.0, 2.0, 2.0, 2.0, 2.0, 2.0, 2.0, 2.0, 2.0, 2.0, 2.0, 2.0, 2.0, 2.0, 2.0, 2.0, 2.0, 2.0, 2.0, 2.0, 2.0, 2.0, 0.0, 0.0, 0.0, 0.0, 0.0, 0.0, 0.0, 0.0, 0.0, 0.0, 0.0, 0.0, 0.0, 0.0, 0.0, 0.0, 0.0, 0.0, 0.0, 0.0, 0.0, 0.0], "program call": "xtb /tmp/scratch/tmpqqg9t1e8/509932_5dfdc8_xyzopt.xyz --pop --wbo --acc 0.2 --gfn 2 --chrg 0 --uhf 0 --etemp 300 --input /tmp/scratch/tmpqqg9t1e8/509932_5dfdc8_xtb.inp", "method": "GFN2-xTB", "xtb version": "6.3.3 (7355c4f)", "Dipole module/D": 1.576, "Total charge": 0, "Transition dipole module/D": NaN, "HOMO": -10.9203, "LUMO": -0.5765, "HOMO occupancy": 2.0, "LUMO occupancy": 0, "mulliken charges": [0.17486, -0.46899, 0.19446, 0.19648, -0.48151, 0.19648, 0.19446, -0.46899, 0.17486, 0.03434, 0.01331, 0.01331, 0.01966, 0.01966, 0.02184, 0.02183, 0.02184, 0.02184, 0.01966, 0.01966, 0.01331, 0.01331, 0.03434], "cm5 charges": [0.05324, -0.5767, 0.11646, 0.11843, -0.58377, 0.11843, 0.11646, -0.5767, 0.05324, 0.09512, 0.07201, 0.07201, 0.08418, 0.08418, 0.08648, 0.08647, 0.08648, 0.08648, 0.08418, 0.08418, 0.07201, 0.07201, 0.09512], "FUKUI+": [0.009, -0.086, -0.01, -0.01, -0.109, -0.01, -0.01, -0.086, 0.009, -0.054, -0.041, -0.041, -0.051, -0.051, -0.057, -0.057, -0.057, -0.057, -0.051, -0.051, -0.041, -0.041, -0.054], "FUKUI-": [0.03, -0.109, 0.022, 0.019, -0.063, 0.019, 0.022, -0.109, 0.03, -0.049, -0.065, -0.065, -0.07, -0.07, -0.056, -0.056, -0.056, -0.056, -0.07, -0.07, -0.065, -0.065, -0.049], "FUKUIrad": [0.02, -0.097, 0.006, 0.005, -0.086, 0.005, 0.006, -0.097, 0.02, -0.051, -0.053, -0.053, -0.06, -0.06, -0.056, -0.056, -0.056, -0.056, -0.06, -0.06, -0.053, -0.053, -0.051], "s proportion": [0.968, 1.685, 0.993, 0.993, 1.689, 0.993, 0.993, 1.685, 0.968, 0.966, 0.987, 0.987, 0.98, 0.98, 0.978, 0.978, 0.978, 0.978, 0.98, 0.98, 0.987, 0.987, 0.966], "p proportion": [2.857, 4.784, 2.813, 2.81, 4.793, 2.81, 2.813, 4.784, 2.857, 0.0, 0.0, 0.0, 0.0, 0.0, 0.0, 0.0, 0.0, 0.0, 0.0, 0.0, 0.0, 0.0, 0.0], "d proportion": [0.0, 0.0, 0.0, 0.0, 0.0, 0.0, 0.0, 0.0, 0.0, 0.0, 0.0, 0.0, 0.0, 0.0, 0.0, 0.0, 0.0, 0.0, 0.0, 0.0, 0.0, 0.0, 0.0], "Fermi-level/eV": -5.7484, "Coordination numbers": [3.656, 1.701, 3.706, 3.706, 1.702, 3.706, 3.706, 1.701, 3.656, 0.925, 0.924, 0.924, 0.923, 0.923, 0.923, 0.923, 0.923, 0.923, 0.923, 0.923, 0.924, 0.924, 0.925], "Dispersion coefficient C6": [20.198, 19.225, 19.364, 19.366, 19.36, 19.366, 19.364, 19.225, 20.198, 2.169, 2.563, 2.563, 2.512, 2.512, 2.485, 2.485, 2.485, 2.485, 2.512, 2.512, 2.563, 2.563, 2.169], "Total dispersion C6": 3793.774201, "Total dispersion C8": 77284.781226, "Polarizability alpha": [6.451, 5.92, 6.29, 6.291, 5.941, 6.291, 6.29, 5.92, 6.451, 2.303, 2.504, 2.504, 2.479, 2.479, 2.465, 2.465, 2.465, 2.465, 2.479, 2.479, 2.504, 2.504, 2.303], "Total polarizability alpha": 90.240726, "Wiberg matrix": [[0.0, 0.9946838090203903, 0.0, 0.0, 0.0, 0.0, 0.0, 0.0, 0.0, 0.9797146066830277, 0.977058913523759, 0.9770590100490706, 0.0, 0.0, 0.0, 0.0, 0.0, 0.0, 0.0, 0.0, 0.0, 0.0, 0.0], [0.9946838090203903, 0.0, 0.9890861030619528, 0.0, 0.0, 0.0, 0.0, 0.0, 0.0, 0.0, 0.0, 0.0, 0.0, 0.0, 0.0, 0.0, 0.0, 0.0, 0.0, 0.0, 0.0, 0.0, 0.0], [0.0, 0.9890861030619528, 0.0, 0.9951085261014048, 0.0, 0.0, 0.0, 0.0, 0.0, 0.0, 0.0, 0.0, 0.9666092835161011, 0.966608787708988, 0.0, 0.0, 0.0, 0.0, 0.0, 0.0, 0.0, 0.0, 0.0], [0.0, 0.0, 0.9951085261014048, 0.0, 0.9838048914701157, 0.0, 0.0, 0.0, 0.0, 0.0, 0.0, 0.0, 0.0, 0.0, 0.9666353818674559, 0.9666359418653503, 0.0, 0.0, 0.0, 0.0, 0.0, 0.0, 0.0], [0.0, 0.0, 0.0, 0.9838048914701157, 0.0, 0.9838048687666497, 0.0, 0.0, 0.0, 0.0, 0.0, 0.0, 0.0, 0.0, 0.0, 0.0, 0.0, 0.0, 0.0, 0.0, 0.0, 0.0, 0.0], [0.0, 0.0, 0.0, 0.0, 0.9838048687666497, 0.0, 0.995108530023281, 0.0, 0.0, 0.0, 0.0, 0.0, 0.0, 0.0, 0.0, 0.0, 0.9666354503211244, 0.9666358832048844, 0.0, 0.0, 0.0, 0.0, 0.0], [0.0, 0.0, 0.0, 0.0, 0.0, 0.995108530023281, 0.0, 0.9890861161642747, 0.0, 0.0, 0.0, 0.0, 0.0, 0.0, 0.0, 0.0, 0.0, 0.0, 0.9666089192868911, 0.9666091455313829, 0.0, 0.0, 0.0], [0.0, 0.0, 0.0, 0.0, 0.0, 0.0, 0.9890861161642747, 0.0, 0.9946838036245295, 0.0, 0.0, 0.0, 0.0, 0.0, 0.0, 0.0, 0.0, 0.0, 0.0, 0.0, 0.0, 0.0, 0.0], [0.0, 0.0, 0.0, 0.0, 0.0, 0.0, 0.0, 0.9946838036245295, 0.0, 0.0, 0.0, 0.0, 0.0, 0.0, 0.0, 0.0, 0.0, 0.0, 0.0, 0.0, 0.9770588752395164, 0.9770590457518853, 0.9797146069638017], [0.9797146066830277, 0.0, 0.0, 0.0, 0.0, 0.0, 0.0, 0.0, 0.0, 0.0, 0.0, 0.0, 0.0, 0.0, 0.0, 0.0, 0.0, 0.0, 0.0, 0.0, 0.0, 0.0, 0.0], [0.977058913523759, 0.0, 0.0, 0.0, 0.0, 0.0, 0.0, 0.0, 0.0, 0.0, 0.0, 0.0, 0.0, 0.0, 0.0, 0.0, 0.0, 0.0, 0.0, 0.0, 0.0, 0.0, 0.0], [0.9770590100490706, 0.0, 0.0, 0.0, 0.0, 0.0, 0.0, 0.0, 0.0, 0.0, 0.0, 0.0, 0.0, 0.0, 0.0, 0.0, 0.0, 0.0, 0.0, 0.0, 0.0, 0.0, 0.0], [0.0, 0.0, 0.9666092835161011, 0.0, 0.0, 0.0, 0.0, 0.0, 0.0, 0.0, 0.0, 0.0, 0.0, 0.0, 0.0, 0.0, 0.0, 0.0, 0.0, 0.0, 0.0, 0.0, 0.0], [0.0, 0.0, 0.966608787708988, 0.0, 0.0, 0.0, 0.0, 0.0, 0.0, 0.0, 0.0, 0.0, 0.0, 0.0, 0.0, 0.0, 0.0, 0.0, 0.0, 0.0, 0.0, 0.0, 0.0], [0.0, 0.0, 0.0, 0.9666353818674559, 0.0, 0.0, 0.0, 0.0, 0.0, 0.0, 0.0, 0.0, 0.0, 0.0, 0.0, 0.0, 0.0, 0.0, 0.0, 0.0, 0.0, 0.0, 0.0], [0.0, 0.0, 0.0, 0.9666359418653503, 0.0, 0.0, 0.0, 0.0, 0.0, 0.0, 0.0, 0.0, 0.0, 0.0, 0.0, 0.0, 0.0, 0.0, 0.0, 0.0, 0.0, 0.0, 0.0], [0.0, 0.0, 0.0, 0.0, 0.0, 0.9666354503211244, 0.0, 0.0, 0.0, 0.0, 0.0, 0.0, 0.0, 0.0, 0.0, 0.0, 0.0, 0.0, 0.0, 0.0, 0.0, 0.0, 0.0], [0.0, 0.0, 0.0, 0.0, 0.0, 0.9666358832048844, 0.0, 0.0, 0.0, 0.0, 0.0, 0.0, 0.0, 0.0, 0.0, 0.0, 0.0, 0.0, 0.0, 0.0, 0.0, 0.0, 0.0], [0.0, 0.0, 0.0, 0.0, 0.0, 0.0, 0.9666089192868911, 0.0, 0.0, 0.0, 0.0, 0.0, 0.0, 0.0, 0.0, 0.0, 0.0, 0.0, 0.0, 0.0, 0.0, 0.0, 0.0], [0.0, 0.0, 0.0, 0.0, 0.0, 0.0, 0.9666091455313829, 0.0, 0.0, 0.0, 0.0, 0.0, 0.0, 0.0, 0.0, 0.0, 0.0, 0.0, 0.0, 0.0, 0.0, 0.0, 0.0], [0.0, 0.0, 0.0, 0.0, 0.0, 0.0, 0.0, 0.0, 0.9770588752395164, 0.0, 0.0, 0.0, 0.0, 0.0, 0.0, 0.0, 0.0, 0.0, 0.0, 0.0, 0.0, 0.0, 0.0], [0.0, 0.0, 0.0, 0.0, 0.0, 0.0, 0.0, 0.0, 0.9770590457518853, 0.0, 0.0, 0.0, 0.0, 0.0, 0.0, 0.0, 0.0, 0.0, 0.0, 0.0, 0.0, 0.0, 0.0], [0.0, 0.0, 0.0, 0.0, 0.0, 0.0, 0.0, 0.0, 0.9797146069638017, 0.0, 0.0, 0.0, 0.0, 0.0, 0.0, 0.0, 0.0, 0.0, 0.0, 0.0, 0.0, 0.0, 0.0]], "Born radii": [], "Atomic SASAs": [], "Solvent H bonds": [], "Total SASA": NaN, "Total FOD": 0.0, "FOD": [0.0, 0.0, 0.0, 0.0, 0.0, 0.0, 0.0, 0.0, 0.0, 0.0, 0.0, 0.0, 0.0, 0.0, 0.0, 0.0, 0.0, 0.0, 0.0, 0.0, 0.0, 0.0, 0.0], "FOD s proportion": [0.0, 0.0, 0.0, 0.0, 0.0, 0.0, 0.0, 0.0, 0.0, 0.0, 0.0, 0.0, 0.0, 0.0, 0.0, 0.0, 0.0, 0.0, 0.0, 0.0, 0.0, 0.0, 0.0], "FOD p proportion": [0.0, 0.0, 0.0, 0.0, 0.0, 0.0, 0.0, 0.0, 0.0, 0.0, 0.0, 0.0, 0.0, 0.0, 0.0, 0.0, 0.0, 0.0, 0.0, 0.0, 0.0, 0.0, 0.0], "FOD d proportion": [0.0, 0.0, 0.0, 0.0, 0.0, 0.0, 0.0, 0.0, 0.0, 0.0, 0.0, 0.0, 0.0, 0.0, 0.0, 0.0, 0.0, 0.0, 0.0, 0.0, 0.0, 0.0, 0.0], "coordinates": [["-4.72373607643000", "-0.14013051479657", "0.04079909184758"], ["-3.53734593206126", "0.50163221028383", "-0.35304552569078"], ["-2.38097333795743", "-0.19252665900833", "0.04918003962430"], ["-1.16186212991973", "0.58853958603532", "-0.42793132735184"], ["-0.00188165007520", "-0.10314999082629", "-0.02712641058340"], ["1.18257769590687", "0.54701269391276", "-0.42584737560862"], ["2.37241282681283", "-0.27673556415906", "0.05338430360961"], ["3.55335627913591", "0.37600493054580", "-0.34679289792820"], ["4.71557226851750", "-0.30736625785117", "0.04912678118963"], ["-5.54380879903058", "0.47775903559945", "-0.31926255645767"], ["-4.78431871283614", "-0.23040131216211", "1.13232588606992"], ["-4.79924413389930", "-1.14235101090378", "-0.39863760919396"], ["-2.36197973062741", "-1.20301105971967", "-0.38532047774524"], ["-2.34709088998892", "-0.29189040102047", "1.14426492601789"], ["-1.18251781295996", "1.59868747027690", "0.00623695863928"], ["-1.19733154016316", "0.68798692852351", "-1.52254571918914"], ["1.23822976712958", "1.55580331207742", "0.00840121284504"], ["1.22348518904525", "0.64512084178143", "-1.52039286173752"], ["2.33311001274268", "-0.37479756146804", "1.14840537413574"], ["2.31839386206379", "-1.28592817126267", "-0.38117573165851"], ["4.77100185997002", "-0.39967330076169", "1.14075716602496"], ["4.75629856672508", "-1.31165412068843", "-0.39018985931238"], ["5.55765141789960", "0.28106491559187", "-0.30948538754669"]], "bond_dist": [[0.0, 1.4051670906770617, 2.3433635750752355, 3.665735169452079, 4.72248776141559, 5.964433509744315, 7.097474803341033, 8.302221462418641, 9.440793355177322, 1.0880951968566064, 1.0969274429953093, 1.0969284405932966, 2.6247258861269303, 2.6247114608050586, 3.9452388160668592, 3.9452952299580537, 6.198570632611232, 6.198659596192348, 7.147092907303603, 7.147202885875478, 9.561763367894452, 9.561865710759813, 10.295971717892474], [1.4051670906770617, 0.0, 1.407423005924099, 2.378252314092685, 3.601595822627962, 4.720703184007409, 5.974637243090609, 7.0918177610993895, 8.302221384142346, 2.0068892480668827, 2.0729549982703492, 2.072955991193887, 2.0708297993730387, 2.0708268369484313, 2.62256165180821, 2.622618183779928, 4.903880475231526, 4.903957764300253, 6.122478007252196, 6.122569065568974, 8.489548936154927, 8.489636393383403, 9.097775783834086], [2.3433635750752355, 1.407423005924099, 0.0, 1.524444775387934, 2.381992469028595, 3.670349502526583, 4.754133869273316, 5.974637289401432, 7.097474739728031, 3.254006916530028, 2.636419618530936, 2.6364257221761536, 1.100104622658573, 1.100105486721458, 2.155594537604995, 2.15560523849603, 4.01957108612121, 4.019618601453503, 4.843975728186841, 4.844046349645281, 7.2377620564536524, 7.2378271894919175, 7.96082237476042], [3.665735169452079, 2.378252314092685, 1.524444775387934, 0.0, 1.4087703026629628, 2.3448085044510747, 3.6703494781748867, 4.720703238884074, 5.964433487596985, 4.384693585993689, 4.028307145922401, 4.028323252095112, 2.156791982630146, 2.156785857453638, 1.0996942783519728, 1.0996947393746697, 2.62420012873128, 2.624224737843072, 3.95318683269624, 3.953226179794876, 6.215804326184584, 6.215849625979839, 6.7275874154817314], [4.72248776141559, 3.601595822627962, 2.381992469028595, 1.4087703026629628, 0.0, 1.408770338579715, 2.381992483059117, 3.6015958733744347, 4.722487724390479, 5.579942235277878, 4.922623973681705, 4.922666567220056, 2.6283189133823646, 2.6282669165976107, 2.0715370157280057, 2.0715397590730613, 2.071536772621536, 2.0715399642512122, 2.628279559892657, 2.6283062222849893, 4.922630914694718, 4.922659471794327, 5.57994225956604], [5.964433509744315, 4.720703184007409, 3.670349502526583, 2.3448085044510747, 1.408770338579715, 0.0, 1.5244447624563788, 2.378252374385567, 3.6657351913278737, 6.727587358937834, 6.215796747233741, 6.2158573424818435, 3.9532408120082296, 3.9531723170976285, 2.6241938711164354, 2.6242311185503033, 1.09969427610696, 1.0996947089434583, 2.1567870731916194, 2.1567907024805777, 4.0283063616875046, 4.028324049612918, 4.384693650180234], [7.097474803341033, 5.974637243090609, 4.754133869273316, 3.6703494781748867, 2.381992483059117, 1.5244447624563788, 0.0, 1.4074229583330424, 2.343363508963762, 7.960822357825455, 7.237752975328489, 7.237836518838237, 4.8440603904994, 4.843961760205349, 4.019572898185342, 4.01961686858374, 2.1555958397262813, 2.1556039794377253, 1.1001054546752558, 1.1001046273138613, 2.636422344576125, 2.6364228943054178, 3.25400686387086], [8.302221462418641, 7.0918177610993895, 5.974637289401432, 4.720703238884074, 3.6015958733744347, 2.378252374385567, 1.4074229583330424, 0.0, 1.405167100176374, 9.097775787356417, 8.489543284542894, 8.48964229510628, 6.122579193470938, 6.122467999419195, 4.903884795626445, 4.903953733489109, 2.6225746593733454, 2.622605487901995, 2.0708266961394433, 2.07082978192865, 2.072955057838014, 2.0729559852395485, 2.0068892495706083], [9.440793355177322, 8.302221384142346, 7.097474739728031, 5.964433487596985, 4.722487724390479, 3.6657351913278737, 2.343363508963762, 1.405167100176374, 0.0, 10.295971654956716, 9.561755725873915, 9.561873438757997, 7.147213886019516, 7.147081778525163, 6.198576204307897, 6.198654197870964, 3.9452465436501774, 3.945287791165268, 2.624706994277398, 2.6247300781815537, 1.096927493900672, 1.0969283720598606, 1.0880952289525958], [1.0880951968566064, 2.0068892480668827, 3.254006916530028, 4.384693585993689, 5.579942235277878, 6.727587358937834, 7.960822357825455, 9.097775787356417, 10.295971654956716, 0.0, 1.784775973518549, 1.7847782782014245, 3.5990815471199404, 3.599066314648605, 4.514785659937537, 4.514858879137639, 6.874997463319119, 6.875099410588725, 8.057713811805623, 8.05783199682346, 10.45451405020639, 10.454627773014227, 11.10320688440781], [1.0969274429953093, 2.0729549982703492, 2.636419618530936, 4.028307145922401, 4.922623973681705, 6.215796747233741, 7.237752975328489, 8.489543284542894, 9.561755725873915, 1.784775973518549, 0.0, 1.7820561845967515, 3.0194281497285846, 2.438032589852751, 4.193639441925709, 4.556123042451877, 6.3816004124573436, 6.625493454866306, 7.118911468085878, 7.338484177184745, 9.556823496418607, 9.721653146761883, 10.454509248926565], [1.0969284405932966, 2.072955991193887, 2.6364257221761536, 4.028323252095112, 4.922666567220056, 6.2158573424818435, 7.237836518838237, 8.48964229510628, 9.561873438757997, 1.7847782782014245, 1.7820561845967515, 0.0, 2.438055528278356, 3.019418323741586, 4.556086550052233, 4.193695356739076, 6.625466659705859, 6.381744194826919, 7.338457328562415, 7.119107385039311, 9.721672430106098, 9.557046155110726, 10.454632776396211], [2.6247258861269303, 2.0708297993730387, 1.100104622658573, 2.156791982630146, 2.6283189133823646, 3.9532408120082296, 4.8440603904994, 6.122579193470938, 7.147213886019516, 3.5990815471199404, 3.0194281497285846, 2.438055528278356, 0.0, 1.7804477076536789, 3.0649571439419407, 2.495107221918237, 4.552755422314609, 4.190410425298608, 5.008205295883273, 4.681109846336432, 7.338507402843215, 7.119108999315362, 8.05784028075275], [2.6247114608050586, 2.0708268369484313, 1.100105486721458, 2.156785857453638, 2.6282669165976107, 3.9531723170976285, 4.843961760205349, 6.122467999419195, 7.147081778525163, 3.599066314648605, 2.438032589852751, 3.019418323741586, 1.7804477076536789, 0.0, 2.495119795463914, 3.064960874278093, 4.190308180394959, 4.5527359610627265, 4.680937003474174, 5.008176141111316, 7.118909597324215, 7.338433845578334, 8.057705549543629], [3.9452388160668592, 2.62256165180821, 2.155594537604995, 1.0996942783519728, 2.0715370157280057, 2.6241938711164354, 4.019572898185342, 4.903884795626445, 6.198576204307897, 4.514785659937537, 4.193639441925709, 4.556086550052233, 3.0649571439419407, 2.495119795463914, 0.0, 1.7795424690891206, 2.421128369486036, 3.0047859106934727, 4.190325866652103, 4.552744067959027, 6.381612520997863, 6.6254646923600164, 6.8750048041526375], [3.9452952299580537, 2.622618183779928, 2.15560523849603, 1.0996947393746697, 2.0715397590730613, 2.6242311185503033, 4.01961686858374, 4.903953733489109, 6.198654197870964, 4.514858879137639, 4.556123042451877, 4.193695356739076, 2.495107221918237, 3.064960874278093, 1.7795424690891206, 0.0, 3.0048065937512476, 2.4211971775555767, 4.552747321517434, 4.190392746922823, 6.625495499047884, 6.381732176199244, 6.875092410763011], [6.198570632611232, 4.903880475231526, 4.01957108612121, 2.62420012873128, 2.071536772621536, 1.09969427610696, 2.1555958397262813, 2.6225746593733454, 3.9452465436501774, 6.874997463319119, 6.3816004124573436, 6.625466659705859, 4.552755422314609, 4.190308180394959, 2.421128369486036, 3.0048065937512476, 0.0, 1.7795424374726323, 2.4951136192422996, 3.064957176059729, 4.193637734475278, 4.556094275826066, 4.514799360694113], [6.198659596192348, 4.903957764300253, 4.019618601453503, 2.624224737843072, 2.0715399642512122, 1.0996947089434583, 2.1556039794377253, 2.622605487901995, 3.945287791165268, 6.875099410588725, 6.625493454866306, 6.381744194826919, 4.190410425298608, 4.5527359610627265, 3.0047859106934727, 2.4211971775555767, 1.7795424374726323, 0.0, 3.064960819073015, 2.4951134167599016, 4.556115538596648, 4.193697347443339, 4.514845570757265], [7.147092907303603, 6.122478007252196, 4.843975728186841, 3.95318683269624, 2.628279559892657, 2.1567870731916194, 1.1001054546752558, 2.0708266961394433, 2.624706994277398, 8.057713811805623, 7.118911468085878, 7.338457328562415, 5.008205295883273, 4.680937003474174, 4.190325866652103, 4.552747321517434, 2.4951136192422996, 3.064960819073015, 0.0, 1.7804476719067872, 2.4380307537580905, 3.0194069406250725, 3.599064925141738], [7.147202885875478, 6.122569065568974, 4.844046349645281, 3.953226179794876, 2.6283062222849893, 2.1567907024805777, 1.1001046273138613, 2.07082978192865, 2.6247300781815537, 8.05783199682346, 7.338484177184745, 7.119107385039311, 4.681109846336432, 5.008176141111316, 4.552744067959027, 4.190392746922823, 3.064957176059729, 2.4951134167599016, 1.7804476719067872, 0.0, 3.019439257864201, 2.4380571010501106, 3.599082709903758], [9.561763367894452, 8.489548936154927, 7.2377620564536524, 6.215804326184584, 4.922630914694718, 4.0283063616875046, 2.636422344576125, 2.072955057838014, 1.096927493900672, 10.45451405020639, 9.556823496418607, 9.721672430106098, 7.338507402843215, 7.118909597324215, 6.381612520997863, 6.625495499047884, 4.193637734475278, 4.556115538596648, 2.4380307537580905, 3.019439257864201, 0.0, 1.7820561150355916, 1.7847760392791727], [9.561865710759813, 8.489636393383403, 7.2378271894919175, 6.215849625979839, 4.922659471794327, 4.028324049612918, 2.6364228943054178, 2.0729559852395485, 1.0969283720598606, 10.454627773014227, 9.721653146761883, 9.557046155110726, 7.119108999315362, 7.338433845578334, 6.6254646923600164, 6.381732176199244, 4.556094275826066, 4.193697347443339, 3.0194069406250725, 2.4380571010501106, 1.7820561150355916, 0.0, 1.7847782866166204], [10.295971717892474, 9.097775783834086, 7.96082237476042, 6.7275874154817314, 5.57994225956604, 4.384693650180234, 3.25400686387086, 2.0068892495706083, 1.0880952289525958, 11.10320688440781, 10.454509248926565, 10.454632776396211, 8.05784028075275, 8.057705549543629, 6.8750048041526375, 6.875092410763011, 4.514799360694113, 4.514845570757265, 3.599064925141738, 3.599082709903758, 1.7847760392791727, 1.7847782866166204, 0.0]]}