{"total energy": -22.14045727, "HOMO-LUMO gap/eV": 13.1268057, "electronic energy": -22.46597732, "dipole": [-0.00405256, 0.00480155, 3.897e-05], "partial charges": [-0.05469987, -0.05432104, -0.05469995, -0.05496177, -0.0542562, -0.05425613, -0.05496171, 0.03117936, 0.02369783, 0.02457477, 0.02457493, 0.02369787, 0.03117915, 0.03584262, 0.02380245, 0.02815672, 0.02382484, 0.02382487, 0.02815651, 0.03584239, 0.02380238], "atomic dipole moments": [[0.03316427, 0.05818042, 0.08485489], [-0.06638254, 0.07865738, 0.00064337], [-0.06361164, -0.02210574, -0.08455816], [-0.04298611, -0.03737723, 0.09526889], [0.00933659, -0.09042414, -0.05356678], [0.0879983, -0.0249076, 0.0526211], [0.04330034, 0.03700656, -0.09527156], [-0.01472409, 0.02967899, -0.11744773], [-0.02687567, -0.1175556, 0.00908523], [0.0674946, -0.0364375, -0.09371582], [0.02532839, -0.07354918, 0.09281626], [0.12032302, 0.00683039, -0.00999424], [-0.02583079, 0.01837677, 0.11784172], [-0.01387328, -0.037105, -0.11940064], [0.07520509, 0.0940799, -0.00126854], [0.01301744, 0.02438697, 0.11845134], [-0.02951043, 0.10375492, -0.05287668], [-0.09688793, 0.04601412, 0.05410485], [-0.02718476, -0.00760055, -0.11831359], [0.03987125, 0.00629819, 0.11914855], [-0.10536834, -0.05833976, 0.00156008]], "atomic quadrupole moments": [[0.20492735, -0.07274541, -0.11374457, -0.04321553, 0.10102504, -0.09118278], [0.10422394, 0.1062342, 0.06629647, 0.1021475, 0.08741677, -0.17052041], [-0.12735175, -0.01720099, 0.22113957, 0.09245684, -0.05645014, -0.09378782], [0.08169478, -0.16920422, -0.01825163, -0.03474395, -0.09440599, -0.06344316], [0.20394908, 0.05935104, -0.04334719, -0.06645589, 0.05834669, -0.1606019], [-0.01595242, 0.09592386, 0.17872059, 0.04609772, -0.0728423, -0.16276817], [-0.07309455, -0.14227465, 0.13525361, -0.1001928, -0.01533882, -0.06215907], [-0.01297686, -0.02004582, -0.02790176, -0.00237203, -0.03311801, 0.04087862], [0.00146501, 0.01229049, 0.04995742, -0.00322603, -0.01862386, -0.05142243], [0.01050912, 0.00660518, -0.03941738, -0.03013696, 0.02856477, 0.02890825], [-0.03544217, 0.01399884, 0.00757327, 0.02374684, -0.03482477, 0.0278689], [0.05234762, 0.00374877, -0.00124072, -0.01970576, 0.00039907, -0.05110689], [-0.03465345, -0.01610237, -0.00681451, -0.0325901, 0.00289966, 0.04146795], [-0.03121967, 0.00058106, -0.01014154, 0.01832041, 0.03461345, 0.04136121], [0.02706283, 0.0257447, 0.03377481, 0.01110422, 0.00049194, -0.06083764], [-0.00694861, 0.00372188, -0.04934189, 0.00871308, 0.00935765, 0.0562905], [-0.00383768, -0.01085724, 0.02752612, 0.01128222, -0.04806476, -0.02368844], [0.02230379, -0.01484505, 0.00027375, -0.04600044, 0.01954732, -0.02257753], [-0.04673129, 0.01048167, -0.00950653, 0.01162263, 0.006302, 0.05623782], [-0.00994065, -0.00320612, -0.03104511, 0.03758545, 0.01157747, 0.04098576], [0.0421474, 0.02324942, 0.0185094, 0.00174287, 0.01143648, -0.0606568]], "number of molecular orbitals": 42, "number of electrons": 42, "number of unpaired electrons": 0, "orbital energies/eV": [-17.01270791, -16.59425246, -16.55716997, -15.75145031, -15.73682908, -14.93279588, -14.61553341, -14.11083958, -13.74364353, -13.61245051, -13.3504068, -12.94971924, -12.94291966, -12.44425332, -12.42726096, -11.63583815, -11.61333164, -11.42674732, -11.27482296, -11.21390304, -11.12965087, 1.99715483, 2.57221544, 2.7239678, 2.75796633, 2.93077385, 2.95525651, 3.22145202, 3.58749804, 4.62814445, 4.97502756, 5.21189004, 5.3554973, 5.68709886, 6.33064099, 6.6592021, 6.66531511, 7.33708909, 8.10086014, 8.31570932, 8.41112821, 9.3343006], "fractional occupation": [2.0, 2.0, 2.0, 2.0, 2.0, 2.0, 2.0, 2.0, 2.0, 2.0, 2.0, 2.0, 2.0, 2.0, 2.0, 2.0, 2.0, 2.0, 2.0, 2.0, 2.0, 0.0, 0.0, 0.0, 0.0, 0.0, 0.0, 0.0, 0.0, 0.0, 0.0, 0.0, 0.0, 0.0, 0.0, 0.0, 0.0, 0.0, 0.0, 0.0, 0.0, 0.0], "program call": "xtb /tmp/scratch/tmpsuhbdfw4/510274_74e3ef_xyzopt.xyz --pop --wbo --acc 0.2 --gfn 2 --chrg 0 --uhf 0 --etemp 300 --input /tmp/scratch/tmpsuhbdfw4/510274_74e3ef_xtb.inp", "method": "GFN2-xTB", "xtb version": "6.3.3 (7355c4f)", "Dipole module/D": 0.016, "Total charge": 0, "Transition dipole module/D": NaN, "HOMO": -11.1297, "LUMO": 1.9972, "HOMO occupancy": 2.0, "LUMO occupancy": 0, "mulliken charges": [-0.04813, -0.04747, -0.04813, -0.04764, -0.04695, -0.04695, -0.04764, 0.02365, 0.02401, 0.02291, 0.02291, 0.02401, 0.02365, 0.02548, 0.02395, 0.02243, 0.02403, 0.02403, 0.02243, 0.02548, 0.02395], "cm5 charges": [-0.15932, -0.15872, -0.15932, -0.15871, -0.15827, -0.15827, -0.15871, 0.08037, 0.07883, 0.07798, 0.07798, 0.07883, 0.08037, 0.08243, 0.07883, 0.07845, 0.07879, 0.07879, 0.07845, 0.08243, 0.07883], "FUKUI+": [-0.0, 0.01, -0.0, -0.001, 0.009, 0.009, -0.001, -0.073, -0.062, -0.079, -0.079, -0.062, -0.073, -0.071, -0.069, -0.08, -0.08, -0.08, -0.08, -0.071, -0.069], "FUKUI-": [0.01, 0.011, 0.01, 0.005, 0.004, 0.004, 0.005, -0.083, -0.091, -0.091, -0.091, -0.091, -0.083, -0.047, -0.081, -0.051, -0.081, -0.081, -0.051, -0.047, -0.081], "FUKUIrad": [0.005, 0.01, 0.005, 0.002, 0.007, 0.007, 0.002, -0.078, -0.077, -0.085, -0.085, -0.077, -0.078, -0.059, -0.075, -0.065, -0.08, -0.08, -0.065, -0.059, -0.075], "s proportion": [1.03, 1.03, 1.03, 1.028, 1.03, 1.03, 1.028, 0.976, 0.976, 0.977, 0.977, 0.976, 0.976, 0.975, 0.976, 0.978, 0.976, 0.976, 0.978, 0.975, 0.976], "p proportion": [3.019, 3.018, 3.019, 3.02, 3.017, 3.017, 3.02, 0.0, 0.0, 0.0, 0.0, 0.0, 0.0, 0.0, 0.0, 0.0, 0.0, 0.0, 0.0, 0.0, 0.0], "d proportion": [0.0, 0.0, 0.0, 0.0, 0.0, 0.0, 0.0, 0.0, 0.0, 0.0, 0.0, 0.0, 0.0, 0.0, 0.0, 0.0, 0.0, 0.0, 0.0, 0.0, 0.0], "Fermi-level/eV": -4.5662, "Coordination numbers": [3.8, 3.799, 3.8, 3.8, 3.801, 3.801, 3.8, 0.924, 0.924, 0.924, 0.924, 0.924, 0.924, 0.924, 0.924, 0.924, 0.924, 0.924, 0.924, 0.924, 0.924], "Dispersion coefficient C6": [21.557, 21.551, 21.557, 21.562, 21.549, 21.549, 21.562, 2.57, 2.678, 2.665, 2.665, 2.678, 2.57, 2.505, 2.676, 2.613, 2.676, 2.676, 2.613, 2.505, 2.676], "Total dispersion C6": 3036.044654, "Total dispersion C8": 64164.799162, "Polarizability alpha": [6.611, 6.61, 6.611, 6.611, 6.609, 6.609, 6.611, 2.507, 2.559, 2.553, 2.553, 2.559, 2.507, 2.475, 2.558, 2.528, 2.558, 2.558, 2.528, 2.475, 2.558], "Total polarizability alpha": 81.748856, "Wiberg matrix": [[0.0, 1.006088204631595, 0.0, 0.0, 0.0, 0.0, 1.0066657408660205, 0.9768485166346836, 0.9793966277057609, 0.0, 0.0, 0.0, 0.0, 0.0, 0.0, 0.0, 0.0, 0.0, 0.0, 0.0, 0.0], [1.006088204631595, 0.0, 1.0060877315227759, 0.0, 0.0, 0.0, 0.0, 0.0, 0.0, 0.9802643575423038, 0.9802643414800755, 0.0, 0.0, 0.0, 0.0, 0.0, 0.0, 0.0, 0.0, 0.0, 0.0], [0.0, 1.0060877315227759, 0.0, 1.0066658663278683, 0.0, 0.0, 0.0, 0.0, 0.0, 0.0, 0.0, 0.9793967837111444, 0.9768487911003996, 0.0, 0.0, 0.0, 0.0, 0.0, 0.0, 0.0, 0.0], [0.0, 0.0, 1.0066658663278683, 0.0, 1.008388722959735, 0.0, 0.0, 0.0, 0.0, 0.0, 0.0, 0.0, 0.0, 0.9762088188909561, 0.9789499006419505, 0.0, 0.0, 0.0, 0.0, 0.0, 0.0], [0.0, 0.0, 0.0, 1.008388722959735, 0.0, 1.0088027317542603, 0.0, 0.0, 0.0, 0.0, 0.0, 0.0, 0.0, 0.0, 0.0, 0.9764515148615512, 0.9775536657646596, 0.0, 0.0, 0.0, 0.0], [0.0, 0.0, 0.0, 0.0, 1.0088027317542603, 0.0, 1.0083887884091423, 0.0, 0.0, 0.0, 0.0, 0.0, 0.0, 0.0, 0.0, 0.0, 0.0, 0.977553621399215, 0.9764516053998161, 0.0, 0.0], [1.0066657408660205, 0.0, 0.0, 0.0, 0.0, 1.0083887884091423, 0.0, 0.0, 0.0, 0.0, 0.0, 0.0, 0.0, 0.0, 0.0, 0.0, 0.0, 0.0, 0.0, 0.9762090083200866, 0.9789498968228617], [0.9768485166346836, 0.0, 0.0, 0.0, 0.0, 0.0, 0.0, 0.0, 0.0, 0.0, 0.0, 0.0, 0.0, 0.0, 0.0, 0.0, 0.0, 0.0, 0.0, 0.0, 0.0], [0.9793966277057609, 0.0, 0.0, 0.0, 0.0, 0.0, 0.0, 0.0, 0.0, 0.0, 0.0, 0.0, 0.0, 0.0, 0.0, 0.0, 0.0, 0.0, 0.0, 0.0, 0.0], [0.0, 0.9802643575423038, 0.0, 0.0, 0.0, 0.0, 0.0, 0.0, 0.0, 0.0, 0.0, 0.0, 0.0, 0.0, 0.0, 0.0, 0.0, 0.0, 0.0, 0.0, 0.0], [0.0, 0.9802643414800755, 0.0, 0.0, 0.0, 0.0, 0.0, 0.0, 0.0, 0.0, 0.0, 0.0, 0.0, 0.0, 0.0, 0.0, 0.0, 0.0, 0.0, 0.0, 0.0], [0.0, 0.0, 0.9793967837111444, 0.0, 0.0, 0.0, 0.0, 0.0, 0.0, 0.0, 0.0, 0.0, 0.0, 0.0, 0.0, 0.0, 0.0, 0.0, 0.0, 0.0, 0.0], [0.0, 0.0, 0.9768487911003996, 0.0, 0.0, 0.0, 0.0, 0.0, 0.0, 0.0, 0.0, 0.0, 0.0, 0.0, 0.0, 0.0, 0.0, 0.0, 0.0, 0.0, 0.0], [0.0, 0.0, 0.0, 0.9762088188909561, 0.0, 0.0, 0.0, 0.0, 0.0, 0.0, 0.0, 0.0, 0.0, 0.0, 0.0, 0.0, 0.0, 0.0, 0.0, 0.0, 0.0], [0.0, 0.0, 0.0, 0.9789499006419505, 0.0, 0.0, 0.0, 0.0, 0.0, 0.0, 0.0, 0.0, 0.0, 0.0, 0.0, 0.0, 0.0, 0.0, 0.0, 0.0, 0.0], [0.0, 0.0, 0.0, 0.0, 0.9764515148615512, 0.0, 0.0, 0.0, 0.0, 0.0, 0.0, 0.0, 0.0, 0.0, 0.0, 0.0, 0.0, 0.0, 0.0, 0.0, 0.0], [0.0, 0.0, 0.0, 0.0, 0.9775536657646596, 0.0, 0.0, 0.0, 0.0, 0.0, 0.0, 0.0, 0.0, 0.0, 0.0, 0.0, 0.0, 0.0, 0.0, 0.0, 0.0], [0.0, 0.0, 0.0, 0.0, 0.0, 0.977553621399215, 0.0, 0.0, 0.0, 0.0, 0.0, 0.0, 0.0, 0.0, 0.0, 0.0, 0.0, 0.0, 0.0, 0.0, 0.0], [0.0, 0.0, 0.0, 0.0, 0.0, 0.9764516053998161, 0.0, 0.0, 0.0, 0.0, 0.0, 0.0, 0.0, 0.0, 0.0, 0.0, 0.0, 0.0, 0.0, 0.0, 0.0], [0.0, 0.0, 0.0, 0.0, 0.0, 0.0, 0.9762090083200866, 0.0, 0.0, 0.0, 0.0, 0.0, 0.0, 0.0, 0.0, 0.0, 0.0, 0.0, 0.0, 0.0, 0.0], [0.0, 0.0, 0.0, 0.0, 0.0, 0.0, 0.9789498968228617, 0.0, 0.0, 0.0, 0.0, 0.0, 0.0, 0.0, 0.0, 0.0, 0.0, 0.0, 0.0, 0.0, 0.0]], "Born radii": [], "Atomic SASAs": [], "Solvent H bonds": [], "Total SASA": NaN, "Total FOD": 0.0, "FOD": [0.0, 0.0, 0.0, 0.0, 0.0, 0.0, 0.0, 0.0, 0.0, 0.0, 0.0, 0.0, 0.0, 0.0, 0.0, 0.0, 0.0, 0.0, 0.0, 0.0, 0.0], "FOD s proportion": [0.0, 0.0, 0.0, 0.0, 0.0, 0.0, 0.0, 0.0, 0.0, 0.0, 0.0, 0.0, 0.0, 0.0, 0.0, 0.0, 0.0, 0.0, 0.0, 0.0, 0.0], "FOD p proportion": [0.0, 0.0, 0.0, 0.0, 0.0, 0.0, 0.0, 0.0, 0.0, 0.0, 0.0, 0.0, 0.0, 0.0, 0.0, 0.0, 0.0, 0.0, 0.0, 0.0, 0.0], "FOD d proportion": [0.0, 0.0, 0.0, 0.0, 0.0, 0.0, 0.0, 0.0, 0.0, 0.0, 0.0, 0.0, 0.0, 0.0, 0.0, 0.0, 0.0, 0.0, 0.0, 0.0, 0.0], "coordinates": [["-0.33277916940789", "-1.52171620372652", "-0.39215448477817"], ["1.14046752476957", "-1.35133331030664", "-0.01106726590416"], ["1.55912360558742", "0.06863860063143", "0.38024143663329"], ["0.92721526495679", "1.18026769560946", "-0.45949967648970"], ["-0.40967129491228", "1.65926641514159", "0.10566014575146"], ["-1.56760660067962", "0.68359602049360", "-0.08645656679240"], ["-1.31557255874773", "-0.72011223674178", "0.46326401498136"], ["-0.47574368688028", "-1.23946533302965", "-1.43726803349339"], ["-0.57280752125651", "-2.58528934452739", "-0.31743577260972"], ["1.74645192188487", "-1.68318841810804", "-0.85791782733554"], ["1.37256041632142", "-2.01252119366854", "0.82766034734369"], ["2.64726950866106", "0.12728076827301", "0.29727379356985"], ["1.31338163256999", "0.24698790545409", "1.42913100032006"], ["0.80182890700580", "0.84853576407989", "-1.49101906257705"], ["1.60862809406085", "2.03489587514410", "-0.47273923530707"], ["-0.28464145533556", "1.86332076708820", "1.17232977872267"], ["-0.67892807200454", "2.60345062567317", "-0.37565202017101"], ["-2.44918025121448", "1.10302659543281", "0.40603753390572"], ["-1.79838840253174", "0.60484606678529", "-1.15209868159926"], ["-0.95917109533547", "-0.66212513152118", "1.49254348041541"], ["-2.27243676751165", "-1.24836092817692", "0.47916709541396"]], "bond_dist": [[0.0, 1.5312457740885597, 2.589424641342634, 2.982086239823976, 3.220618298848057, 2.545908876683662, 1.52976879813474, 1.0919554647390044, 1.0928789143689728, 2.1368693685590534, 2.1533742975785426, 3.474937767544914, 3.025762784824734, 2.848321126259194, 4.052782444720587, 3.7293972092069207, 4.139697182703883, 3.464900979754187, 2.692172486462239, 2.164104913419682, 2.1438740636196325], [1.5312457740885597, 0.0, 1.5312464342947607, 2.579839492358822, 3.3882541752037167, 3.3882571326519666, 2.5798378048983115, 2.1584025932329745, 2.1334995991624797, 1.0929321916375763, 1.0929320823536672, 2.1335008837567497, 2.158402428524978, 2.67289307275067, 3.4494729195008733, 3.7101704822984978, 4.368459495164033, 4.368458551543443, 3.710183904929374, 2.6728889848231745, 3.449470792566597], [2.589424641342634, 1.5312464342947607, 0.0, 1.5297687841073464, 2.54590751792545, 3.2206243862685677, 2.9820963547839505, 3.025749737373298, 3.47494134569176, 2.1533759923952647, 2.1368705142476636, 1.0928787855920497, 1.0919555433460868, 2.1641050579765557, 2.1438736881301654, 2.6921659718806694, 3.4648985889788966, 4.139700927709234, 3.7294063293463267, 2.848339809349966, 4.052792733110058], [2.982086239823976, 2.579839492358822, 1.5297687841073464, 0.0, 1.528434189603084, 2.5709881477386403, 3.0810767500563596, 2.9630107509734867, 4.055819317285834, 3.0048738140168623, 3.471168984981256, 2.1540831356780314, 2.1417426230933807, 1.090779563903989, 1.0931093517301782, 2.1443007204851123, 2.14759784428094, 3.48642618332255, 2.8704910355241204, 3.2807525533296746, 4.12517944213703], [3.220618298848057, 3.3882541752037167, 2.54590751792545, 1.528434189603084, 0.0, 1.526320976260802, 2.5709882139257627, 3.2844540908869613, 4.268709076690381, 4.092597481862094, 4.144835148451363, 3.424701868600131, 2.5913350000960715, 2.162036406290846, 2.1328796868928115, 1.0931855950550515, 1.0934552741160628, 2.1352344356489104, 2.149952265470431, 2.759393797113977, 3.473283664627465], [2.545908876683662, 3.3882571326519666, 3.2206243862685677, 2.5709881477386403, 1.526320976260802, 0.0, 1.528434083547274, 2.5913357965566597, 3.4247026340383893, 4.144852825651114, 4.092583518154749, 4.268713654768591, 3.284467311426151, 2.759388618636306, 3.4732826595666473, 2.149951884473367, 2.13523423600601, 1.093455324982985, 1.0931856713867087, 2.1620361542364743, 2.132879120541178], [1.52976879813474, 2.5798378048983115, 2.9820963547839505, 3.0810767500563596, 2.5709882139257627, 1.528434083547274, 0.0, 2.1417428043361277, 2.1540839590581387, 3.4711714321790903, 3.004856816994406, 4.055828510893552, 2.9630359191966518, 3.280741968654071, 4.125181358315491, 2.870491122189838, 3.486426023445805, 2.1475978375708564, 2.1442999525715636, 1.09077987030311, 1.0931096477406035], [1.0919554647390044, 2.1584025932329745, 3.025749737373298, 2.9630107509734867, 3.2844540908869613, 2.5913357965566597, 2.1417428043361277, 0.0, 1.7534788137823387, 2.3389506538663323, 3.0238624293941765, 3.8248976031762254, 3.6914436281681873, 2.4484340888222826, 3.999545329822817, 4.058793218126387, 3.9920315028508533, 3.574842055695258, 2.287399209274103, 3.0250321113264427, 2.6269580813008417], [1.0928789143689728, 2.1334995991624797, 3.47494134569176, 4.055819317285834, 4.268709076690381, 3.4247026340383893, 2.1540839590581387, 1.7534788137823387, 0.0, 2.5465410457182425, 2.3288977846025856, 4.254973624620182, 3.8249182261948724, 3.8804739304494884, 5.111642786166861, 4.700273715929056, 5.190151556662684, 4.200935933805085, 3.517907703550702, 2.669056443379246, 2.3044941515470905], [2.1368693685590534, 1.0929321916375763, 2.1533759923952647, 3.0048738140168623, 4.092597481862094, 4.144852825651114, 3.4711714321790903, 2.3389506538663323, 2.5465410457182425, 0.0, 1.7576770801105221, 2.3288921573337316, 3.0238589344756064, 2.775384144398518, 3.7405225259315533, 4.5634387307791355, 4.948769818367848, 5.192678171121077, 4.229366040517949, 3.72661166554316, 4.257738523489096], [2.1533742975785426, 1.0929320823536672, 2.1368705142476636, 3.471168984981256, 4.144835148451363, 4.092583518154749, 3.004856816994406, 3.0238624293941765, 2.3288977846025856, 1.7576770801105221, 0.0, 2.546555635136673, 2.338942163426893, 3.7266144926993423, 4.257740240074242, 4.229333985997459, 5.192664201400335, 4.94874787728001, 4.563438791148948, 2.775357805357732, 3.74050704158511], [3.474937767544914, 2.1335008837567497, 1.0928787855920497, 2.1540831356780314, 3.424701868600131, 4.268713654768591, 4.055828510893552, 3.8248976031762254, 4.254973624620182, 2.3288921573337316, 2.546555635136673, 0.0, 1.7534786571690066, 2.6690543498700334, 2.3044937510710968, 3.517905592172935, 4.200932832017386, 5.190155067564654, 4.70027908208354, 3.880495474688331, 5.11165189484579], [3.025762784824734, 2.158402428524978, 1.0919555433460868, 2.1417426230933807, 2.5913350000960715, 3.284467311426151, 2.9630359191966518, 3.6914436281681873, 3.8249182261948724, 3.0238589344756064, 2.338942163426893, 1.7534786571690066, 0.0, 3.0250326290946736, 2.626955609497108, 2.2873907791392822, 3.5748365363715626, 3.9920413836867894, 4.058807939014814, 2.44846963586253, 3.999574121482201], [2.848321126259194, 2.67289307275067, 2.1641050579765557, 1.090779563903989, 2.162036406290846, 2.759388618636306, 3.280741968654071, 2.4484340888222826, 3.8804739304494884, 2.775384144398518, 3.7266144926993423, 2.6690543498700334, 3.0250326290946736, 0.0, 1.7593376730980197, 3.05018581418072, 2.55272619793318, 3.772618435560854, 2.633511296734515, 3.7795320871361597, 4.210667247913703], [4.052782444720587, 3.4494729195008733, 2.1438736881301654, 1.0931093517301782, 2.1328796868928115, 3.4732826595666473, 4.125181358315491, 3.999545329822817, 5.111642786166861, 3.7405225259315533, 4.257740240074242, 2.3044937510710968, 2.626955609497108, 1.7593376730980197, 0.0, 2.513992773517231, 2.3591510431924094, 4.255165981670259, 3.7569047259289854, 4.210682977876122, 5.171901522530501], [3.7293972092069207, 3.7101704822984978, 2.6921659718806694, 2.1443007204851123, 1.0931855950550515, 2.149951884473367, 2.870491122189838, 4.058793218126387, 4.700273715929056, 4.5634387307791355, 4.229333985997459, 3.517905592172935, 2.2873907791392822, 3.05018581418072, 2.513992773517231, 0.0, 1.760540199302303, 2.418776391232708, 3.046006575600721, 2.6335155281093585, 3.756909325667707], [4.139697182703883, 4.368459495164033, 3.4648985889788966, 2.14759784428094, 1.0934552741160628, 2.13523423600601, 3.486426023445805, 3.9920315028508533, 5.190151556662684, 4.948769818367848, 5.192664201400335, 4.200932832017386, 3.5748365363715626, 2.55272619793318, 2.3591510431924094, 1.760540199302303, 0.0, 2.4486942658226942, 2.4187767636709596, 3.7726218478019313, 4.255166028417609], [3.464900979754187, 4.368458551543443, 4.139700927709234, 3.48642618332255, 2.1352344356489104, 1.093455324982985, 2.1475978375708564, 3.574842055695258, 4.200935933805085, 5.192678171121077, 4.94874787728001, 5.190155067564654, 3.9920413836867894, 3.772618435560854, 4.255165981670259, 2.418776391232708, 2.4486942658226942, 0.0, 1.760540353273279, 2.5527207202459206, 2.35915439892884], [2.692172486462239, 3.710183904929374, 3.7294063293463267, 2.8704910355241204, 2.149952265470431, 1.0931856713867087, 2.1442999525715636, 2.287399209274103, 3.517907703550702, 4.229366040517949, 4.563438791148948, 4.70027908208354, 4.058807939014814, 2.633511296734515, 3.7569047259289854, 3.046006575600721, 2.4187767636709596, 1.760540353273279, 0.0, 3.0501858748511577, 2.5139860886193333], [2.164104913419682, 2.6728889848231745, 2.848339809349966, 3.2807525533296746, 2.759393797113977, 2.1620361542364743, 1.09077987030311, 3.0250321113264427, 2.669056443379246, 3.72661166554316, 2.775357805357732, 3.880495474688331, 2.44846963586253, 3.7795320871361597, 4.210682977876122, 2.6335155281093585, 3.7726218478019313, 2.5527207202459206, 3.0501858748511577, 0.0, 1.7593381803040458], [2.1438740636196325, 3.449470792566597, 4.052792733110058, 4.12517944213703, 3.473283664627465, 2.132879120541178, 1.0931096477406035, 2.6269580813008417, 2.3044941515470905, 4.257738523489096, 3.74050704158511, 5.11165189484579, 3.999574121482201, 4.210667247913703, 5.171901522530501, 3.756909325667707, 4.255166028417609, 2.35915439892884, 2.5139860886193333, 1.7593381803040458, 0.0]]}