{"total energy": -25.29798375, "HOMO-LUMO gap/eV": 12.60339605, "electronic energy": -25.66920199, "dipole": [-0.00617287, -0.0055709, 0.01700857], "partial charges": [-0.05463052, -0.05531139, -0.05579847, -0.0538047, -0.05469168, -0.05380465, -0.05579848, -0.05531137, 0.02333728, 0.02698917, 0.03417366, 0.02365531, 0.03527567, 0.0221695, 0.02622252, 0.02341756, 0.03630702, 0.02268945, 0.02622239, 0.02341758, 0.02216948, 0.03527586, 0.03417352, 0.02365529], "atomic dipole moments": [[0.06889622, 0.0719152, 0.03180839], [-0.03156666, 0.05749766, -0.08820292], [-0.00884331, 0.04102976, 0.10286969], [-0.10018005, -0.01117059, 0.01758469], [-0.01428403, -0.0192207, -0.10469342], [-0.00969551, -0.0995747, 0.02146878], [0.03666105, -0.00342919, 0.10482387], [0.06200349, -0.03392112, -0.084185], [-0.06597846, -0.06422703, 0.07517451], [-0.03140202, -0.0370376, -0.11141968], [0.0338411, 0.03234886, 0.1155902], [0.00656537, -0.11981386, -0.00228713], [-0.05657819, 0.02211247, -0.10637185], [0.08115605, -0.08508905, -0.02488547], [0.05446631, 0.04830507, -0.09756547], [0.08703984, -0.0355168, 0.07335194], [-0.04826699, -0.04493583, 0.10164527], [0.07805966, 0.08147107, 0.0358397], [0.0513148, 0.05138518, -0.09770016], [-0.0406338, 0.08922049, 0.06787105], [-0.08570223, 0.07793357, -0.03205033], [0.02801649, -0.06053676, -0.10273955], [0.02648109, 0.03953916, 0.11527432], [-0.11971448, 0.00356303, -0.00770987]], "atomic quadrupole moments": [[0.09402155, -0.12529342, 0.09028006, 0.03257379, 0.01566707, -0.18430161], [0.1861091, 0.00361376, -0.13903558, -0.07432342, -0.08714617, -0.04707352], [-0.00062622, 0.1906696, 0.03087795, -0.08170043, -0.00491121, -0.03025172], [-0.03167279, 0.01621289, 0.12756788, -0.03892263, 0.18439557, -0.0958951], [0.02949439, -0.20328439, 0.02255964, 0.03486423, 0.0233075, -0.05205402], [0.1100921, 0.0295753, -0.03386615, 0.1931771, -0.03584594, -0.07622595], [0.02252623, 0.19437645, 0.00153541, -0.0091199, -0.07469077, -0.02406165], [-0.13136135, -0.00411864, 0.17911742, -0.08907571, -0.0863839, -0.04775607], [0.00320313, 0.00101628, -0.00040524, -0.04150867, -0.04262709, -0.00279789], [-0.02535349, -0.01741433, -0.02437145, 0.01912728, 0.02209323, 0.04972493], [-0.0148331, 0.02590806, -0.02081375, 0.01538294, 0.03544629, 0.03564684], [0.00148427, -0.00663485, 0.05193836, -0.02545633, 0.01258301, -0.05342263], [0.01575067, -0.00130586, -0.02873237, 0.03531521, -0.03260119, 0.0129817], [0.02005705, -0.02606721, 0.03232069, -0.01212111, 0.00365366, -0.05237774], [-0.03469962, 0.02408622, -0.0041053, -0.02725749, -0.02131687, 0.03880492], [-0.00920062, -0.03056301, 0.00613768, 0.05000093, 0.00102111, 0.00306294], [-0.00130367, 0.00944401, -0.0041079, -0.03728548, -0.03739185, 0.00541157], [0.02227059, 0.02755458, 0.02528034, 0.02061819, 0.01917909, -0.04755093], [-0.00329425, 0.02494604, -0.03576231, -0.02364539, -0.02349228, 0.03905656], [0.00749272, -0.03232241, -0.00636022, 0.00148804, 0.04904248, -0.0011325], [0.03296808, -0.02486193, 0.01764114, 0.00874856, -0.01614293, -0.05060922], [-0.02564385, -0.00531509, 0.01861419, -0.03488205, 0.03407376, 0.00702966], [-0.02493391, 0.02638341, -0.01210126, 0.03132864, 0.01946359, 0.03703517], [0.05085239, -0.00362763, -0.00106224, 0.017902, -0.02757795, -0.04979015]], "number of molecular orbitals": 48, "number of electrons": 48, "number of unpaired electrons": 0, "orbital energies/eV": [-16.9678382, -16.64697972, -16.61593675, -16.00317338, -15.9603241, -15.124585, -15.02714041, -14.61764429, -14.08416839, -13.80391978, -13.50515325, -13.37611123, -13.19714655, -13.1456629, -12.9606712, -12.17039594, -12.06220855, -11.78724884, -11.75918612, -11.68753902, -11.6025224, -11.22243207, -11.06268385, -10.83637392, 1.76702213, 2.44355087, 2.46763477, 2.74789896, 2.79874161, 2.83521238, 2.97531912, 3.26777932, 3.29999084, 4.7892902, 4.91037598, 5.02323343, 5.23320696, 5.39663925, 5.64486233, 6.25196196, 6.44926056, 6.92020121, 7.62679016, 7.67854397, 8.01687337, 8.68859602, 9.44557552, 9.47846983], "fractional occupation": [2.0, 2.0, 2.0, 2.0, 2.0, 2.0, 2.0, 2.0, 2.0, 2.0, 2.0, 2.0, 2.0, 2.0, 2.0, 2.0, 2.0, 2.0, 2.0, 2.0, 2.0, 2.0, 2.0, 2.0, 0.0, 0.0, 0.0, 0.0, 0.0, 0.0, 0.0, 0.0, 0.0, 0.0, 0.0, 0.0, 0.0, 0.0, 0.0, 0.0, 0.0, 0.0, 0.0, 0.0, 0.0, 0.0, 0.0, 0.0], "program call": "xtb /tmp/scratch/tmp5vqhrne4/510259_4d2078_xyzopt.xyz --pop --wbo --acc 0.2 --gfn 2 --chrg 0 --uhf 0 --etemp 300 --input /tmp/scratch/tmp5vqhrne4/510259_4d2078_xtb.inp", "method": "GFN2-xTB", "xtb version": "6.3.3 (7355c4f)", "Dipole module/D": 0.048, "Total charge": 0, "Transition dipole module/D": NaN, "HOMO": -10.8364, "LUMO": 1.767, "HOMO occupancy": 2.0, "LUMO occupancy": 0, "mulliken charges": [-0.04681, -0.04909, -0.04999, -0.04704, -0.04874, -0.04704, -0.04999, -0.04909, 0.02425, 0.02258, 0.02561, 0.02432, 0.02559, 0.02372, 0.02358, 0.02262, 0.02563, 0.02445, 0.02358, 0.02262, 0.02372, 0.02559, 0.02561, 0.02432], "cm5 charges": [-0.15862, -0.16071, -0.1617, -0.15838, -0.16079, -0.15838, -0.1617, -0.16071, 0.07907, 0.07853, 0.08256, 0.07926, 0.08308, 0.07858, 0.0789, 0.07783, 0.08358, 0.0794, 0.0789, 0.07783, 0.07858, 0.08308, 0.08256, 0.07926], "FUKUI+": [-0.007, -0.003, 0.003, 0.013, 0.011, 0.013, 0.003, -0.003, -0.074, -0.072, -0.07, -0.067, -0.066, -0.057, -0.068, -0.064, -0.038, -0.063, -0.068, -0.064, -0.057, -0.066, -0.07, -0.067], "FUKUI-": [0.003, 0.007, 0.01, 0.01, 0.007, 0.01, 0.01, 0.007, -0.056, -0.04, -0.041, -0.081, -0.072, -0.098, -0.056, -0.089, -0.038, -0.052, -0.056, -0.089, -0.098, -0.072, -0.041, -0.081], "FUKUIrad": [-0.002, 0.002, 0.007, 0.011, 0.009, 0.011, 0.007, 0.002, -0.065, -0.056, -0.056, -0.074, -0.069, -0.078, -0.062, -0.077, -0.038, -0.058, -0.062, -0.077, -0.078, -0.069, -0.056, -0.074], "s proportion": [1.032, 1.029, 1.03, 1.029, 1.029, 1.029, 1.03, 1.029, 0.976, 0.977, 0.974, 0.976, 0.974, 0.976, 0.976, 0.977, 0.974, 0.976, 0.976, 0.977, 0.976, 0.974, 0.974, 0.976], "p proportion": [3.015, 3.02, 3.02, 3.018, 3.02, 3.018, 3.02, 3.02, 0.0, 0.0, 0.0, 0.0, 0.0, 0.0, 0.0, 0.0, 0.0, 0.0, 0.0, 0.0, 0.0, 0.0, 0.0, 0.0], "d proportion": [0.0, 0.0, 0.0, 0.0, 0.0, 0.0, 0.0, 0.0, 0.0, 0.0, 0.0, 0.0, 0.0, 0.0, 0.0, 0.0, 0.0, 0.0, 0.0, 0.0, 0.0, 0.0, 0.0, 0.0], "Fermi-level/eV": -4.5347, "Coordination numbers": [3.799, 3.799, 3.799, 3.799, 3.8, 3.799, 3.799, 3.799, 0.924, 0.924, 0.924, 0.924, 0.925, 0.924, 0.924, 0.924, 0.925, 0.924, 0.924, 0.924, 0.924, 0.925, 0.924, 0.924], "Dispersion coefficient C6": [21.557, 21.57, 21.579, 21.542, 21.558, 21.542, 21.579, 21.57, 2.683, 2.63, 2.528, 2.679, 2.513, 2.701, 2.641, 2.682, 2.499, 2.693, 2.641, 2.682, 2.701, 2.513, 2.528, 2.679], "Total dispersion C6": 3964.98608, "Total dispersion C8": 83806.134286, "Polarizability alpha": [6.611, 6.613, 6.614, 6.608, 6.611, 6.608, 6.614, 6.613, 2.562, 2.536, 2.486, 2.559, 2.479, 2.57, 2.541, 2.561, 2.472, 2.566, 2.541, 2.561, 2.57, 2.479, 2.486, 2.559], "Total polarizability alpha": 93.422387, "Wiberg matrix": [[0.0, 1.0085762996736538, 0.0, 0.0, 0.0, 0.0, 0.0, 1.0085762909603109, 0.9773468399139372, 0.976625428592781, 0.0, 0.0, 0.0, 0.0, 0.0, 0.0, 0.0, 0.0, 0.0, 0.0, 0.0, 0.0, 0.0, 0.0], [1.0085762996736538, 0.0, 1.0045312237537616, 0.0, 0.0, 0.0, 0.0, 0.0, 0.0, 0.0, 0.9735591139258235, 0.9793370667201688, 0.0, 0.0, 0.0, 0.0, 0.0, 0.0, 0.0, 0.0, 0.0, 0.0, 0.0, 0.0], [0.0, 1.0045312237537616, 0.0, 1.006083088924099, 0.0, 0.0, 0.0, 0.0, 0.0, 0.0, 0.0, 0.0, 0.9722423271720039, 0.9799741918421322, 0.0, 0.0, 0.0, 0.0, 0.0, 0.0, 0.0, 0.0, 0.0, 0.0], [0.0, 0.0, 1.006083088924099, 0.0, 1.0084087186712793, 0.0, 0.0, 0.0, 0.0, 0.0, 0.0, 0.0, 0.0, 0.0, 0.9778244749055363, 0.9791387469943211, 0.0, 0.0, 0.0, 0.0, 0.0, 0.0, 0.0, 0.0], [0.0, 0.0, 0.0, 1.0084087186712793, 0.0, 1.0084087077126163, 0.0, 0.0, 0.0, 0.0, 0.0, 0.0, 0.0, 0.0, 0.0, 0.0, 0.9688397562173846, 0.9762852921153988, 0.0, 0.0, 0.0, 0.0, 0.0, 0.0], [0.0, 0.0, 0.0, 0.0, 1.0084087077126163, 0.0, 1.0060832688812813, 0.0, 0.0, 0.0, 0.0, 0.0, 0.0, 0.0, 0.0, 0.0, 0.0, 0.0, 0.9778244526615085, 0.9791386418390213, 0.0, 0.0, 0.0, 0.0], [0.0, 0.0, 0.0, 0.0, 0.0, 1.0060832688812813, 0.0, 1.004531172480465, 0.0, 0.0, 0.0, 0.0, 0.0, 0.0, 0.0, 0.0, 0.0, 0.0, 0.0, 0.0, 0.9799741475406383, 0.9722422780248972, 0.0, 0.0], [1.0085762909603109, 0.0, 0.0, 0.0, 0.0, 0.0, 1.004531172480465, 0.0, 0.0, 0.0, 0.0, 0.0, 0.0, 0.0, 0.0, 0.0, 0.0, 0.0, 0.0, 0.0, 0.0, 0.0, 0.9735593156165439, 0.9793370829918756], [0.9773468399139372, 0.0, 0.0, 0.0, 0.0, 0.0, 0.0, 0.0, 0.0, 0.0, 0.0, 0.0, 0.0, 0.0, 0.0, 0.0, 0.0, 0.0, 0.0, 0.0, 0.0, 0.0, 0.0, 0.0], [0.976625428592781, 0.0, 0.0, 0.0, 0.0, 0.0, 0.0, 0.0, 0.0, 0.0, 0.0, 0.0, 0.0, 0.0, 0.0, 0.0, 0.0, 0.0, 0.0, 0.0, 0.0, 0.0, 0.0, 0.0], [0.0, 0.9735591139258235, 0.0, 0.0, 0.0, 0.0, 0.0, 0.0, 0.0, 0.0, 0.0, 0.0, 0.0, 0.0, 0.0, 0.0, 0.0, 0.0, 0.0, 0.0, 0.0, 0.0, 0.0, 0.0], [0.0, 0.9793370667201688, 0.0, 0.0, 0.0, 0.0, 0.0, 0.0, 0.0, 0.0, 0.0, 0.0, 0.0, 0.0, 0.0, 0.0, 0.0, 0.0, 0.0, 0.0, 0.0, 0.0, 0.0, 0.0], [0.0, 0.0, 0.9722423271720039, 0.0, 0.0, 0.0, 0.0, 0.0, 0.0, 0.0, 0.0, 0.0, 0.0, 0.0, 0.0, 0.0, 0.0, 0.0, 0.0, 0.0, 0.0, 0.0, 0.0, 0.0], [0.0, 0.0, 0.9799741918421322, 0.0, 0.0, 0.0, 0.0, 0.0, 0.0, 0.0, 0.0, 0.0, 0.0, 0.0, 0.0, 0.0, 0.0, 0.0, 0.0, 0.0, 0.0, 0.0, 0.0, 0.0], [0.0, 0.0, 0.0, 0.9778244749055363, 0.0, 0.0, 0.0, 0.0, 0.0, 0.0, 0.0, 0.0, 0.0, 0.0, 0.0, 0.0, 0.0, 0.0, 0.0, 0.0, 0.0, 0.0, 0.0, 0.0], [0.0, 0.0, 0.0, 0.9791387469943211, 0.0, 0.0, 0.0, 0.0, 0.0, 0.0, 0.0, 0.0, 0.0, 0.0, 0.0, 0.0, 0.0, 0.0, 0.0, 0.0, 0.0, 0.0, 0.0, 0.0], [0.0, 0.0, 0.0, 0.0, 0.9688397562173846, 0.0, 0.0, 0.0, 0.0, 0.0, 0.0, 0.0, 0.0, 0.0, 0.0, 0.0, 0.0, 0.0, 0.0, 0.0, 0.0, 0.0, 0.0, 0.0], [0.0, 0.0, 0.0, 0.0, 0.9762852921153988, 0.0, 0.0, 0.0, 0.0, 0.0, 0.0, 0.0, 0.0, 0.0, 0.0, 0.0, 0.0, 0.0, 0.0, 0.0, 0.0, 0.0, 0.0, 0.0], [0.0, 0.0, 0.0, 0.0, 0.0, 0.9778244526615085, 0.0, 0.0, 0.0, 0.0, 0.0, 0.0, 0.0, 0.0, 0.0, 0.0, 0.0, 0.0, 0.0, 0.0, 0.0, 0.0, 0.0, 0.0], [0.0, 0.0, 0.0, 0.0, 0.0, 0.9791386418390213, 0.0, 0.0, 0.0, 0.0, 0.0, 0.0, 0.0, 0.0, 0.0, 0.0, 0.0, 0.0, 0.0, 0.0, 0.0, 0.0, 0.0, 0.0], [0.0, 0.0, 0.0, 0.0, 0.0, 0.0, 0.9799741475406383, 0.0, 0.0, 0.0, 0.0, 0.0, 0.0, 0.0, 0.0, 0.0, 0.0, 0.0, 0.0, 0.0, 0.0, 0.0, 0.0, 0.0], [0.0, 0.0, 0.0, 0.0, 0.0, 0.0, 0.9722422780248972, 0.0, 0.0, 0.0, 0.0, 0.0, 0.0, 0.0, 0.0, 0.0, 0.0, 0.0, 0.0, 0.0, 0.0, 0.0, 0.0, 0.0], [0.0, 0.0, 0.0, 0.0, 0.0, 0.0, 0.0, 0.9735593156165439, 0.0, 0.0, 0.0, 0.0, 0.0, 0.0, 0.0, 0.0, 0.0, 0.0, 0.0, 0.0, 0.0, 0.0, 0.0, 0.0], [0.0, 0.0, 0.0, 0.0, 0.0, 0.0, 0.0, 0.9793370829918756, 0.0, 0.0, 0.0, 0.0, 0.0, 0.0, 0.0, 0.0, 0.0, 0.0, 0.0, 0.0, 0.0, 0.0, 0.0, 0.0]], "Born radii": [], "Atomic SASAs": [], "Solvent H bonds": [], "Total SASA": NaN, "Total FOD": 0.0, "FOD": [0.0, 0.0, 0.0, 0.0, 0.0, 0.0, 0.0, 0.0, 0.0, 0.0, 0.0, 0.0, 0.0, 0.0, 0.0, 0.0, 0.0, 0.0, 0.0, 0.0, 0.0, 0.0, 0.0, 0.0], "FOD s proportion": [0.0, 0.0, 0.0, 0.0, 0.0, 0.0, 0.0, 0.0, 0.0, 0.0, 0.0, 0.0, 0.0, 0.0, 0.0, 0.0, 0.0, 0.0, 0.0, 0.0, 0.0, 0.0, 0.0, 0.0], "FOD p proportion": [0.0, 0.0, 0.0, 0.0, 0.0, 0.0, 0.0, 0.0, 0.0, 0.0, 0.0, 0.0, 0.0, 0.0, 0.0, 0.0, 0.0, 0.0, 0.0, 0.0, 0.0, 0.0, 0.0, 0.0], "FOD d proportion": [0.0, 0.0, 0.0, 0.0, 0.0, 0.0, 0.0, 0.0, 0.0, 0.0, 0.0, 0.0, 0.0, 0.0, 0.0, 0.0, 0.0, 0.0, 0.0, 0.0, 0.0, 0.0, 0.0, 0.0], "coordinates": [["-1.34293622182669", "-1.36568676805584", "0.20130555123239"], ["0.12443842679176", "-1.72468293911284", "0.44961782740610"], ["1.10593997105401", "-1.16507271078635", "-0.58829822102984"], ["1.89014025337907", "0.07142721885394", "-0.13640187248032"], ["1.10129245315867", "1.15346746685816", "0.59765649252330"], ["0.03519990511535", "1.88372738832979", "-0.21603910136765"], ["-1.16248309099445", "1.05120839454142", "-0.68569747808359"], ["-1.74510230572137", "0.10187985630893", "0.36934225879295"], ["-1.94807145971504", "-1.95447372674766", "0.89726047077099"], ["-1.61280043604268", "-1.68629298420675", "-0.80878354935219"], ["0.41945947403948", "-1.40993368311155", "1.45151492874560"], ["0.18673374070947", "-2.81606865494401", "0.43249002549039"], ["0.56958872655816", "-0.95207803631454", "-1.51207976848505"], ["1.84264344508200", "-1.93574711449551", "-0.83105317909333"], ["2.37295985226473", "0.51344955439788", "-1.01174171985412"], ["2.68493810278290", "-0.25902083637052", "0.53901630419148"], ["0.64763824502808", "0.72846631692247", "1.49260139632594"], ["1.82060496975027", "1.90466125128951", "0.93803676196026"], ["0.50434500263174", "2.33911886364599", "-1.09196144596323"], ["-0.34221223206711", "2.69853073542076", "0.40905679117276"], ["-1.93798609410073", "1.75797847052148", "-0.99338605109668"], ["-0.89723800888905", "0.48104070467920", "-1.57505988716941"], ["-1.48129258290191", "0.44711834358137", "1.36990079167191"], ["-2.83580113608667", "0.13698288879464", "0.30270267369135"]], "bond_dist": [[0.0, 1.5309231191474886, 2.5808360515931152, 3.5541702843183107, 3.5323485025642665, 3.55417052252083, 2.5808370606121027, 1.5309231499563856, 1.0941718278633077, 1.0935698565106773, 2.1612542344484873, 2.120599932386261, 2.600867761919155, 3.3968590139840553, 4.3371097096687965, 4.190767186550249, 3.164697270036139, 4.609332046544356, 4.337115656396726, 4.190760431824117, 3.3968598584376806, 2.6008697442045365, 2.1612541940747905, 2.120599709113098], [1.5309231191474886, 0.0, 1.534202924204515, 2.5859492896459093, 3.0430098577871805, 3.67037978304291, 3.263538039011823, 2.614949017296683, 2.1327177431411233, 2.145471202371905, 1.090826436306436, 1.0932963223458156, 2.1548398044716, 2.1533450252795054, 3.49294394253445, 2.951663273108455, 2.716522417950178, 4.035798960489748, 4.362944046690753, 4.4479464076868975, 4.297067091855652, 3.1635991180785514, 2.8534213886704385, 3.500057426217483], [2.5808360515931152, 1.534202924204515, 0.0, 1.5323552031534775, 2.6042539694456326, 3.2527285754191944, 3.1728743658614684, 3.263538901227483, 3.486692474258916, 2.777018861046883, 2.1661140446768172, 2.1477281824670245, 1.0892252917759218, 1.0934354186881754, 2.145246086303148, 2.141262043261108, 2.850556741944675, 3.5019581862984706, 3.590954154609036, 4.2449138287265225, 4.239553071815681, 2.77418636390329, 3.623185843615903, 4.2457689921281405], [3.5541702843183107, 2.5859492896459093, 1.5323552031534775, 0.0, 1.5270670035873952, 2.594528413435432, 3.2527228743286414, 3.670380491575831, 4.461457344386257, 3.9764646239149752, 2.6227489098666066, 3.4004211739403862, 2.1642340483188347, 2.124510576352676, 1.0930317280793898, 1.094115739763047, 2.1515490389318184, 2.1260292924905473, 2.8241720859976587, 3.490357526069456, 4.270061865965075, 3.1633838951293787, 3.7116911114456546, 4.746749663190105], [3.5323485025642665, 3.0430098577871805, 2.6042539694456326, 1.5270670035873952, 0.0, 1.5270669249966735, 2.6042530687414587, 3.043012818797232, 4.364364934309489, 4.172363026156335, 2.786574222264423, 4.076875595678764, 3.0277083429262373, 3.483397673054964, 2.1487027500849956, 2.122850777143597, 1.0896579733308833, 1.094331451670659, 2.1487029276870744, 2.1228509433023404, 3.4833983431399256, 3.0277018057946443, 2.786581384062817, 4.076879270123323], [3.55417052252083, 3.67037978304291, 3.2527285754191944, 2.594528413435432, 1.5270669249966735, 0.0, 1.5323548626243202, 2.585948167713811, 4.46145593317496, 3.9764678504169266, 3.711683595510913, 4.746749980785293, 3.163397734991185, 4.270067908558425, 2.8241681199473985, 3.49035687804254, 2.1515485617719268, 2.1260292965428533, 1.093031779993677, 1.0941157574014606, 2.1245103101857024, 2.164233788712486, 2.6227467201390375, 3.4004200261777586], [2.5808370606121027, 3.263538039011823, 3.1728743658614684, 3.2527228743286414, 2.6042530687414587, 1.5323548626243202, 0.0, 1.5342029426579025, 3.4866932711593375, 2.777021730350657, 3.6231808507670062, 4.245769792343776, 2.7741912326119076, 4.239553866931394, 3.590939462422804, 4.244911580746733, 2.8505591883073764, 3.501957886545746, 2.145245832469552, 2.1412617978240287, 1.093435460413897, 1.0892252488988925, 2.1661136924042133, 2.147728198682955], [1.5309231499563856, 2.614949017296683, 3.263538901227483, 3.670380491575831, 3.043012818797232, 2.585948167713811, 1.5342029426579025, 0.0, 2.1327175562086675, 2.1454711165839617, 2.8534199767943353, 3.50005738025131, 3.1636009007245907, 4.297067890068239, 4.362936913307111, 4.44795420532171, 2.7165288560728267, 4.035802593087554, 3.49294432915008, 2.9516560759736294, 2.1533451238459085, 2.1548402539406157, 1.0908265493033893, 1.0932963897097803], [1.0941718278633077, 2.1327177431411233, 3.486692474258916, 4.461457344386257, 4.364364934309489, 4.46145593317496, 3.4866932711593375, 2.1327175562086675, 0.0, 1.7592367005557175, 2.4917713750648343, 2.3485635249785206, 3.626062647313536, 4.166165892972122, 5.329751052773595, 4.946481273852535, 3.7802522358788337, 5.394210555275025, 5.3297549353688405, 4.946471188307326, 4.166166979641882, 3.6260652833822373, 2.4917696251956216, 2.348564184150547], [1.0935698565106773, 2.145471202371905, 2.777018861046883, 3.9764646239149752, 4.172363026156335, 3.9764678504169266, 2.777021730350657, 2.1454711165839617, 1.7592367005557175, 0.0, 3.05211467928716, 2.4607877614884512, 2.407596232467673, 3.4645080047719503, 4.557010459826552, 4.724852037610068, 4.029518356015385, 5.2663655590901115, 4.557020416287617, 4.724850106754692, 3.464510015819364, 2.407601364851031, 3.0521146221588698, 2.4607858999499865], [2.1612542344484873, 1.090826436306436, 2.1661140446768172, 2.6227489098666066, 2.786574222264423, 3.711683595510913, 3.6231808507670062, 2.8534199767943353, 2.4917713750648343, 3.05211467928716, 0.0, 1.7520812137051622, 3.002509636157618, 2.74081184085656, 3.685539325923572, 2.699934728451758, 2.1509319397632263, 3.635025186580285, 4.531210944109263, 4.306546485853972, 4.644432992423674, 3.8038968851904893, 2.658601414123879, 3.7827823249084402], [2.120599932386261, 1.0932963223458156, 2.1477281824670245, 3.4004211739403862, 4.076875595678764, 4.746749980785293, 4.245769792343776, 3.50005738025131, 2.3485635249785206, 2.4607877614884512, 1.7520812137051622, 0.0, 2.7207334765040034, 2.2613147488712038, 4.236871658599787, 3.5764320808884458, 3.728270007317137, 5.0209962700095865, 5.3852379292230985, 5.5399584289774815, 5.241131945314708, 4.0095113835806755, 3.782782064586671, 4.227656000446736], [2.600867761919155, 2.1548398044716, 1.0892252917759218, 2.1642340483188347, 3.0277083429262373, 3.163397734991185, 2.7741912326119076, 3.1636009007245907, 3.626062647313536, 2.407596232467673, 3.002509636157618, 2.7207334765040034, 0.0, 1.7470175692258312, 2.3770268612448073, 3.026883936532375, 3.4436071135801942, 3.965989411336389, 3.3185438346871563, 4.224818466310064, 3.728455568181668, 2.0516765078734265, 3.8039028121298126, 4.009509836331066], [3.3968590139840553, 2.1533450252795054, 1.0934354186881754, 2.124510576352676, 3.483397673054964, 4.270067908558425, 4.239553866931394, 4.297067890068239, 4.166165892972122, 3.4645080047719503, 2.74081184085656, 2.2613147488712038, 1.7470175692258312, 0.0, 2.5124585893916622, 2.3233513921003563, 3.7316807503015026, 4.2283449870987955, 4.487047467528902, 5.271432277716239, 5.288016676532231, 3.728452725513356, 4.644437198504536, 5.241131146930898], [4.3371097096687965, 3.49294394253445, 2.145246086303148, 1.0930317280793898, 2.1487027500849956, 2.8241681199473985, 3.590939462422804, 4.362936913307111, 5.329751052773595, 4.557010459826552, 3.685539325923572, 4.236871658599787, 2.3770268612448073, 2.5124585893916622, 0.0, 1.7603668318143455, 3.0487212565471884, 2.4580891013045156, 2.613661241908831, 3.7636960058075166, 4.48703065580436, 3.318519510604436, 4.53121205818315, 5.385228151880383], [4.190767186550249, 2.951663273108455, 2.141262043261108, 1.094115739763047, 2.122850777143597, 3.49035687804254, 4.244911580746733, 4.44795420532171, 4.946481273852535, 4.724852037610068, 2.699934728451758, 3.5764320808884458, 3.026883936532375, 2.3233513921003563, 1.7603668318143455, 0.0, 2.456633085397083, 2.3638547474489364, 3.7636956028255586, 4.234104382819543, 5.271429721871256, 4.224807087010367, 4.306562399332032, 5.539966139418092], [3.164697270036139, 2.716522417950178, 2.850556741944675, 2.1515490389318184, 1.0896579733308833, 2.1515485617719268, 2.8505591883073764, 2.7165288560728267, 3.7802522358788337, 4.029518356015385, 2.1509319397632263, 3.728270007317137, 3.4436071135801942, 3.7316807503015026, 3.0487212565471884, 2.456633085397083, 0.0, 1.7512359620066416, 3.048720988435198, 2.456629131838003, 3.7316862255884002, 3.443603900533178, 2.1509436511903983, 3.728278629311172], [4.609332046544356, 4.035798960489748, 3.5019581862984706, 2.1260292924905473, 1.094331451670659, 2.1260292965428533, 3.501957886545746, 4.035802593087554, 5.394210555275025, 5.2663655590901115, 3.635025186580285, 5.0209962700095865, 3.965989411336389, 4.2283449870987955, 2.4580891013045156, 2.3638547474489364, 1.7512359620066416, 0.0, 2.458085930586225, 2.3638584593427594, 4.228346805340264, 3.965982940600837, 3.635033055720338, 5.021001296497001], [4.337115656396726, 4.362944046690753, 3.590954154609036, 2.8241720859976587, 2.1487029276870744, 1.093031779993677, 2.145245832469552, 3.49294432915008, 5.3297549353688405, 4.557020416287617, 4.531210944109263, 5.3852379292230985, 3.3185438346871563, 4.487047467528902, 2.613661241908831, 3.7636956028255586, 3.048720988435198, 2.458085930586225, 0.0, 1.7603669485105777, 2.512453472417039, 2.377030392508464, 3.6855377173626365, 4.236869963355248], [4.190760431824117, 4.4479464076868975, 4.2449138287265225, 3.490357526069456, 2.1228509433023404, 1.0941157574014606, 2.1412617978240287, 2.9516560759736294, 4.946471188307326, 4.724850106754692, 4.306546485853972, 5.5399584289774815, 4.224818466310064, 5.271432277716239, 3.7636960058075166, 4.234104382819543, 2.456629131838003, 2.3638584593427594, 1.7603669485105777, 0.0, 2.3233550541382275, 3.026885303847929, 2.699922776132885, 3.576426175822679], [3.3968598584376806, 4.297067091855652, 4.239553071815681, 4.270061865965075, 3.4833983431399256, 2.1245103101857024, 1.093435460413897, 2.1533451238459085, 4.166166979641882, 3.464510015819364, 4.644432992423674, 5.241131945314708, 3.728455568181668, 5.288016676532231, 4.48703065580436, 5.271429721871256, 3.7316862255884002, 4.228346805340264, 2.512453472417039, 2.3233550541382275, 0.0, 1.7470177693079192, 2.74081154711076, 2.2613147742224684], [2.6008697442045365, 3.1635991180785514, 2.77418636390329, 3.1633838951293787, 3.0277018057946443, 2.164233788712486, 1.0892252488988925, 2.1548402539406157, 3.6260652833822373, 2.407601364851031, 3.8038968851904893, 4.0095113835806755, 2.0516765078734265, 3.728452725513356, 3.318519510604436, 4.224807087010367, 3.443603900533178, 3.965982940600837, 2.377030392508464, 3.026885303847929, 1.7470177693079192, 0.0, 3.002509595643172, 2.72073427842041], [2.1612541940747905, 2.8534213886704385, 3.623185843615903, 3.7116911114456546, 2.786581384062817, 2.6227467201390375, 2.1661136924042133, 1.0908265493033893, 2.4917696251956216, 3.0521146221588698, 2.658601414123879, 3.782782064586671, 3.8039028121298126, 4.644437198504536, 4.53121205818315, 4.306562399332032, 2.1509436511903983, 3.635033055720338, 3.6855377173626365, 2.699922776132885, 2.74081154711076, 3.002509595643172, 0.0, 1.7520814033565029], [2.120599709113098, 3.500057426217483, 4.2457689921281405, 4.746749663190105, 4.076879270123323, 3.4004200261777586, 2.147728198682955, 1.0932963897097803, 2.348564184150547, 2.4607858999499865, 3.7827823249084402, 4.227656000446736, 4.009509836331066, 5.241131146930898, 5.385228151880383, 5.539966139418092, 3.728278629311172, 5.021001296497001, 4.236869963355248, 3.576426175822679, 2.2613147742224684, 2.72073427842041, 1.7520814033565029, 0.0]]}