{"total energy": -18.98671586, "HOMO-LUMO gap/eV": 13.66056632, "electronic energy": -19.26764664, "dipole": [0.0, 0.0, 2e-08], "partial charges": [-0.05431884, -0.05431884, -0.05431884, -0.05431884, -0.05431884, -0.05431884, 0.02424525, 0.0300736, 0.0300736, 0.02424524, 0.02424525, 0.0300736, 0.02424524, 0.0300736, 0.02424525, 0.0300736, 0.02424524, 0.0300736], "atomic dipole moments": [[0.01322009, 0.07199344, -0.08165283], [-0.03929332, 0.0762532, 0.06831182], [-0.09898378, -0.02120324, -0.04216211], [-0.01322011, -0.0719935, 0.08165283], [0.03929329, -0.07625316, -0.06831181], [0.09898383, 0.02120325, 0.04216209], [-0.04753215, -0.11157449, -0.01646064], [0.02714288, 0.01165316, 0.11899687], [-0.02584646, -0.0190243, -0.11833352], [0.08197301, -0.08424892, 0.03408319], [0.10068135, 0.01153184, -0.06862512], [0.0327219, 0.0162871, 0.1170333], [0.04753215, 0.11157447, 0.01646065], [-0.02714288, -0.01165315, -0.11899687], [-0.08197303, 0.08424894, -0.03408319], [0.02584646, 0.0190243, 0.11833352], [-0.10068133, -0.01153183, 0.06862512], [-0.03272191, -0.0162871, -0.1170333]], "atomic quadrupole moments": [[0.15053769, -0.119074, -0.04448913, -0.09350266, -0.08206382, -0.10604856], [0.05917603, 0.13094896, 0.06590942, -0.13547889, 0.01873847, -0.12508545], [-0.00830963, -0.03338241, 0.20745049, 0.06670119, -0.0255944, -0.19914086], [0.15053761, -0.11907393, -0.04448904, -0.09350266, -0.08206387, -0.10604857], [0.05917605, 0.13094906, 0.06590938, -0.1354789, 0.01873843, -0.12508543], [-0.00830951, -0.03338238, 0.20745039, 0.06670116, -0.0255944, -0.19914088], [-0.00698293, 0.02897953, 0.04379222, 0.00474249, 0.02017411, -0.03680929], [-0.01238112, -0.00615531, -0.03814867, 0.01970664, 0.01901006, 0.05052978], [-0.02071684, 0.017042, -0.03245986, 0.02016057, 0.00404768, 0.0531767], [0.01657401, -0.03515052, 0.01149912, 0.01930607, -0.02691143, -0.02807314], [0.02184788, 0.0028137, -0.01956486, -0.04938035, -0.00714296, -0.00228302], [-0.040763, -0.00299929, -0.01332527, 0.0196459, 0.00955183, 0.05408827], [-0.00698293, 0.02897954, 0.04379224, 0.00474249, 0.02017411, -0.03680931], [-0.01238111, -0.00615531, -0.03814867, 0.01970664, 0.01901006, 0.05052978], [0.01657401, -0.0351505, 0.01149911, 0.01930608, -0.02691143, -0.02807312], [-0.02071684, 0.017042, -0.03245986, 0.02016057, 0.00404768, 0.0531767], [0.0218479, 0.0028137, -0.01956486, -0.04938036, -0.00714297, -0.00228304], [-0.04076301, -0.00299929, -0.01332526, 0.01964589, 0.00955183, 0.05408827]], "number of molecular orbitals": 36, "number of electrons": 36, "number of unpaired electrons": 0, "orbital energies/eV": [-17.11745034, -16.47200673, -16.47200673, -15.39022001, -15.39022001, -14.84051035, -14.11902758, -13.4698302, -13.46983019, -13.36099721, -12.67100275, -12.55542883, -12.55542881, -11.8106601, -11.81066009, -11.34185264, -11.13310146, -11.13310145, 2.52746487, 2.78355416, 2.78355417, 3.17491743, 3.17491751, 3.25511168, 3.85817835, 5.10114387, 5.10114394, 5.25907664, 5.46786031, 5.46786032, 6.80154492, 6.801545, 7.86487765, 7.88607577, 8.40923312, 8.40923313], "fractional occupation": [2.0, 2.0, 2.0, 2.0, 2.0, 2.0, 2.0, 2.0, 2.0, 2.0, 2.0, 2.0, 2.0, 2.0, 2.0, 2.0, 2.0, 2.0, 0.0, 0.0, 0.0, 0.0, 0.0, 0.0, 0.0, 0.0, 0.0, 0.0, 0.0, 0.0, 0.0, 0.0, 0.0, 0.0, 0.0, 0.0], "program call": "xtb /tmp/scratch/tmp3gnaq38r/510660_a7116d_xyzopt.xyz --pop --wbo --acc 0.2 --gfn 2 --chrg 0 --uhf 0 --etemp 300 --input /tmp/scratch/tmp3gnaq38r/510660_a7116d_xtb.inp", "method": "GFN2-xTB", "xtb version": "6.3.3 (7355c4f)", "Dipole module/D": 0.0, "Total charge": 0, "Transition dipole module/D": NaN, "HOMO": -11.1331, "LUMO": 2.5275, "HOMO occupancy": 2.0, "LUMO occupancy": 0, "mulliken charges": [-0.04634, -0.04634, -0.04634, -0.04634, -0.04634, -0.04634, 0.0235, 0.02284, 0.02284, 0.0235, 0.0235, 0.02284, 0.0235, 0.02284, 0.0235, 0.02284, 0.0235, 0.02284], "cm5 charges": [-0.15707, -0.15707, -0.15707, -0.15707, -0.15707, -0.15707, 0.07812, 0.07894, 0.07894, 0.07812, 0.07812, 0.07894, 0.07812, 0.07894, 0.07812, 0.07894, 0.07812, 0.07894], "FUKUI+": [0.011, 0.011, 0.011, 0.011, 0.011, 0.011, -0.084, -0.093, -0.093, -0.084, -0.084, -0.093, -0.084, -0.093, -0.084, -0.093, -0.084, -0.093], "FUKUI-": [0.0, 0.0, 0.0, 0.0, 0.0, 0.0, -0.101, -0.066, -0.066, -0.101, -0.101, -0.066, -0.101, -0.066, -0.101, -0.066, -0.101, -0.066], "FUKUIrad": [0.006, 0.006, 0.006, 0.006, 0.006, 0.006, -0.093, -0.08, -0.08, -0.093, -0.093, -0.08, -0.093, -0.08, -0.093, -0.08, -0.093, -0.08], "s proportion": [1.027, 1.027, 1.027, 1.027, 1.027, 1.027, 0.976, 0.977, 0.977, 0.976, 0.976, 0.977, 0.976, 0.977, 0.976, 0.977, 0.976, 0.977], "p proportion": [3.019, 3.019, 3.019, 3.019, 3.019, 3.019, 0.0, 0.0, 0.0, 0.0, 0.0, 0.0, 0.0, 0.0, 0.0, 0.0, 0.0, 0.0], "d proportion": [0.0, 0.0, 0.0, 0.0, 0.0, 0.0, 0.0, 0.0, 0.0, 0.0, 0.0, 0.0, 0.0, 0.0, 0.0, 0.0, 0.0, 0.0], "Fermi-level/eV": -4.3028, "Coordination numbers": [3.806, 3.806, 3.806, 3.806, 3.806, 3.806, 0.924, 0.924, 0.924, 0.924, 0.924, 0.924, 0.924, 0.924, 0.924, 0.924, 0.924, 0.924], "Dispersion coefficient C6": [21.546, 21.546, 21.546, 21.546, 21.546, 21.546, 2.67, 2.585, 2.585, 2.67, 2.67, 2.585, 2.67, 2.585, 2.67, 2.585, 2.67, 2.585], "Total dispersion C6": 2230.550133, "Total dispersion C8": 47136.015195, "Polarizability alpha": [6.608, 6.608, 6.608, 6.608, 6.608, 6.608, 2.555, 2.515, 2.515, 2.555, 2.555, 2.515, 2.555, 2.515, 2.555, 2.515, 2.555, 2.515], "Total polarizability alpha": 70.066191, "Wiberg matrix": [[0.0, 1.0089465926661285, 0.0, 0.0, 0.0, 1.0089465925917098, 0.9780227381948302, 0.9776956994379467, 0.0, 0.0, 0.0, 0.0, 0.0, 0.0, 0.0, 0.0, 0.0, 0.0], [1.0089465926661285, 0.0, 1.008946593444171, 0.0, 0.0, 0.0, 0.0, 0.0, 0.9776956989687084, 0.9780227396616331, 0.0, 0.0, 0.0, 0.0, 0.0, 0.0, 0.0, 0.0], [0.0, 1.008946593444171, 0.0, 1.0089465929013466, 0.0, 0.0, 0.0, 0.0, 0.0, 0.0, 0.9780227377338786, 0.977695699256396, 0.0, 0.0, 0.0, 0.0, 0.0, 0.0], [0.0, 0.0, 1.0089465929013466, 0.0, 1.0089465926256513, 0.0, 0.0, 0.0, 0.0, 0.0, 0.0, 0.0, 0.9780227397203859, 0.9776956991970471, 0.0, 0.0, 0.0, 0.0], [0.0, 0.0, 0.0, 1.0089465926256513, 0.0, 1.0089465929164914, 0.0, 0.0, 0.0, 0.0, 0.0, 0.0, 0.0, 0.0, 0.9780227380637394, 0.9776956995292545, 0.0, 0.0], [1.0089465925917098, 0.0, 0.0, 0.0, 1.0089465929164914, 0.0, 0.0, 0.0, 0.0, 0.0, 0.0, 0.0, 0.0, 0.0, 0.0, 0.0, 0.9780227398175594, 0.9776956992143071], [0.9780227381948302, 0.0, 0.0, 0.0, 0.0, 0.0, 0.0, 0.0, 0.0, 0.0, 0.0, 0.0, 0.0, 0.0, 0.0, 0.0, 0.0, 0.0], [0.9776956994379467, 0.0, 0.0, 0.0, 0.0, 0.0, 0.0, 0.0, 0.0, 0.0, 0.0, 0.0, 0.0, 0.0, 0.0, 0.0, 0.0, 0.0], [0.0, 0.9776956989687084, 0.0, 0.0, 0.0, 0.0, 0.0, 0.0, 0.0, 0.0, 0.0, 0.0, 0.0, 0.0, 0.0, 0.0, 0.0, 0.0], [0.0, 0.9780227396616331, 0.0, 0.0, 0.0, 0.0, 0.0, 0.0, 0.0, 0.0, 0.0, 0.0, 0.0, 0.0, 0.0, 0.0, 0.0, 0.0], [0.0, 0.0, 0.9780227377338786, 0.0, 0.0, 0.0, 0.0, 0.0, 0.0, 0.0, 0.0, 0.0, 0.0, 0.0, 0.0, 0.0, 0.0, 0.0], [0.0, 0.0, 0.977695699256396, 0.0, 0.0, 0.0, 0.0, 0.0, 0.0, 0.0, 0.0, 0.0, 0.0, 0.0, 0.0, 0.0, 0.0, 0.0], [0.0, 0.0, 0.0, 0.9780227397203859, 0.0, 0.0, 0.0, 0.0, 0.0, 0.0, 0.0, 0.0, 0.0, 0.0, 0.0, 0.0, 0.0, 0.0], [0.0, 0.0, 0.0, 0.9776956991970471, 0.0, 0.0, 0.0, 0.0, 0.0, 0.0, 0.0, 0.0, 0.0, 0.0, 0.0, 0.0, 0.0, 0.0], [0.0, 0.0, 0.0, 0.0, 0.9780227380637394, 0.0, 0.0, 0.0, 0.0, 0.0, 0.0, 0.0, 0.0, 0.0, 0.0, 0.0, 0.0, 0.0], [0.0, 0.0, 0.0, 0.0, 0.9776956995292545, 0.0, 0.0, 0.0, 0.0, 0.0, 0.0, 0.0, 0.0, 0.0, 0.0, 0.0, 0.0, 0.0], [0.0, 0.0, 0.0, 0.0, 0.0, 0.9780227398175594, 0.0, 0.0, 0.0, 0.0, 0.0, 0.0, 0.0, 0.0, 0.0, 0.0, 0.0, 0.0], [0.0, 0.0, 0.0, 0.0, 0.0, 0.9776956992143071, 0.0, 0.0, 0.0, 0.0, 0.0, 0.0, 0.0, 0.0, 0.0, 0.0, 0.0, 0.0]], "Born radii": [], "Atomic SASAs": [], "Solvent H bonds": [], "Total SASA": NaN, "Total FOD": 0.0, "FOD": [0.0, 0.0, 0.0, 0.0, 0.0, 0.0, 0.0, 0.0, 0.0, 0.0, 0.0, 0.0, 0.0, 0.0, 0.0, 0.0, 0.0, 0.0], "FOD s proportion": [0.0, 0.0, 0.0, 0.0, 0.0, 0.0, 0.0, 0.0, 0.0, 0.0, 0.0, 0.0, 0.0, 0.0, 0.0, 0.0, 0.0, 0.0], "FOD p proportion": [0.0, 0.0, 0.0, 0.0, 0.0, 0.0, 0.0, 0.0, 0.0, 0.0, 0.0, 0.0, 0.0, 0.0, 0.0, 0.0, 0.0, 0.0], "FOD d proportion": [0.0, 0.0, 0.0, 0.0, 0.0, 0.0, 0.0, 0.0, 0.0, 0.0, 0.0, 0.0, 0.0, 0.0, 0.0, 0.0, 0.0, 0.0], "coordinates": [["-0.41993021950775", "-1.30422256192338", "0.52507776323134"], ["0.85245600797274", "-1.15502802453832", "-0.30376495837683"], ["1.44141047661245", "0.24180943722668", "-0.13003036836714"], ["0.41992997909982", "1.30422227929816", "-0.52507786212428"], ["-0.85245627499465", "1.15502785337801", "0.30376483984588"], ["-1.44141063878956", "-0.24180965457319", "0.13003023292121"], ["-0.84385371289725", "-2.30050650126363", "0.38077196431910"], ["-0.17599221454330", "-1.19477485176164", "1.58459060741383"], ["0.61826904302539", "-1.31991800232995", "-1.35828844134074"], ["1.58402464152340", "-1.90794845934683", "-0.00204471216589"], ["2.34141288407513", "0.34518006904274", "-0.74029847829878"], ["1.72731122159554", "0.38611146135651", "0.91471347722332"], ["0.84385347177680", "2.30050620393390", "-0.38077203099222"], ["0.17599199359549", "1.19477460121868", "-1.58459071249423"], ["-1.58402491821522", "1.90794829532147", "0.00204459106218"], ["-0.61826930856685", "1.31991782847342", "1.35828832495348"], ["-2.34141301629303", "-0.34518027994014", "0.74029836492746"], ["-1.72731141546913", "-0.38611169357247", "-0.91471360173768"]], "bond_dist": [[0.0, 1.5258459879786077, 2.506784951589508, 2.9346509980518065, 2.5067849536592752, 1.5258459895692484, 1.0922989424304064, 1.0927268727881425, 2.15062137906656, 2.158281294998182, 3.4564030157624246, 2.760378761378038, 3.9257843220750956, 3.3242760389191774, 3.4564030122196807, 2.7603787825090214, 2.1582812940781935, 2.1506213829442], [1.5258459879786077, 0.0, 1.5258459845235381, 2.5067848379822157, 2.934651002664097, 2.5067848436520417, 2.158281355220624, 2.150621375213054, 1.092726871386309, 1.092298930568462, 2.1582813572271236, 2.1506213655150375, 3.4564028840696355, 2.760378697782658, 3.925784344589964, 3.3242760187264158, 3.4564028898067334, 2.7603786928431306], [2.506784951589508, 1.5258459845235381, 0.0, 1.5258459870251806, 2.506784959344345, 2.934651005776237, 3.4564030103613494, 2.7603787738848498, 2.150621377410884, 2.1582812935543587, 1.0922989457837116, 1.092726870287811, 2.1582812913647063, 2.150621383612272, 3.4564030172475153, 2.7603787880724777, 3.9257843306192175, 3.3242760343560516], [2.9346509980518065, 2.5067848379822157, 1.5258459870251806, 0.0, 1.5258459886054672, 2.50678484368901, 3.9257843432409447, 3.3242760073863917, 2.7603786825833074, 3.4564028864189957, 2.1582813599691972, 2.150621372559915, 1.0922989329985437, 1.092726871229932, 2.1582813564384096, 2.1506213766731035, 3.456402889799554, 2.760378697928076], [2.5067849536592752, 2.934651002664097, 2.506784959344345, 1.5258459886054672, 0.0, 1.5258459882621362, 3.4564030114271818, 2.7603787828901263, 3.3242760203169595, 3.925784333222055, 3.45640302212359, 2.760378776888405, 2.1582812921676546, 2.150621383968756, 1.0922989426736704, 1.0927268733654805, 2.1582812928930206, 2.1506213829015217], [1.5258459895692484, 2.5067848436520417, 2.934651005776237, 2.50678484368901, 1.5258459882621362, 0.0, 2.1582813537904277, 2.150621384279069, 2.7603786836847206, 3.4564028907600823, 3.925784355557877, 3.32427600391443, 3.456402889172266, 2.7603787033109253, 2.15828135338131, 2.1506213803146905, 1.0922989328215287, 1.092726870092931], [1.0922989424304064, 2.158281355220624, 3.4564030103613494, 3.9257843432409447, 3.4564030114271818, 2.1582813537904277, 0.0, 1.76574652403917, 2.4746086260581874, 2.4890246539423604, 4.289799489416602, 3.7568469141876077, 4.95959904744166, 4.137599026226742, 4.289799483814607, 3.75684693408408, 2.489024654702491, 2.4746086243707133], [1.0927268727881425, 2.150621375213054, 2.7603787738848498, 3.3242760073863917, 2.7603787828901263, 2.150621384279069, 1.76574652403917, 0.0, 3.0507456218123727, 2.474608568144228, 3.756846929211424, 2.56329882662449, 4.137598963487427, 3.9846643157826773, 3.756846938048642, 2.563298856351415, 2.474608570227151, 3.0507456295889526], [2.15062137906656, 1.092726871386309, 2.150621377410884, 2.7603786825833074, 3.3242760203169595, 2.7603786836847206, 2.4746086260581874, 3.0507456218123727, 0.0, 1.7657465127633225, 2.4746086314117037, 3.050745614863657, 3.7568468294963777, 2.563298772426623, 4.137599000178396, 3.984664306528385, 3.7568468298752826, 2.563298762898214], [2.158281294998182, 1.092298930568462, 2.1582812935543587, 3.4564028864189957, 3.925784333222055, 3.4564028907600823, 2.4890246539423604, 2.474608568144228, 1.7657465127633225, 0.0, 2.4890246560867864, 2.4746085633122603, 4.289799342095006, 3.7568468389529954, 4.959599054122119, 4.137598988124515, 4.289799346365499, 3.7568468329163496], [3.4564030157624246, 2.1582813572271236, 1.0922989457837116, 2.1582813599691972, 3.45640302212359, 3.925784355557877, 4.289799489416602, 3.756846929211424, 2.4746086314117037, 2.4890246560867864, 0.0, 1.765746528711872, 2.489024659071219, 2.474608631430763, 4.2897994943056155, 3.756846942834712, 4.959599060083198, 4.137599026374474], [2.760378761378038, 2.1506213655150375, 1.092726870287811, 2.150621372559915, 2.760378776888405, 3.32427600391443, 3.7568469141876077, 2.56329882662449, 3.050745614863657, 2.4746085633122603, 1.765746528711872, 0.0, 2.474608560584728, 3.050745622577227, 3.756846932707791, 2.563298851145491, 4.137598961507481, 3.98466430239285], [3.9257843220750956, 3.4564028840696355, 2.1582812913647063, 1.0922989329985437, 2.1582812921676546, 3.456402889172266, 4.95959904744166, 4.137598963487427, 3.7568468294963777, 4.289799342095006, 2.489024659071219, 2.474608560584728, 0.0, 1.7657465132954195, 2.4890246592441683, 2.4746085566226537, 4.289799343044147, 3.75684684350827], [3.3242760389191774, 2.760378697782658, 2.150621383612272, 1.092726871229932, 2.150621383968756, 2.7603787033109253, 4.137599026226742, 3.9846643157826773, 2.563298772426623, 3.7568468389529954, 2.474608631430763, 3.050745622577227, 1.7657465132954195, 0.0, 2.474608622451532, 3.0507456256609644, 3.756846848373163, 2.563298790139581], [3.4564030122196807, 3.925784344589964, 3.4564030172475153, 2.1582813564384096, 1.0922989426736704, 2.15828135338131, 4.289799483814607, 3.756846938048642, 4.137599000178396, 4.959599054122119, 4.2897994943056155, 3.756846932707791, 2.4890246592441683, 2.474608622451532, 0.0, 1.765746525758509, 2.4890246568478713, 2.4746086229957704], [2.7603787825090214, 3.3242760187264158, 2.7603787880724777, 2.1506213766731035, 1.0927268733654805, 2.1506213803146905, 3.75684693408408, 2.563298856351415, 3.984664306528385, 4.137598988124515, 3.756846942834712, 2.563298851145491, 2.4746085566226537, 3.0507456256609644, 1.765746525758509, 0.0, 2.4746085627451673, 3.0507456275009397], [2.1582812940781935, 3.4564028898067334, 3.9257843306192175, 3.456402889799554, 2.1582812928930206, 1.0922989328215287, 2.489024654702491, 2.474608570227151, 3.7568468298752826, 4.289799346365499, 4.959599060083198, 4.137598961507481, 4.289799343044147, 3.756846848373163, 2.4890246568478713, 2.4746085627451673, 0.0, 1.765746518207308], [2.1506213829442, 2.7603786928431306, 3.3242760343560516, 2.760378697928076, 2.1506213829015217, 1.092726870092931, 2.4746086243707133, 3.0507456295889526, 2.563298762898214, 3.7568468329163496, 4.137599026374474, 3.98466430239285, 3.75684684350827, 2.563298790139581, 2.4746086229957704, 3.0507456275009397, 1.765746518207308, 0.0]]}