{"total energy": -23.02666135, "HOMO-LUMO gap/eV": 4.03054765, "electronic energy": -23.33919503, "dipole": [0.16226285, -1.15493744, -0.5114843], "partial charges": [-0.10359302, -0.05374213, -0.05663575, -0.08776614, 0.24066113, -0.14108181, -0.35342345, 0.03395956, 0.03624485, 0.03624463, 0.02825918, 0.02825942, 0.04574194, 0.0457428, 0.05488639, 0.05488373, 0.06223309, 0.06223451, 0.06689109], "atomic dipole moments": [[0.08961143, -0.04224071, -0.01660126], [-0.01530905, 0.10273048, 0.04546667], [0.03624763, -0.11459074, -0.0502375], [-0.01495254, 0.08118991, 0.03586913], [-0.00247435, 0.02544109, 0.01126149], [-0.07943831, 0.01737701, 0.00577021], [0.02845273, -0.15434875, -0.06818032], [-0.08876148, -0.07772036, -0.0369193], [-0.01709753, 0.02443727, 0.1202976], [-0.01249691, 0.10614045, -0.06276123], [0.01209619, -0.02522655, -0.11856183], [0.00758976, -0.10528432, 0.06080567], [-0.00732768, 0.1092941, -0.06080658], [-0.01190521, 0.02789768, 0.12155897], [0.01032641, -0.11182858, 0.0634431], [0.01505659, -0.0276831, -0.12507195], [0.02073763, -0.02622357, -0.12744249], [0.01588246, -0.11272578, 0.06633971], [0.08893797, 0.08809003, 0.0415501]], "atomic quadrupole moments": [[0.17771643, -0.12502004, -0.05918731, -0.04806738, 0.02847737, -0.11852912], [0.2172767, 0.0242612, -0.02349549, 0.02224468, 0.0959828, -0.19378121], [0.24582748, 0.01526121, -0.0294531, 0.0196001, 0.10494046, -0.21637438], [0.19634606, 0.01054621, -0.00209113, 0.01572893, 0.10767254, -0.19425493], [-0.28181643, 0.01009239, -0.17902277, -0.01810649, -0.35661603, 0.46083919], [0.16095883, -0.11664459, -0.04656305, -0.04482725, 0.03354335, -0.11439578], [-0.12964921, 0.00355207, -0.0696334, -0.00833868, -0.14992812, 0.19928261], [0.02143076, 0.05193392, 0.01838229, 0.02511996, 0.03441687, -0.03981305], [-0.03426748, -0.0117346, -0.04601299, -0.0056797, 0.02047743, 0.08028047], [-0.03413939, -0.00804691, 0.0446978, -0.00708124, -0.06087003, -0.01055841], [-0.01802792, 0.0015659, -0.03843841, -0.00847548, 0.01114374, 0.05646633], [-0.01869082, -0.00251385, 0.02537125, 0.00548374, -0.04624643, -0.00668043], [-0.01764515, -0.00270404, 0.02223113, 0.00579759, -0.04535155, -0.00458598], [-0.01695396, 0.00177095, -0.0377921, -0.00875577, 0.00864583, 0.05474606], [-0.00869922, -0.01380437, 0.02816144, -0.00608905, -0.05657798, -0.01946223], [-0.00861238, -0.01532356, -0.05393229, -0.00887462, 0.01709336, 0.06254468], [-0.03337962, 0.00660099, -0.05071634, -0.01079506, 0.02851099, 0.08409595], [-0.03436981, 0.0006681, 0.05238363, 0.01027648, -0.06419086, -0.01801381], [0.01605864, 0.05015086, 0.01946453, 0.02405997, 0.03255936, -0.03552317]], "number of molecular orbitals": 40, "number of electrons": 42, "number of unpaired electrons": 0, "orbital energies/eV": [-19.28528056, -17.47517848, -17.12538573, -16.73675708, -15.97898636, -15.4097929, -15.23737994, -14.91011872, -14.6307456, -14.05111908, -14.03978835, -13.36433674, -13.22892203, -13.02669528, -13.00626922, -12.67327695, -12.16503442, -12.11192033, -11.88965919, -11.56541627, -10.72656065, -6.69601301, 1.26884751, 2.97055564, 3.30457791, 3.54962245, 3.9199509, 4.10396616, 4.5318864, 4.8295239, 5.03706906, 5.11059211, 5.18617455, 5.66706983, 6.52445233, 6.91274477, 6.99642877, 7.59770515, 8.35738713, 17.36451105], "fractional occupation": [2.0, 2.0, 2.0, 2.0, 2.0, 2.0, 2.0, 2.0, 2.0, 2.0, 2.0, 2.0, 2.0, 2.0, 2.0, 2.0, 2.0, 2.0, 2.0, 2.0, 2.0, 0.0, 0.0, 0.0, 0.0, 0.0, 0.0, 0.0, 0.0, 0.0, 0.0, 0.0, 0.0, 0.0, 0.0, 0.0, 0.0, 0.0, 0.0, 0.0], "program call": "xtb /tmp/scratch/tmp6p344wns/5138_0_xyzopt.xyz --pop --wbo --acc 0.2 --gfn 2 --chrg 0 --uhf 0 --etemp 300 --input /tmp/scratch/tmp6p344wns/5138_0_xtb.inp", "method": "GFN2-xTB", "xtb version": "6.3.3 (7355c4f)", "Dipole module/D": 3.237, "Total charge": 0, "Transition dipole module/D": NaN, "HOMO": -10.7266, "LUMO": -6.696, "HOMO occupancy": 2.0, "LUMO occupancy": 0, "mulliken charges": [-0.08483, -0.04234, -0.03665, -0.09031, 0.40617, -0.13393, -0.48468, 0.02997, 0.03052, 0.03052, 0.02122, 0.02122, 0.03805, 0.03806, 0.04439, 0.04438, 0.05236, 0.05236, 0.06352], "cm5 charges": [-0.23756, -0.15568, -0.14639, -0.19333, 0.42369, -0.27783, -0.53774, 0.08154, 0.08274, 0.08274, 0.07639, 0.07639, 0.09634, 0.09634, 0.10122, 0.10122, 0.10557, 0.10557, 0.11879], "FUKUI+": [0.012, 0.006, 0.014, 0.032, -0.194, 0.051, -0.297, -0.028, -0.014, -0.014, -0.019, -0.019, -0.022, -0.022, -0.097, -0.097, -0.107, -0.107, -0.078], "FUKUI-": [0.016, 0.002, 0.008, -0.009, -0.033, -0.002, -0.171, -0.077, -0.073, -0.073, -0.081, -0.081, -0.055, -0.055, -0.062, -0.062, -0.065, -0.065, -0.063], "FUKUIrad": [0.014, 0.004, 0.011, 0.012, -0.113, 0.025, -0.234, -0.053, -0.044, -0.044, -0.05, -0.05, -0.038, -0.038, -0.08, -0.08, -0.086, -0.086, -0.07], "s proportion": [1.005, 1.027, 1.027, 1.042, 1.065, 1.021, 1.728, 0.97, 0.969, 0.969, 0.979, 0.979, 0.962, 0.962, 0.956, 0.956, 0.948, 0.948, 0.936], "p proportion": [3.08, 3.016, 3.01, 3.049, 2.528, 3.113, 4.756, 0.0, 0.0, 0.0, 0.0, 0.0, 0.0, 0.0, 0.0, 0.0, 0.0, 0.0, 0.0], "d proportion": [0.0, 0.0, 0.0, 0.0, 0.0, 0.0, 0.0, 0.0, 0.0, 0.0, 0.0, 0.0, 0.0, 0.0, 0.0, 0.0, 0.0, 0.0, 0.0], "Fermi-level/eV": -8.7113, "Coordination numbers": [3.752, 3.801, 3.804, 3.804, 2.81, 3.753, 0.857, 0.925, 0.925, 0.925, 0.924, 0.924, 0.924, 0.924, 0.924, 0.924, 0.925, 0.925, 0.925], "Dispersion coefficient C6": [22.539, 21.539, 21.59, 22.171, 22.98, 23.278, 20.772, 2.531, 2.499, 2.499, 2.611, 2.611, 2.374, 2.374, 2.26, 2.26, 2.173, 2.173, 2.12], "Total dispersion C6": 2630.094977, "Total dispersion C8": 56058.835935, "Polarizability alpha": [6.77, 6.608, 6.615, 6.703, 7.854, 6.88, 6.111, 2.488, 2.472, 2.472, 2.527, 2.527, 2.409, 2.409, 2.351, 2.351, 2.305, 2.305, 2.277], "Total polarizability alpha": 76.435113, "Wiberg matrix": [[0.0, 1.0192070278177645, 0.0, 0.0, 0.0, 0.0, 0.0, 0.9874348352578143, 0.9878199895255333, 0.9878199126647693, 0.0, 0.0, 0.0, 0.0, 0.0, 0.0, 0.0, 0.0, 0.0], [1.0192070278177645, 0.0, 1.0081391931232992, 0.0, 0.0, 0.0, 0.0, 0.0, 0.0, 0.0, 0.9785051056004906, 0.9785053871786205, 0.0, 0.0, 0.0, 0.0, 0.0, 0.0, 0.0], [0.0, 1.0081391931232992, 0.0, 1.0074570931004727, 0.0, 0.0, 0.0, 0.0, 0.0, 0.0, 0.0, 0.0, 0.9761172443845868, 0.9761174478520335, 0.0, 0.0, 0.0, 0.0, 0.0], [0.0, 0.0, 1.0074570931004727, 0.0, 0.9877841334229462, 0.0, 0.0, 0.0, 0.0, 0.0, 0.0, 0.0, 0.0, 0.0, 0.9526078478990192, 0.9526110102155124, 0.0, 0.0, 0.0], [0.0, 0.0, 0.0, 0.9877841334229462, 0.0, 0.9985151698172645, 1.874017569948975, 0.0, 0.0, 0.0, 0.0, 0.0, 0.0, 0.0, 0.0, 0.0, 0.0, 0.0, 0.0], [0.0, 0.0, 0.0, 0.0, 0.9985151698172645, 0.0, 0.0, 0.0, 0.0, 0.0, 0.0, 0.0, 0.0, 0.0, 0.0, 0.0, 0.9645691511658285, 0.9645680002887868, 0.9836311239445306], [0.0, 0.0, 0.0, 0.0, 1.874017569948975, 0.0, 0.0, 0.0, 0.0, 0.0, 0.0, 0.0, 0.0, 0.0, 0.0, 0.0, 0.0, 0.0, 0.0], [0.9874348352578143, 0.0, 0.0, 0.0, 0.0, 0.0, 0.0, 0.0, 0.0, 0.0, 0.0, 0.0, 0.0, 0.0, 0.0, 0.0, 0.0, 0.0, 0.0], [0.9878199895255333, 0.0, 0.0, 0.0, 0.0, 0.0, 0.0, 0.0, 0.0, 0.0, 0.0, 0.0, 0.0, 0.0, 0.0, 0.0, 0.0, 0.0, 0.0], [0.9878199126647693, 0.0, 0.0, 0.0, 0.0, 0.0, 0.0, 0.0, 0.0, 0.0, 0.0, 0.0, 0.0, 0.0, 0.0, 0.0, 0.0, 0.0, 0.0], [0.0, 0.9785051056004906, 0.0, 0.0, 0.0, 0.0, 0.0, 0.0, 0.0, 0.0, 0.0, 0.0, 0.0, 0.0, 0.0, 0.0, 0.0, 0.0, 0.0], [0.0, 0.9785053871786205, 0.0, 0.0, 0.0, 0.0, 0.0, 0.0, 0.0, 0.0, 0.0, 0.0, 0.0, 0.0, 0.0, 0.0, 0.0, 0.0, 0.0], [0.0, 0.0, 0.9761172443845868, 0.0, 0.0, 0.0, 0.0, 0.0, 0.0, 0.0, 0.0, 0.0, 0.0, 0.0, 0.0, 0.0, 0.0, 0.0, 0.0], [0.0, 0.0, 0.9761174478520335, 0.0, 0.0, 0.0, 0.0, 0.0, 0.0, 0.0, 0.0, 0.0, 0.0, 0.0, 0.0, 0.0, 0.0, 0.0, 0.0], [0.0, 0.0, 0.0, 0.9526078478990192, 0.0, 0.0, 0.0, 0.0, 0.0, 0.0, 0.0, 0.0, 0.0, 0.0, 0.0, 0.0, 0.0, 0.0, 0.0], [0.0, 0.0, 0.0, 0.9526110102155124, 0.0, 0.0, 0.0, 0.0, 0.0, 0.0, 0.0, 0.0, 0.0, 0.0, 0.0, 0.0, 0.0, 0.0, 0.0], [0.0, 0.0, 0.0, 0.0, 0.0, 0.9645691511658285, 0.0, 0.0, 0.0, 0.0, 0.0, 0.0, 0.0, 0.0, 0.0, 0.0, 0.0, 0.0, 0.0], [0.0, 0.0, 0.0, 0.0, 0.0, 0.9645680002887868, 0.0, 0.0, 0.0, 0.0, 0.0, 0.0, 0.0, 0.0, 0.0, 0.0, 0.0, 0.0, 0.0], [0.0, 0.0, 0.0, 0.0, 0.0, 0.9836311239445306, 0.0, 0.0, 0.0, 0.0, 0.0, 0.0, 0.0, 0.0, 0.0, 0.0, 0.0, 0.0, 0.0]], "Born radii": [], "Atomic SASAs": [], "Solvent H bonds": [], "Total SASA": NaN, "Total FOD": 0.0, "FOD": [0.0, 0.0, 0.0, 0.0, 0.0, 0.0, 0.0, 0.0, 0.0, 0.0, 0.0, 0.0, 0.0, 0.0, 0.0, 0.0, 0.0, 0.0, 0.0], "FOD s proportion": [0.0, 0.0, 0.0, 0.0, 0.0, 0.0, 0.0, 0.0, 0.0, 0.0, 0.0, 0.0, 0.0, 0.0, 0.0, 0.0, 0.0, 0.0, 0.0], "FOD p proportion": [0.0, 0.0, 0.0, 0.0, 0.0, 0.0, 0.0, 0.0, 0.0, 0.0, 0.0, 0.0, 0.0, 0.0, 0.0, 0.0, 0.0, 0.0, 0.0], "FOD d proportion": [0.0, 0.0, 0.0, 0.0, 0.0, 0.0, 0.0, 0.0, 0.0, 0.0, 0.0, 0.0, 0.0, 0.0, 0.0, 0.0, 0.0, 0.0, 0.0], "coordinates": [["-3.09292866910533", "-0.00959224165973", "-0.20023946499855"], ["-1.71489535398933", "-0.61518160902511", "-0.43590405264324"], ["-0.60249606105928", "0.32781098889869", "0.01292830815911"], ["0.78306595474542", "-0.26792910934161", "-0.21820360203884"], ["1.89581554081350", "0.65948808121093", "0.22360756790960"], ["3.28612098751429", "0.10686668096049", "0.01182508268368"], ["1.69618242668509", "1.74519633981549", "0.70327013629097"], ["-3.87377020572603", "-0.69342050319799", "-0.52507158837181"], ["-3.23927715928352", "0.20294320010579", "0.85634159529336"], ["-3.19883860391619", "0.92117644904475", "-0.75287467312131"], ["-1.59450681959374", "-0.83896376146948", "-1.49886667112275"], ["-1.63496827574138", "-1.55772940870315", "0.11152286089362"], ["-0.67790061596471", "1.27148067304578", "-0.53049841808146"], ["-0.71818328448343", "0.55520716296638", "1.07425668186497"], ["0.88584959001996", "-1.20988281614031", "0.32694142914837"], ["0.92610847972940", "-0.49344343801445", "-1.27825107415285"], ["3.44325168826122", "-0.10554423554588", "-1.04322034425849"], ["3.40295132695559", "-0.82291700804293", "0.56390110955227"], ["4.02842005413847", "0.82443555509235", "0.35073811699334"]], "bond_dist": [[0.0, 1.5235655868079114, 2.5222085589267405, 3.8846357578984425, 5.0512259480007815, 6.383635999542927, 5.179883942051316, 1.087589308960784, 1.087636304814931, 1.0876364020867721, 2.149315653283904, 2.149319181611909, 2.753648359239005, 2.753680162549562, 4.18918770093064, 4.1891384094344435, 6.591014884822589, 6.5910442963548315, 7.1911602888309245], [1.5235655868079114, 0.0, 1.525817064642339, 2.5313609945374487, 3.8854821531823474, 5.072669865039314, 4.30169193689153, 2.162131540737163, 2.159390401534315, 2.159387419118194, 1.092914168291074, 1.0929139573542197, 2.154947968571944, 2.154954818819378, 2.77479314879939, 2.774755833698555, 5.218720555843761, 5.2187277192833905, 5.97302062272602], [2.5222085589267405, 1.525817064642339, 0.0, 1.5258146428068842, 2.529022796280384, 3.8948889784913976, 2.7873779547597635, 3.4689468399908447, 2.7712005516644336, 2.771196740630482, 2.1519694985121562, 2.1519717356201458, 1.091563523791125, 1.091563314919175, 2.1629330214537896, 2.1629227617165845, 4.203727105520625, 4.203731048601402, 4.669704004826204], [3.8846357578984425, 2.5313609945374487, 1.5258146428068842, 0.0, 1.5144343486986354, 2.5413912680445168, 2.394904928343303, 4.686292128405609, 4.189941794332, 4.18991755259312, 2.7602591848819245, 2.760288733519912, 2.145165226962623, 2.1451704329826597, 1.0931717003564285, 1.0931690260549176, 2.789912114920715, 2.789892240054935, 3.4712070624217284], [5.0512259480007815, 3.8854821531823474, 2.529022796280384, 1.5144343486986354, 0.0, 1.51102331821488, 1.203616210660593, 5.973190253414812, 5.194031441612794, 5.193986833186977, 4.170686467300216, 4.170737433401148, 2.750859070586766, 2.75090317598361, 2.1272650658779204, 2.127242875902367, 2.141187996220392, 2.1412105970687683, 2.1427486683939927], [6.383635999542927, 5.072669865039314, 3.8948889784913976, 2.5413912680445168, 1.51102331821488, 0.0, 2.3853982813051484, 7.224455655034438, 6.580521241652046, 6.580468601658382, 5.195893820351043, 5.195954130439732, 4.1670022561658415, 4.1670400518213615, 2.755799399730294, 2.7557807906803733, 1.0876255364232137, 1.0876281423325649, 1.0866347308359767], [5.179883942051316, 4.30169193689153, 2.7873779547597635, 2.394904928343303, 1.203616210660593, 2.3853982813051484, 0.0, 6.203228822708391, 5.173078091739481, 5.173064601992996, 4.728205332175684, 4.728218305074753, 2.717142188421253, 2.717143177177314, 3.087192157926328, 3.08722338778734, 3.086700614034828, 3.0866956396757432, 2.5320765387767032], [1.087589308960784, 2.162131540737163, 3.4689468399908447, 4.686292128405609, 5.973190253414812, 7.224455655034438, 6.203228822708391, 0.0, 1.7647525884917423, 1.7647521726107973, 2.482841373624466, 2.482844429011628, 3.751592797418989, 3.7516197544803234, 4.86278110784052, 4.862726144817345, 7.358864452915562, 7.358893065249926, 8.094167069983042], [1.087636304814931, 2.159390401534315, 2.7712005516644336, 4.189941794332, 5.194031441612794, 6.580521241652046, 5.173078091739481, 1.7647525884917423, 0.0, 1.7626886495272063, 3.0557888613412123, 2.4957023012240738, 3.1025388555888007, 2.55489553798982, 4.392381197700772, 4.732005677923578, 6.95411330497401, 6.727340475088928, 7.311724174950638], [1.0876364020867721, 2.159387419118194, 2.771196740630482, 4.18991755259312, 5.193986833186977, 6.580468601658382, 5.173064601992996, 1.7647521726107973, 1.7626886495272063, 0.0, 2.495691907255083, 3.0557892191271194, 2.554856666675328, 3.102578495470624, 4.732028534163054, 4.3923067095206925, 6.727244563887338, 6.954091654576584, 7.311674753535842], [2.149315653283904, 1.092914168291074, 2.1519694985121562, 2.7602591848819245, 4.170686467300216, 5.195893820351043, 4.728205332175684, 2.482841373624466, 3.0557888613412123, 2.495691907255083, 0.0, 1.7639772192136516, 2.4963733128692707, 3.0549335990200075, 3.1021483012334055, 2.553733937341307, 5.111215957055221, 5.406464310600667, 6.148596733068466], [2.149319181611909, 1.0929139573542197, 2.1519717356201458, 2.760288733519912, 4.170737433401148, 5.195954130439732, 4.728218305074753, 2.482844429011628, 2.4957023012240738, 3.0557892191271194, 1.7639772192136516, 0.0, 3.0549303616804386, 2.4963677786208747, 2.553806007481395, 3.102142866689424, 5.406532312839474, 5.11128450267268, 6.148650358290423], [2.753648359239005, 2.154947968571944, 1.091563523791125, 2.145165226962623, 2.750859070586766, 4.1670022561658415, 2.717142188421253, 3.751592797418989, 3.1025388555888007, 2.554856666675328, 2.4963733128692707, 3.0549303616804386, 0.0, 1.7578138028325212, 3.0557621903218153, 2.4993871911996743, 4.37526887026286, 4.7156722270182305, 4.808937660032315], [2.753680162549562, 2.154954818819378, 1.091563314919175, 2.1451704329826597, 2.75090317598361, 4.1670400518213615, 2.717143177177314, 3.7516197544803234, 2.55489553798982, 3.102578495470624, 3.0549335990200075, 2.4963677786208747, 1.7578138028325212, 0.0, 2.499388762032297, 3.055757881593304, 4.715701686830797, 4.3753216483489945, 4.808971438369874], [4.18918770093064, 2.77479314879939, 2.1629330214537896, 1.0931717003564285, 2.1272650658779204, 2.755799399730294, 3.087192157926328, 4.86278110784052, 4.392381197700772, 4.732028534163054, 3.1021483012334055, 2.553806007481395, 3.0557621903218153, 2.499388762032297, 0.0, 1.758280163507637, 3.104386006601555, 2.557673470335481, 3.7436301419661002], [4.1891384094344435, 2.774755833698555, 2.1629227617165845, 1.0931690260549176, 2.127242875902367, 2.7557807906803733, 3.08722338778734, 4.862726144817345, 4.732005677923578, 4.3923067095206925, 2.553733937341307, 3.102142866689424, 2.4993871911996743, 3.055757881593304, 1.758280163507637, 0.0, 2.557677690313675, 3.1043240795916254, 3.743627643083083], [6.591014884822589, 5.218720555843761, 4.203727105520625, 2.789912114920715, 2.141187996220392, 1.0876255364232137, 3.086700614034828, 7.358864452915562, 6.95411330497401, 6.727244563887338, 5.111215957055221, 5.406532312839474, 4.37526887026286, 4.715701686830797, 3.104386006601555, 2.557677690313675, 0.0, 1.7604224439435776, 1.7749379197917168], [6.5910442963548315, 5.2187277192833905, 4.203731048601402, 2.789892240054935, 2.1412105970687683, 1.0876281423325649, 3.0866956396757432, 7.358893065249926, 6.727340475088928, 6.954091654576584, 5.406464310600667, 5.11128450267268, 4.7156722270182305, 4.3753216483489945, 2.557673470335481, 3.1043240795916254, 1.7604224439435776, 0.0, 1.7749422687368812], [7.1911602888309245, 5.97302062272602, 4.669704004826204, 3.4712070624217284, 2.1427486683939927, 1.0866347308359767, 2.5320765387767032, 8.094167069983042, 7.311724174950638, 7.311674753535842, 6.148596733068466, 6.148650358290423, 4.808937660032315, 4.808971438369874, 3.7436301419661002, 3.743627643083083, 1.7749379197917168, 1.7749422687368812, 0.0]]}