{"total energy": -24.2041911, "HOMO-LUMO gap/eV": 6.899833, "electronic energy": -24.64827979, "dipole": [-0.26453376, -0.01813807, 0.13695371], "partial charges": [-0.11693168, -0.02692752, -0.03968179, -0.05189042, -0.05742815, -0.05893812, -0.05260168, -0.10228396, 0.06924444, 0.04806869, 0.0480662, 0.03321916, 0.03321949, 0.02859711, 0.02859722, 0.03012796, 0.03012812, 0.02857614, 0.02857616, 0.03357202, 0.03311837, 0.03357222], "atomic dipole moments": [[0.27028306, 0.03022266, -0.1888449], [-0.3545647, -0.03922244, 0.24552264], [-0.06336271, 0.01888998, -0.06460117], [0.00248503, -0.02652119, 0.11047249], [0.00081094, 0.02590221, -0.10864066], [0.00201278, -0.02642783, 0.11019437], [-0.00076651, 0.02623217, -0.10966056], [0.07895645, -0.01717934, 0.05388183], [0.17096641, 0.01920854, -0.11898491], [0.00565422, 0.08383371, 0.09748648], [-0.00540152, -0.11885317, 0.0490687], [0.00702184, 0.11453411, -0.04913148], [-0.00360259, -0.08014746, -0.0956297], [-0.00602912, -0.11233972, 0.04763818], [0.00440142, 0.07877137, 0.09328077], [-0.00542181, -0.07879828, -0.09344158], [0.00502264, 0.11253894, -0.04774337], [0.00467503, 0.07883258, 0.09306318], [-0.00576038, -0.11232232, 0.04741048], [0.00146447, 0.11411226, -0.04722148], [-0.10079492, -0.01137327, 0.07065762], [-0.0091354, -0.08006001, -0.09359791]], "atomic quadrupole moments": [[-0.55594995, -0.12619222, 0.53662495, 0.78121904, 0.08403089, 0.01932499], [-0.47359074, -0.10800194, 0.4597197, 0.6688977, 0.07256767, 0.01387104], [0.16070458, -0.0359867, -0.16625269, 0.07291024, -0.04823982, 0.00554811], [0.23535557, -0.02803045, -0.23454834, 0.00635731, -0.05995961, -0.00080724], [0.22530762, -0.02421722, -0.22958225, -0.00608735, -0.05921378, 0.00427463], [0.2252773, -0.02481469, -0.23148029, -0.00409273, -0.06030606, 0.00620298], [0.221563, -0.02472605, -0.22292249, -0.00149082, -0.05706122, 0.00135949], [0.12755297, -0.05018396, -0.11559371, 0.15196674, -0.0357408, -0.01195926], [-0.01386277, -0.0033043, 0.0138003, 0.01993784, 0.00233615, 6.247e-05], [-0.02073535, -0.00320958, 0.00862201, 0.00663391, 0.04911083, 0.01211333], [-0.01982304, 0.00623288, 0.04829459, 0.00399011, -0.03112424, -0.02847155], [-0.0183962, 0.00296389, 0.04850968, -0.00142833, -0.0259658, -0.03011349], [-0.01836286, 0.00226095, 0.01149381, 0.00286895, 0.04703764, 0.00686905], [-0.02047013, 0.00258649, 0.05030262, -0.00110145, -0.02768552, -0.02983249], [-0.02034067, 0.00270755, 0.01152117, 0.00359578, 0.04859774, 0.0088195], [-0.02041311, 0.00216181, 0.01147728, 0.00275783, 0.04873145, 0.00893583], [-0.02038723, 0.00345112, 0.05021782, -0.00161819, -0.02780298, -0.02983059], [-0.01771473, 0.00199674, 0.00996727, 0.00266982, 0.04949236, 0.00774745], [-0.01769417, 0.00325923, 0.04938858, -0.00179457, -0.02837188, -0.03169441], [-0.03628447, 0.01376594, 0.06771991, 0.00759999, -0.04284759, -0.03143544], [0.0389483, 0.00826828, -0.0529491, -0.05626193, -0.01358642, 0.01400081], [-0.03858661, -0.00874855, 0.01545791, 0.00879887, 0.06513983, 0.02312869]], "number of molecular orbitals": 46, "number of electrons": 46, "number of unpaired electrons": 0, "orbital energies/eV": [-17.07432947, -16.87041573, -16.54215566, -16.18879672, -15.72314059, -15.21540151, -15.13400139, -14.29295375, -14.1522582, -13.79955731, -13.55016874, -13.32415117, -13.06617185, -12.85865407, -12.6680757, -12.2677997, -12.12424413, -11.83211042, -11.6948479, -11.63971863, -11.46405727, -10.86091878, -10.82041818, -3.92058518, -3.79038379, 1.31794394, 2.44693089, 2.99080753, 3.00524233, 3.45065342, 3.96762739, 4.22051275, 4.43630044, 4.71112098, 4.86380544, 5.08346844, 5.71123237, 5.74344681, 6.42339152, 6.90731004, 7.00298467, 7.40586785, 7.98829333, 8.62954304, 9.52136326, 39.33943823], "fractional occupation": [2.0, 2.0, 2.0, 2.0, 2.0, 2.0, 2.0, 2.0, 2.0, 2.0, 2.0, 2.0, 2.0, 2.0, 2.0, 2.0, 2.0, 2.0, 2.0, 2.0, 2.0, 2.0, 2.0, 0.0, 0.0, 0.0, 0.0, 0.0, 0.0, 0.0, 0.0, 0.0, 0.0, 0.0, 0.0, 0.0, 0.0, 0.0, 0.0, 0.0, 0.0, 0.0, 0.0, 0.0, 0.0, 0.0], "program call": "xtb /tmp/scratch/tmp70n563es/516826_340bac_xyzopt.xyz --pop --wbo --acc 0.2 --gfn 2 --chrg 0 --uhf 0 --etemp 300 --input /tmp/scratch/tmp70n563es/516826_340bac_xtb.inp", "method": "GFN2-xTB", "xtb version": "6.3.3 (7355c4f)", "Dipole module/D": 0.759, "Total charge": 0, "Transition dipole module/D": NaN, "HOMO": -10.8204, "LUMO": -3.9206, "HOMO occupancy": 2.0, "LUMO occupancy": 0, "mulliken charges": [-0.10999, -0.02449, -0.0221, -0.04147, -0.04741, -0.04693, -0.03928, -0.08559, 0.05887, 0.03823, 0.03824, 0.02832, 0.02832, 0.0234, 0.0234, 0.02377, 0.02377, 0.02248, 0.02248, 0.02808, 0.02984, 0.02808], "cm5 charges": [-0.16367, -0.03734, -0.12519, -0.15165, -0.15908, -0.15887, -0.15289, -0.23826, 0.11461, 0.09405, 0.09405, 0.08444, 0.08444, 0.07931, 0.07931, 0.07974, 0.07974, 0.07768, 0.07768, 0.08024, 0.08141, 0.08024], "FUKUI+": [-0.191, -0.217, 0.018, -0.009, 0.003, 0.001, -0.0, 0.007, -0.175, -0.094, -0.094, -0.039, -0.039, -0.029, -0.029, -0.018, -0.018, -0.015, -0.015, -0.012, -0.023, -0.012], "FUKUI-": [-0.089, -0.068, 0.008, 0.011, 0.015, 0.012, 0.008, 0.019, -0.081, -0.083, -0.083, -0.054, -0.054, -0.046, -0.046, -0.064, -0.064, -0.082, -0.082, -0.064, -0.051, -0.064], "FUKUIrad": [-0.14, -0.142, 0.013, 0.001, 0.009, 0.006, 0.004, 0.013, -0.128, -0.088, -0.088, -0.046, -0.046, -0.037, -0.037, -0.041, -0.041, -0.048, -0.048, -0.038, -0.037, -0.038], "s proportion": [1.084, 1.108, 1.018, 1.031, 1.031, 1.03, 1.026, 1.005, 0.941, 0.962, 0.962, 0.972, 0.972, 0.977, 0.977, 0.976, 0.976, 0.978, 0.978, 0.972, 0.97, 0.972], "p proportion": [3.026, 2.917, 3.004, 3.01, 3.017, 3.017, 3.013, 3.081, 0.0, 0.0, 0.0, 0.0, 0.0, 0.0, 0.0, 0.0, 0.0, 0.0, 0.0, 0.0, 0.0, 0.0], "d proportion": [0.0, 0.0, 0.0, 0.0, 0.0, 0.0, 0.0, 0.0, 0.0, 0.0, 0.0, 0.0, 0.0, 0.0, 0.0, 0.0, 0.0, 0.0, 0.0, 0.0, 0.0, 0.0], "Fermi-level/eV": -7.3705, "Coordination numbers": [1.909, 1.967, 3.804, 3.807, 3.803, 3.803, 3.801, 3.752, 0.928, 0.924, 0.924, 0.924, 0.924, 0.924, 0.924, 0.924, 0.924, 0.924, 0.924, 0.925, 0.925, 0.925], "Dispersion coefficient C6": [34.367, 31.784, 21.28, 21.5, 21.605, 21.633, 21.518, 22.514, 2.093, 2.344, 2.344, 2.541, 2.541, 2.607, 2.607, 2.585, 2.585, 2.607, 2.607, 2.536, 2.543, 2.536], "Total dispersion C6": 3780.528073, "Total dispersion C8": 83304.028554, "Polarizability alpha": [9.468, 9.104, 6.567, 6.601, 6.617, 6.622, 6.605, 6.766, 2.262, 2.394, 2.394, 2.493, 2.493, 2.525, 2.525, 2.514, 2.514, 2.525, 2.525, 2.49, 2.494, 2.49], "Total polarizability alpha": 92.989192, "Wiberg matrix": [[0.0, 2.8956028071051794, 0.0, 0.0, 0.0, 0.0, 0.0, 0.0, 0.972108884910339, 0.0, 0.0, 0.0, 0.0, 0.0, 0.0, 0.0, 0.0, 0.0, 0.0, 0.0, 0.0, 0.0], [2.8956028071051794, 0.0, 1.0532536006224973, 0.0, 0.0, 0.0, 0.0, 0.0, 0.0, 0.0, 0.0, 0.0, 0.0, 0.0, 0.0, 0.0, 0.0, 0.0, 0.0, 0.0, 0.0, 0.0], [0.0, 1.0532536006224973, 0.0, 0.9855261439564272, 0.0, 0.0, 0.0, 0.0, 0.0, 0.9558367461924531, 0.9558358281343937, 0.0, 0.0, 0.0, 0.0, 0.0, 0.0, 0.0, 0.0, 0.0, 0.0, 0.0], [0.0, 0.0, 0.9855261439564272, 0.0, 1.0066342118493787, 0.0, 0.0, 0.0, 0.0, 0.0, 0.0, 0.97833195969608, 0.9783321169376555, 0.0, 0.0, 0.0, 0.0, 0.0, 0.0, 0.0, 0.0, 0.0], [0.0, 0.0, 0.0, 1.0066342118493787, 0.0, 1.0066135536719147, 0.0, 0.0, 0.0, 0.0, 0.0, 0.0, 0.0, 0.9773595803280253, 0.9773593739899102, 0.0, 0.0, 0.0, 0.0, 0.0, 0.0, 0.0], [0.0, 0.0, 0.0, 0.0, 1.0066135536719147, 0.0, 1.0076164578143225, 0.0, 0.0, 0.0, 0.0, 0.0, 0.0, 0.0, 0.0, 0.977510244309006, 0.9775101175039997, 0.0, 0.0, 0.0, 0.0, 0.0], [0.0, 0.0, 0.0, 0.0, 0.0, 1.0076164578143225, 0.0, 1.019115125942448, 0.0, 0.0, 0.0, 0.0, 0.0, 0.0, 0.0, 0.0, 0.0, 0.9786434608152844, 0.9786435853664244, 0.0, 0.0, 0.0], [0.0, 0.0, 0.0, 0.0, 0.0, 0.0, 1.019115125942448, 0.0, 0.0, 0.0, 0.0, 0.0, 0.0, 0.0, 0.0, 0.0, 0.0, 0.0, 0.0, 0.9879848203857153, 0.9874860402345016, 0.9879847927753656], [0.972108884910339, 0.0, 0.0, 0.0, 0.0, 0.0, 0.0, 0.0, 0.0, 0.0, 0.0, 0.0, 0.0, 0.0, 0.0, 0.0, 0.0, 0.0, 0.0, 0.0, 0.0, 0.0], [0.0, 0.0, 0.9558367461924531, 0.0, 0.0, 0.0, 0.0, 0.0, 0.0, 0.0, 0.0, 0.0, 0.0, 0.0, 0.0, 0.0, 0.0, 0.0, 0.0, 0.0, 0.0, 0.0], [0.0, 0.0, 0.9558358281343937, 0.0, 0.0, 0.0, 0.0, 0.0, 0.0, 0.0, 0.0, 0.0, 0.0, 0.0, 0.0, 0.0, 0.0, 0.0, 0.0, 0.0, 0.0, 0.0], [0.0, 0.0, 0.0, 0.97833195969608, 0.0, 0.0, 0.0, 0.0, 0.0, 0.0, 0.0, 0.0, 0.0, 0.0, 0.0, 0.0, 0.0, 0.0, 0.0, 0.0, 0.0, 0.0], [0.0, 0.0, 0.0, 0.9783321169376555, 0.0, 0.0, 0.0, 0.0, 0.0, 0.0, 0.0, 0.0, 0.0, 0.0, 0.0, 0.0, 0.0, 0.0, 0.0, 0.0, 0.0, 0.0], [0.0, 0.0, 0.0, 0.0, 0.9773595803280253, 0.0, 0.0, 0.0, 0.0, 0.0, 0.0, 0.0, 0.0, 0.0, 0.0, 0.0, 0.0, 0.0, 0.0, 0.0, 0.0, 0.0], [0.0, 0.0, 0.0, 0.0, 0.9773593739899102, 0.0, 0.0, 0.0, 0.0, 0.0, 0.0, 0.0, 0.0, 0.0, 0.0, 0.0, 0.0, 0.0, 0.0, 0.0, 0.0, 0.0], [0.0, 0.0, 0.0, 0.0, 0.0, 0.977510244309006, 0.0, 0.0, 0.0, 0.0, 0.0, 0.0, 0.0, 0.0, 0.0, 0.0, 0.0, 0.0, 0.0, 0.0, 0.0, 0.0], [0.0, 0.0, 0.0, 0.0, 0.0, 0.9775101175039997, 0.0, 0.0, 0.0, 0.0, 0.0, 0.0, 0.0, 0.0, 0.0, 0.0, 0.0, 0.0, 0.0, 0.0, 0.0, 0.0], [0.0, 0.0, 0.0, 0.0, 0.0, 0.0, 0.9786434608152844, 0.0, 0.0, 0.0, 0.0, 0.0, 0.0, 0.0, 0.0, 0.0, 0.0, 0.0, 0.0, 0.0, 0.0, 0.0], [0.0, 0.0, 0.0, 0.0, 0.0, 0.0, 0.9786435853664244, 0.0, 0.0, 0.0, 0.0, 0.0, 0.0, 0.0, 0.0, 0.0, 0.0, 0.0, 0.0, 0.0, 0.0, 0.0], [0.0, 0.0, 0.0, 0.0, 0.0, 0.0, 0.0, 0.9879848203857153, 0.0, 0.0, 0.0, 0.0, 0.0, 0.0, 0.0, 0.0, 0.0, 0.0, 0.0, 0.0, 0.0, 0.0], [0.0, 0.0, 0.0, 0.0, 0.0, 0.0, 0.0, 0.9874860402345016, 0.0, 0.0, 0.0, 0.0, 0.0, 0.0, 0.0, 0.0, 0.0, 0.0, 0.0, 0.0, 0.0, 0.0], [0.0, 0.0, 0.0, 0.0, 0.0, 0.0, 0.0, 0.9879847927753656, 0.0, 0.0, 0.0, 0.0, 0.0, 0.0, 0.0, 0.0, 0.0, 0.0, 0.0, 0.0, 0.0, 0.0]], "Born radii": [], "Atomic SASAs": [], "Solvent H bonds": [], "Total SASA": NaN, "Total FOD": 0.0, "FOD": [0.0, 0.0, 0.0, 0.0, 0.0, 0.0, 0.0, 0.0, 0.0, 0.0, 0.0, 0.0, 0.0, 0.0, 0.0, 0.0, 0.0, 0.0, 0.0, 0.0, 0.0, 0.0], "FOD s proportion": [0.0, 0.0, 0.0, 0.0, 0.0, 0.0, 0.0, 0.0, 0.0, 0.0, 0.0, 0.0, 0.0, 0.0, 0.0, 0.0, 0.0, 0.0, 0.0, 0.0, 0.0, 0.0], "FOD p proportion": [0.0, 0.0, 0.0, 0.0, 0.0, 0.0, 0.0, 0.0, 0.0, 0.0, 0.0, 0.0, 0.0, 0.0, 0.0, 0.0, 0.0, 0.0, 0.0, 0.0, 0.0, 0.0], "FOD d proportion": [0.0, 0.0, 0.0, 0.0, 0.0, 0.0, 0.0, 0.0, 0.0, 0.0, 0.0, 0.0, 0.0, 0.0, 0.0, 0.0, 0.0, 0.0, 0.0, 0.0, 0.0, 0.0], "coordinates": [["4.79150702577593", "-0.02868794975630", "-0.86774805383421"], ["3.81654173470854", "-0.13875876487758", "-0.18295515428776"], ["2.62193973677707", "-0.26670208993173", "0.62561816157691"], ["1.35855324973205", "-0.00065106386438", "-0.19972046171419"], ["0.09697181437395", "-0.13444856457740", "0.64873153617096"], ["-1.16874057953735", "0.12854986895256", "-0.16317246369695"], ["-2.43237415671756", "-0.00467912993297", "0.68352699072414"], ["-3.69217903265567", "0.25885222336471", "-0.13190693272644"], ["5.64927956696279", "0.06719793351382", "-1.46348062962559"], ["2.67766530260497", "0.44378040782354", "1.45609005288995"], ["2.58379692574122", "-1.27670832999096", "1.04514954135795"], ["1.41158752228662", "1.00520764731365", "-0.62289169857944"], ["1.31813586584529", "-0.70737325302582", "-1.03191694938117"], ["0.04981787429527", "-1.14112279297117", "1.07250269867627"], ["0.14332135311583", "0.57211571187496", "1.48168772103161"], ["-1.21698870901812", "-0.57743985810664", "-0.99581690442990"], ["-1.12352060501943", "1.13476154169218", "-0.58689174617549"], ["-2.38487043531348", "0.70159907160959", "1.51578343402315"], ["-2.47836277648385", "-1.01089406183068", "1.10679088694507"], ["-3.67468988477814", "1.26464902681776", "-0.54622800623136"], ["-4.57920004474750", "0.15888285145175", "0.48940062355606"], ["-3.76819174794841", "-0.44813142554891", "-0.95530864626958"]], "bond_dist": [[0.0, 1.1965008225642044, 2.6445823121522696, 3.4974588717035866, 4.934526978915265, 6.003807292917743, 7.388605418215427, 8.520391460766241, 1.048744552731354, 3.176755691864877, 3.1765887308507983, 3.5429861120835207, 3.5428621736919244, 5.2426806380214845, 5.242751524492793, 6.034861330838458, 6.034902390078566, 7.59703461563886, 7.59700860977916, 8.570448401586672, 9.470331902291798, 8.57041672170208], [1.1965008225642044, 0.0, 1.4481830806276392, 2.46192246118542, 3.811419908796547, 4.992482850576455, 6.310128245467675, 7.519414071664238, 2.2452375411919046, 2.079149010173269, 2.079141678732993, 2.6992606541553035, 2.6992759123940337, 4.0950111972974765, 4.094987960397177, 5.11757892507032, 5.117541857367656, 6.484552951997475, 6.48458847052745, 7.630207845894334, 8.4278783125455, 7.630230885280262], [2.6445823121522696, 1.4481830806276392, 0.0, 1.5323551831137237, 2.5285347994873435, 3.8920010305773802, 5.06143244527007, 6.381077294566069, 3.693319568151339, 1.0943373705418566, 1.094337268676016, 2.1544102983715, 2.1544183094047, 2.7532032672614895, 2.753183518597376, 4.178873202884039, 4.178845984136358, 5.176692906775614, 5.176720449227746, 6.585271769245621, 7.214990777059426, 6.5852886472553385], [3.4974588717035866, 2.46192246118542, 1.5323551831137237, 0.0, 1.5262241912486374, 2.5308581028305444, 3.892463601438788, 5.057849070420147, 4.473480253429219, 2.163165366155562, 2.1631563828312865, 1.09253754014596, 1.0925387003024862, 2.1522118431152104, 2.152204409192777, 2.756786397338523, 2.7567651348653226, 4.177239489761517, 4.177258360617379, 5.201402527105696, 5.979736877689761, 5.201410044398985], [4.934526978915265, 3.811419908796547, 2.5285347994873435, 1.5262241912486374, 0.0, 1.5265595779861978, 2.532911737763942, 3.88866893299798, 5.943923192891169, 2.7651682406755156, 2.765176981866786, 2.1550072835026937, 2.155008972424079, 1.0932513408856344, 1.0932508231864457, 2.151109740728769, 2.151106909367863, 2.7586764210172428, 2.7586814483292303, 4.196526462573176, 4.688071342821451, 4.196526088046592], [6.003807292917743, 4.992482850576455, 3.8920010305773802, 2.5308581028305444, 1.5265595779861978, 0.0, 1.526898735882071, 2.5269938392620586, 6.941178869935897, 4.185238296732847, 4.18525153391289, 2.7636866226734966, 2.76370021924662, 2.1503131122581935, 2.150307466254612, 1.092724183586601, 1.0927235729117377, 2.150871944413483, 2.150871842325257, 2.7779911385037113, 3.472463892954932, 2.777982617678206], [7.388605418215427, 6.310128245467675, 5.06143244527007, 3.892463601438788, 2.532911737763942, 1.526898735882071, 0.0, 1.5236435223248088, 8.362292445470082, 5.187530522113686, 5.187562190800488, 4.183615958028638, 4.183641042395685, 2.757550285934989, 2.757527914694079, 2.150677232038491, 2.1506711582694447, 1.0925823945744997, 1.0925821562546425, 2.16028694627448, 2.161781432453316, 2.1602872078983966], [8.520391460766241, 7.519414071664238, 6.381077294566069, 5.057849070420147, 3.88866893299798, 2.5269938392620586, 1.5236435223248088, 0.0, 9.43783177671003, 6.567408142881486, 6.56744108360187, 5.18136521647579, 5.181396055451237, 4.172897489540171, 4.1728748997691625, 2.751779791874582, 2.7517693275906763, 2.149410171417958, 2.1494133667057667, 1.0879315383240458, 1.0875767700290486, 1.087931153420643], [1.048744552731354, 2.2452375411919046, 3.693319568151339, 4.473480253429219, 5.943923192891169, 6.941178869935897, 8.362292445470082, 9.43783177671003, 0.0, 4.182845761714907, 4.182880969318522, 4.420914593123447, 4.420974269643891, 6.264600678984193, 6.264545827851115, 6.9123011566330845, 6.912229907757517, 8.592208413675834, 8.592272579609373, 9.4451917838113, 10.413642325352775, 9.445240551735846], [3.176755691864877, 2.079149010173269, 1.0943373705418566, 2.163165366155562, 2.7651682406755156, 4.185238296732847, 5.187530522113686, 6.567408142881486, 4.182845761714907, 0.0, 1.771373724864335, 2.4980629723848153, 3.060008804505814, 3.0926751398547943, 2.5377203244629762, 4.714134960854624, 4.370382576273774, 5.0694478852089055, 5.368678913135514, 6.710850864548096, 7.32651006550988, 6.939699094412293], [3.1765887308507983, 2.079141678732993, 1.094337268676016, 2.1631563828312865, 2.765176981866786, 4.18525153391289, 5.187562190800488, 6.56744108360187, 4.182880969318522, 1.771373724864335, 0.0, 3.0599962403828718, 2.4980483492821177, 2.537751261694326, 3.092674722740084, 4.370410949784503, 4.714122291597297, 5.368691812812783, 5.069508628207943, 6.9397144661305745, 7.326547925121669, 6.710896568842508], [3.5429861120835207, 2.6992606541553035, 2.1544102983715, 1.09253754014596, 2.1550072835026937, 2.7636866226734966, 4.183615958028638, 5.18136521647579, 4.420914593123447, 2.4980629723848153, 3.0599962403828718, 0.0, 1.763226646830349, 3.0554071897751642, 2.4950595651918945, 3.090834731808206, 2.5386715867269873, 4.36797464666164, 4.710433236464127, 5.093466895223807, 6.151666078657298, 5.390065748780545], [3.5428621736919244, 2.6992759123940337, 2.1544183094047, 1.0925387003024862, 2.155008972424079, 2.76370021924662, 4.183641042395685, 5.181396055451237, 4.420974269643891, 3.060008804505814, 2.4980483492821177, 1.763226646830349, 0.0, 2.495065379147905, 3.0554033432173187, 2.5387088274233207, 3.090824219381384, 4.710439037033447, 4.368019921171128, 5.390090407199667, 6.151697134827069, 5.093506037304709], [5.2426806380214845, 4.0950111972974765, 2.7532032672614895, 2.1522118431152104, 1.0932513408856344, 2.1503131122581935, 2.757550285934989, 4.172897489540171, 6.264600678984193, 3.0926751398547943, 2.537751261694326, 3.0554071897751642, 2.495065379147905, 0.0, 1.7639051724962116, 2.490076976958122, 3.05122313432031, 3.085421988234215, 2.531764721541706, 4.720167919820154, 4.843328359750142, 4.378293430271457], [5.242751524492793, 4.094987960397177, 2.753183518597376, 2.152204409192777, 1.0932508231864457, 2.150307466254612, 2.757527914694079, 4.1728748997691625, 6.264545827851115, 2.5377203244629762, 3.092674722740084, 2.4950595651918945, 3.0554033432173187, 1.7639051724962116, 0.0, 3.05122117238357, 2.490076281733854, 2.5317350132219536, 3.085400339542751, 4.37827070906663, 4.843305011459326, 4.720147270526417], [6.034861330838458, 5.11757892507032, 4.178873202884039, 2.756786397338523, 2.151109740728769, 1.092724183586601, 2.150677232038491, 2.751779791874582, 6.9123011566330845, 4.714134960854624, 4.370410949784503, 3.090834731808206, 2.5387088274233207, 2.490076976958122, 3.05122117238357, 0.0, 1.762835699942437, 3.0509055328642587, 2.489961166193523, 3.104145084669462, 3.748667403779012, 2.5547991184351204], [6.034902390078566, 5.117541857367656, 4.178845984136358, 2.7567651348653226, 2.151106909367863, 1.0927235729117377, 2.1506711582694447, 2.7517693275906763, 6.912229907757517, 4.370382576273774, 4.714122291597297, 2.5386715867269873, 3.090824219381384, 3.05122313432031, 2.490076281733854, 1.762835699942437, 0.0, 2.489955026359766, 3.0509008735522145, 2.554797250766305, 3.748661744325172, 3.104120908124798], [7.59703461563886, 6.484552951997475, 5.176692906775614, 4.177239489761517, 2.7586764210172428, 2.150871944413483, 1.0925823945744997, 2.149410171417958, 8.592208413675834, 5.0694478852089055, 5.368691812812783, 4.36797464666164, 4.710439037033447, 3.085421988234215, 2.5317350132219536, 3.0509055328642587, 2.489955026359766, 0.0, 1.7631359713598402, 2.496507689557098, 2.482556143188628, 3.056428330481807], [7.59700860977916, 6.48458847052745, 5.176720449227746, 4.177258360617379, 2.7586814483292303, 2.150871842325257, 1.0925821562546425, 2.1494133667057667, 8.592272579609373, 5.368678913135514, 5.069508628207943, 4.710433236464127, 4.368019921171128, 2.531764721541706, 3.085400339542751, 2.489961166193523, 3.0509008735522145, 1.7631359713598402, 0.0, 3.0564303295729953, 2.482552314031186, 2.4965205877997905], [8.570448401586672, 7.630207845894334, 6.585271769245621, 5.201402527105696, 4.196526462573176, 2.7779911385037113, 2.16028694627448, 1.0879315383240458, 9.4451917838113, 6.710850864548096, 6.9397144661305745, 5.093466895223807, 5.390090407199667, 4.720167919820154, 4.37827070906663, 3.104145084669462, 2.554797250766305, 2.496507689557098, 3.0564303295729953, 0.0, 1.7644784280083279, 1.7634359774258224], [9.470331902291798, 8.4278783125455, 7.214990777059426, 5.979736877689761, 4.688071342821451, 3.472463892954932, 2.161781432453316, 1.0875767700290486, 10.413642325352775, 7.32651006550988, 7.326547925121669, 6.151666078657298, 6.151697134827069, 4.843328359750142, 4.843305011459326, 3.748667403779012, 3.748661744325172, 2.482556143188628, 2.482552314031186, 1.7644784280083279, 0.0, 1.7644788647869174], [8.57041672170208, 7.630230885280262, 6.5852886472553385, 5.201410044398985, 4.196526088046592, 2.777982617678206, 2.1602872078983966, 1.087931153420643, 9.445240551735846, 6.939699094412293, 6.710896568842508, 5.390065748780545, 5.093506037304709, 4.378293430271457, 4.720147270526417, 2.5547991184351204, 3.104120908124798, 3.056428330481807, 2.4965205877997905, 1.7634359774258224, 1.7644788647869174, 0.0]]}