{"total energy": -23.26880344, "HOMO-LUMO gap/eV": 3.8916885, "electronic energy": -23.77477705, "dipole": [-0.35070713, -0.03424091, -0.02238728], "partial charges": [-0.10292918, -0.02323846, 0.03300018, -0.03041613, -0.03894929, 0.01742599, -0.10835787, -0.03894798, -0.03041066, 0.07294321, 0.03113652, 0.02809437, 0.04221126, 0.0422118, 0.04700128, 0.02809507, 0.03112988], "atomic dipole moments": [[0.32258477, 0.03183144, -0.00087709], [-0.37356619, -0.03730899, 0.00098908], [-0.00702532, -0.00068492, 0.00049177], [0.00402291, 0.00590813, 0.00020417], [-0.00691955, 0.00996496, -0.00075303], [-0.08852566, -0.00890131, 0.00131702], [0.06683024, 0.0068053, -0.0060899], [-0.00480691, -0.01110732, -0.0011118], [0.00509806, -0.00499114, 1.865e-05], [0.20842595, 0.02147463, -0.00048515], [0.08802882, -0.12135606, -0.002323], [-0.0586697, -0.13502772, -0.00186394], [-0.05605905, 0.09735081, 0.05965321], [-0.03541418, -0.10849729, 0.05614831], [-0.04464557, -0.00243374, -0.12008911], [-0.08431727, 0.12067687, 0.00248961], [0.06217643, 0.13642389, 0.00206583]], "atomic quadrupole moments": [[-1.10753059, -0.1655592, 0.52535789, 0.00437775, -0.00024566, 0.5821727], [-0.9828159, -0.15236925, 0.52913494, 0.00350802, 0.00189364, 0.45368096], [-0.19155222, 0.00678847, -0.25798516, 0.00272161, -0.01178844, 0.44953737], [-0.26118616, 0.01779322, -0.2495798, 0.00438277, -0.01208914, 0.51076596], [-0.24529918, 0.00478569, -0.24930945, 0.0042233, -0.01098326, 0.49460863], [-0.08147492, 0.02619183, -0.34007721, 0.00134097, -0.01288105, 0.42155214], [0.18698018, 0.02593088, -0.06988838, 0.00501474, 0.0012625, -0.11709181], [-0.24358643, -0.00374093, -0.2509392, 0.00433043, -0.01352534, 0.49452562], [-0.25383349, -0.01872142, -0.2569099, 0.00385083, -0.01310603, 0.51074338], [-0.02885827, -0.00478784, 0.01423475, 7.006e-05, 1.024e-05, 0.01462352], [0.03441479, 0.00325471, 0.03434099, -0.00063644, 0.00159056, -0.06875578], [0.03810234, -0.00059029, 0.0335173, -0.00068859, 0.00174428, -0.07161963], [-0.01190371, -0.0284961, 0.03785703, -0.02440953, 0.05577203, -0.02595332], [-0.02111827, 0.01678875, 0.05091409, -0.01230801, -0.05697435, -0.02979582], [-0.02842607, 0.00158093, -0.04912126, 0.02989206, 0.0008387, 0.07754733], [0.03768454, 0.0014534, 0.03393511, -0.00064934, 0.00170823, -0.07161966], [0.03566787, -0.00295979, 0.0330784, -0.00076121, 0.00175864, -0.06874628]], "number of molecular orbitals": 44, "number of electrons": 44, "number of unpaired electrons": 0, "orbital energies/eV": [-17.55524426, -17.0244698, -16.66110986, -16.5628533, -16.13306811, -15.5874059, -15.37883562, -14.60897184, -13.79210388, -13.74771536, -13.50757601, -13.3577751, -12.96586619, -12.82796891, -12.79487424, -12.58243795, -11.67112323, -11.65168236, -11.57446933, -11.00570604, -10.96710117, -10.33219301, -6.44050451, -5.99549609, -4.1012964, -3.70991011, -1.55958521, 1.90847762, 2.90174221, 3.90466386, 4.16147537, 4.6159344, 5.28377943, 5.49477702, 6.03105534, 6.37958243, 7.9820895, 11.27772869, 11.4672787, 12.61956204, 12.67775203, 17.26475785, 18.04562978, 39.41663544], "fractional occupation": [2.0, 2.0, 2.0, 2.0, 2.0, 2.0, 2.0, 2.0, 2.0, 2.0, 2.0, 2.0, 2.0, 2.0, 2.0, 2.0, 2.0, 2.0, 2.0, 2.0, 2.0, 2.0, 0.0, 0.0, 0.0, 0.0, 0.0, 0.0, 0.0, 0.0, 0.0, 0.0, 0.0, 0.0, 0.0, 0.0, 0.0, 0.0, 0.0, 0.0, 0.0, 0.0, 0.0, 0.0], "program call": "xtb /tmp/scratch/tmpnyyhf_e9/516874_12f22e_xyzopt.xyz --pop --wbo --acc 0.2 --gfn 2 --chrg 0 --uhf 0 --etemp 300 --input /tmp/scratch/tmpnyyhf_e9/516874_12f22e_xtb.inp", "method": "GFN2-xTB", "xtb version": "6.3.3 (7355c4f)", "Dipole module/D": 0.897, "Total charge": 0, "Transition dipole module/D": NaN, "HOMO": -10.3322, "LUMO": -6.4405, "HOMO occupancy": 2.0, "LUMO occupancy": 0, "mulliken charges": [-0.09187, -0.02348, 0.02244, -0.02835, -0.04139, 0.016, -0.08927, -0.04139, -0.02835, 0.06072, 0.03439, 0.03051, 0.03667, 0.03667, 0.04182, 0.03051, 0.03438], "cm5 charges": [-0.14498, -0.02819, 0.01496, -0.08118, -0.09554, -0.00212, -0.23478, -0.09554, -0.08118, 0.1164, 0.09187, 0.0878, 0.08944, 0.08944, 0.09396, 0.0878, 0.09187], "FUKUI+": [-0.105, -0.057, -0.082, -0.036, -0.026, -0.095, 0.033, -0.026, -0.036, -0.101, -0.075, -0.078, -0.051, -0.051, -0.06, -0.078, -0.075], "FUKUI-": [-0.104, -0.065, -0.066, -0.031, -0.029, -0.07, 0.024, -0.029, -0.031, -0.094, -0.066, -0.068, -0.068, -0.068, -0.101, -0.068, -0.066], "FUKUIrad": [-0.104, -0.061, -0.074, -0.034, -0.028, -0.082, 0.028, -0.028, -0.034, -0.098, -0.071, -0.073, -0.059, -0.059, -0.081, -0.073, -0.071], "s proportion": [1.089, 1.104, 1.063, 1.058, 1.057, 1.082, 1.005, 1.057, 1.058, 0.939, 0.966, 0.969, 0.963, 0.963, 0.958, 0.969, 0.966], "p proportion": [3.002, 2.919, 2.915, 2.97, 2.984, 2.902, 3.084, 2.984, 2.97, 0.0, 0.0, 0.0, 0.0, 0.0, 0.0, 0.0, 0.0], "d proportion": [0.0, 0.0, 0.0, 0.0, 0.0, 0.0, 0.0, 0.0, 0.0, 0.0, 0.0, 0.0, 0.0, 0.0, 0.0, 0.0, 0.0], "Fermi-level/eV": -8.3863, "Coordination numbers": [1.909, 1.981, 2.972, 2.926, 2.924, 2.966, 3.758, 2.924, 2.926, 0.928, 0.926, 0.926, 0.925, 0.925, 0.924, 0.926, 0.926], "Dispersion coefficient C6": [33.955, 31.674, 27.259, 28.759, 28.968, 27.618, 22.623, 28.968, 28.759, 2.053, 2.57, 2.614, 2.42, 2.42, 2.358, 2.613, 2.57], "Total dispersion C6": 3679.727038, "Total dispersion C8": 91473.687561, "Polarizability alpha": [9.411, 9.089, 8.564, 8.795, 8.826, 8.62, 6.781, 8.826, 8.795, 2.241, 2.507, 2.528, 2.433, 2.433, 2.401, 2.528, 2.507], "Total polarizability alpha": 97.283665, "Wiberg matrix": [[0.0, 2.829492144189515, 0.0, 0.0, 0.0, 0.0, 0.0, 0.0, 0.0, 0.9719214288541247, 0.0, 0.0, 0.0, 0.0, 0.0, 0.0, 0.0], [2.829492144189515, 0.0, 1.107878559965238, 0.0, 0.0, 0.0, 0.0, 0.0, 0.0, 0.0, 0.0, 0.0, 0.0, 0.0, 0.0, 0.0, 0.0], [0.0, 1.107878559965238, 0.0, 1.363217163732421, 0.0, 0.0, 0.0, 0.0, 1.3632234319065784, 0.0, 0.0, 0.0, 0.0, 0.0, 0.0, 0.0, 0.0], [0.0, 0.0, 1.363217163732421, 0.0, 1.461390290612662, 0.0, 0.0, 0.10398363345208834, 0.0, 0.0, 0.9709083032344678, 0.0, 0.0, 0.0, 0.0, 0.0, 0.0], [0.0, 0.0, 0.0, 1.461390290612662, 0.0, 1.4027900595845022, 0.0, 0.0, 0.10398245317789452, 0.0, 0.0, 0.9689521419519967, 0.0, 0.0, 0.0, 0.0, 0.0], [0.0, 0.0, 0.0, 0.0, 1.4027900595845022, 0.0, 1.0262494122592876, 1.4027918387653615, 0.0, 0.0, 0.0, 0.0, 0.0, 0.0, 0.0, 0.0, 0.0], [0.0, 0.0, 0.0, 0.0, 0.0, 1.0262494122592876, 0.0, 0.0, 0.0, 0.0, 0.0, 0.0, 0.9818708101334882, 0.9818705538243837, 0.966875926830806, 0.0, 0.0], [0.0, 0.0, 0.0, 0.10398363345208834, 0.0, 1.4027918387653615, 0.0, 0.0, 1.4613848278684836, 0.0, 0.0, 0.0, 0.0, 0.0, 0.0, 0.9689524477869392, 0.0], [0.0, 0.0, 1.3632234319065784, 0.0, 0.10398245317789452, 0.0, 0.0, 1.4613848278684836, 0.0, 0.0, 0.0, 0.0, 0.0, 0.0, 0.0, 0.0, 0.9709079968579034], [0.9719214288541247, 0.0, 0.0, 0.0, 0.0, 0.0, 0.0, 0.0, 0.0, 0.0, 0.0, 0.0, 0.0, 0.0, 0.0, 0.0, 0.0], [0.0, 0.0, 0.0, 0.9709083032344678, 0.0, 0.0, 0.0, 0.0, 0.0, 0.0, 0.0, 0.0, 0.0, 0.0, 0.0, 0.0, 0.0], [0.0, 0.0, 0.0, 0.0, 0.9689521419519967, 0.0, 0.0, 0.0, 0.0, 0.0, 0.0, 0.0, 0.0, 0.0, 0.0, 0.0, 0.0], [0.0, 0.0, 0.0, 0.0, 0.0, 0.0, 0.9818708101334882, 0.0, 0.0, 0.0, 0.0, 0.0, 0.0, 0.0, 0.0, 0.0, 0.0], [0.0, 0.0, 0.0, 0.0, 0.0, 0.0, 0.9818705538243837, 0.0, 0.0, 0.0, 0.0, 0.0, 0.0, 0.0, 0.0, 0.0, 0.0], [0.0, 0.0, 0.0, 0.0, 0.0, 0.0, 0.966875926830806, 0.0, 0.0, 0.0, 0.0, 0.0, 0.0, 0.0, 0.0, 0.0, 0.0], [0.0, 0.0, 0.0, 0.0, 0.0, 0.0, 0.0, 0.9689524477869392, 0.0, 0.0, 0.0, 0.0, 0.0, 0.0, 0.0, 0.0, 0.0], [0.0, 0.0, 0.0, 0.0, 0.0, 0.0, 0.0, 0.0, 0.9709079968579034, 0.0, 0.0, 0.0, 0.0, 0.0, 0.0, 0.0, 0.0]], "Born radii": [], "Atomic SASAs": [], "Solvent H bonds": [], "Total SASA": NaN, "Total FOD": 0.0, "FOD": [0.0, 0.0, 0.0, 0.0, 0.0, 0.0, 0.0, 0.0, 0.0, 0.0, 0.0, 0.0, 0.0, 0.0, 0.0, 0.0, 0.0], "FOD s proportion": [0.0, 0.0, 0.0, 0.0, 0.0, 0.0, 0.0, 0.0, 0.0, 0.0, 0.0, 0.0, 0.0, 0.0, 0.0, 0.0, 0.0], "FOD p proportion": [0.0, 0.0, 0.0, 0.0, 0.0, 0.0, 0.0, 0.0, 0.0, 0.0, 0.0, 0.0, 0.0, 0.0, 0.0, 0.0, 0.0], "FOD d proportion": [0.0, 0.0, 0.0, 0.0, 0.0, 0.0, 0.0, 0.0, 0.0, 0.0, 0.0, 0.0, 0.0, 0.0, 0.0, 0.0, 0.0], "coordinates": [["4.04169737869932", "0.40444071870207", "0.19245001208124"], ["2.84705548135750", "0.28553609732553", "0.19555422400249"], ["1.43859496484072", "0.14428249938168", "0.19928522971684"], ["0.85685667883249", "-1.12281240753234", "0.18177155171069"], ["-0.51745572844060", "-1.25343865871777", "0.18834606992044"], ["-1.34331613272038", "-0.13493544552352", "0.21268554596290"], ["-2.83387651618311", "-0.28417357005710", "0.19757910701232"], ["-0.75602396294722", "1.12543025394768", "0.22884769790784"], ["0.61684098455266", "1.27053509933767", "0.22251967610258"], ["5.08530951655962", "0.51108839949924", "0.18992224964009"], ["1.49021145396145", "-1.99802539202742", "0.16474800481996"], ["-0.95945590228776", "-2.23996928993023", "0.17590708291250"], ["-3.31309335101372", "0.54917843954509", "0.70653910852770"], ["-3.13638201976701", "-1.21274876334393", "0.67654136768844"], ["-3.19562966479456", "-0.30293768126931", "-0.83145352278233"], ["-1.38511777728010", "2.00442297254846", "0.24817032400146"], ["1.06378459663068", "2.25412572811419", "0.23714327077487"]], "bond_dist": [[0.0, 1.20054871121534, 2.616079355890519, 3.5321135916950497, 4.851232619320459, 5.411996548552015, 6.9099733957727265, 4.851729668227392, 3.5327984631719627, 1.0490502426917974, 3.504667065292429, 5.657270729087304, 7.37415644564128, 7.373904672024217, 7.343545831813134, 5.658035940408279, 3.5058945590283166], [1.20054871121534, 0.0, 1.4155308283193409, 2.438140017874873, 3.6997879585296345, 4.2114491644335, 5.709427428905737, 3.6998259596505254, 2.4381974635640855, 2.249597005298871, 2.656431405754065, 4.568160722329265, 6.18692544595365, 6.186899909160127, 6.157523047100714, 4.568219678925254, 2.6565258951447177], [2.616079355890519, 1.4155308283193409, 0.0, 1.3943656856981763, 2.4041377697008652, 2.795920525330822, 4.293901497525947, 2.4041374948243983, 1.3943688043432945, 3.665127727034263, 2.143207918855852, 3.38169352454073, 4.795809532389405, 4.795802506248216, 4.768486781338845, 3.381695725870651, 2.1432112572536846], [3.5321135916950497, 2.438140017874873, 1.3943656856981763, 0.0, 1.3805220152439457, 2.4119736664824645, 3.7848482790353026, 2.7673444297859398, 2.405697452254331, 4.533156922275888, 1.0804748218057565, 2.1323848818210474, 4.523208776169059, 4.024778381835695, 4.256931428109925, 3.8484359655907188, 3.383725219698], [4.851232619320459, 3.6997879585296345, 2.4041377697008652, 1.3805220152439457, 0.0, 1.39057083795722, 2.511048650854051, 2.3911445978926773, 2.767352597667906, 5.874056231779268, 2.1414233087811967, 1.0810927658620042, 3.36653265912525, 2.664350809437268, 3.0192811976980347, 3.371954741815104, 3.8478188705050314], [5.411996548552015, 4.2114491644335, 2.795920525330822, 2.4119736664824645, 1.39057083795722, 0.0, 1.4980889423063735, 1.390573624169495, 2.411982605033496, 6.461044243354023, 3.3915012518207464, 2.1400628070105387, 2.142877840360729, 2.1428786822193255, 2.1329595793640497, 2.140060977620915, 3.3915107832540614], [6.9099733957727265, 5.709427428905737, 4.293901497525947, 3.7848482790353026, 2.511048650854051, 1.4980889423063735, 0.0, 2.511061906527674, 3.7848635838774856, 7.959020520696939, 4.651462428364981, 2.709069805726397, 1.0877337127420534, 1.0877344880246291, 1.090928772002084, 2.7090838838268563, 4.651482645403713], [4.851729668227392, 3.6998259596505254, 2.4041374948243983, 2.7673444297859398, 2.3911445978926773, 1.390573624169495, 2.511061906527674, 0.0, 1.3805265749305478, 5.87367924928298, 3.8478120394845896, 3.3719580887955267, 2.664368422866675, 3.3665435119022695, 3.019296212271854, 1.0810923135718966, 2.1414307094664884], [3.5327984631719627, 2.4381974635640855, 1.3943688043432945, 2.405697452254331, 2.767352597667906, 2.411982605033496, 3.7848635838774856, 1.3805265749305478, 0.0, 4.532662893227765, 3.3837259387472436, 3.8484445788364803, 4.024799886137919, 4.523219800014112, 4.256948266941092, 2.1323902668748156, 1.0804734920003716], [1.0490502426917974, 2.249597005298871, 3.665127727034263, 4.533156922275888, 5.874056231779268, 6.461044243354023, 7.959020520696939, 5.87367924928298, 4.532662893227765, 0.0, 4.384177897979126, 6.641363098367726, 8.414363585922686, 8.414548380546295, 8.38330487659549, 6.64077332470375, 4.3832717957470555], [3.504667065292429, 2.656431405754065, 2.143207918855852, 1.0804748218057565, 2.1414233087811967, 3.3915012518207464, 4.651462428364981, 3.8478120394845896, 3.3837259387472436, 4.384177897979126, 0.0, 2.461611571923823, 5.4638376631386185, 4.720588840492202, 5.08161852375647, 4.92890153913282, 4.274092896476073], [5.657270729087304, 4.568160722329265, 3.38169352454073, 2.1323848818210474, 1.0810927658620042, 2.1400628070105387, 2.709069805726397, 3.3719580887955267, 3.8484445788364803, 6.641363098367726, 2.461611571923823, 0.0, 3.687888914201602, 2.458622382208507, 3.125274378191647, 4.2662953115816595, 4.928908806052242], [7.37415644564128, 6.18692544595365, 4.795809532389405, 4.523208776169059, 3.36653265912525, 2.142877840360729, 1.0877337127420534, 2.664368422866675, 4.024799886137919, 8.414363585922686, 5.4638376631386185, 3.687888914201602, 0.0, 1.7710206738846304, 1.7621920822929389, 2.458643611094894, 4.720618421126057], [7.373904672024217, 6.186899909160127, 4.795802506248216, 4.024778381835695, 2.664350809437268, 2.1428786822193255, 1.0877344880246291, 3.3665435119022695, 4.523219800014112, 8.414548380546295, 4.720588840492202, 2.458622382208507, 1.7710206738846304, 0.0, 1.762190420525844, 3.6879021375719256, 5.463852947563274], [7.343545831813134, 6.157523047100714, 4.768486781338845, 4.256931428109925, 3.0192811976980347, 2.1329595793640497, 1.090928772002084, 3.019296212271854, 4.256948266941092, 8.38330487659549, 5.08161852375647, 3.125274378191647, 1.7621920822929389, 1.762190420525844, 0.0, 3.1252926474430787, 5.0816416872150105], [5.658035940408279, 4.568219678925254, 3.381695725870651, 3.8484359655907188, 3.371954741815104, 2.140060977620915, 2.7090838838268563, 1.0810923135718966, 2.1323902668748156, 6.64077332470375, 4.92890153913282, 4.2662953115816595, 2.458643611094894, 3.6879021375719256, 3.1252926474430787, 0.0, 2.461624646241956], [3.5058945590283166, 2.6565258951447177, 2.1432112572536846, 3.383725219698, 3.8478188705050314, 3.3915107832540614, 4.651482645403713, 2.1414307094664884, 1.0804734920003716, 4.3832717957470555, 4.274092896476073, 4.928908806052242, 4.720618421126057, 5.463852947563274, 5.0816416872150105, 2.461624646241956, 0.0]]}