{"total energy": -26.42551201, "HOMO-LUMO gap/eV": 4.66130903, "electronic energy": -26.97729053, "dipole": [-0.11269327, -0.02759847, -0.02956742], "partial charges": [-0.11511478, -0.02638986, -0.03453437, -0.05655049, 0.0121712, -0.03794584, -0.03051731, -0.03301779, -0.03051714, -0.03794597, 0.07069065, 0.0501217, 0.05011727, 0.03943862, 0.03943338, 0.02820231, 0.02817215, 0.02781146, 0.02817228, 0.02820253], "atomic dipole moments": [[0.31752103, 0.06382725, 0.06578655], [-0.41653124, -0.08287071, -0.08557304], [-0.03918018, 0.05175973, 0.07018392], [-0.01022288, -0.06360131, -0.08280576], [0.08279168, 0.01877132, 0.0199517], [-0.00212665, 0.00627436, -0.00481958], [-0.00132952, 0.00250564, -0.00141591], [0.00224463, 0.0010413, 0.00123901], [-0.00113424, -0.00209372, 0.00209182], [-0.00158164, -0.00641146, 0.00485396], [0.20176378, 0.0389906, 0.04011787], [-0.0306097, 0.0395164, -0.1202107], [-0.02345534, -0.12787299, 0.00742527], [0.02436915, 0.1248607, -0.00754645], [0.03139954, -0.03877682, 0.11727202], [0.07267817, -0.08661891, 0.09359913], [-0.06533473, -0.11634519, 0.06180709], [-0.14091607, -0.03024917, -0.03173816], [-0.07403966, 0.08659992, -0.09297207], [0.06394886, 0.11688105, -0.06160244]], "atomic quadrupole moments": [[-0.99039183, -0.30894228, 0.49489774, -0.31939374, -0.05515405, 0.49549409], [-0.84306345, -0.26545341, 0.42164326, -0.27440745, -0.04914966, 0.42142019], [0.08960878, -0.0650777, -0.08475146, -0.10037051, 0.13012738, -0.00485733], [0.16318925, -0.04217514, -0.11508719, -0.07565106, 0.11106369, -0.04810207], [-0.03048295, -0.07677422, -0.08660241, -0.11880733, 0.35315683, 0.11708536], [-0.17573597, -0.12653326, -0.0096469, -0.16455739, 0.3279588, 0.18538287], [-0.1916032, -0.13377422, -0.00515287, -0.17498576, 0.3382884, 0.19675607], [-0.19205343, -0.13015655, -0.0026828, -0.17393527, 0.33189833, 0.19473624], [-0.19194279, -0.12984021, -0.00422215, -0.17801649, 0.33832263, 0.19616495], [-0.17620834, -0.12099736, -0.00892477, -0.16879585, 0.32784468, 0.18513312], [-0.02568672, -0.0077355, 0.01291387, -0.00811516, -0.00155087, 0.01277285], [-0.02036663, -0.01553609, -0.0231772, 0.0127898, -0.02861821, 0.04354383], [-0.02288157, 0.01189652, 0.05499765, -0.01160965, -0.00884731, -0.03211608], [-0.01806628, 0.00771012, 0.05379304, -0.00377669, -0.01272457, -0.03572676], [-0.01669097, -0.00674561, -0.0236408, 0.01064985, -0.0330576, 0.04033177], [0.02779372, 0.0187964, 0.0005397, 0.02436487, -0.04659193, -0.02833342], [0.0287902, 0.01690396, -0.00136832, 0.02701171, -0.046977, -0.02742188], [0.02373792, 0.0175984, 0.00263203, 0.02394824, -0.04904035, -0.02636995], [0.02841609, 0.02121755, 0.00068798, 0.02364025, -0.04665747, -0.02910407], [0.02785069, 0.01816889, -0.00055512, 0.02489163, -0.04685605, -0.02729557]], "number of molecular orbitals": 50, "number of electrons": 50, "number of unpaired electrons": 0, "orbital energies/eV": [-17.53135117, -17.1416839, -16.73252354, -16.64809073, -16.31319147, -15.84141466, -15.56224334, -15.25172786, -14.42187597, -14.18050124, -14.00784757, -13.50133685, -13.3070997, -13.27085587, -13.10280624, -12.95395015, -12.65694806, -12.43459209, -12.16542932, -11.4952181, -11.41356564, -11.08350459, -10.96736498, -10.89200417, -10.67789987, -6.01659083, -6.00700695, -3.99600663, -3.8830997, -2.47442811, 1.75223868, 3.05154258, 3.30829345, 3.63867282, 3.83956999, 4.49092427, 5.11960183, 5.18604555, 5.24619946, 5.51814393, 6.02362623, 7.48952782, 9.35340467, 10.99871609, 11.32672168, 12.28258091, 12.57280035, 17.23181608, 18.12442047, 39.24738251], "fractional occupation": [2.0, 2.0, 2.0, 2.0, 2.0, 2.0, 2.0, 2.0, 2.0, 2.0, 2.0, 2.0, 2.0, 2.0, 2.0, 2.0, 2.0, 2.0, 2.0, 2.0, 2.0, 2.0, 2.0, 2.0, 2.0, 0.0, 0.0, 0.0, 0.0, 0.0, 0.0, 0.0, 0.0, 0.0, 0.0, 0.0, 0.0, 0.0, 0.0, 0.0, 0.0, 0.0, 0.0, 0.0, 0.0, 0.0, 0.0, 0.0, 0.0, 0.0], "program call": "xtb /tmp/scratch/tmppuxxofe0/517734_a2fee2_xyzopt.xyz --pop --wbo --acc 0.2 --gfn 2 --chrg 0 --uhf 0 --etemp 300 --input /tmp/scratch/tmppuxxofe0/517734_a2fee2_xtb.inp", "method": "GFN2-xTB", "xtb version": "6.3.3 (7355c4f)", "Dipole module/D": 0.304, "Total charge": 0, "Transition dipole module/D": NaN, "HOMO": -10.6779, "LUMO": -6.0166, "HOMO occupancy": 2.0, "LUMO occupancy": 0, "mulliken charges": [-0.10707, -0.02562, -0.01731, -0.04462, 0.00626, -0.04149, -0.02563, -0.03251, -0.02563, -0.04149, 0.0599, 0.03987, 0.03988, 0.0346, 0.03459, 0.02909, 0.02933, 0.0294, 0.02934, 0.02909], "cm5 charges": [-0.16074, -0.03837, -0.11913, -0.1481, -0.01, -0.09585, -0.08196, -0.08893, -0.08196, -0.09585, 0.11563, 0.09616, 0.09616, 0.09129, 0.09129, 0.08648, 0.08577, 0.08584, 0.08577, 0.08648], "FUKUI+": [-0.056, -0.038, 0.003, 0.015, -0.075, -0.042, -0.044, -0.061, -0.044, -0.042, -0.06, -0.025, -0.025, -0.044, -0.044, -0.08, -0.084, -0.089, -0.084, -0.08], "FUKUI-": [-0.088, -0.066, -0.002, 0.004, -0.05, -0.027, -0.029, -0.056, -0.029, -0.027, -0.082, -0.061, -0.061, -0.056, -0.056, -0.056, -0.065, -0.072, -0.065, -0.056], "FUKUIrad": [-0.072, -0.052, 0.0, 0.009, -0.062, -0.034, -0.037, -0.059, -0.037, -0.034, -0.071, -0.043, -0.043, -0.05, -0.05, -0.068, -0.075, -0.08, -0.075, -0.068], "s proportion": [1.085, 1.107, 1.019, 1.031, 1.084, 1.058, 1.056, 1.055, 1.056, 1.058, 0.94, 0.96, 0.96, 0.965, 0.965, 0.971, 0.971, 0.971, 0.971, 0.971], "p proportion": [3.022, 2.918, 2.998, 3.014, 2.91, 2.984, 2.97, 2.977, 2.97, 2.984, 0.0, 0.0, 0.0, 0.0, 0.0, 0.0, 0.0, 0.0, 0.0, 0.0], "d proportion": [0.0, 0.0, 0.0, 0.0, 0.0, 0.0, 0.0, 0.0, 0.0, 0.0, 0.0, 0.0, 0.0, 0.0, 0.0, 0.0, 0.0, 0.0, 0.0, 0.0], "Fermi-level/eV": -8.3472, "Coordination numbers": [1.909, 1.967, 3.806, 3.813, 2.971, 2.925, 2.919, 2.92, 2.919, 2.925, 0.928, 0.924, 0.924, 0.924, 0.924, 0.925, 0.926, 0.926, 0.926, 0.925], "Dispersion coefficient C6": [34.313, 31.77, 21.187, 21.58, 27.739, 28.944, 28.762, 28.823, 28.762, 28.944, 2.077, 2.318, 2.319, 2.456, 2.456, 2.612, 2.612, 2.618, 2.612, 2.612], "Total dispersion C6": 4693.560308, "Total dispersion C8": 114654.462231, "Polarizability alpha": [9.46, 9.102, 6.553, 6.612, 8.639, 8.823, 8.795, 8.804, 8.795, 8.823, 2.254, 2.381, 2.381, 2.451, 2.451, 2.527, 2.528, 2.53, 2.528, 2.527], "Total polarizability alpha": 108.962868, "Wiberg matrix": [[0.0, 2.8940754046561463, 0.0, 0.0, 0.0, 0.0, 0.0, 0.0, 0.0, 0.0, 0.971890530552823, 0.0, 0.0, 0.0, 0.0, 0.0, 0.0, 0.0, 0.0, 0.0], [2.8940754046561463, 0.0, 1.054036447766377, 0.0, 0.0, 0.0, 0.0, 0.0, 0.0, 0.0, 0.0, 0.0, 0.0, 0.0, 0.0, 0.0, 0.0, 0.0, 0.0, 0.0], [0.0, 1.054036447766377, 0.0, 0.9664782810247479, 0.0, 0.0, 0.0, 0.0, 0.0, 0.0, 0.0, 0.9563465996409788, 0.9563402295270282, 0.0, 0.0, 0.0, 0.0, 0.0, 0.0, 0.0], [0.0, 0.0, 0.9664782810247479, 0.0, 1.0122283755491326, 0.0, 0.0, 0.0, 0.0, 0.0, 0.0, 0.0, 0.0, 0.9741360999836106, 0.9741364541793236, 0.0, 0.0, 0.0, 0.0, 0.0], [0.0, 0.0, 0.0, 1.0122283755491326, 0.0, 1.4118439309554052, 0.0, 0.10962147759183163, 0.0, 1.4118413578935234, 0.0, 0.0, 0.0, 0.0, 0.0, 0.0, 0.0, 0.0, 0.0, 0.0], [0.0, 0.0, 0.0, 0.0, 1.4118439309554052, 0.0, 1.445857842622558, 0.0, 0.11098942782961038, 0.0, 0.0, 0.0, 0.0, 0.0, 0.0, 0.9695658660951116, 0.0, 0.0, 0.0, 0.0], [0.0, 0.0, 0.0, 0.0, 0.0, 1.445857842622558, 0.0, 1.4382529002874942, 0.0, 0.11099054644453843, 0.0, 0.0, 0.0, 0.0, 0.0, 0.0, 0.9713334122639543, 0.0, 0.0, 0.0], [0.0, 0.0, 0.0, 0.0, 0.10962147759183163, 0.0, 1.4382529002874942, 0.0, 1.4382522546832686, 0.0, 0.0, 0.0, 0.0, 0.0, 0.0, 0.0, 0.0, 0.971674270006653, 0.0, 0.0], [0.0, 0.0, 0.0, 0.0, 0.0, 0.11098942782961038, 0.0, 1.4382522546832686, 0.0, 1.4458597383488252, 0.0, 0.0, 0.0, 0.0, 0.0, 0.0, 0.0, 0.0, 0.9713331923094698, 0.0], [0.0, 0.0, 0.0, 0.0, 1.4118413578935234, 0.0, 0.11099054644453843, 0.0, 1.4458597383488252, 0.0, 0.0, 0.0, 0.0, 0.0, 0.0, 0.0, 0.0, 0.0, 0.0, 0.9695654051432795], [0.971890530552823, 0.0, 0.0, 0.0, 0.0, 0.0, 0.0, 0.0, 0.0, 0.0, 0.0, 0.0, 0.0, 0.0, 0.0, 0.0, 0.0, 0.0, 0.0, 0.0], [0.0, 0.0, 0.9563465996409788, 0.0, 0.0, 0.0, 0.0, 0.0, 0.0, 0.0, 0.0, 0.0, 0.0, 0.0, 0.0, 0.0, 0.0, 0.0, 0.0, 0.0], [0.0, 0.0, 0.9563402295270282, 0.0, 0.0, 0.0, 0.0, 0.0, 0.0, 0.0, 0.0, 0.0, 0.0, 0.0, 0.0, 0.0, 0.0, 0.0, 0.0, 0.0], [0.0, 0.0, 0.0, 0.9741360999836106, 0.0, 0.0, 0.0, 0.0, 0.0, 0.0, 0.0, 0.0, 0.0, 0.0, 0.0, 0.0, 0.0, 0.0, 0.0, 0.0], [0.0, 0.0, 0.0, 0.9741364541793236, 0.0, 0.0, 0.0, 0.0, 0.0, 0.0, 0.0, 0.0, 0.0, 0.0, 0.0, 0.0, 0.0, 0.0, 0.0, 0.0], [0.0, 0.0, 0.0, 0.0, 0.0, 0.9695658660951116, 0.0, 0.0, 0.0, 0.0, 0.0, 0.0, 0.0, 0.0, 0.0, 0.0, 0.0, 0.0, 0.0, 0.0], [0.0, 0.0, 0.0, 0.0, 0.0, 0.0, 0.9713334122639543, 0.0, 0.0, 0.0, 0.0, 0.0, 0.0, 0.0, 0.0, 0.0, 0.0, 0.0, 0.0, 0.0], [0.0, 0.0, 0.0, 0.0, 0.0, 0.0, 0.0, 0.971674270006653, 0.0, 0.0, 0.0, 0.0, 0.0, 0.0, 0.0, 0.0, 0.0, 0.0, 0.0, 0.0], [0.0, 0.0, 0.0, 0.0, 0.0, 0.0, 0.0, 0.0, 0.9713331923094698, 0.0, 0.0, 0.0, 0.0, 0.0, 0.0, 0.0, 0.0, 0.0, 0.0, 0.0], [0.0, 0.0, 0.0, 0.0, 0.0, 0.0, 0.0, 0.0, 0.0, 0.9695654051432795, 0.0, 0.0, 0.0, 0.0, 0.0, 0.0, 0.0, 0.0, 0.0, 0.0]], "Born radii": [], "Atomic SASAs": [], "Solvent H bonds": [], "Total SASA": NaN, "Total FOD": 0.0, "FOD": [0.0, 0.0, 0.0, 0.0, 0.0, 0.0, 0.0, 0.0, 0.0, 0.0, 0.0, 0.0, 0.0, 0.0, 0.0, 0.0, 0.0, 0.0, 0.0, 0.0], "FOD s proportion": [0.0, 0.0, 0.0, 0.0, 0.0, 0.0, 0.0, 0.0, 0.0, 0.0, 0.0, 0.0, 0.0, 0.0, 0.0, 0.0, 0.0, 0.0, 0.0, 0.0], "FOD p proportion": [0.0, 0.0, 0.0, 0.0, 0.0, 0.0, 0.0, 0.0, 0.0, 0.0, 0.0, 0.0, 0.0, 0.0, 0.0, 0.0, 0.0, 0.0, 0.0, 0.0], "FOD d proportion": [0.0, 0.0, 0.0, 0.0, 0.0, 0.0, 0.0, 0.0, 0.0, 0.0, 0.0, 0.0, 0.0, 0.0, 0.0, 0.0, 0.0, 0.0, 0.0, 0.0], "coordinates": [["4.44626177560969", "0.24586220696457", "0.07208060972704"], ["3.29757604191423", "0.01312635786472", "-0.16891733346212"], ["1.89720971227805", "-0.24553268085509", "-0.42866691933990"], ["1.00057305490853", "0.48878493785663", "0.58461216906174"], ["-0.44487590019231", "0.20557872411170", "0.29458069930237"], ["-1.07829939053645", "-0.89187084391491", "0.86381110776785"], ["-2.39873212289219", "-1.17754696847023", "0.56588473681709"], ["-3.10323142943164", "-0.36953258424443", "-0.31000881715168"], ["-2.48032984436542", "0.72488005719085", "-0.88502825260928"], ["-1.15979764299203", "1.00824464590148", "-0.58534162460292"], ["5.45691214925581", "0.44137711259966", "0.27280757919279"], ["1.65177330576162", "0.08520602622519", "-1.44226252384805"], ["1.71231497858249", "-1.32221540255084", "-0.36881696110023"], ["1.19664111017386", "1.56117803616177", "0.51970083870200"], ["1.25701511048901", "0.15489130900014", "1.59230074903906"], ["-0.53307342579193", "-1.52463088931122", "1.55044752196933"], ["-2.87973247940012", "-2.03240590275962", "1.01892505543134"], ["-4.13448121018171", "-0.59109771227432", "-0.54252830657109"], ["-3.02523875349258", "1.36007577305938", "-1.56839827307346"], ["-0.67848503969692", "1.86562879744466", "-1.03518205525194"]], "bond_dist": [[0.0, 1.196547073404599, 2.6438387706547526, 3.492058248721706, 4.896361589231495, 5.695792285106741, 7.008842819408287, 7.584164471591111, 7.008793544192007, 5.695729381061204, 1.0487762260594224, 3.182485089160607, 3.182408387746651, 3.534183649607349, 3.534209850479976, 5.487621850956054, 7.730278895912104, 8.643344041203834, 7.730198121145382, 5.487504381582496], [1.196547073404599, 0.0, 1.4475497237932249, 2.463793927707203, 3.775952181718888, 4.586265776084033, 5.86562560695553, 6.413787567263428, 5.865458601655224, 4.586049472512496, 2.2452732644068343, 2.0821311435155456, 2.0823424591443316, 2.6989973273643453, 2.6992360679196854, 4.471553220277315, 6.61470425171148, 7.46593241896782, 6.61443924792147, 4.471156626821527], [2.6438387706547526, 1.4475497237932249, 0.0, 1.539452555774713, 2.4923791111513287, 3.3078553312555603, 4.506983456842194, 5.0033855870758535, 4.506974497225775, 3.3078389499087577, 3.692613299041905, 1.0940764011178907, 1.0940812416122534, 2.1574061707826866, 2.1574287511861194, 3.3851532210317594, 5.301661545140035, 6.042654631081066, 5.301647382100453, 3.3851243482180364], [3.492058248721706, 2.463793927707203, 1.539452555774713, 0.0, 1.501215072784919, 2.51114975251262, 3.785800896849195, 4.286988094619539, 3.785798313243404, 2.5111415372176302, 4.4674856158656935, 2.166831494459802, 2.166870071119284, 1.0921003252435635, 1.0921006169204395, 2.7090132428212734, 4.647773873335524, 5.367063861673822, 4.64776961564505, 2.7089976795607082], [4.896361589231495, 3.775952181718888, 2.4923791111513287, 1.501215072784919, 0.0, 1.389116312769857, 2.409190050874998, 2.7862404096277404, 2.409195698322939, 1.3891180570553796, 5.90653681351276, 2.725261796787102, 2.7253850804540245, 2.1407724464116735, 2.1408128254887613, 2.139767647708178, 3.3855245528100677, 3.866346101360968, 3.385531943762356, 2.1397683191020276], [5.695792285106741, 4.586265776084033, 3.3078553312555603, 2.51114975251262, 1.389116312769857, 0.0, 1.3834426519828287, 2.3981326560050653, 2.7636953482781785, 2.39105091571283, 6.6959558805425505, 3.7048551566382635, 3.0809246911344825, 3.3632149748557705, 2.6608461024483545, 1.0812613897615133, 2.1377655930589214, 3.3776474564066477, 3.8441486601043984, 3.371917973562124], [7.008842819408287, 5.86562560695553, 4.506983456842194, 3.785800896849195, 2.409190050874998, 1.3834426519828287, 0.0, 1.384339566693955, 2.3939580779540504, 2.7636869870105625, 8.026079761073946, 4.6940169123771955, 4.218448113993134, 4.519895605928247, 4.024103555798255, 2.1378759318723173, 1.080458546537186, 2.1413376891261655, 3.374493103092963, 3.844942605834283], [7.584164471591111, 6.413787567263428, 5.0033855870758535, 4.286988094619539, 2.7862404096277404, 2.3981326560050653, 1.384339566693955, 0.0, 1.384338385498767, 2.39812700519437, 8.618196306422112, 4.909058534168221, 4.909231116766526, 4.785913232562787, 4.785974508322897, 3.3765754912065837, 2.1403655509733417, 1.0801076470499746, 2.140367246509447, 3.376568921550789], [7.008793544192007, 5.865458601655224, 4.506974497225775, 3.785798313243404, 2.409195698322939, 2.7636953482781785, 2.3939580779540504, 1.384338385498767, 0.0, 1.3834423948994112, 8.026254929810102, 4.21828985991061, 4.694181987329464, 4.024024543927704, 4.519932905148907, 3.844951144899968, 3.374490558441595, 2.1413361351722866, 1.080460041636478, 2.137872436079751], [5.695729381061204, 4.586049472512496, 3.3078389499087577, 2.5111415372176302, 1.3891180570553796, 2.39105091571283, 2.7636869870105625, 2.39812700519437, 1.3834423948994112, 0.0, 6.696163627863, 3.0807864127284925, 3.704990941735891, 2.660762630749643, 3.3632309035316523, 3.3719188898785686, 3.8441388087881685, 3.3776428591200323, 2.137768942819793, 1.08126121656824], [1.0487762260594224, 2.2452732644068343, 3.692613299041905, 4.4674856158656935, 5.90653681351276, 6.6959558805425505, 8.026079761073946, 8.618196306422112, 8.026254929810102, 6.696163627863, 0.0, 4.188962272375104, 4.18854969897884, 4.411895252206475, 4.411606450849527, 6.432532819678082, 8.727882753562081, 9.68119845091893, 8.72816877449934, 6.432917566066562], [3.182485089160607, 2.0821311435155456, 1.0940764011178907, 2.166831494459802, 2.725261796787102, 3.7048551566382635, 4.6940169123771955, 4.909058534168221, 4.21828985991061, 3.0807864127284925, 4.188962272375104, 0.0, 1.771097328920377, 2.4969859682355966, 3.060925403946597, 4.0399806377432395, 5.5746093372659065, 5.894713710751523, 4.849293237270246, 2.9606964904846995], [3.182408387746651, 2.0823424591443316, 1.0940812416122534, 2.166870071119284, 2.7253850804540245, 3.0809246911344825, 4.218448113993134, 4.909231116766526, 4.694181987329464, 3.704990941735891, 4.18854969897884, 1.771097328920377, 0.0, 3.0609379512717747, 2.4970232037802256, 2.960796729218642, 4.849443092500257, 5.894890531768011, 5.57477323656221, 4.040088836839308], [3.534183649607349, 2.6989973273643453, 2.1574061707826866, 1.0921003252435635, 2.1407724464116735, 3.3632149748557705, 4.519895605928247, 4.785913232562787, 4.024024543927704, 2.660762630749643, 4.411895252206475, 2.4969859682355966, 3.0609379512717747, 0.0, 1.7696773566274986, 3.6846394430835043, 5.457095563247821, 5.846493551605705, 4.714325996794719, 2.4548827177454986], [3.534209850479976, 2.6992360679196854, 2.1574287511861194, 1.0921006169204395, 2.1408128254887613, 2.6608461024483545, 4.024103555798255, 4.785974508322897, 4.519932905148907, 3.3632309035316523, 4.411606450849527, 3.060925403946597, 2.4970232037802256, 1.7696773566274986, 0.0, 2.454987469410223, 4.714415064570119, 5.84655687497738, 5.457122506997442, 3.684623382733182], [5.487621850956054, 4.471553220277315, 3.3851532210317594, 2.7090132428212734, 2.139767647708178, 1.0812613897615133, 2.1378759318723173, 3.3765754912065837, 3.844951144899968, 3.3719188898785686, 6.432532819678082, 4.0399806377432395, 2.960796729218642, 3.6846394430835043, 2.454987469410223, 0.0, 2.4590974585401115, 4.268743379607911, 4.925405530692341, 4.266202713385989], [7.730278895912104, 6.61470425171148, 5.301661545140035, 4.647773873335524, 3.3855245528100677, 2.1377655930589214, 1.080458546537186, 2.1403655509733417, 3.374490558441595, 3.8441388087881685, 8.727882753562081, 5.5746093372659065, 4.849443092500257, 5.457095563247821, 4.714415064570119, 2.4590974585401115, 0.0, 2.4677723312872106, 4.268998243475057, 4.925395500561978], [8.643344041203834, 7.46593241896782, 6.042654631081066, 5.367063861673822, 3.866346101360968, 3.3776474564066477, 2.1413376891261655, 1.0801076470499746, 2.1413361351722866, 3.3776428591200323, 9.68119845091893, 5.894713710751523, 5.894890531768011, 5.846493551605705, 5.84655687497738, 4.268743379607911, 2.4677723312872106, 0.0, 2.467773487531335, 4.268737798231561], [7.730198121145382, 6.61443924792147, 5.301647382100453, 4.64776961564505, 3.385531943762356, 3.8441486601043984, 3.374493103092963, 2.140367246509447, 1.080460041636478, 2.137768942819793, 8.72816877449934, 4.849293237270246, 5.57477323656221, 4.714325996794719, 5.457122506997442, 4.925405530692341, 4.268998243475057, 2.467773487531335, 0.0, 2.459096661098688], [5.487504381582496, 4.471156626821527, 3.3851243482180364, 2.7089976795607082, 2.1397683191020276, 3.371917973562124, 3.844942605834283, 3.376568921550789, 2.137872436079751, 1.08126121656824, 6.432917566066562, 2.9606964904846995, 4.040088836839308, 2.4548827177454986, 3.684623382733182, 4.266202713385989, 4.925395500561978, 4.268737798231561, 2.459096661098688, 0.0]]}