{"total energy": -22.15354543, "HOMO-LUMO gap/eV": 13.0797689, "electronic energy": -22.48209359, "dipole": [0.00733015, 0.00078994, -0.01091308], "partial charges": [-0.10532996, -0.01335889, -0.05904078, -0.05436781, -0.05515026, -0.05436781, -0.05904078, 0.03229622, 0.03229622, 0.03271928, 0.02695378, 0.03127915, 0.0254389, 0.02512541, 0.02884272, 0.02447585, 0.03054257, 0.02884272, 0.02512541, 0.03127915, 0.0254389], "atomic dipole moments": [[-0.08599559, 0.00339419, 0.03590054], [-0.00107598, 0.01374972, -0.09928739], [-0.05049548, -0.0796187, 0.05870163], [0.03304726, -0.06952228, -0.07688571], [0.089507, -0.01712396, 0.0615254], [0.0475303, 0.08002759, -0.0563324], [-0.0360967, 0.06906107, 0.07913539], [0.07077163, 0.08767455, 0.05056215], [0.05165696, -0.10970094, 0.02343594], [0.0005069, 0.01675965, -0.12230358], [0.00557898, -0.01723427, 0.12146856], [-0.00234507, 0.0208944, -0.12075134], [0.06779776, 0.08787089, 0.05094691], [-0.0489156, 0.10944066, -0.02423724], [0.00271344, -0.01319995, 0.12181853], [-0.11301552, 0.00450948, 0.04682535], [-0.00912048, 0.01749581, -0.12087601], [0.00199673, -0.02060058, 0.12080143], [-0.06801051, -0.08773074, -0.0513354], [-0.00311207, 0.01297451, -0.12183981], [0.04869039, -0.10942917, 0.02383105]], "atomic quadrupole moments": [[0.18101454, -0.01133199, -0.10425324, -0.11858969, 0.00770102, -0.0767613], [0.11058117, 0.00268558, 0.09726623, -0.02436433, 0.04518187, -0.2078474], [0.12866417, -0.11718875, 0.04697024, -0.09225581, -0.05107031, -0.17563441], [0.16505746, 0.11360584, -0.03579006, -0.03732601, 0.10414384, -0.12926739], [-0.04504784, 0.01188435, 0.2087871, 0.09734357, 0.04273624, -0.16373926], [0.11862917, -0.12175426, 0.05396003, -0.08553341, -0.04729762, -0.1725892], [0.17309596, 0.10786014, -0.0428516, -0.04473635, 0.10789065, -0.13024435], [-0.00222955, 0.04852769, 0.02084676, 0.02207991, 0.04957778, -0.0186172], [-0.02000883, -0.04128457, 0.06175648, 0.00131484, -0.03176175, -0.04174765], [-0.0306294, -0.00360808, -0.05133693, 0.00951108, -0.01966095, 0.08196634], [-0.01837751, 1.752e-05, -0.01406781, 0.00225804, -0.00673823, 0.03244532], [-0.02522908, -0.01353895, -0.0336528, 0.00473982, -0.0083345, 0.05888188], [0.00340897, 0.02816025, 0.01394907, 0.02480081, 0.03556797, -0.01735805], [-0.00741693, -0.02702633, 0.04159651, 0.01131949, -0.02429805, -0.03417958], [-0.01867784, 0.01091171, -0.03639834, 0.00659338, -0.01819033, 0.05507619], [0.04106217, -0.00032492, -0.02058539, -0.04071108, 0.00399891, -0.02047678], [-0.04519465, 0.00309012, -0.01276072, -0.00037038, -0.00982746, 0.05795537], [-0.02380546, -0.01543965, -0.0338748, 0.00387249, -0.00854304, 0.05768026], [0.00348766, 0.02792181, 0.01368476, 0.02504912, 0.03565755, -0.01717242], [-0.02078635, 0.00931903, -0.03529535, 0.00690564, -0.0186347, 0.0560817], [-0.00755997, -0.02712151, 0.04183113, 0.01105866, -0.02404756, -0.03427116]], "number of molecular orbitals": 42, "number of electrons": 42, "number of unpaired electrons": 0, "orbital energies/eV": [-17.14882505, -16.66418713, -16.4577147, -15.89289892, -15.40442817, -15.13023924, -14.86564429, -13.99534276, -13.65022169, -13.50455691, -13.30981054, -13.13032393, -12.61990966, -12.52698091, -12.3060082, -12.10579646, -11.77189054, -11.63676608, -11.32315378, -11.13264581, -11.03892901, 2.04083988, 2.44095863, 2.55018575, 3.11790384, 3.14904211, 3.15653095, 3.68490827, 4.70276421, 5.03074717, 5.04087922, 5.12359917, 5.37409225, 5.49989761, 6.38925468, 6.57113871, 6.68691871, 7.09914125, 7.72934516, 8.01900019, 8.51675697, 8.51796094], "fractional occupation": [2.0, 2.0, 2.0, 2.0, 2.0, 2.0, 2.0, 2.0, 2.0, 2.0, 2.0, 2.0, 2.0, 2.0, 2.0, 2.0, 2.0, 2.0, 2.0, 2.0, 2.0, 0.0, 0.0, 0.0, 0.0, 0.0, 0.0, 0.0, 0.0, 0.0, 0.0, 0.0, 0.0, 0.0, 0.0, 0.0, 0.0, 0.0, 0.0, 0.0, 0.0, 0.0], "program call": "xtb /tmp/scratch/tmpnh5ikh0e/5193_0_xyzopt.xyz --pop --wbo --acc 0.2 --gfn 2 --chrg 0 --uhf 0 --etemp 300 --input /tmp/scratch/tmpnh5ikh0e/5193_0_xtb.inp", "method": "GFN2-xTB", "xtb version": "6.3.3 (7355c4f)", "Dipole module/D": 0.033, "Total charge": 0, "Transition dipole module/D": NaN, "HOMO": -11.0389, "LUMO": 2.0408, "HOMO occupancy": 2.0, "LUMO occupancy": 0, "mulliken charges": [-0.09209, -0.00595, -0.05291, -0.04511, -0.04678, -0.04511, -0.05291, 0.02922, 0.02922, 0.02791, 0.01899, 0.02338, 0.02405, 0.02402, 0.02275, 0.0239, 0.0232, 0.02275, 0.02402, 0.02338, 0.02405], "cm5 charges": [-0.2429, -0.07874, -0.16191, -0.15578, -0.15752, -0.15578, -0.16191, 0.08152, 0.08152, 0.0808, 0.07835, 0.08028, 0.07946, 0.07865, 0.07885, 0.07853, 0.07932, 0.07885, 0.07865, 0.08028, 0.07946], "FUKUI+": [0.005, -0.024, 0.003, 0.005, 0.019, 0.005, 0.003, -0.07, -0.07, -0.06, -0.091, -0.075, -0.065, -0.074, -0.069, -0.083, -0.075, -0.069, -0.074, -0.075, -0.065], "FUKUI-": [0.023, -0.022, 0.0, 0.003, -0.001, 0.003, 0.0, -0.071, -0.071, -0.05, -0.06, -0.059, -0.095, -0.107, -0.057, -0.071, -0.051, -0.057, -0.107, -0.059, -0.095], "FUKUIrad": [0.014, -0.023, 0.002, 0.004, 0.009, 0.004, 0.002, -0.071, -0.071, -0.055, -0.076, -0.067, -0.08, -0.09, -0.063, -0.077, -0.063, -0.063, -0.09, -0.067, -0.08], "s proportion": [1.009, 1.051, 1.031, 1.027, 1.027, 1.027, 1.031, 0.971, 0.971, 0.972, 0.981, 0.977, 0.976, 0.976, 0.977, 0.976, 0.977, 0.977, 0.976, 0.977, 0.976], "p proportion": [3.083, 2.954, 3.022, 3.018, 3.02, 3.018, 3.022, 0.0, 0.0, 0.0, 0.0, 0.0, 0.0, 0.0, 0.0, 0.0, 0.0, 0.0, 0.0, 0.0, 0.0], "d proportion": [0.0, 0.0, 0.0, 0.0, 0.0, 0.0, 0.0, 0.0, 0.0, 0.0, 0.0, 0.0, 0.0, 0.0, 0.0, 0.0, 0.0, 0.0, 0.0, 0.0, 0.0], "Fermi-level/eV": -4.499, "Coordination numbers": [3.755, 3.854, 3.809, 3.805, 3.806, 3.805, 3.809, 0.925, 0.925, 0.925, 0.924, 0.924, 0.924, 0.924, 0.924, 0.924, 0.924, 0.924, 0.924, 0.924, 0.924], "Dispersion coefficient C6": [22.568, 20.777, 21.63, 21.547, 21.561, 21.547, 21.63, 2.554, 2.554, 2.548, 2.63, 2.568, 2.652, 2.657, 2.603, 2.666, 2.579, 2.603, 2.657, 2.568, 2.652], "Total dispersion C6": 3031.022099, "Total dispersion C8": 64121.143384, "Polarizability alpha": [6.774, 6.483, 6.62, 6.608, 6.61, 6.608, 6.62, 2.499, 2.499, 2.496, 2.536, 2.506, 2.547, 2.549, 2.523, 2.554, 2.511, 2.523, 2.549, 2.506, 2.547], "Total polarizability alpha": 81.669927, "Wiberg matrix": [[0.0, 1.0082463635064784, 0.0, 0.0, 0.0, 0.0, 0.0, 0.9866795194555709, 0.9866795201651459, 0.9869197467680901, 0.0, 0.0, 0.0, 0.0, 0.0, 0.0, 0.0, 0.0, 0.0, 0.0, 0.0], [1.0082463635064784, 0.0, 0.9977721089034701, 0.0, 0.0, 0.0, 0.9977721113504843, 0.0, 0.0, 0.0, 0.9682521562390638, 0.0, 0.0, 0.0, 0.0, 0.0, 0.0, 0.0, 0.0, 0.0, 0.0], [0.0, 0.9977721089034701, 0.0, 1.0082329562521117, 0.0, 0.0, 0.0, 0.0, 0.0, 0.0, 0.0, 0.9764987755652488, 0.9771001690534368, 0.0, 0.0, 0.0, 0.0, 0.0, 0.0, 0.0, 0.0], [0.0, 0.0, 1.0082329562521117, 0.0, 1.0089860229827803, 0.0, 0.0, 0.0, 0.0, 0.0, 0.0, 0.0, 0.0, 0.9777255660236766, 0.9777416178548886, 0.0, 0.0, 0.0, 0.0, 0.0, 0.0], [0.0, 0.0, 0.0, 1.0089860229827803, 0.0, 1.0089860235886803, 0.0, 0.0, 0.0, 0.0, 0.0, 0.0, 0.0, 0.0, 0.0, 0.9779186648953969, 0.9776629016861083, 0.0, 0.0, 0.0, 0.0], [0.0, 0.0, 0.0, 0.0, 1.0089860235886803, 0.0, 1.008232955973202, 0.0, 0.0, 0.0, 0.0, 0.0, 0.0, 0.0, 0.0, 0.0, 0.0, 0.9777416171999662, 0.9777255661976199, 0.0, 0.0], [0.0, 0.9977721113504843, 0.0, 0.0, 0.0, 1.008232955973202, 0.0, 0.0, 0.0, 0.0, 0.0, 0.0, 0.0, 0.0, 0.0, 0.0, 0.0, 0.0, 0.0, 0.9764987744654572, 0.9771001684685003], [0.9866795194555709, 0.0, 0.0, 0.0, 0.0, 0.0, 0.0, 0.0, 0.0, 0.0, 0.0, 0.0, 0.0, 0.0, 0.0, 0.0, 0.0, 0.0, 0.0, 0.0, 0.0], [0.9866795201651459, 0.0, 0.0, 0.0, 0.0, 0.0, 0.0, 0.0, 0.0, 0.0, 0.0, 0.0, 0.0, 0.0, 0.0, 0.0, 0.0, 0.0, 0.0, 0.0, 0.0], [0.9869197467680901, 0.0, 0.0, 0.0, 0.0, 0.0, 0.0, 0.0, 0.0, 0.0, 0.0, 0.0, 0.0, 0.0, 0.0, 0.0, 0.0, 0.0, 0.0, 0.0, 0.0], [0.0, 0.9682521562390638, 0.0, 0.0, 0.0, 0.0, 0.0, 0.0, 0.0, 0.0, 0.0, 0.0, 0.0, 0.0, 0.0, 0.0, 0.0, 0.0, 0.0, 0.0, 0.0], [0.0, 0.0, 0.9764987755652488, 0.0, 0.0, 0.0, 0.0, 0.0, 0.0, 0.0, 0.0, 0.0, 0.0, 0.0, 0.0, 0.0, 0.0, 0.0, 0.0, 0.0, 0.0], [0.0, 0.0, 0.9771001690534368, 0.0, 0.0, 0.0, 0.0, 0.0, 0.0, 0.0, 0.0, 0.0, 0.0, 0.0, 0.0, 0.0, 0.0, 0.0, 0.0, 0.0, 0.0], [0.0, 0.0, 0.0, 0.9777255660236766, 0.0, 0.0, 0.0, 0.0, 0.0, 0.0, 0.0, 0.0, 0.0, 0.0, 0.0, 0.0, 0.0, 0.0, 0.0, 0.0, 0.0], [0.0, 0.0, 0.0, 0.9777416178548886, 0.0, 0.0, 0.0, 0.0, 0.0, 0.0, 0.0, 0.0, 0.0, 0.0, 0.0, 0.0, 0.0, 0.0, 0.0, 0.0, 0.0], [0.0, 0.0, 0.0, 0.0, 0.9779186648953969, 0.0, 0.0, 0.0, 0.0, 0.0, 0.0, 0.0, 0.0, 0.0, 0.0, 0.0, 0.0, 0.0, 0.0, 0.0, 0.0], [0.0, 0.0, 0.0, 0.0, 0.9776629016861083, 0.0, 0.0, 0.0, 0.0, 0.0, 0.0, 0.0, 0.0, 0.0, 0.0, 0.0, 0.0, 0.0, 0.0, 0.0, 0.0], [0.0, 0.0, 0.0, 0.0, 0.0, 0.9777416171999662, 0.0, 0.0, 0.0, 0.0, 0.0, 0.0, 0.0, 0.0, 0.0, 0.0, 0.0, 0.0, 0.0, 0.0, 0.0], [0.0, 0.0, 0.0, 0.0, 0.0, 0.9777255661976199, 0.0, 0.0, 0.0, 0.0, 0.0, 0.0, 0.0, 0.0, 0.0, 0.0, 0.0, 0.0, 0.0, 0.0, 0.0], [0.0, 0.0, 0.0, 0.0, 0.0, 0.0, 0.9764987744654572, 0.0, 0.0, 0.0, 0.0, 0.0, 0.0, 0.0, 0.0, 0.0, 0.0, 0.0, 0.0, 0.0, 0.0], [0.0, 0.0, 0.0, 0.0, 0.0, 0.0, 0.9771001684685003, 0.0, 0.0, 0.0, 0.0, 0.0, 0.0, 0.0, 0.0, 0.0, 0.0, 0.0, 0.0, 0.0, 0.0]], "Born radii": [], "Atomic SASAs": [], "Solvent H bonds": [], "Total SASA": NaN, "Total FOD": 0.0, "FOD": [0.0, 0.0, 0.0, 0.0, 0.0, 0.0, 0.0, 0.0, 0.0, 0.0, 0.0, 0.0, 0.0, 0.0, 0.0, 0.0, 0.0, 0.0, 0.0, 0.0, 0.0], "FOD s proportion": [0.0, 0.0, 0.0, 0.0, 0.0, 0.0, 0.0, 0.0, 0.0, 0.0, 0.0, 0.0, 0.0, 0.0, 0.0, 0.0, 0.0, 0.0, 0.0, 0.0, 0.0], "FOD p proportion": [0.0, 0.0, 0.0, 0.0, 0.0, 0.0, 0.0, 0.0, 0.0, 0.0, 0.0, 0.0, 0.0, 0.0, 0.0, 0.0, 0.0, 0.0, 0.0, 0.0, 0.0], "FOD d proportion": [0.0, 0.0, 0.0, 0.0, 0.0, 0.0, 0.0, 0.0, 0.0, 0.0, 0.0, 0.0, 0.0, 0.0, 0.0, 0.0, 0.0, 0.0, 0.0, 0.0, 0.0], "coordinates": [["2.40130854941071", "-0.19027539344904", "-0.30761925225830"], ["0.98087806391305", "-0.12895406230765", "0.24711122763947"], ["0.34747613180267", "1.23646057056398", "-0.02370584078968"], ["-1.07374920643012", "1.30069601323515", "0.52770822987386"], ["-1.93360420102693", "0.19863571002124", "-0.08278389178537"], ["-1.31282732449858", "-1.16799148165655", "0.18842512491789"], ["0.10884659127138", "-1.22759516252172", "-0.36235232565048"], ["3.02186353420577", "0.58284403313644", "0.14062245937357"], ["2.85331163440868", "-1.15759968334914", "-0.09857465979462"], ["2.39499883232423", "-0.04149789275888", "-1.38570628659953"], ["1.02324463243269", "-0.28214423732656", "1.33189795536435"], ["0.32568571443494", "1.41358629200098", "-1.10193672346735"], ["0.95633956491331", "2.02160062397650", "0.43060364563662"], ["-1.51140798365801", "2.27820094570796", "0.31279153401735"], ["-1.04686057105304", "1.17830582905774", "1.61332308277953"], ["-2.94298087640039", "0.23933097260308", "0.33237383941105"], ["-2.00892991187186", "0.35420587101415", "-1.16166278737962"], ["-1.29147942813197", "-1.34759418244546", "1.26617701132938"], ["-1.92106531916317", "-1.95186398726753", "-0.26856578110409"], ["0.08200252858903", "-1.10265281634967", "-1.44775501631000"], ["0.54695004452761", "-2.20569896188504", "-0.15037354520402"]], "bond_dist": [[0.0, 1.5261418594323661, 2.5168253685620696, 3.872569449911078, 4.358127044916002, 3.8725694394197547, 2.5168253499494084, 1.0879902430465664, 1.0879902170133335, 1.0883226593506128, 2.143715633623771, 2.740715728454042, 2.7432287417563432, 4.6677227476419825, 4.177667327643322, 5.399590933947991, 4.525047347002019, 4.177667352211092, 4.667722721757466, 2.7407156985919285, 2.7432287249200686], [1.5261418594323661, 0.0, 1.5293452886165664, 2.5187550965110295, 2.9513306696140473, 2.5187550945434167, 1.5293452779362788, 2.164166831921841, 2.164166819442979, 2.1618231111840758, 1.096368733820199, 2.151426999428693, 2.1585080644033554, 3.465573383753098, 2.772577722703556, 3.942026453917201, 3.340215483861422, 2.7725777510378604, 3.4655733682096237, 2.1514269860969977, 2.158508060807491], [2.5168253685620696, 1.5293452886165664, 0.0, 1.5257998333516114, 2.506770460591078, 2.9296752012886036, 2.4986388604748897, 2.7580004253744614, 3.4664594914042284, 2.7713845380090905, 2.1448741877180644, 1.0928998947037671, 1.0925002027957789, 2.1572908119141423, 2.1511440006406723, 3.4566121414781485, 2.7615156725674965, 3.3207396866032943, 3.9206696100529137, 2.7513348987613235, 3.4502603953946798], [3.872569449911078, 2.5187550965110295, 1.5257998333516114, 0.0, 1.5253157555932488, 2.5033356385595558, 2.9296752179467944, 4.1760256920084275, 4.675174310909261, 4.182684849412009, 2.7476330784170058, 2.1510241715812723, 2.156477029231404, 1.092359961025286, 1.092822933848307, 2.1583971621537215, 2.150437391575978, 2.757931027267502, 3.4541487304871445, 3.318780304071026, 3.92189580143275], [4.358127044916002, 2.9513306696140473, 2.506770460591078, 1.5253157555932488, 0.0, 1.5253157516417923, 2.5067704821080925, 4.975357967847284, 4.975357977686534, 4.52681732947435, 3.3129185185208248, 2.7602841036904175, 3.4552196473435637, 2.1585460692179796, 2.1500806209535397, 1.0921782450482809, 1.0926370436079504, 2.1500806083621957, 2.158546057418354, 2.760284131774074, 3.4552196660876113], [3.8725694394197547, 2.5187550945434167, 2.9296752012886036, 2.5033356385595558, 1.5253157516417923, 0.0, 1.5257998301245028, 4.675174321373336, 4.176025705239606, 4.182684821472064, 2.747633098180499, 3.318780269913316, 3.921895792625987, 3.4541487414888463, 2.75793103150201, 2.1583971658259906, 2.1504373888949457, 1.0928229460774856, 1.092359945893856, 2.151024154861355, 2.1564770380740237], [2.5168253499494084, 1.5293452779362788, 2.4986388604748897, 2.9296752179467944, 2.5067704821080925, 1.5257998301245028, 0.0, 3.4664594942633, 2.75800043457422, 2.771384515364106, 2.1448741791421835, 2.751334905558233, 3.4502603918791546, 3.920669645775472, 3.320739668478407, 3.4566121597265105, 2.761515714456539, 2.1511440041998005, 2.1572908034293086, 1.0928999013904228, 1.0925001974569908], [1.0879902430465664, 2.164166831921841, 2.7580004253744614, 4.1760256920084275, 4.975357967847284, 4.675174321373336, 3.4664594942633, 0.0, 1.764870911709326, 1.7642113353222526, 2.482301256880656, 3.082768375883897, 2.5338703368155833, 4.842977173799471, 4.367829864051052, 5.977803832281787, 5.201644448651534, 4.857817644205675, 5.569984328013195, 3.742542633989943, 3.739765700034484], [1.0879902170133335, 2.164166819442979, 3.4664594914042284, 4.675174310909261, 4.975357977686534, 4.176025705239606, 2.75800043457422, 1.764870911709326, 0.0, 1.7642113411478622, 2.4823012251561503, 3.742542657335764, 3.7397656752106903, 5.569984331430094, 4.8578175836665025, 5.9778038389836805, 5.201644476085659, 4.367829894311299, 4.842977189766748, 3.082768391008143, 2.5338703608266675], [1.0883226593506128, 2.1618231111840758, 2.7713845380090905, 4.182684849412009, 4.52681732947435, 4.182684821472064, 2.771384515364106, 1.7642113353222526, 1.7642113411478622, 0.0, 3.0536851612459883, 2.545555328325666, 3.1024341648780784, 4.850351715059146, 4.725303633712058, 5.6146853466395426, 4.427342921229775, 4.725303641945513, 4.850351665995105, 2.545555286732613, 3.1024341365526387], [2.143715633623771, 1.096368733820199, 2.1448741877180644, 2.7476330784170058, 3.3129185185208248, 2.747633098180499, 2.1448741791421835, 2.482301256880656, 2.4823012251561503, 3.0536851612459883, 0.0, 3.0472350936636734, 2.4746814152103727, 3.7441166165831676, 2.5490096218416385, 4.123339622182681, 3.97704275879297, 2.54900967134212, 3.7441166256087524, 3.0472350859814883, 2.474681416715317], [2.740715728454042, 2.151426999428693, 1.0928998947037671, 2.1510241715812723, 2.7602841036904175, 3.318780269913316, 2.751334905558233, 3.082768375883897, 3.742542657335764, 2.545555328325666, 3.0472350936636734, 0.0, 1.765243804675197, 2.4746571070561205, 3.051536664939401, 3.757699246608472, 2.5644266808931344, 3.9808671632862405, 4.1314226262606075, 2.5515546314202036, 3.748820632544956], [2.7432287417563432, 2.1585080644033554, 1.0925002027957789, 2.156477029231404, 3.4552196473435637, 3.921895792625987, 3.4502603918791546, 2.5338703368155833, 3.7397656752106903, 3.1024341648780784, 2.4746814152103727, 1.765243804675197, 0.0, 2.483848099670477, 2.474425622820035, 4.288453580148059, 3.7561071238544876, 4.135498363990842, 4.955473516325639, 3.7488206245949045, 4.286629919214378], [4.6677227476419825, 3.465573383753098, 2.1572908119141423, 1.092359961025286, 2.1585460692179796, 3.4541487414888463, 3.920669645775472, 4.842977173799471, 5.569984331430094, 4.850351715059146, 3.7441166165831676, 2.4746571070561205, 2.483848099670477, 0.0, 1.765490264916442, 2.4913400372385963, 2.4745303922938318, 3.7554896816828474, 4.289434088264714, 4.1314226819375595, 4.955473543882445], [4.177667327643322, 2.772577722703556, 2.1511440006406723, 1.092822933848307, 2.1500806209535397, 2.75793103150201, 3.320739668478407, 4.367829864051052, 4.8578175836665025, 4.725303633712058, 2.5490096218416385, 3.051536664939401, 2.474425622820035, 1.765490264916442, 0.0, 2.473414028724439, 3.0504532018986854, 2.5613511372464615, 3.7554896773471835, 3.9808671628827152, 4.135498337446384], [5.399590933947991, 3.942026453917201, 3.4566121414781485, 2.1583971621537215, 1.0921782450482809, 2.1583971658259906, 3.4566121597265105, 5.977803832281787, 5.9778038389836805, 5.6146853466395426, 4.123339622182681, 3.757699246608472, 4.288453580148059, 2.4913400372385963, 2.473414028724439, 0.0, 1.765727297408542, 2.473414006033615, 2.491340038170362, 3.7576992739233535, 4.28845359666454], [4.525047347002019, 3.340215483861422, 2.7615156725674965, 2.150437391575978, 1.0926370436079504, 2.1504373888949457, 2.761515714456539, 5.201644448651534, 5.201644476085659, 4.427342921229775, 3.97704275879297, 2.5644266808931344, 3.7561071238544876, 2.4745303922938318, 3.0504532018986854, 1.765727297408542, 0.0, 3.050453196947806, 2.474530387880793, 2.5644267330094497, 3.7561071651864895], [4.177667352211092, 2.7725777510378604, 3.3207396866032943, 2.757931027267502, 2.1500806083621957, 1.0928229460774856, 2.1511440041998005, 4.857817644205675, 4.367829894311299, 4.725303641945513, 2.54900967134212, 3.9808671632862405, 4.135498363990842, 3.7554896816828474, 2.5613511372464615, 2.473414006033615, 3.050453196947806, 0.0, 1.7654902520636409, 3.0515366635368832, 2.474425633890725], [4.667722721757466, 3.4655733682096237, 3.9206696100529137, 3.4541487304871445, 2.158546057418354, 1.092359945893856, 2.1572908034293086, 5.569984328013195, 4.842977189766748, 4.850351665995105, 3.7441166256087524, 4.1314226262606075, 4.955473516325639, 4.289434088264714, 3.7554896773471835, 2.491340038170362, 2.474530387880793, 1.7654902520636409, 0.0, 2.4746570808772295, 2.4838481101669365], [2.7407156985919285, 2.1514269860969977, 2.7513348987613235, 3.318780304071026, 2.760284131774074, 2.151024154861355, 1.0928999013904228, 3.742542633989943, 3.082768391008143, 2.545555286732613, 3.0472350859814883, 2.5515546314202036, 3.7488206245949045, 4.1314226819375595, 3.9808671628827152, 3.7576992739233535, 2.5644267330094497, 3.0515366635368832, 2.4746570808772295, 0.0, 1.7652437999684376], [2.7432287249200686, 2.158508060807491, 3.4502603953946798, 3.92189580143275, 3.4552196660876113, 2.1564770380740237, 1.0925001974569908, 3.739765700034484, 2.5338703608266675, 3.1024341365526387, 2.474681416715317, 3.748820632544956, 4.286629919214378, 4.955473543882445, 4.135498337446384, 4.28845359666454, 3.7561071651864895, 2.474425633890725, 2.4838481101669365, 1.7652437999684376, 0.0]]}