{"total energy": -23.16070622, "HOMO-LUMO gap/eV": 12.93056603, "electronic energy": -23.51331323, "dipole": [-6.953e-05, -0.00525794, -0.00031079], "partial charges": [-0.10484525, -0.00990575, -0.10568593, -0.06744718, -0.00990575, -0.10484525, -0.10568593, 0.03356914, 0.03156321, 0.03284619, 0.02866129, 0.03090018, 0.03229913, 0.03353174, 0.03078965, 0.03078965, 0.02866129, 0.0328462, 0.03156321, 0.03356914, 0.03090017, 0.03353173, 0.03229913], "atomic dipole moments": [[-0.03853046, -0.05672969, 0.06496014], [0.03253762, -0.05445707, -0.07776799], [-0.06676004, 0.0619011, -0.02602671], [0.00146273, 0.11061485, 0.00653839], [-0.03408238, -0.06236162, 0.0708629], [0.03712333, -0.0496788, -0.07124989], [0.0683274, 0.05662379, 0.03303266], [0.03005287, -0.05954291, -0.10421495], [0.1025259, 0.05127378, 0.0449746], [-0.07803651, 0.09164256, -0.02826567], [-0.03451524, 0.06390108, 0.09942913], [-0.04617848, -0.07796717, 0.08354916], [0.09612071, 0.05823886, 0.05077559], [0.04175056, -0.06657518, -0.09512118], [-0.03862459, -0.0770422, 0.08461312], [0.03671282, -0.06753041, -0.09315876], [0.03634191, 0.07423586, -0.09126393], [0.08038016, 0.08558692, 0.03874162], [-0.10106901, 0.058898, -0.0384624], [-0.03177373, -0.07059086, 0.0965228], [0.04423799, -0.06877297, -0.09222294], [-0.04363842, -0.07619237, 0.08668225], [-0.09447353, 0.06632661, -0.04341253]], "atomic quadrupole moments": [[-0.04674433, 0.08028595, 0.00698265, -0.08081417, -0.14854596, 0.03976167], [0.06726165, 0.04433802, 0.03736875, 0.06474388, -0.13011295, -0.10463039], [0.05935126, -0.14712566, 0.0368135, 0.07077871, -0.07359443, -0.09616476], [0.1383382, -0.01212393, 0.00591493, 0.17553579, 0.00656861, -0.14425312], [0.0646923, -0.05300688, 0.00771381, 0.06260599, 0.1415916, -0.07240611], [-0.05069707, -0.0693727, -0.02363901, -0.08578102, 0.14300936, 0.07433609], [0.06685981, 0.13660573, 0.01051641, 0.08966182, 0.08455844, -0.07737622], [-0.04512631, -0.00931042, 0.00371511, -0.02751533, 0.05423535, 0.0414112], [0.03950639, 0.04650579, -0.02523242, 0.04693072, 0.01053468, -0.01427398], [0.02485961, -0.06100716, 0.01412776, 0.00814747, -0.02463049, -0.03898737], [-0.01083682, -0.010189, 0.00035484, -0.01467181, 0.01915101, 0.01048198], [-0.00976127, 0.02615308, 0.00061258, -0.03948113, -0.05769172, 0.0091487], [0.02874925, 0.04528713, 0.00364971, 0.04352913, 0.02683651, -0.03239896], [-0.03329829, -0.02754417, -0.01336156, -0.02438558, 0.05005977, 0.04665985], [-0.00378416, 0.02159096, -0.01471203, -0.01412368, -0.04647968, 0.01849619], [-0.004889, -0.0202461, -0.0240712, -0.01542254, 0.04175733, 0.0289602], [-0.01024497, 0.01221655, 0.00434195, -0.01386119, -0.01946409, 0.00590302], [0.02803867, 0.05913171, 0.00449733, 0.01597424, 0.02965625, -0.032536], [0.03686594, -0.05329571, -0.01984754, 0.04072241, -0.01252102, -0.0170184], [-0.04451154, 0.01401704, 0.01622931, -0.02760993, -0.05645109, 0.02828223], [-0.01101366, -0.02128096, -0.01164438, -0.04076905, 0.05621942, 0.02265804], [-0.03175313, 0.03095336, -0.00242847, -0.02232782, -0.05516911, 0.0341816], [0.0262125, -0.05057553, 0.01208222, 0.03719993, -0.02278541, -0.03829472]], "number of molecular orbitals": 44, "number of electrons": 44, "number of unpaired electrons": 0, "orbital energies/eV": [-16.98829155, -16.71277562, -15.90538335, -15.85512322, -15.84006305, -15.01145732, -14.67782162, -14.06240063, -13.64538707, -13.51357484, -13.30433728, -12.85667095, -12.75258405, -12.47220118, -12.47156587, -12.18004153, -12.03360053, -11.87242686, -11.73637924, -11.35886018, -11.26115092, -11.22133789, 1.70922813, 2.50228606, 2.82483181, 3.05828826, 3.34510562, 3.77090157, 3.8321794, 4.65298832, 4.67724559, 4.8599027, 5.6163615, 5.93329961, 6.27233609, 6.37191998, 6.49138173, 6.55916543, 6.97341051, 7.41218495, 7.41509614, 7.84568643, 8.30958277, 8.53566167], "fractional occupation": [2.0, 2.0, 2.0, 2.0, 2.0, 2.0, 2.0, 2.0, 2.0, 2.0, 2.0, 2.0, 2.0, 2.0, 2.0, 2.0, 2.0, 2.0, 2.0, 2.0, 2.0, 2.0, 0.0, 0.0, 0.0, 0.0, 0.0, 0.0, 0.0, 0.0, 0.0, 0.0, 0.0, 0.0, 0.0, 0.0, 0.0, 0.0, 0.0, 0.0, 0.0, 0.0, 0.0, 0.0], "program call": "xtb /tmp/scratch/tmpm96wzltd/5265_0_xyzopt.xyz --pop --wbo --acc 0.2 --gfn 2 --chrg 0 --uhf 0 --etemp 300 --input /tmp/scratch/tmpm96wzltd/5265_0_xtb.inp", "method": "GFN2-xTB", "xtb version": "6.3.3 (7355c4f)", "Dipole module/D": 0.013, "Total charge": 0, "Transition dipole module/D": NaN, "HOMO": -11.2213, "LUMO": 1.7092, "HOMO occupancy": 2.0, "LUMO occupancy": 0, "mulliken charges": [-0.09429, 0.00093, -0.09257, -0.06233, 0.00093, -0.09429, -0.09257, 0.02817, 0.02938, 0.0297, 0.01903, 0.0289, 0.02913, 0.02798, 0.02481, 0.02481, 0.01903, 0.0297, 0.02938, 0.02817, 0.0289, 0.02798, 0.02913], "cm5 charges": [-0.24555, -0.07488, -0.24385, -0.17053, -0.07488, -0.24555, -0.24385, 0.08121, 0.08186, 0.08277, 0.07815, 0.08128, 0.08144, 0.08091, 0.08192, 0.08192, 0.07815, 0.08277, 0.08186, 0.08121, 0.08128, 0.08091, 0.08144], "FUKUI+": [0.029, -0.04, 0.01, -0.035, -0.04, 0.029, 0.01, -0.046, -0.057, -0.042, -0.069, -0.052, -0.092, -0.056, -0.068, -0.068, -0.069, -0.042, -0.057, -0.046, -0.052, -0.056, -0.092], "FUKUI-": [0.022, -0.012, 0.017, 0.001, -0.012, 0.022, 0.017, -0.063, -0.066, -0.052, -0.088, -0.05, -0.073, -0.07, -0.064, -0.064, -0.088, -0.052, -0.066, -0.063, -0.05, -0.07, -0.073], "FUKUIrad": [0.025, -0.026, 0.014, -0.017, -0.026, 0.025, 0.014, -0.054, -0.061, -0.047, -0.078, -0.051, -0.083, -0.063, -0.066, -0.066, -0.078, -0.047, -0.061, -0.054, -0.051, -0.063, -0.083], "s proportion": [1.009, 1.05, 1.01, 1.038, 1.05, 1.009, 1.01, 0.972, 0.971, 0.97, 0.981, 0.971, 0.971, 0.972, 0.975, 0.975, 0.981, 0.97, 0.971, 0.972, 0.971, 0.972, 0.971], "p proportion": [3.085, 2.949, 3.082, 3.024, 2.949, 3.085, 3.082, 0.0, 0.0, 0.0, 0.0, 0.0, 0.0, 0.0, 0.0, 0.0, 0.0, 0.0, 0.0, 0.0, 0.0, 0.0, 0.0], "d proportion": [0.0, 0.0, 0.0, 0.0, 0.0, 0.0, 0.0, 0.0, 0.0, 0.0, 0.0, 0.0, 0.0, 0.0, 0.0, 0.0, 0.0, 0.0, 0.0, 0.0, 0.0, 0.0, 0.0], "Fermi-level/eV": -4.7561, "Coordination numbers": [3.755, 3.849, 3.757, 3.809, 3.849, 3.755, 3.757, 0.925, 0.925, 0.925, 0.924, 0.925, 0.925, 0.925, 0.924, 0.924, 0.924, 0.925, 0.925, 0.925, 0.925, 0.925, 0.925], "Dispersion coefficient C6": [22.558, 20.72, 22.572, 21.784, 20.72, 22.558, 22.572, 2.536, 2.564, 2.546, 2.606, 2.574, 2.554, 2.537, 2.575, 2.575, 2.606, 2.546, 2.564, 2.536, 2.574, 2.537, 2.554], "Total dispersion C6": 3397.556617, "Total dispersion C8": 70173.862202, "Polarizability alpha": [6.772, 6.475, 6.774, 6.644, 6.475, 6.772, 6.774, 2.49, 2.504, 2.495, 2.524, 2.509, 2.499, 2.491, 2.51, 2.51, 2.524, 2.495, 2.504, 2.49, 2.509, 2.491, 2.499], "Total polarizability alpha": 86.729863, "Wiberg matrix": [[0.0, 1.0097563838071573, 0.0, 0.0, 0.0, 0.0, 0.0, 0.9868540567909362, 0.986284015269267, 0.9846235525188342, 0.0, 0.0, 0.0, 0.0, 0.0, 0.0, 0.0, 0.0, 0.0, 0.0, 0.0, 0.0, 0.0], [1.0097563838071573, 0.0, 1.0074289227745574, 0.9964179515338093, 0.0, 0.0, 0.0, 0.0, 0.0, 0.0, 0.9672667518373806, 0.0, 0.0, 0.0, 0.0, 0.0, 0.0, 0.0, 0.0, 0.0, 0.0, 0.0, 0.0], [0.0, 1.0074289227745574, 0.0, 0.0, 0.0, 0.0, 0.0, 0.0, 0.0, 0.0, 0.0, 0.9869059799138009, 0.986734105262608, 0.9869744595742266, 0.0, 0.0, 0.0, 0.0, 0.0, 0.0, 0.0, 0.0, 0.0], [0.0, 0.9964179515338093, 0.0, 0.0, 0.9964179499431707, 0.0, 0.0, 0.0, 0.0, 0.0, 0.0, 0.0, 0.0, 0.0, 0.9751733117960047, 0.9751733129112334, 0.0, 0.0, 0.0, 0.0, 0.0, 0.0, 0.0], [0.0, 0.0, 0.0, 0.9964179499431707, 0.0, 1.0097563800315297, 1.0074289281268005, 0.0, 0.0, 0.0, 0.0, 0.0, 0.0, 0.0, 0.0, 0.0, 0.9672667568165279, 0.0, 0.0, 0.0, 0.0, 0.0, 0.0], [0.0, 0.0, 0.0, 0.0, 1.0097563800315297, 0.0, 0.0, 0.0, 0.0, 0.0, 0.0, 0.0, 0.0, 0.0, 0.0, 0.0, 0.0, 0.9846235478200708, 0.9862840152016346, 0.9868540585602565, 0.0, 0.0, 0.0], [0.0, 0.0, 0.0, 0.0, 1.0074289281268005, 0.0, 0.0, 0.0, 0.0, 0.0, 0.0, 0.0, 0.0, 0.0, 0.0, 0.0, 0.0, 0.0, 0.0, 0.0, 0.9869059810885574, 0.9869744565525778, 0.9867341024038194], [0.9868540567909362, 0.0, 0.0, 0.0, 0.0, 0.0, 0.0, 0.0, 0.0, 0.0, 0.0, 0.0, 0.0, 0.0, 0.0, 0.0, 0.0, 0.0, 0.0, 0.0, 0.0, 0.0, 0.0], [0.986284015269267, 0.0, 0.0, 0.0, 0.0, 0.0, 0.0, 0.0, 0.0, 0.0, 0.0, 0.0, 0.0, 0.0, 0.0, 0.0, 0.0, 0.0, 0.0, 0.0, 0.0, 0.0, 0.0], [0.9846235525188342, 0.0, 0.0, 0.0, 0.0, 0.0, 0.0, 0.0, 0.0, 0.0, 0.0, 0.0, 0.0, 0.0, 0.0, 0.0, 0.0, 0.0, 0.0, 0.0, 0.0, 0.0, 0.0], [0.0, 0.9672667518373806, 0.0, 0.0, 0.0, 0.0, 0.0, 0.0, 0.0, 0.0, 0.0, 0.0, 0.0, 0.0, 0.0, 0.0, 0.0, 0.0, 0.0, 0.0, 0.0, 0.0, 0.0], [0.0, 0.0, 0.9869059799138009, 0.0, 0.0, 0.0, 0.0, 0.0, 0.0, 0.0, 0.0, 0.0, 0.0, 0.0, 0.0, 0.0, 0.0, 0.0, 0.0, 0.0, 0.0, 0.0, 0.0], [0.0, 0.0, 0.986734105262608, 0.0, 0.0, 0.0, 0.0, 0.0, 0.0, 0.0, 0.0, 0.0, 0.0, 0.0, 0.0, 0.0, 0.0, 0.0, 0.0, 0.0, 0.0, 0.0, 0.0], [0.0, 0.0, 0.9869744595742266, 0.0, 0.0, 0.0, 0.0, 0.0, 0.0, 0.0, 0.0, 0.0, 0.0, 0.0, 0.0, 0.0, 0.0, 0.0, 0.0, 0.0, 0.0, 0.0, 0.0], [0.0, 0.0, 0.0, 0.9751733117960047, 0.0, 0.0, 0.0, 0.0, 0.0, 0.0, 0.0, 0.0, 0.0, 0.0, 0.0, 0.0, 0.0, 0.0, 0.0, 0.0, 0.0, 0.0, 0.0], [0.0, 0.0, 0.0, 0.9751733129112334, 0.0, 0.0, 0.0, 0.0, 0.0, 0.0, 0.0, 0.0, 0.0, 0.0, 0.0, 0.0, 0.0, 0.0, 0.0, 0.0, 0.0, 0.0, 0.0], [0.0, 0.0, 0.0, 0.0, 0.9672667568165279, 0.0, 0.0, 0.0, 0.0, 0.0, 0.0, 0.0, 0.0, 0.0, 0.0, 0.0, 0.0, 0.0, 0.0, 0.0, 0.0, 0.0, 0.0], [0.0, 0.0, 0.0, 0.0, 0.0, 0.9846235478200708, 0.0, 0.0, 0.0, 0.0, 0.0, 0.0, 0.0, 0.0, 0.0, 0.0, 0.0, 0.0, 0.0, 0.0, 0.0, 0.0, 0.0], [0.0, 0.0, 0.0, 0.0, 0.0, 0.9862840152016346, 0.0, 0.0, 0.0, 0.0, 0.0, 0.0, 0.0, 0.0, 0.0, 0.0, 0.0, 0.0, 0.0, 0.0, 0.0, 0.0, 0.0], [0.0, 0.0, 0.0, 0.0, 0.0, 0.9868540585602565, 0.0, 0.0, 0.0, 0.0, 0.0, 0.0, 0.0, 0.0, 0.0, 0.0, 0.0, 0.0, 0.0, 0.0, 0.0, 0.0, 0.0], [0.0, 0.0, 0.0, 0.0, 0.0, 0.0, 0.9869059810885574, 0.0, 0.0, 0.0, 0.0, 0.0, 0.0, 0.0, 0.0, 0.0, 0.0, 0.0, 0.0, 0.0, 0.0, 0.0, 0.0], [0.0, 0.0, 0.0, 0.0, 0.0, 0.0, 0.9869744565525778, 0.0, 0.0, 0.0, 0.0, 0.0, 0.0, 0.0, 0.0, 0.0, 0.0, 0.0, 0.0, 0.0, 0.0, 0.0, 0.0], [0.0, 0.0, 0.0, 0.0, 0.0, 0.0, 0.9867341024038194, 0.0, 0.0, 0.0, 0.0, 0.0, 0.0, 0.0, 0.0, 0.0, 0.0, 0.0, 0.0, 0.0, 0.0, 0.0, 0.0]], "Born radii": [], "Atomic SASAs": [], "Solvent H bonds": [], "Total SASA": NaN, "Total FOD": 0.0, "FOD": [0.0, 0.0, 0.0, 0.0, 0.0, 0.0, 0.0, 0.0, 0.0, 0.0, 0.0, 0.0, 0.0, 0.0, 0.0, 0.0, 0.0, 0.0, 0.0, 0.0, 0.0, 0.0, 0.0], "FOD s proportion": [0.0, 0.0, 0.0, 0.0, 0.0, 0.0, 0.0, 0.0, 0.0, 0.0, 0.0, 0.0, 0.0, 0.0, 0.0, 0.0, 0.0, 0.0, 0.0, 0.0, 0.0, 0.0, 0.0], "FOD p proportion": [0.0, 0.0, 0.0, 0.0, 0.0, 0.0, 0.0, 0.0, 0.0, 0.0, 0.0, 0.0, 0.0, 0.0, 0.0, 0.0, 0.0, 0.0, 0.0, 0.0, 0.0, 0.0, 0.0], "FOD d proportion": [0.0, 0.0, 0.0, 0.0, 0.0, 0.0, 0.0, 0.0, 0.0, 0.0, 0.0, 0.0, 0.0, 0.0, 0.0, 0.0, 0.0, 0.0, 0.0, 0.0, 0.0, 0.0, 0.0], "coordinates": [["1.79779873495485", "1.04191766201180", "-0.49937475572027"], ["1.19489375711716", "0.08328886759805", "0.52439667757631"], ["2.25578974990051", "-0.91684355720336", "0.98347423490960"], ["-0.00898955889960", "-0.67981157635909", "-0.04018356230952"], ["-1.19146592031369", "0.17593324328179", "-0.50907442853466"], ["-1.77049479584959", "1.02285385950539", "0.62142218957747"], ["-2.27763139720832", "-0.73485887181033", "-1.08110553730846"], ["2.05810554047460", "0.50839469242203", "-1.41138757832196"], ["2.70145736459799", "1.49838959013754", "-0.10054821776518"], ["1.10235483528622", "1.83810106249008", "-0.75130451153737"], ["0.87392991115124", "0.65986079137136", "1.39772982240182"], ["1.84573165593116", "-1.60249984653611", "1.72177462379589"], ["3.10244025275453", "-0.40002611956332", "1.43016206914610"], ["2.61789537887638", "-1.49985905830845", "0.13892190820070"], ["-0.36956382053531", "-1.36922620401923", "0.72815077430843"], ["0.33448932871551", "-1.28318752214897", "-0.88493423964674"], ["-0.85406071840022", "0.84269955867375", "-1.30891452353525"], ["-1.05470551026198", "1.76521693162889", "0.96429473386518"], ["-2.66118889285090", "1.54677737002078", "0.28054634914040"], ["-2.04619024211087", "0.39266744889441", "1.46464866223665"], ["-1.88463400044550", "-1.33934539550198", "-1.89566600474085"], ["-2.65628869293365", "-1.40354783590153", "-0.31054085533891"], ["-3.10967295995056", "-0.14689609068351", "-1.46248983039937"]], "bond_dist": [[0.0, 1.5266209501427521, 2.499068308927197, 2.5376548349168115, 3.1121899486332136, 3.740222980403116, 4.4838015472957435, 1.0881974915747992, 1.0881305746428556, 1.0867469009155408, 2.1444129351250485, 3.4538016866278065, 2.739416674714747, 2.7460171216702136, 3.4666834462512064, 2.774174589214865, 2.7798203266974273, 3.28668079940112, 4.554748173006137, 4.36522222588025, 4.602211843442176, 5.0847669129166695, 5.1404423177358405], [1.5266209501427521, 0.0, 1.5285670997015532, 1.5331040973856394, 2.6021833174432447, 3.1121898390141887, 3.912216000289624, 2.1617377802615256, 2.159351773225202, 2.171484012214106, 1.0946066670506378, 2.167760942845808, 2.1662728254766943, 2.1633034388768957, 2.144491379671345, 2.1433075230563587, 2.852358497907282, 2.843077412997053, 4.131662496233995, 3.3888662398027187, 4.167023259173051, 4.211817936511906, 4.74657747564306], [2.499068308927197, 1.5285670997015532, 0.0, 2.4966547144768665, 3.9122160349668524, 4.483801400069127, 4.984728213114845, 2.7938765576392863, 2.68459968276602, 3.453923748282991, 2.1370870147308265, 1.0878233550356322, 1.08786366750925, 1.0882537358604591, 2.6762513892520627, 2.704912833510847, 4.245257133751161, 4.260656661428343, 5.544385868508989, 4.52254129403712, 5.060737609812377, 5.1029276633370015, 5.946742755558333], [2.5376548349168115, 1.5331040973856394, 2.4966547144768665, 0.0, 1.5331041015125717, 2.537654912950098, 2.4966546724160628, 2.7504393722742244, 3.477747365530324, 2.842650774153476, 2.1544984904583684, 2.719529569291244, 3.452707872181644, 2.7577311541432907, 1.0934550652916892, 1.093455067689952, 2.1544984736340553, 2.842650682601308, 3.4777474490324067, 2.7504395843787837, 2.719529743147916, 2.757730941250087, 3.4527078632101884], [3.1121899486332136, 2.6021833174432447, 3.9122160349668524, 1.5331041015125717, 0.0, 1.5266209655483884, 1.5285670772055442, 3.3888662284329323, 4.1316626382646815, 2.8430777216150958, 2.8523583687577063, 4.167023022061547, 4.74657746220363, 4.211818205746613, 2.143307486515602, 2.1444914147089102, 1.0946066723669252, 2.171483994993857, 2.1593518028229126, 2.161737778084575, 2.167760950767861, 2.163303449442543, 2.166272825452457], [3.740222980403116, 3.1121898390141887, 4.483801400069127, 2.537654912950098, 1.5266209655483884, 0.0, 2.499068274193889, 4.365222138948388, 4.554748250509368, 3.2866809399522112, 2.77982005519982, 4.602211567483076, 5.140441966947364, 5.0847669870766845, 2.7741747635478275, 3.4666835319132554, 2.14441293047991, 1.0867468950224748, 1.0881305794331064, 1.0881974891540598, 3.4538016816777164, 2.7460173219910233, 2.73941643569862], [4.4838015472957435, 3.912216000289624, 4.984728213114845, 2.4966546724160628, 1.5285670772055442, 2.499068274193889, 0.0, 4.522541370112669, 5.5443860117823975, 4.26065704697849, 4.245256925059385, 5.060737192003867, 5.946742715297115, 5.10292804853253, 2.704912603107576, 2.676251515386645, 2.1370870392567602, 3.4539237132894165, 2.6845998123315398, 2.7938763495645924, 1.0878233617140436, 1.0882537421953649, 1.0878636739671876], [1.0881974915747992, 2.1617377802615256, 2.7938765576392863, 2.7504393722742244, 3.3888662284329323, 4.365222138948388, 4.522541370112669, 0.0, 1.7641687267068715, 1.7655843497616832, 3.0522703797769015, 3.783871536696158, 3.1607384836374526, 2.5980583701108575, 3.7412114507891037, 2.541214826575701, 2.9330824723975746, 4.112549237029455, 5.119826066230415, 5.013005198765495, 4.381080245139437, 5.20508412296168, 5.209409955076196], [1.0881305746428556, 2.159351773225202, 2.68459968276602, 3.477747365530324, 4.1316626382646815, 4.554748250509368, 5.5443860117823975, 1.7641687267068715, 0.0, 1.759550095218476, 2.50755343414821, 3.6971127012606453, 2.4714051602053013, 3.008957212157736, 4.282654957138004, 3.735635199776432, 3.8120581560108264, 3.9132910554008777, 5.376388130399215, 5.119826220126139, 5.683961798461124, 6.09678444341583, 6.191210348278205], [1.0867469009155408, 2.171484012214106, 3.453923748282991, 2.842650774153476, 2.8430777216150958, 3.2866809399522112, 4.26065704697849, 1.7655843497616832, 1.759550095218476, 0.0, 2.4614582366762683, 4.3019140068444806, 3.7105729211072656, 3.7724453588761966, 3.826523313226593, 3.2171286528539267, 2.264799085567262, 2.7570821898691578, 3.9132910811841803, 4.112549440927468, 4.508639653522903, 4.982967123441423, 4.710326570814312], [2.1444129351250485, 1.0946066670506378, 2.1370870147308265, 2.1544984904583684, 2.8523583687577063, 2.77982005519982, 4.245256925059385, 3.0522703797769015, 2.50755343414821, 2.4614582366762683, 0.0, 2.483481290531683, 2.4679283736025144, 3.0480161985419505, 2.4722068678111473, 3.045814851697462, 3.216411858894849, 2.2647986138969483, 3.8120578286302487, 2.9330823586930483, 4.738455054787087, 4.431510720302957, 4.969990438991162], [3.4538016866278065, 2.167760942845808, 1.0878233550356322, 2.719529569291244, 4.167023022061547, 4.602211567483076, 5.060737192003867, 3.783871536696158, 3.6971127012606453, 4.3019140068444806, 2.483481290531683, 0.0, 1.7636035391830476, 1.7641413394928662, 2.4391061876466504, 3.02997439441723, 4.73845499118513, 4.508639244452586, 5.683961537468805, 4.381080044614841, 5.202956361181768, 4.943488174443151, 6.067483606521363], [2.739416674714747, 2.1662728254766943, 1.08786366750925, 3.452707872181644, 4.74657746220363, 5.140441966947364, 5.946742715297115, 3.1607384836374526, 2.4714051602053013, 3.7105729211072656, 2.4679283736025144, 1.7636035391830476, 0.0, 1.7640060604172092, 3.6724625180837784, 3.714996271854354, 4.969990706900078, 4.7103259695889435, 6.1912099834211265, 5.209409601023438, 6.067484049104302, 6.099185320711279, 6.8572487479257935], [2.7460171216702136, 2.1633034388768957, 1.0882537358604591, 2.7577311541432907, 4.211818205746613, 5.0847669870766845, 5.10292804853253, 2.5980583701108575, 3.008957212157736, 3.7724453588761966, 3.0480161985419505, 1.7641413394928662, 1.7640060604172092, 0.0, 3.0478136536579608, 2.511806353200416, 4.43151106830115, 4.9829668684740955, 6.096784542420088, 5.205084311203055, 4.943488992917055, 5.294177013540897, 6.099185800106714], [3.4666834462512064, 2.144491379671345, 2.6762513892520627, 1.0934550652916892, 2.143307486515602, 2.7741747635478275, 2.704912603107576, 3.7412114507891037, 4.282654957138004, 3.826523313226593, 2.4722068678111473, 2.4391061876466504, 3.6724625180837784, 3.0478136536579608, 0.0, 1.762139822487058, 3.0458148091084927, 3.2171286693646985, 3.7356354261771245, 2.5412151700761916, 3.0299744227948984, 2.511805907700616, 3.7149959974229922], [2.774174589214865, 2.1433075230563587, 2.704912833510847, 1.093455067689952, 2.1444914147089102, 3.4666835319132554, 2.676251515386645, 2.541214826575701, 3.735635199776432, 3.2171286528539267, 3.045814851697462, 3.02997439441723, 3.714996271854354, 2.511806353200416, 1.762139822487058, 0.0, 2.4722067826203236, 3.82652320141017, 4.2826550527587735, 3.7412116908487896, 2.439106549074155, 3.047813567107227, 3.6724627361351057], [2.7798203266974273, 2.852358497907282, 4.245257133751161, 2.1544984736340553, 1.0946066723669252, 2.14441293047991, 2.1370870392567602, 2.9330824723975746, 3.8120581560108264, 2.264799085567262, 3.216411858894849, 4.73845499118513, 4.969990706900078, 4.43151106830115, 3.0458148091084927, 2.4722067826203236, 0.0, 2.461458300243235, 2.5075533232797884, 3.052270375737411, 2.483481180199743, 3.048016241947362, 2.467928586555327], [3.28668079940112, 2.843077412997053, 4.260656661428343, 2.842650682601308, 2.171483994993857, 1.0867468950224748, 3.4539237132894165, 4.112549237029455, 3.9132910554008777, 2.7570821898691578, 2.2647986138969483, 4.508639244452586, 4.7103259695889435, 4.9829668684740955, 3.2171286693646985, 3.82652320141017, 2.461458300243235, 0.0, 1.7595500999470368, 1.7655843536010722, 4.3019139889387015, 3.7724454432715357, 3.710572833233291], [4.554748173006137, 4.131662496233995, 5.544385868508989, 3.4777474490324067, 2.1593518028229126, 1.0881305794331064, 2.6845998123315398, 5.119826066230415, 5.376388130399215, 3.9132910811841803, 3.8120578286302487, 5.683961537468805, 6.1912099834211265, 6.096784542420088, 3.7356354261771245, 4.2826550527587735, 2.5075533232797884, 1.7595500999470368, 0.0, 1.7641687386228855, 3.6971127015243774, 3.0089577790256405, 2.4714050402799006], [4.36522222588025, 3.3888662398027187, 4.52254129403712, 2.7504395843787837, 2.161737778084575, 1.0881974891540598, 2.7938763495645924, 5.013005198765495, 5.119826220126139, 4.112549440927468, 2.9330823586930483, 4.381080044614841, 5.209409601023438, 5.205084311203055, 2.5412151700761916, 3.7412116908487896, 3.052270375737411, 1.7655843536010722, 1.7641687386228855, 0.0, 3.783871505941926, 2.598058369694774, 3.1607378979372873], [4.602211843442176, 4.167023259173051, 5.060737609812377, 2.719529743147916, 2.167760950767861, 3.4538016816777164, 1.0878233617140436, 4.381080245139437, 5.683961798461124, 4.508639653522903, 4.738455054787087, 5.202956361181768, 6.067484049104302, 4.943488992917055, 3.0299744227948984, 2.439106549074155, 2.483481180199743, 4.3019139889387015, 3.6971127015243774, 3.783871505941926, 0.0, 1.7641413370415542, 1.763603525422994], [5.0847669129166695, 4.211817936511906, 5.1029276633370015, 2.757730941250087, 2.163303449442543, 2.7460173219910233, 1.0882537421953649, 5.20508412296168, 6.09678444341583, 4.982967123441423, 4.431510720302957, 4.943488174443151, 6.099185320711279, 5.294177013540897, 2.511805907700616, 3.047813567107227, 3.048016241947362, 3.7724454432715357, 3.0089577790256405, 2.598058369694774, 1.7641413370415542, 0.0, 1.7640060497290821], [5.1404423177358405, 4.74657747564306, 5.946742755558333, 3.4527078632101884, 2.166272825452457, 2.73941643569862, 1.0878636739671876, 5.209409955076196, 6.191210348278205, 4.710326570814312, 4.969990438991162, 6.067483606521363, 6.8572487479257935, 6.099185800106714, 3.7149959974229922, 3.6724627361351057, 2.467928586555327, 3.710572833233291, 2.4714050402799006, 3.1607378979372873, 1.763603525422994, 1.7640060497290821, 0.0]]}