{"total energy": -21.04704775, "HOMO-LUMO gap/eV": 4.93995498, "electronic energy": -21.42276985, "dipole": [-0.01185985, 0.11582968, -0.09948766], "partial charges": [-0.09483804, -0.027341, -0.05348012, -0.06053554, 0.01751341, -0.10873729, -0.10842571, 0.03292879, 0.03450134, 0.03013891, 0.03701172, 0.0394642, 0.03766405, 0.03700153, 0.02959194, 0.0298877, 0.0430158, 0.04022724, 0.04441109], "atomic dipole moments": [[-0.06162386, 0.03400614, -0.01992787], [0.14831652, 0.00031224, 0.02344778], [-0.00348003, -0.08088371, -0.06108789], [0.0053085, 0.07858518, 0.06839563], [-0.12289252, 0.07864979, -0.09253482], [0.04548864, -0.02992694, 0.0358767], [-0.01608184, -0.05484805, 0.03339402], [-0.13119614, -0.06417228, 0.0002701], [0.00995434, 0.1386966, -0.04546452], [-0.0166702, -0.13775409, 0.04362531], [-0.00463889, 0.12026722, -0.03132714], [0.04989708, -0.0089054, 0.11543214], [-0.00167634, -0.12055504, 0.03163623], [-0.04705734, 0.01162103, -0.11616576], [-0.0306258, -0.12153449, 0.07475871], [0.13640876, 0.05218464, 0.00640773], [-0.01986901, -0.01958662, -0.12367914], [0.11946115, 0.03683316, 0.01592339], [-0.07514147, 0.09532297, 0.03414192]], "atomic quadrupole moments": [[-0.29926181, -0.00700071, -0.19710397, -0.1484168, 0.27703758, 0.49636578], [-0.18475162, 0.1108155, -0.24227744, -0.16866719, 0.29549313, 0.42702906], [0.14519335, -0.00628685, -0.06384057, -0.11495597, 0.11653388, -0.08135278], [0.14831532, -0.01806774, -0.07366103, -0.10608053, 0.10682217, -0.07465429], [-0.19456947, 0.06776137, 0.0378164, -0.24704737, 0.31384254, 0.15675306], [-0.23541458, -0.07726656, -0.01080823, -0.19679499, 0.37970271, 0.24622281], [-0.06548396, 0.03805147, 0.08871975, -0.01280946, -0.13406605, -0.02323579], [0.0462201, 0.0176033, 0.01320755, 0.0129039, -0.02561012, -0.05942765], [0.00960848, 0.00748983, 0.04302135, 0.01024162, -0.03649936, -0.05262983], [0.03587138, 0.00039833, 0.0208273, 0.01988624, -0.03186944, -0.05669868], [-0.02131883, -0.00376539, 0.04810206, -0.00651928, -0.03094156, -0.02678323], [-0.01753834, -0.00862447, -0.03114702, 0.02792525, -0.01073706, 0.04868536], [-0.01639168, -0.00394054, 0.04855363, -0.00571871, -0.0297897, -0.03216195], [-0.01672962, -0.00448121, -0.03168945, 0.02311066, -0.01599597, 0.04841906], [0.00859932, 0.01890456, 0.01791995, 0.0112854, -0.05499864, -0.02651927], [0.04585172, 0.02544988, -0.0071509, 0.01746892, -0.03459088, -0.03870082], [-0.04219528, 0.01382583, -0.03412992, 0.02198735, 0.0269826, 0.07632519], [0.07239091, 0.03142952, -0.0292567, 0.02395821, -0.00952703, -0.04313422], [0.01124072, -0.05486937, 0.02368842, -0.0339286, 0.02731661, -0.03492914]], "number of molecular orbitals": 40, "number of electrons": 40, "number of unpaired electrons": 0, "orbital energies/eV": [-17.10480871, -16.8466858, -16.33823312, -15.98012854, -15.59174356, -14.81706191, -14.43892353, -13.99882987, -13.61701445, -13.5484171, -13.22906812, -12.83285615, -12.66841367, -12.4850238, -12.14504007, -11.81396088, -11.61740941, -11.4165981, -10.91405836, -10.48949475, -5.54953978, -5.1455174, 2.41733093, 2.94129963, 3.31236073, 3.52831721, 3.86096223, 4.4461552, 5.09893906, 5.39836151, 5.55873476, 5.75882601, 6.00718653, 6.41097921, 6.80862255, 7.73803006, 11.29976842, 11.75691546, 17.02843757, 17.42363018], "fractional occupation": [2.0, 2.0, 2.0, 2.0, 2.0, 2.0, 2.0, 2.0, 2.0, 2.0, 2.0, 2.0, 2.0, 2.0, 2.0, 2.0, 2.0, 2.0, 2.0, 2.0, 0.0, 0.0, 0.0, 0.0, 0.0, 0.0, 0.0, 0.0, 0.0, 0.0, 0.0, 0.0, 0.0, 0.0, 0.0, 0.0, 0.0, 0.0, 0.0, 0.0], "program call": "xtb /tmp/scratch/tmpt4t2bevl/53344_0_xyzopt.xyz --pop --wbo --acc 0.2 --gfn 2 --chrg 0 --uhf 0 --etemp 300 --input /tmp/scratch/tmpt4t2bevl/53344_0_xtb.inp", "method": "GFN2-xTB", "xtb version": "6.3.3 (7355c4f)", "Dipole module/D": 0.389, "Total charge": 0, "Transition dipole module/D": NaN, "HOMO": -10.4895, "LUMO": -5.5495, "HOMO occupancy": 2.0, "LUMO occupancy": 0, "mulliken charges": [-0.08613, -0.0203, -0.03965, -0.04817, 0.02077, -0.11287, -0.09132, 0.03194, 0.02857, 0.02502, 0.02733, 0.03273, 0.03077, 0.02967, 0.03076, 0.0312, 0.03743, 0.03536, 0.03692], "cm5 charges": [-0.19031, -0.0859, -0.14626, -0.15323, -0.00652, -0.21489, -0.23776, 0.08537, 0.08256, 0.08157, 0.0843, 0.08866, 0.08761, 0.08627, 0.08511, 0.08544, 0.08983, 0.08834, 0.08981], "FUKUI+": [-0.069, -0.074, 0.013, 0.013, -0.087, -0.063, 0.031, -0.095, -0.088, -0.082, -0.043, -0.052, -0.042, -0.048, -0.08, -0.089, -0.054, -0.045, -0.046], "FUKUI-": [-0.057, -0.042, -0.001, 0.004, -0.058, -0.069, 0.027, -0.081, -0.069, -0.064, -0.045, -0.063, -0.051, -0.062, -0.08, -0.087, -0.078, -0.054, -0.072], "FUKUIrad": [-0.063, -0.058, 0.006, 0.009, -0.073, -0.066, 0.029, -0.088, -0.078, -0.073, -0.044, -0.058, -0.046, -0.055, -0.08, -0.088, -0.066, -0.05, -0.059], "s proportion": [1.042, 1.066, 1.028, 1.031, 1.09, 1.041, 1.006, 0.968, 0.971, 0.975, 0.973, 0.967, 0.969, 0.97, 0.969, 0.969, 0.963, 0.965, 0.963], "p proportion": [3.044, 2.954, 3.012, 3.017, 2.889, 3.072, 3.086, 0.0, 0.0, 0.0, 0.0, 0.0, 0.0, 0.0, 0.0, 0.0, 0.0, 0.0, 0.0], "d proportion": [0.0, 0.0, 0.0, 0.0, 0.0, 0.0, 0.0, 0.0, 0.0, 0.0, 0.0, 0.0, 0.0, 0.0, 0.0, 0.0, 0.0, 0.0, 0.0], "Fermi-level/eV": -8.0195, "Coordination numbers": [2.837, 2.887, 3.807, 3.811, 2.938, 2.845, 3.759, 0.926, 0.926, 0.925, 0.924, 0.924, 0.924, 0.924, 0.926, 0.926, 0.925, 0.925, 0.925], "Dispersion coefficient C6": [30.374, 28.682, 21.529, 21.655, 27.619, 30.741, 22.622, 2.545, 2.523, 2.584, 2.489, 2.456, 2.48, 2.489, 2.592, 2.588, 2.409, 2.446, 2.391], "Total dispersion C6": 2982.854228, "Total dispersion C8": 66403.820319, "Polarizability alpha": [9.032, 8.78, 6.605, 6.624, 8.619, 9.087, 6.781, 2.495, 2.484, 2.514, 2.467, 2.451, 2.463, 2.467, 2.518, 2.516, 2.427, 2.446, 2.418], "Total polarizability alpha": 85.192395, "Wiberg matrix": [[0.0, 1.9769302702663112, 0.0, 0.0, 0.0, 0.0, 0.0, 0.977295049384364, 0.9755538396663596, 0.0, 0.0, 0.0, 0.0, 0.0, 0.0, 0.0, 0.0, 0.0, 0.0], [1.9769302702663112, 0.0, 1.026943826846238, 0.0, 0.0, 0.0, 0.0, 0.0, 0.0, 0.9665795129840664, 0.0, 0.0, 0.0, 0.0, 0.0, 0.0, 0.0, 0.0, 0.0], [0.0, 1.026943826846238, 0.0, 0.9716840672632115, 0.0, 0.0, 0.0, 0.0, 0.0, 0.0, 0.974414353448244, 0.9640355537976244, 0.0, 0.0, 0.0, 0.0, 0.0, 0.0, 0.0], [0.0, 0.0, 0.9716840672632115, 0.0, 1.0094315997745893, 0.0, 0.0, 0.0, 0.0, 0.0, 0.0, 0.0, 0.9746057617008057, 0.9719639550120307, 0.0, 0.0, 0.0, 0.0, 0.0], [0.0, 0.0, 0.0, 1.0094315997745893, 0.0, 1.929445699924205, 1.025675099877289, 0.0, 0.0, 0.0, 0.0, 0.0, 0.0, 0.0, 0.0, 0.0, 0.0, 0.0, 0.0], [0.0, 0.0, 0.0, 0.0, 1.929445699924205, 0.0, 0.0, 0.0, 0.0, 0.0, 0.0, 0.0, 0.0, 0.0, 0.9761260193320879, 0.9758096638602128, 0.0, 0.0, 0.0], [0.0, 0.0, 0.0, 0.0, 1.025675099877289, 0.0, 0.0, 0.0, 0.0, 0.0, 0.0, 0.0, 0.0, 0.0, 0.0, 0.0, 0.9715056633258656, 0.9852100070542018, 0.9706242478964756], [0.977295049384364, 0.0, 0.0, 0.0, 0.0, 0.0, 0.0, 0.0, 0.0, 0.0, 0.0, 0.0, 0.0, 0.0, 0.0, 0.0, 0.0, 0.0, 0.0], [0.9755538396663596, 0.0, 0.0, 0.0, 0.0, 0.0, 0.0, 0.0, 0.0, 0.0, 0.0, 0.0, 0.0, 0.0, 0.0, 0.0, 0.0, 0.0, 0.0], [0.0, 0.9665795129840664, 0.0, 0.0, 0.0, 0.0, 0.0, 0.0, 0.0, 0.0, 0.0, 0.0, 0.0, 0.0, 0.0, 0.0, 0.0, 0.0, 0.0], [0.0, 0.0, 0.974414353448244, 0.0, 0.0, 0.0, 0.0, 0.0, 0.0, 0.0, 0.0, 0.0, 0.0, 0.0, 0.0, 0.0, 0.0, 0.0, 0.0], [0.0, 0.0, 0.9640355537976244, 0.0, 0.0, 0.0, 0.0, 0.0, 0.0, 0.0, 0.0, 0.0, 0.0, 0.0, 0.0, 0.0, 0.0, 0.0, 0.0], [0.0, 0.0, 0.0, 0.9746057617008057, 0.0, 0.0, 0.0, 0.0, 0.0, 0.0, 0.0, 0.0, 0.0, 0.0, 0.0, 0.0, 0.0, 0.0, 0.0], [0.0, 0.0, 0.0, 0.9719639550120307, 0.0, 0.0, 0.0, 0.0, 0.0, 0.0, 0.0, 0.0, 0.0, 0.0, 0.0, 0.0, 0.0, 0.0, 0.0], [0.0, 0.0, 0.0, 0.0, 0.0, 0.9761260193320879, 0.0, 0.0, 0.0, 0.0, 0.0, 0.0, 0.0, 0.0, 0.0, 0.0, 0.0, 0.0, 0.0], [0.0, 0.0, 0.0, 0.0, 0.0, 0.9758096638602128, 0.0, 0.0, 0.0, 0.0, 0.0, 0.0, 0.0, 0.0, 0.0, 0.0, 0.0, 0.0, 0.0], [0.0, 0.0, 0.0, 0.0, 0.0, 0.0, 0.9715056633258656, 0.0, 0.0, 0.0, 0.0, 0.0, 0.0, 0.0, 0.0, 0.0, 0.0, 0.0, 0.0], [0.0, 0.0, 0.0, 0.0, 0.0, 0.0, 0.9852100070542018, 0.0, 0.0, 0.0, 0.0, 0.0, 0.0, 0.0, 0.0, 0.0, 0.0, 0.0, 0.0], [0.0, 0.0, 0.0, 0.0, 0.0, 0.0, 0.9706242478964756, 0.0, 0.0, 0.0, 0.0, 0.0, 0.0, 0.0, 0.0, 0.0, 0.0, 0.0, 0.0]], "Born radii": [], "Atomic SASAs": [], "Solvent H bonds": [], "Total SASA": NaN, "Total FOD": 0.0, "FOD": [0.0, 0.0, 0.0, 0.0, 0.0, 0.0, 0.0, 0.0, 0.0, 0.0, 0.0, 0.0, 0.0, 0.0, 0.0, 0.0, 0.0, 0.0, 0.0], "FOD s proportion": [0.0, 0.0, 0.0, 0.0, 0.0, 0.0, 0.0, 0.0, 0.0, 0.0, 0.0, 0.0, 0.0, 0.0, 0.0, 0.0, 0.0, 0.0, 0.0], "FOD p proportion": [0.0, 0.0, 0.0, 0.0, 0.0, 0.0, 0.0, 0.0, 0.0, 0.0, 0.0, 0.0, 0.0, 0.0, 0.0, 0.0, 0.0, 0.0, 0.0], "FOD d proportion": [0.0, 0.0, 0.0, 0.0, 0.0, 0.0, 0.0, 0.0, 0.0, 0.0, 0.0, 0.0, 0.0, 0.0, 0.0, 0.0, 0.0, 0.0, 0.0], "coordinates": [["-3.25129676079259", "0.21550080257287", "0.06072068822853"], ["-2.18346114137359", "-0.44421723126855", "0.46815455723335"], ["-0.79817733283559", "0.11503482707463", "0.49116096884609"], ["0.12149748271459", "-0.66419421609976", "-0.46566929212463"], ["1.53528695354606", "-0.15547431935723", "-0.40695461603345"], ["2.46570630979367", "-0.76401985651120", "0.31089716797703"], ["1.81548068061633", "1.08689090307671", "-1.19557299403820"], ["-4.23132594556187", "-0.23046891565078", "0.05181207073631"], ["-3.19133450195033", "1.23749910665699", "-0.27739986957292"], ["-2.27196951616089", "-1.47127085045034", "0.79941669585783"], ["-0.82054287337883", "1.16901353113511", "0.21012430873662"], ["-0.38998200566708", "0.03813212197963", "1.50291578539218"], ["0.09794273192703", "-1.72038971405486", "-0.19057033266378"], ["-0.26760763374896", "-0.56664962481163", "-1.48181886518633"], ["2.25719885933815", "-1.66094531836487", "0.86969521153101"], ["3.47527837531491", "-0.39357066267771", "0.36860358405386"], ["1.64027589764476", "0.90433554255409", "-2.25574949253003"], ["2.84419516638526", "1.41107333955550", "-1.06305132101244"], ["1.15283525418901", "1.89372153464147", "-0.88570025543104"]], "bond_dist": [[0.0, 1.3196602410801748, 2.492622549691592, 3.5251511664507107, 4.823663170835996, 5.805701775124568, 5.29243121486994, 1.0767662494885526, 1.0781472615761947, 2.085653915012756, 2.6153532125753562, 3.209128927767972, 3.876625394482043, 3.4487082178325044, 5.875288403230457, 6.761107378900583, 5.456006824603542, 6.312470123036695, 4.807131809460629], [1.3196602410801748, 0.0, 1.4940894852497706, 2.496647975635264, 3.831223815934441, 4.662806193118141, 4.593889112677657, 2.1006617206787657, 2.0975771631900377, 1.0827776658058508, 2.1275900232748355, 2.126019545557914, 2.695800126029753, 2.7363992219355358, 4.621809534901243, 5.6598417282555715, 4.884589317400481, 5.573510786991485, 4.292988954791684], [2.492622549691592, 1.4940894852497706, 0.0, 1.53900091500721, 2.5149239308427274, 3.3849916701907543, 3.258954419026283, 3.4783487012621266, 2.752782784270302, 2.187110124208254, 1.0910329648284172, 1.093702546388801, 2.153270067620154, 2.1537983478104312, 3.554253413247634, 4.305359862577973, 3.756935833829746, 4.166793622302556, 2.9775700410437547], [3.5251511664507107, 2.496647975635264, 1.53900091500721, 0.0, 1.5036768317574591, 2.4715047340423713, 2.5433516436863015, 4.404880973977662, 3.8244919437625273, 2.8249777920207113, 2.169052251098525, 2.151790129082538, 1.0916882309898408, 1.0924640469055065, 2.708861659000318, 3.4665681321971604, 2.823359807272878, 3.475152283376817, 2.789805834981353], [4.823663170835996, 3.831223815934441, 2.5149239308427274, 1.5036768317574591, 0.0, 1.323374109266635, 1.4979648916879544, 5.785318953222967, 4.929311288757392, 4.204979676468886, 2.7721812060047886, 2.718777109230999, 2.1358232047790517, 2.138884564164271, 2.1017693762156195, 2.102795070129749, 2.133603083318792, 2.1442423285550425, 2.1388478996012696], [5.805701775124568, 4.662806193118141, 3.3849916701907543, 2.4715047340423713, 1.323374109266635, 0.0, 2.4734826374647456, 6.723246442261192, 6.029451244520444, 4.815021031042647, 3.813948995570966, 3.19676585566102, 2.602386850429592, 3.2747199724383576, 1.0771285413062992, 1.0769393628004962, 3.1705551852605662, 2.600388178048829, 3.1967272490153826], [5.29243121486994, 4.593889112677657, 3.258954419026283, 2.5433516436863015, 1.4979648916879544, 2.4734826374647456, 0.0, 6.31310357638878, 5.092536007713252, 5.218373743910471, 2.988536298973947, 3.63947830522842, 3.4410451054701574, 2.674956056006122, 3.465696410566674, 2.7190702827353572, 1.0899529272340414, 1.0866967098384466, 1.0890802281412217], [1.0767662494885526, 2.1006617206787657, 3.4783487012621266, 4.404880973977662, 5.785318953222967, 6.723246442261192, 6.31310357638878, 0.0, 1.8289048140746877, 2.436714947288742, 3.690129408171597, 4.115066435997191, 4.584886094210143, 4.263344247446109, 6.694486516120627, 7.714836952350316, 6.4100179197700635, 7.348508716977805, 5.86347220132673], [1.0781472615761947, 2.0975771631900377, 2.752782784270302, 3.8244919437625273, 4.929311288757392, 6.029451244520444, 5.092536007713252, 1.8289048140746877, 0.0, 3.056501361558496, 2.421368010979674, 3.529246492338028, 4.424476281490939, 3.640570911560004, 6.27720662389782, 6.893579353997023, 5.231569959828093, 6.088923927496094, 4.435365611150981], [2.085653915012756, 1.0827776658058508, 2.187110124208254, 2.8249777920207113, 4.204979676468886, 4.815021031042647, 5.218373743910471, 2.436714947288742, 3.056501361558496, 0.0, 3.0700173342410753, 2.512983344913129, 2.580429923187567, 3.1685709401107687, 4.53368301132363, 5.8632666627146, 5.503018294626619, 6.160506164468765, 5.088426142360563], [2.6153532125753562, 2.1275900232748355, 1.0910329648284172, 2.169052251098525, 2.7721812060047886, 3.813948995570966, 2.988536298973947, 3.690129408171597, 2.421368010979674, 3.0700173342410753, 0.0, 1.7707583755248604, 3.0582385642907908, 2.4861487634331145, 4.232752655067856, 4.573933235650405, 3.4937396962616694, 3.887142142388592, 2.370707573730377], [3.209128927767972, 2.126019545557914, 1.093702546388801, 2.151790129082538, 2.718777109230999, 3.19676585566102, 3.63947830522842, 4.115066435997191, 3.529246492338028, 2.512983344913129, 1.7707583755248604, 0.0, 2.4896515477903005, 3.0478479920295007, 3.2086444140007977, 4.051329322231769, 4.358878318011771, 4.350753585103813, 3.395435724052299], [3.876625394482043, 2.695800126029753, 2.153270067620154, 1.0916882309898408, 2.1358232047790517, 2.602386850429592, 3.4410451054701574, 4.584886094210143, 4.424476281490939, 2.580429923187567, 3.0582385642907908, 2.4896515477903005, 0.0, 1.7697644013016154, 2.4062592720129077, 3.671446623925361, 3.6787143445910093, 4.2554889689581294, 3.82855115690048], [3.4487082178325044, 2.7363992219355358, 2.1537983478104312, 1.0924640469055065, 2.138884564164271, 3.2747199724383576, 2.674956056006122, 4.263344247446109, 3.640570911560004, 3.1685709401107687, 2.4861487634331145, 3.0478479920295007, 1.7697644013016154, 0.0, 3.6196338689795406, 4.178901200630554, 2.530372610489202, 3.710804636027301, 2.9028333808640707], [5.875288403230457, 4.621809534901243, 3.554253413247634, 2.708861659000318, 2.1017693762156195, 1.0771285413062992, 3.465696410566674, 6.694486516120627, 6.27720662389782, 4.53368301132363, 4.232752655067856, 3.2086444140007977, 2.4062592720129077, 3.6196338689795406, 0.0, 1.827853671454043, 4.090191246653983, 3.676597946221009, 4.11542083554901], [6.761107378900583, 5.6598417282555715, 4.305359862577973, 3.4665681321971604, 2.102795070129749, 1.0769393628004962, 2.7190702827353572, 7.714836952350316, 6.893579353997023, 5.8632666627146, 4.573933235650405, 4.051329322231769, 3.671446623925361, 4.178901200630554, 1.827853671454043, 0.0, 3.455289232641767, 2.3884391887987517, 3.492667428847009], [5.456006824603542, 4.884589317400481, 3.756935833829746, 2.823359807272878, 2.133603083318792, 3.1705551852605662, 1.0899529272340414, 6.4100179197700635, 5.231569959828093, 5.503018294626619, 3.4937396962616694, 4.358878318011771, 3.6787143445910093, 2.530372610489202, 4.090191246653983, 3.455289232641767, 0.0, 1.768822695720491, 1.7588399399339354], [6.312470123036695, 5.573510786991485, 4.166793622302556, 3.475152283376817, 2.1442423285550425, 2.600388178048829, 1.0866967098384466, 7.348508716977805, 6.088923927496094, 6.160506164468765, 3.887142142388592, 4.350753585103813, 4.2554889689581294, 3.710804636027301, 3.676597946221009, 2.3884391887987517, 1.768822695720491, 0.0, 1.7677955292587173], [4.807131809460629, 4.292988954791684, 2.9775700410437547, 2.789805834981353, 2.1388478996012696, 3.1967272490153826, 1.0890802281412217, 5.86347220132673, 4.435365611150981, 5.088426142360563, 2.370707573730377, 3.395435724052299, 3.82855115690048, 2.9028333808640707, 4.11542083554901, 3.492667428847009, 1.7588399399339354, 1.7677955292587173, 0.0]]}