{"total energy": -24.94737857, "HOMO-LUMO gap/eV": 11.03931054, "electronic energy": -25.20804133, "dipole": [-0.89885349, 0.08556992, -0.58300779], "partial charges": [-0.11477493, 0.12357645, -0.11735921, -0.32989167, 0.07508878, 0.07642712, -0.43647569, 0.05448816, 0.04399493, 0.04962422, 0.01152895, 0.03727105, 0.04127473, 0.04989572, 0.02055416, 0.02709017, 0.04877254, 0.03373455, 0.30517998], "atomic dipole moments": [[0.04951927, -0.0556598, -0.08885549], [0.06859755, -0.14160071, 0.10902304], [0.07150518, 0.05964274, 0.04214813], [0.00428257, 0.04162273, -0.28019842], [-0.10540293, 0.04813967, 0.1716713], [0.00115929, 0.19633101, 0.06899037], [-0.20146386, -0.1103362, -0.09465163], [-0.05373998, -0.08005155, 0.08204801], [-0.08596974, 0.07573342, -0.04983423], [0.08664807, 0.06772072, 0.06183805], [0.05576967, 0.07445185, -0.0755731], [0.05293619, -0.06005025, -0.09740938], [-0.09013323, 0.07444644, -0.04487076], [-0.0511133, -0.08605528, 0.07856268], [-0.04664277, -0.08485247, -0.07140057], [0.04864973, 0.08878772, -0.06630912], [0.09453195, -0.04284992, -0.06715305], [-0.05021446, -0.08688695, 0.06642966], [-0.06589452, 0.03120991, 0.02795534]], "atomic quadrupole moments": [[-0.0386766, -0.10479147, -0.03333096, -0.12197028, 0.15917651, 0.07200756], [0.08982907, -0.24287787, -0.01668733, 0.1744072, 0.01980024, -0.07314174], [0.05838721, 0.12424775, -0.00866757, 0.12301721, 0.10830372, -0.04971963], [0.03660748, -0.14234333, -0.06109318, -0.03071416, -0.01065617, 0.02448571], [0.15977967, -0.29277138, -0.19278708, -0.12851723, 0.07605077, 0.03300741], [-0.09002781, 0.04273232, 0.06532615, 0.29854875, 0.2220322, 0.02470166], [-0.01900602, 0.07156992, 0.02839341, 0.06871199, 0.12755992, -0.00938739], [-0.02661626, 0.03722094, 0.01800615, -0.0390283, -0.04526889, 0.00861011], [0.01517782, -0.06172293, -0.00045309, 0.03746642, -0.02844, -0.01472473], [0.02486613, 0.04954419, -0.01235727, 0.03409865, 0.03785926, -0.01250886], [-0.00698369, 0.00505168, 0.00363986, 0.00078138, -0.01775324, 0.00334383], [-0.00336948, -0.02100162, -0.0176186, -0.04838466, 0.04804845, 0.02098808], [0.02119953, -0.05771992, 0.01054555, 0.04050517, -0.02163463, -0.03174507], [-0.03006899, 0.03828203, 0.01142386, -0.02784667, -0.0509874, 0.01864513], [0.00177759, 0.02166575, 0.00570388, 0.01337662, 0.03791873, -0.00748147], [-0.00637833, 0.01432739, 0.02019124, -0.03384861, -0.0208682, -0.01381291], [0.02043347, -0.01916608, -0.0210227, -0.03491399, 0.031407, 0.00058923], [-0.01939355, 0.03914588, 0.00368978, -0.00300773, -0.0175549, 0.01570377], [0.03819175, -0.06253968, -0.01229439, -0.05991237, 0.06840893, -0.02589736]], "number of molecular orbitals": 40, "number of electrons": 44, "number of unpaired electrons": 0, "orbital energies/eV": [-19.09557966, -18.59045686, -17.78725281, -17.04367508, -16.59242629, -16.26846829, -16.00519781, -15.2396442, -15.14186161, -14.8711837, -14.30127174, -14.12210754, -13.57323625, -13.48186443, -13.05021067, -12.85628263, -12.71873262, -12.41504224, -12.16729958, -11.99623633, -11.11961488, -10.95321747, 0.08609307, 2.00523733, 2.30366901, 2.47938357, 2.9151247, 3.57108567, 3.84869224, 4.09259216, 4.26942865, 4.61231958, 5.10739318, 5.25702379, 6.16060568, 6.17515617, 6.81740516, 6.85964809, 7.2176941, 7.90091561], "fractional occupation": [2.0, 2.0, 2.0, 2.0, 2.0, 2.0, 2.0, 2.0, 2.0, 2.0, 2.0, 2.0, 2.0, 2.0, 2.0, 2.0, 2.0, 2.0, 2.0, 2.0, 2.0, 2.0, 0.0, 0.0, 0.0, 0.0, 0.0, 0.0, 0.0, 0.0, 0.0, 0.0, 0.0, 0.0, 0.0, 0.0, 0.0, 0.0, 0.0, 0.0], "program call": "xtb /tmp/scratch/tmp89e64myr/5503_0_xyzopt.xyz --pop --wbo --acc 0.2 --gfn 2 --chrg 0 --uhf 0 --etemp 300 --input /tmp/scratch/tmp89e64myr/5503_0_xtb.inp", "method": "GFN2-xTB", "xtb version": "6.3.3 (7355c4f)", "Dipole module/D": 2.732, "Total charge": 0, "Transition dipole module/D": NaN, "HOMO": -10.9532, "LUMO": 0.0861, "HOMO occupancy": 2.0, "LUMO occupancy": 0, "mulliken charges": [-0.09725, 0.23205, -0.11339, -0.4778, 0.17842, 0.19588, -0.56437, 0.04138, 0.02751, 0.04094, 0.00926, 0.03386, 0.03132, 0.04169, 0.01, 0.01862, 0.02468, 0.01937, 0.34785], "cm5 charges": [-0.24491, 0.18529, -0.26181, -0.58019, 0.09871, 0.1135, -0.77964, 0.09664, 0.08046, 0.09573, 0.07456, 0.08789, 0.08422, 0.09646, 0.07239, 0.0829, 0.08849, 0.08325, 0.52608], "FUKUI+": [0.027, -0.043, 0.031, -0.153, -0.011, 0.004, -0.066, -0.052, -0.09, -0.045, -0.078, -0.039, -0.08, -0.05, -0.085, -0.073, -0.094, -0.059, -0.044], "FUKUI-": [0.02, 0.0, 0.001, -0.122, 0.023, 0.019, -0.133, -0.061, -0.054, -0.061, -0.089, -0.047, -0.061, -0.049, -0.096, -0.075, -0.075, -0.099, -0.04], "FUKUIrad": [0.024, -0.022, 0.016, -0.138, 0.006, 0.011, -0.099, -0.056, -0.072, -0.053, -0.084, -0.043, -0.071, -0.049, -0.09, -0.074, -0.084, -0.079, -0.042], "s proportion": [1.011, 1.014, 1.015, 1.688, 0.998, 0.988, 1.693, 0.959, 0.972, 0.959, 0.991, 0.966, 0.969, 0.958, 0.99, 0.981, 0.975, 0.981, 0.652], "p proportion": [3.086, 2.754, 3.099, 4.79, 2.823, 2.816, 4.872, 0.0, 0.0, 0.0, 0.0, 0.0, 0.0, 0.0, 0.0, 0.0, 0.0, 0.0, 0.0], "d proportion": [0.0, 0.0, 0.0, 0.0, 0.0, 0.0, 0.0, 0.0, 0.0, 0.0, 0.0, 0.0, 0.0, 0.0, 0.0, 0.0, 0.0, 0.0, 0.0], "Fermi-level/eV": -5.4336, "Coordination numbers": [3.754, 3.74, 3.752, 1.702, 3.69, 3.674, 1.656, 0.925, 0.925, 0.925, 0.923, 0.925, 0.925, 0.925, 0.923, 0.923, 0.924, 0.923, 0.805], "Dispersion coefficient C6": [22.754, 18.641, 22.807, 19.523, 19.505, 19.527, 21.57, 2.265, 2.396, 2.325, 2.866, 2.485, 2.432, 2.321, 2.725, 2.628, 2.335, 2.534, 0.706], "Total dispersion C6": 2480.020946, "Total dispersion C8": 50824.511671, "Polarizability alpha": [6.802, 6.16, 6.81, 5.966, 6.321, 6.332, 6.27, 2.353, 2.421, 2.384, 2.648, 2.465, 2.439, 2.383, 2.582, 2.535, 2.39, 2.49, 1.319], "Total polarizability alpha": 73.06864, "Wiberg matrix": [[0.0, 1.003644787038706, 0.0, 0.0, 0.0, 0.0, 0.0, 0.985119321881738, 0.9855376681645946, 0.9857223297263846, 0.0, 0.0, 0.0, 0.0, 0.0, 0.0, 0.0, 0.0, 0.0], [1.003644787038706, 0.0, 0.9994165320359095, 0.9640321364366192, 0.0, 0.0, 0.0, 0.0, 0.0, 0.0, 0.9599841054938518, 0.0, 0.0, 0.0, 0.0, 0.0, 0.0, 0.0, 0.0], [0.0, 0.9994165320359095, 0.0, 0.0, 0.0, 0.0, 0.0, 0.0, 0.0, 0.0, 0.0, 0.9846239154702328, 0.985341918169598, 0.9859489537742349, 0.0, 0.0, 0.0, 0.0, 0.0], [0.0, 0.9640321364366192, 0.0, 0.0, 0.9857864417133104, 0.0, 0.0, 0.0, 0.0, 0.0, 0.0, 0.0, 0.0, 0.0, 0.0, 0.0, 0.0, 0.0, 0.0], [0.0, 0.0, 0.0, 0.9857864417133104, 0.0, 0.9903439302462084, 0.0, 0.0, 0.0, 0.0, 0.0, 0.0, 0.0, 0.0, 0.9666540971306208, 0.9662267353083823, 0.0, 0.0, 0.0], [0.0, 0.0, 0.0, 0.0, 0.9903439302462084, 0.0, 1.0122752208883363, 0.0, 0.0, 0.0, 0.0, 0.0, 0.0, 0.0, 0.0, 0.0, 0.9724606086977591, 0.9677764677523578, 0.0], [0.0, 0.0, 0.0, 0.0, 0.0, 1.0122752208883363, 0.0, 0.0, 0.0, 0.0, 0.0, 0.0, 0.0, 0.0, 0.0, 0.0, 0.0, 0.0, 0.8886308633377762], [0.985119321881738, 0.0, 0.0, 0.0, 0.0, 0.0, 0.0, 0.0, 0.0, 0.0, 0.0, 0.0, 0.0, 0.0, 0.0, 0.0, 0.0, 0.0, 0.0], [0.9855376681645946, 0.0, 0.0, 0.0, 0.0, 0.0, 0.0, 0.0, 0.0, 0.0, 0.0, 0.0, 0.0, 0.0, 0.0, 0.0, 0.0, 0.0, 0.0], [0.9857223297263846, 0.0, 0.0, 0.0, 0.0, 0.0, 0.0, 0.0, 0.0, 0.0, 0.0, 0.0, 0.0, 0.0, 0.0, 0.0, 0.0, 0.0, 0.0], [0.0, 0.9599841054938518, 0.0, 0.0, 0.0, 0.0, 0.0, 0.0, 0.0, 0.0, 0.0, 0.0, 0.0, 0.0, 0.0, 0.0, 0.0, 0.0, 0.0], [0.0, 0.0, 0.9846239154702328, 0.0, 0.0, 0.0, 0.0, 0.0, 0.0, 0.0, 0.0, 0.0, 0.0, 0.0, 0.0, 0.0, 0.0, 0.0, 0.0], [0.0, 0.0, 0.985341918169598, 0.0, 0.0, 0.0, 0.0, 0.0, 0.0, 0.0, 0.0, 0.0, 0.0, 0.0, 0.0, 0.0, 0.0, 0.0, 0.0], [0.0, 0.0, 0.9859489537742349, 0.0, 0.0, 0.0, 0.0, 0.0, 0.0, 0.0, 0.0, 0.0, 0.0, 0.0, 0.0, 0.0, 0.0, 0.0, 0.0], [0.0, 0.0, 0.0, 0.0, 0.9666540971306208, 0.0, 0.0, 0.0, 0.0, 0.0, 0.0, 0.0, 0.0, 0.0, 0.0, 0.0, 0.0, 0.0, 0.0], [0.0, 0.0, 0.0, 0.0, 0.9662267353083823, 0.0, 0.0, 0.0, 0.0, 0.0, 0.0, 0.0, 0.0, 0.0, 0.0, 0.0, 0.0, 0.0, 0.0], [0.0, 0.0, 0.0, 0.0, 0.0, 0.9724606086977591, 0.0, 0.0, 0.0, 0.0, 0.0, 0.0, 0.0, 0.0, 0.0, 0.0, 0.0, 0.0, 0.0], [0.0, 0.0, 0.0, 0.0, 0.0, 0.9677764677523578, 0.0, 0.0, 0.0, 0.0, 0.0, 0.0, 0.0, 0.0, 0.0, 0.0, 0.0, 0.0, 0.0], [0.0, 0.0, 0.0, 0.0, 0.0, 0.0, 0.8886308633377762, 0.0, 0.0, 0.0, 0.0, 0.0, 0.0, 0.0, 0.0, 0.0, 0.0, 0.0, 0.0]], "Born radii": [], "Atomic SASAs": [], "Solvent H bonds": [], "Total SASA": NaN, "Total FOD": 0.0, "FOD": [0.0, 0.0, 0.0, 0.0, 0.0, 0.0, 0.0, 0.0, 0.0, 0.0, 0.0, 0.0, 0.0, 0.0, 0.0, 0.0, 0.0, 0.0, 0.0], "FOD s proportion": [0.0, 0.0, 0.0, 0.0, 0.0, 0.0, 0.0, 0.0, 0.0, 0.0, 0.0, 0.0, 0.0, 0.0, 0.0, 0.0, 0.0, 0.0, 0.0], "FOD p proportion": [0.0, 0.0, 0.0, 0.0, 0.0, 0.0, 0.0, 0.0, 0.0, 0.0, 0.0, 0.0, 0.0, 0.0, 0.0, 0.0, 0.0, 0.0, 0.0], "FOD d proportion": [0.0, 0.0, 0.0, 0.0, 0.0, 0.0, 0.0, 0.0, 0.0, 0.0, 0.0, 0.0, 0.0, 0.0, 0.0, 0.0, 0.0, 0.0, 0.0], "coordinates": [["-1.48426791451790", "1.48675327272799", "0.84709009074688"], ["-0.80748353758523", "0.68646643672252", "-0.26169250296112"], ["-1.82800395228269", "-0.15943832788867", "-1.02569374050598"], ["0.18368018773115", "-0.11179351781058", "0.36453699124382"], ["1.16097300317188", "-0.65441523505520", "-0.49514445877787"], ["2.23043684382469", "-1.28782230608553", "0.39611781424204"], ["2.81334429324254", "-0.34040661917381", "1.25013593339303"], ["-1.95846544025664", "0.80772604514754", "1.55044632514627"], ["-2.23539028252836", "2.14886822914952", "0.42659090914955"], ["-0.74755610493875", "2.08019724261795", "1.38197764138188"], ["-0.31384892081420", "1.37890685860420", "-0.96584629806113"], ["-1.35990052805362", "-0.68152656988816", "-1.85695296753147"], ["-2.61368942532086", "0.47928742407945", "-1.41984797633588"], ["-2.26985709757530", "-0.89332063747402", "-0.35535840865351"], ["0.73577010963816", "-1.41810299665795", "-1.16040380391968"], ["1.60592561568472", "0.14302347655915", "-1.10974511924535"], ["3.03452190064013", "-1.69986197453400", "-0.21671018956890"], ["1.76893728955088", "-2.09826266214192", "0.97852433146744"], ["2.08487396038927", "0.13372186110161", "1.67197342879000"]], "bond_dist": [[0.0, 1.525744065318174, 2.517026127834437, 2.360139870257138, 3.6583460302820825, 4.658398552976915, 4.687262517732552, 1.0865777752562513, 1.0860021127818995, 1.0867496158713152, 2.160613297127917, 3.468249354319093, 2.7257271663258016, 2.779889310075372, 4.170945997206516, 3.89667933736963, 5.630776959182318, 4.842825447265796, 3.905112065670421], [1.525744065318174, 0.0, 1.5299394362445418, 1.4183750790275491, 2.3931745916738976, 3.682321373425099, 4.055920077416694, 2.150188448775342, 2.1566804886525253, 2.155859086278614, 1.1040749249412865, 2.1728841081187666, 2.1556036167808137, 2.1547707373745517, 2.7601678068657916, 2.615161033669787, 4.52300701770862, 3.9913404050472905, 3.5228287493976453], [2.517026127834437, 1.5299394362445418, 0.0, 2.4457891557965876, 3.075787365733988, 4.445867766249358, 5.172452393525732, 2.754800312576881, 2.757421528704239, 3.4612449382657773, 2.1593408921461004, 1.08751498873538, 1.0865679041795342, 1.0877347578601415, 2.8592518234970385, 3.4482488389295027, 5.164447411599199, 4.551254351969426, 4.761718661595021], [2.360139870257138, 1.4183750790275491, 2.4457891557965876, 0.0, 1.410174375972335, 2.360773997759189, 2.784184394803213, 2.6154703336889233, 3.311547095086783, 2.589828180235705, 2.059039223170592, 2.7644628436120637, 3.3702645511022964, 2.673738812216278, 2.082472608499728, 2.0642726320093616, 3.314680705664491, 2.6145898711280227, 2.3203891054518975], [3.6583460302820825, 2.3931745916738976, 3.075787365733988, 1.410174375972335, 0.0, 1.5294789516053164, 2.4238267137717857, 4.00664385500983, 4.499253031073541, 3.826770980664951, 2.555593603360693, 2.8653203659317836, 4.0482631786715455, 3.4419777906469955, 1.0984473106115633, 1.1007385239057543, 2.1634856132087594, 2.1508174421741013, 2.4841805489340594], [4.658398552976915, 3.682321373425099, 4.445867766249358, 2.360773997759189, 1.5294789516053164, 0.0, 1.4023995601223724, 4.823971346206753, 5.635191422388254, 4.602598970375516, 3.92934863980694, 4.281873995264067, 5.466806001900838, 4.579628111442684, 2.161888353367175, 2.1690913079527587, 1.0917360620699106, 1.0995420686023587, 1.9156680091997584], [4.687262517732552, 4.055920077416694, 5.172452393525732, 2.784184394803213, 2.4238267137717857, 1.4023995601223724, 0.0, 4.917170230833395, 5.688974995026424, 4.307750797975002, 4.200708688189672, 5.2140518406992085, 6.103556945354097, 5.3593154762141735, 3.3598282390005405, 2.694550630991647, 2.0121321889180317, 2.0626722278297827, 0.9661333832232597], [1.0865777752562513, 2.150188448775342, 2.754800312576881, 2.6154703336889233, 4.00664385500983, 4.823971346206753, 4.917170230833395, 0.0, 1.77155319481013, 1.7646149903480641, 3.0598594058047754, 3.766500132118946, 3.059385336277514, 2.5734444357862336, 4.422886901551808, 4.497035871012942, 5.8600991809274054, 4.760818862750817, 4.10093208744635], [1.0860021127818995, 2.1566804886525253, 2.757421528704239, 3.311547095086783, 4.499253031073541, 5.635191422388254, 5.688974995026424, 1.77155319481013, 0.0, 1.7694999441990782, 2.4948032172768686, 3.7406135412973596, 2.517925110865818, 3.1412649995121984, 4.9060809227964475, 4.5977656958030275, 6.557326810725986, 5.863223568562568, 4.927116360866194], [1.0867496158713152, 2.155859086278614, 3.4612449382657773, 2.589828180235705, 3.826770980664951, 4.602598970375516, 4.307750797975002, 1.7646149903480641, 1.7694999441990782, 0.0, 2.4884106121966876, 4.3003204064858895, 3.7276792523811433, 3.765308147570586, 4.571877583267353, 3.9370294290293315, 5.581107820700926, 4.894388700693552, 3.4489888434927893], [2.160613297127917, 1.1040749249412865, 2.1593408921461004, 2.059039223170592, 2.555593603360693, 3.92934863980694, 4.200708688189672, 3.0598594058047754, 2.4948032172768686, 2.4884106121966876, 0.0, 2.4766269348917844, 2.5109159677337605, 3.059686461813293, 2.9937963963181007, 2.2877169570869036, 4.609946810421654, 4.495473659033724, 3.7765659070350632], [3.468249354319093, 2.1728841081187666, 1.08751498873538, 2.7644628436120637, 2.8653203659317836, 4.281873995264067, 5.2140518406992085, 3.766500132118946, 3.7406135412973596, 4.3003204064858895, 2.4766269348917844, 0.0, 1.7636713131504216, 1.76852025850204, 2.327995058303326, 3.1677005954664446, 4.799828314515036, 4.453840899392871, 4.998442036386207], [2.7257271663258016, 2.1556036167808137, 1.0865679041795342, 3.3702645511022964, 4.0482631786715455, 5.466806001900838, 6.103556945354097, 3.059385336277514, 2.517925110865818, 3.7276792523811433, 2.5109159677337605, 1.7636713131504216, 0.0, 1.7707093493707835, 3.858274337528977, 4.2443360280093465, 6.172400166721038, 5.621687566534187, 5.635181722805982], [2.779889310075372, 2.1547707373745517, 1.0877347578601415, 2.673738812216278, 3.4419777906469955, 4.579628111442684, 5.3593154762141735, 2.5734444357862336, 3.1412649995121984, 3.765308147570586, 3.059686461813293, 1.76852025850204, 1.7707093493707835, 0.0, 3.155517314433831, 4.0822542880391435, 5.367137860512879, 4.420745248109789, 4.912084410939389], [4.170945997206516, 2.7601678068657916, 2.8592518234970385, 2.082472608499728, 1.0984473106115633, 2.161888353367175, 3.3598282390005405, 4.422886901551808, 4.9060809227964475, 4.571877583267353, 2.9937963963181007, 2.327995058303326, 3.858274337528977, 3.155517314433831, 0.0, 1.787974488748466, 2.5008409697569656, 2.470843006050909, 3.500086052891285], [3.89667933736963, 2.615161033669787, 3.4482488389295027, 2.0642726320093616, 1.1007385239057543, 2.1690913079527587, 2.694550630991647, 4.497035871012942, 4.5977656958030275, 3.9370294290293315, 2.2877169570869036, 3.1677005954664446, 4.2443360280093465, 4.0822542880391435, 1.787974488748466, 0.0, 2.4969232100449994, 3.0677036460731495, 2.822664719273128], [5.630776959182318, 4.52300701770862, 5.164447411599199, 3.314680705664491, 2.1634856132087594, 1.0917360620699106, 2.0121321889180317, 5.8600991809274054, 6.557326810725986, 5.581107820700926, 4.609946810421654, 4.799828314515036, 6.172400166721038, 5.367137860512879, 2.5008409697569656, 2.4969232100449994, 0.0, 1.785780802895294, 2.7983900198121354], [4.842825447265796, 3.9913404050472905, 4.551254351969426, 2.6145898711280227, 2.1508174421741013, 1.0995420686023587, 2.0626722278297827, 4.760818862750817, 5.863223568562568, 4.894388700693552, 4.495473659033724, 4.453840899392871, 5.621687566534187, 4.420745248109789, 2.470843006050909, 3.0677036460731495, 1.785780802895294, 0.0, 2.358483102029049], [3.905112065670421, 3.5228287493976453, 4.761718661595021, 2.3203891054518975, 2.4841805489340594, 1.9156680091997584, 0.9661333832232597, 4.10093208744635, 4.927116360866194, 3.4489888434927893, 3.7765659070350632, 4.998442036386207, 5.635181722805982, 4.912084410939389, 3.500086052891285, 2.822664719273128, 2.7983900198121354, 2.358483102029049, 0.0]]}