{"total energy": -23.95144181, "HOMO-LUMO gap/eV": 5.18157133, "electronic energy": -24.22295333, "dipole": [0.31449517, 0.61062494, -0.7373252], "partial charges": [-0.10982837, -0.06167685, 0.08065779, -0.27049181, 0.36150655, -0.14686982, -0.41074832, 0.0418088, 0.0418088, 0.04690142, 0.05049794, 0.05049793, 0.04949583, 0.04949583, 0.07594667, 0.07594672, 0.07505089], "atomic dipole moments": [[-0.10793819, 0.0160683, -0.03807649], [0.00468444, -0.0828758, 0.10768346], [-0.18659903, 0.08427198, -0.1387164], [0.04651669, -0.14197006, 0.19065185], [0.13694963, 0.05624522, -0.05056498], [0.09036731, -0.01844933, 0.03832538], [-0.01764664, 0.11753367, -0.15448364], [0.00997454, 0.0375845, 0.1183544], [0.02971223, -0.1209007, -0.00447833], [0.08240955, 0.06298042, -0.06801844], [-0.00847341, -0.03717778, -0.11897926], [-0.02825187, 0.12163475, 0.00410711], [-0.00318035, 0.03501671, 0.12068642], [0.01669267, -0.12455488, -0.00298825], [0.00411479, -0.0366891, -0.12779548], [-0.01688327, 0.13191431, 0.00287955], [-0.09662035, -0.06198597, 0.06445157]], "atomic quadrupole moments": [[0.20474932, -0.05057932, -0.12119231, 0.1195537, -0.02353484, -0.08355701], [0.22529815, 0.08669328, -0.14184597, -0.03311443, -0.1446236, -0.08345218], [0.4461786, -0.01299742, -0.27740527, 0.15271717, -0.16007696, -0.16877332], [0.07176705, -0.00749816, -0.05027637, 0.03452672, -0.04329064, -0.02149069], [-0.15093266, 0.04079329, 0.18599957, -0.15225378, 0.37173317, -0.03506691], [0.15253069, -0.07190934, -0.1071358, 0.14037465, -0.05867243, -0.04539489], [-0.11163972, -0.01869534, 0.09082991, -0.02529297, 0.13253587, 0.02080981], [-0.03246531, -0.00870325, -0.03606837, 0.0020021, 0.04190127, 0.06853368], [-0.03172928, -0.01884646, 0.07936778, 0.00904555, 0.01168951, -0.04763851], [0.01409428, 0.03981507, -0.01370865, -0.04012928, -0.04799958, -0.00038563], [-0.02323679, 0.00379574, -0.02160412, 0.00024143, 0.03197466, 0.04484091], [-0.01984549, -0.01450831, 0.05369264, -0.00398896, 0.01039, -0.03384715], [-0.00389105, 0.00161014, -0.02291708, 0.00616111, 0.03047589, 0.02680813], [-0.00085254, -0.01420867, 0.03521779, 0.00162152, 0.01353979, -0.03436525], [-0.03413107, 0.00309246, -0.04101465, -0.00813119, 0.04014445, 0.07514572], [-0.03222779, -0.01248673, 0.08646324, -0.00365846, 0.00607803, -0.05423545], [0.03673451, 0.04255804, -0.02133978, -0.04043785, -0.03443901, -0.01539473]], "number of molecular orbitals": 38, "number of electrons": 42, "number of unpaired electrons": 0, "orbital energies/eV": [-20.18159896, -19.41900992, -18.38911275, -17.25678477, -16.81228233, -16.45794464, -15.97618658, -15.73352581, -15.28479259, -14.9966775, -14.4694659, -13.73126588, -13.56776018, -13.28996235, -13.07567572, -13.06059696, -12.85429154, -12.32655035, -12.31004548, -11.83107177, -11.32804524, -6.14647391, -0.00853321, 2.68225525, 3.34201617, 3.52287968, 3.75640313, 3.98804136, 4.35549502, 4.6220998, 5.03167423, 5.6049903, 5.80768382, 5.98261449, 6.77808684, 7.8374094, 8.04930527, 17.87979872], "fractional occupation": [2.0, 2.0, 2.0, 2.0, 2.0, 2.0, 2.0, 2.0, 2.0, 2.0, 2.0, 2.0, 2.0, 2.0, 2.0, 2.0, 2.0, 2.0, 2.0, 2.0, 2.0, 0.0, 0.0, 0.0, 0.0, 0.0, 0.0, 0.0, 0.0, 0.0, 0.0, 0.0, 0.0, 0.0, 0.0, 0.0, 0.0, 0.0], "program call": "xtb /tmp/scratch/tmp2z_2p80x/5508_0_xyzopt.xyz --pop --wbo --acc 0.2 --gfn 2 --chrg 0 --uhf 0 --etemp 300 --input /tmp/scratch/tmp2z_2p80x/5508_0_xtb.inp", "method": "GFN2-xTB", "xtb version": "6.3.3 (7355c4f)", "Dipole module/D": 2.561, "Total charge": 0, "Transition dipole module/D": NaN, "HOMO": -11.328, "LUMO": -6.1465, "HOMO occupancy": 2.0, "LUMO occupancy": 0, "mulliken charges": [-0.09015, -0.05216, 0.19948, -0.42224, 0.58666, -0.124, -0.53118, 0.03225, 0.03225, 0.037, 0.03719, 0.03719, 0.03848, 0.03848, 0.0611, 0.0611, 0.05856], "cm5 charges": [-0.24271, -0.16223, 0.11879, -0.50812, 0.63744, -0.26459, -0.58175, 0.08456, 0.08456, 0.08875, 0.09462, 0.09462, 0.10434, 0.10434, 0.11658, 0.11658, 0.11422], "FUKUI+": [0.013, 0.004, 0.028, -0.124, -0.192, 0.051, -0.284, -0.016, -0.016, -0.032, -0.023, -0.023, -0.04, -0.04, -0.111, -0.111, -0.084], "FUKUI-": [0.02, 0.004, 0.021, -0.069, -0.02, -0.003, -0.17, -0.088, -0.088, -0.067, -0.104, -0.104, -0.073, -0.073, -0.066, -0.066, -0.055], "FUKUIrad": [0.016, 0.004, 0.024, -0.096, -0.106, 0.024, -0.227, -0.052, -0.052, -0.049, -0.064, -0.064, -0.056, -0.056, -0.088, -0.088, -0.07], "s proportion": [1.006, 1.029, 0.998, 1.687, 0.975, 1.017, 1.72, 0.968, 0.968, 0.963, 0.963, 0.963, 0.962, 0.962, 0.939, 0.939, 0.941], "p proportion": [3.084, 3.023, 2.802, 4.735, 2.438, 3.107, 4.811, 0.0, 0.0, 0.0, 0.0, 0.0, 0.0, 0.0, 0.0, 0.0, 0.0], "d proportion": [0.0, 0.0, 0.0, 0.0, 0.0, 0.0, 0.0, 0.0, 0.0, 0.0, 0.0, 0.0, 0.0, 0.0, 0.0, 0.0, 0.0], "Fermi-level/eV": -8.7373, "Coordination numbers": [3.753, 3.8, 3.705, 1.704, 2.717, 3.753, 0.856, 0.925, 0.925, 0.925, 0.924, 0.924, 0.924, 0.924, 0.925, 0.925, 0.925], "Dispersion coefficient C6": [22.659, 21.686, 19.378, 18.485, 20.866, 23.395, 21.897, 2.425, 2.425, 2.359, 2.314, 2.314, 2.326, 2.326, 2.021, 2.021, 2.031], "Total dispersion C6": 2217.324333, "Total dispersion C8": 47044.66453, "Polarizability alpha": [6.788, 6.63, 6.293, 5.805, 7.478, 6.897, 6.274, 2.435, 2.435, 2.402, 2.379, 2.379, 2.385, 2.385, 2.223, 2.223, 2.229], "Total polarizability alpha": 69.640229, "Wiberg matrix": [[0.0, 1.018408994576885, 0.0, 0.0, 0.0, 0.0, 0.0, 0.9872914179235682, 0.9872914185654148, 0.9864586826083019, 0.0, 0.0, 0.0, 0.0, 0.0, 0.0, 0.0], [1.018408994576885, 0.0, 1.005915635482344, 0.0, 0.0, 0.0, 0.0, 0.0, 0.0, 0.0, 0.9764759224904125, 0.9764759255333814, 0.0, 0.0, 0.0, 0.0, 0.0], [0.0, 1.005915635482344, 0.0, 0.9375194120269688, 0.0, 0.0, 0.0, 0.0, 0.0, 0.0, 0.0, 0.0, 0.968484209960575, 0.9684842164355939, 0.0, 0.0, 0.0], [0.0, 0.0, 0.9375194120269688, 0.0, 1.1324071423161843, 0.0, 0.17275457608705988, 0.0, 0.0, 0.0, 0.0, 0.0, 0.0, 0.0, 0.0, 0.0, 0.0], [0.0, 0.0, 0.0, 1.1324071423161843, 0.0, 0.9850875654832727, 1.7565864427130709, 0.0, 0.0, 0.0, 0.0, 0.0, 0.0, 0.0, 0.0, 0.0, 0.0], [0.0, 0.0, 0.0, 0.0, 0.9850875654832727, 0.0, 0.0, 0.0, 0.0, 0.0, 0.0, 0.0, 0.0, 0.0, 0.9650171113572068, 0.9650170248686467, 0.9833874507037065], [0.0, 0.0, 0.0, 0.17275457608705988, 1.7565864427130709, 0.0, 0.0, 0.0, 0.0, 0.0, 0.0, 0.0, 0.0, 0.0, 0.0, 0.0, 0.0], [0.9872914179235682, 0.0, 0.0, 0.0, 0.0, 0.0, 0.0, 0.0, 0.0, 0.0, 0.0, 0.0, 0.0, 0.0, 0.0, 0.0, 0.0], [0.9872914185654148, 0.0, 0.0, 0.0, 0.0, 0.0, 0.0, 0.0, 0.0, 0.0, 0.0, 0.0, 0.0, 0.0, 0.0, 0.0, 0.0], [0.9864586826083019, 0.0, 0.0, 0.0, 0.0, 0.0, 0.0, 0.0, 0.0, 0.0, 0.0, 0.0, 0.0, 0.0, 0.0, 0.0, 0.0], [0.0, 0.9764759224904125, 0.0, 0.0, 0.0, 0.0, 0.0, 0.0, 0.0, 0.0, 0.0, 0.0, 0.0, 0.0, 0.0, 0.0, 0.0], [0.0, 0.9764759255333814, 0.0, 0.0, 0.0, 0.0, 0.0, 0.0, 0.0, 0.0, 0.0, 0.0, 0.0, 0.0, 0.0, 0.0, 0.0], [0.0, 0.0, 0.968484209960575, 0.0, 0.0, 0.0, 0.0, 0.0, 0.0, 0.0, 0.0, 0.0, 0.0, 0.0, 0.0, 0.0, 0.0], [0.0, 0.0, 0.9684842164355939, 0.0, 0.0, 0.0, 0.0, 0.0, 0.0, 0.0, 0.0, 0.0, 0.0, 0.0, 0.0, 0.0, 0.0], [0.0, 0.0, 0.0, 0.0, 0.0, 0.9650171113572068, 0.0, 0.0, 0.0, 0.0, 0.0, 0.0, 0.0, 0.0, 0.0, 0.0, 0.0], [0.0, 0.0, 0.0, 0.0, 0.0, 0.9650170248686467, 0.0, 0.0, 0.0, 0.0, 0.0, 0.0, 0.0, 0.0, 0.0, 0.0, 0.0], [0.0, 0.0, 0.0, 0.0, 0.0, 0.9833874507037065, 0.0, 0.0, 0.0, 0.0, 0.0, 0.0, 0.0, 0.0, 0.0, 0.0, 0.0]], "Born radii": [], "Atomic SASAs": [], "Solvent H bonds": [], "Total SASA": NaN, "Total FOD": 0.0, "FOD": [0.0, 0.0, 0.0, 0.0, 0.0, 0.0, 0.0, 0.0, 0.0, 0.0, 0.0, 0.0, 0.0, 0.0, 0.0, 0.0, 0.0], "FOD s proportion": [0.0, 0.0, 0.0, 0.0, 0.0, 0.0, 0.0, 0.0, 0.0, 0.0, 0.0, 0.0, 0.0, 0.0, 0.0, 0.0, 0.0], "FOD p proportion": [0.0, 0.0, 0.0, 0.0, 0.0, 0.0, 0.0, 0.0, 0.0, 0.0, 0.0, 0.0, 0.0, 0.0, 0.0, 0.0, 0.0], "FOD d proportion": [0.0, 0.0, 0.0, 0.0, 0.0, 0.0, 0.0, 0.0, 0.0, 0.0, 0.0, 0.0, 0.0, 0.0, 0.0, 0.0, 0.0], "coordinates": [["2.87711053606752", "0.32872503732508", "0.12185918449681"], ["1.46927437949905", "0.56460433799359", "-0.40870631890453"], ["0.43954875785706", "-0.19883715796630", "0.41086207136808"], ["-0.85726828023142", "0.05846405206463", "-0.12950485878288"], ["-1.88602298734111", "-0.54076946213821", "0.47834783087193"], ["-3.18810905282071", "-0.18454508204546", "-0.19049998885812"], ["-1.76715015335877", "-1.26433669347949", "1.43103442782981"], ["2.95673527799345", "0.65873215413484", "1.15494194920086"], ["3.12946226284089", "-0.72819154973781", "0.08001742915621"], ["3.60099361434430", "0.87962962223142", "-0.47262767271007"], ["1.40114954845096", "0.24098964310054", "-1.44852860627938"], ["1.22838210198041", "1.62823906631092", "-0.37335209240251"], ["0.45619201802876", "0.11596972042416", "1.46066120679718"], ["0.62978234555477", "-1.27788295099637", "0.38036724310629"], ["-3.15515107560834", "-0.49215390221986", "-1.23256313082736"], ["-3.32766107032130", "0.89301596147852", "-0.15899517423005"], ["-4.00726722293554", "-0.68165279648019", "0.31926350016773"]], "bond_dist": [[0.0, 1.5228727594992515, 2.5106875474883625, 3.7525737868868263, 4.854950648710076, 6.094907967315924, 5.081431181002104, 1.0874303634718063, 1.0874303648988985, 1.0867001408291097, 2.1569135703093694, 2.1569136212807876, 2.7746174782784307, 2.7746170258934204, 6.2367044337001225, 6.2367053886925525, 6.960925869418991], [1.5228727594992515, 0.0, 1.521469723640104, 2.3972759941066526, 3.6423531847664044, 4.722293859096843, 4.147784356579352, 2.1601842228546797, 2.160184232247059, 2.155818583598972, 1.0911452023802872, 1.0911451993123344, 2.173049432790709, 2.173049325581433, 4.814643165869707, 4.814644281767637, 5.663532892630158], [2.5106875474883625, 1.521469723640104, 0.0, 1.4282628477142194, 2.351543316725462, 3.67719210570852, 2.6543475623641735, 2.761396017743492, 2.761396189188085, 3.4551958416985484, 2.139031880905421, 2.139031890547295, 1.0961106666476588, 1.0961106585992817, 3.963426295566351, 3.9634265988315844, 4.473887974242535], [3.7525737868868263, 2.3972759941066526, 1.4282628477142194, 0.0, 1.3367505168373102, 2.344268020580938, 2.238966212455976, 4.068998468794817, 4.068998285580375, 4.546223188503898, 2.6217532925035405, 2.6217537232768904, 2.0632772409740685, 2.063277110939317, 2.607716055170777, 2.6077168376838014, 3.266750576418747], [4.854950648710076, 3.6423531847664044, 2.351543316725462, 1.3367505168373102, 0.0, 1.5065461615384543, 1.202202994902718, 5.034768251356279, 5.034767764519472, 5.747107024796253, 3.8896662302488485, 3.8896670572405725, 2.6233979976004655, 2.623397218124411, 2.130789969930823, 2.1307902546771293, 2.1318614038472377], [6.094907967315924, 4.722293859096843, 3.67719210570852, 2.344268020580938, 1.5065461615384543, 0.0, 2.411316649174648, 6.346687510480307, 6.3466872054445655, 6.8777888057518535, 4.777552753649291, 4.77755328392466, 4.0121780538176255, 4.012177939972541, 1.0870165621377723, 1.0870166150771214, 1.0853547817005302], [5.081431181002104, 4.147784356579352, 2.6543475623641735, 2.238966212455976, 1.202202994902718, 2.411316649174648, 0.0, 5.107789582389033, 5.107789316362165, 6.085843283117322, 4.538283116719053, 4.538283677041421, 2.6171308628660035, 2.617130191353779, 3.1012198854269597, 3.1012189434543713, 2.5678161158513877], [1.0874303634718063, 2.1601842228546797, 2.761396017743492, 4.068998468794817, 5.034768251356279, 6.346687510480307, 5.107789582389033, 0.0, 1.7631944576397518, 1.7643263217263216, 3.0614399717672196, 2.5025648905456825, 2.57696952230088, 3.1249246375758934, 6.661822124705522, 6.42455890543663, 7.140890779094643], [1.0874303648988985, 2.160184232247059, 2.761396189188085, 4.068998285580375, 5.034767764519472, 6.3466872054445655, 5.107789316362165, 1.7631944576397518, 0.0, 1.7643263148011854, 2.5025646856213957, 3.0614400123712184, 3.124925485924121, 2.576969215229587, 6.424558063501844, 6.661822765480129, 7.140890160981327], [1.0867001408291097, 2.155818583598972, 3.4551958416985484, 4.546223188503898, 5.747107024796253, 6.8777888057518535, 6.085843283117322, 1.7643263217263216, 1.7643263148011854, 0.0, 2.4898910757966672, 2.48989098741533, 3.769689565129129, 3.7696892755008937, 6.935761170198636, 6.935762415013928, 7.807069065196354], [2.1569135703093694, 1.0911452023802872, 2.139031880905421, 2.6217532925035405, 3.8896662302488485, 4.777552753649291, 4.538283116719053, 3.0614399717672196, 2.5025646856213957, 2.4898910757966672, 0.0, 1.7636082583016859, 3.0613657220064483, 2.4993681895036395, 4.61995843286878, 4.944662239268093, 5.764315221771531], [2.1569136212807876, 1.0911451993123344, 2.139031890547295, 2.6217537232768904, 3.8896670572405725, 4.77755328392466, 4.538283677041421, 2.5025648905456825, 3.0614400123712184, 2.48989098741533, 1.7636082583016859, 0.0, 2.4993680965202696, 3.061365656792873, 4.944661067107351, 4.619960096161526, 5.764316145940717], [2.7746174782784307, 2.173049432790709, 1.0961106666476588, 2.0632772409740685, 2.6233979976004655, 4.0121780538176255, 2.6171308628660035, 2.57696952230088, 3.124925485924121, 3.769689565129129, 3.0613657220064483, 2.4993680965202696, 0.0, 1.7720027989322447, 4.545885019790009, 4.1886312618270924, 4.675623894190101], [2.7746170258934204, 2.173049325581433, 1.0961106585992817, 2.063277110939317, 2.623397218124411, 4.012177939972541, 2.617130191353779, 3.1249246375758934, 2.576969215229587, 3.7696892755008937, 2.4993681895036395, 3.061365656792873, 1.7720027989322447, 0.0, 4.188631701628405, 4.545885204806696, 4.675623248850537], [6.2367044337001225, 4.814643165869707, 3.963426295566351, 2.607716055170777, 2.130789969930823, 1.0870165621377723, 3.1012198854269597, 6.661822124705522, 6.424558063501844, 6.935761170198636, 4.61995843286878, 4.944661067107351, 4.545885019790009, 4.188631701628405, 0.0, 1.760966611553603, 1.7804992704652278], [6.2367053886925525, 4.814644281767637, 3.9634265988315844, 2.6077168376838014, 2.1307902546771293, 1.0870166150771214, 3.1012189434543713, 6.42455890543663, 6.661822765480129, 6.935762415013928, 4.944662239268093, 4.619960096161526, 4.1886312618270924, 4.545885204806696, 1.760966611553603, 0.0, 1.78049925009787], [6.960925869418991, 5.663532892630158, 4.473887974242535, 3.266750576418747, 2.1318614038472377, 1.0853547817005302, 2.5678161158513877, 7.140890779094643, 7.140890160981327, 7.807069065196354, 5.764315221771531, 5.764316145940717, 4.675623894190101, 4.675623248850537, 1.7804992704652278, 1.78049925009787, 0.0]]}