{"total energy": -31.59264364, "HOMO-LUMO gap/eV": 5.38659333, "electronic energy": -32.09514069, "dipole": [-0.16635161, -0.01483817, -0.05977838], "partial charges": [-0.09543053, -0.02745423, -0.05880346, -0.05436605, -0.05802294, -0.05807679, -0.05833014, -0.05900803, -0.05287094, -0.1021559, 0.03465381, 0.03256438, 0.02961365, 0.03654249, 0.03775939, 0.03059832, 0.03096883, 0.02989447, 0.02946402, 0.02945365, 0.02920217, 0.02870881, 0.02878969, 0.02985871, 0.02992593, 0.02858482, 0.02855197, 0.03329773, 0.03332678, 0.03275941], "atomic dipole moments": [[0.05413717, -0.01115127, 0.04746386], [-0.13523751, -0.03549196, -0.0568014], [-0.01855979, 0.09716236, 0.01396783], [-0.00484368, -0.11153422, -0.02218425], [0.00868906, 0.11082007, 0.02267444], [-0.00638129, -0.1107962, -0.02245321], [0.00878252, 0.10996045, 0.02230821], [-0.00554315, -0.11163093, -0.02271607], [0.00636479, 0.11015947, 0.0223932], [0.07510643, -0.05992367, -0.01352043], [-0.01658067, -0.10773993, 0.09748002], [0.12165209, 0.08028944, 0.00447545], [0.02199862, 0.1085474, -0.09390447], [-0.00255577, -0.09182702, 0.08364803], [-0.00904634, -0.05082823, -0.11302961], [0.00770291, 0.05156545, 0.11194945], [0.00342055, 0.09100534, -0.0823043], [-0.0034988, -0.09054203, 0.08181782], [-0.00673198, -0.05098624, -0.11051081], [0.00646193, 0.05120707, 0.11064731], [0.0029727, 0.09046446, -0.08172496], [-0.006381, -0.05116661, -0.11038896], [-0.00301809, -0.09039438, 0.08170509], [0.00291335, 0.09041633, -0.08183], [0.00625631, 0.05107446, 0.11064433], [-0.00341153, -0.09028714, 0.08203942], [-0.00670877, -0.05091501, -0.1106875], [-0.00078513, 0.09099727, -0.08331991], [0.00254362, 0.05102681, 0.11232683], [-0.10529063, -0.06357751, -0.01120361]], "atomic quadrupole moments": [[-0.13232598, -0.23729813, 0.09180082, -0.28723101, 0.36400615, 0.04052515], [-0.03460604, -0.12026298, 0.09650183, -0.30762581, 0.38609519, -0.0618958], [0.19734523, -0.03449356, 0.00567767, -0.00387061, 0.03858621, -0.2030229], [0.22717349, -0.02184936, 0.00941427, -0.01422881, 0.0497792, -0.23658776], [0.22533652, -0.01122775, 0.00930338, -0.01006341, 0.05336817, -0.2346399], [0.22379295, -0.0126706, 0.01054751, -0.01085819, 0.05225255, -0.23434047], [0.22413462, -0.01017866, 0.00952638, -0.01023092, 0.05204895, -0.233661], [0.22446602, -0.01247901, 0.01136096, -0.0106979, 0.05293806, -0.23582698], [0.22104557, -0.01616767, 0.00631979, -0.01116046, 0.05016214, -0.22736535], [0.10653076, -0.16206067, 0.01298379, -0.03709322, 0.0312344, -0.11951455], [-0.00371004, 0.02632671, 0.00339975, 0.01838834, -0.05303547, 0.00031029], [0.02670549, 0.04140936, -0.00891124, 0.02658086, -0.03330876, -0.01779425], [0.01486987, 0.02800917, -0.01146563, 0.0352167, -0.0408923, -0.00340424], [-0.01865887, 0.00083001, 0.00648265, -0.00268445, -0.05085254, 0.01217623], [-0.02851191, -0.00351881, -0.02318813, 0.00534791, 0.0310696, 0.05170004], [-0.01912822, 0.00063203, -0.02802627, 0.00320897, 0.02958109, 0.04715449], [-0.02044443, 0.00085716, 0.00522052, -0.00257797, -0.04836254, 0.01522391], [-0.02033394, 6.48e-06, 0.00560418, -0.00193389, -0.04866757, 0.01472976], [-0.02063223, 0.00029414, -0.02822603, 0.00366423, 0.03033631, 0.04885826], [-0.02051021, 0.00043073, -0.02807665, 0.00387828, 0.03029887, 0.04858686], [-0.0208032, 0.00027777, 0.00562069, -0.00201821, -0.04885165, 0.01518251], [-0.02038136, 0.00033389, -0.02834333, 0.00379082, 0.03048169, 0.04872469], [-0.02053749, 2.72e-05, 0.00549754, -0.00186132, -0.04887937, 0.01503995], [-0.02090179, 0.000277, 0.0058849, -0.00196081, -0.04889835, 0.01501689], [-0.02070729, 0.00051418, -0.02796605, 0.00397713, 0.03051396, 0.04867334], [-0.01792168, 0.00027102, 0.00443436, -0.00225729, -0.04935507, 0.01348732], [-0.01770974, 0.00044974, -0.02980752, 0.00412065, 0.03095284, 0.04751726], [-0.03905494, -0.00347348, 0.01947424, -0.01439779, -0.06469649, 0.0195807], [-0.03806378, -0.00745587, -0.02729942, 0.01498887, 0.04508179, 0.0653632], [0.04649907, 0.05410018, 0.00701977, 0.00931133, 0.01191394, -0.05351884]], "number of molecular orbitals": 60, "number of electrons": 60, "number of unpaired electrons": 0, "orbital energies/eV": [-17.01936555, -16.92156731, -16.76368722, -16.51285813, -16.15552042, -15.69239162, -15.22059484, -15.1190835, -15.0120378, -14.7034884, -14.27162802, -13.98992402, -13.7021262, -13.52320381, -13.43738351, -13.27105142, -12.9626636, -12.85214841, -12.65865734, -12.34241122, -12.27840251, -12.00187902, -11.90421553, -11.69883847, -11.66760954, -11.59200367, -11.4482149, -11.37910612, -11.31105195, -10.76989891, -5.38330558, 1.20767135, 2.79520661, 2.85319987, 3.03231732, 3.17062857, 3.38381783, 3.71229794, 3.82804043, 4.07810986, 4.14306162, 4.4671194, 4.70472736, 4.91027944, 5.10288662, 5.18314977, 5.47179783, 5.65116467, 5.84135128, 6.0499919, 6.46827484, 6.84456657, 6.92036253, 7.24551406, 7.51920113, 7.642857, 8.27685815, 8.74587697, 11.70391795, 17.12612108], "fractional occupation": [2.0, 2.0, 2.0, 2.0, 2.0, 2.0, 2.0, 2.0, 2.0, 2.0, 2.0, 2.0, 2.0, 2.0, 2.0, 2.0, 2.0, 2.0, 2.0, 2.0, 2.0, 2.0, 2.0, 2.0, 2.0, 2.0, 2.0, 2.0, 2.0, 2.0, 0.0, 0.0, 0.0, 0.0, 0.0, 0.0, 0.0, 0.0, 0.0, 0.0, 0.0, 0.0, 0.0, 0.0, 0.0, 0.0, 0.0, 0.0, 0.0, 0.0, 0.0, 0.0, 0.0, 0.0, 0.0, 0.0, 0.0, 0.0, 0.0, 0.0], "program call": "xtb /tmp/scratch/tmp5gygplhx/5800_0_xyzopt.xyz --pop --wbo --acc 0.2 --gfn 2 --chrg 0 --uhf 0 --etemp 300 --input /tmp/scratch/tmp5gygplhx/5800_0_xtb.inp", "method": "GFN2-xTB", "xtb version": "6.3.3 (7355c4f)", "Dipole module/D": 0.451, "Total charge": 0, "Transition dipole module/D": NaN, "HOMO": -10.7699, "LUMO": -5.3833, "HOMO occupancy": 2.0, "LUMO occupancy": 0, "mulliken charges": [-0.08697, -0.01952, -0.04415, -0.04232, -0.04635, -0.04561, -0.04587, -0.04728, -0.03931, -0.08563, 0.02839, 0.03123, 0.02407, 0.02703, 0.03092, 0.02473, 0.02403, 0.02346, 0.02293, 0.02329, 0.02303, 0.02268, 0.02278, 0.02277, 0.02283, 0.02217, 0.02213, 0.02762, 0.02765, 0.02927], "cm5 charges": [-0.19114, -0.08511, -0.15155, -0.15338, -0.15822, -0.15755, -0.1578, -0.15924, -0.15292, -0.2383, 0.0824, 0.08465, 0.08062, 0.08352, 0.08644, 0.08086, 0.08005, 0.07945, 0.07888, 0.07927, 0.07899, 0.07865, 0.07876, 0.07872, 0.07879, 0.07738, 0.07734, 0.07978, 0.07981, 0.08084], "FUKUI+": [-0.125, -0.157, 0.027, 0.001, 0.005, 0.003, 0.003, 0.002, 0.001, 0.003, -0.153, -0.151, -0.142, -0.06, -0.088, -0.023, -0.031, -0.019, -0.021, -0.011, -0.012, -0.009, -0.008, -0.006, -0.005, -0.004, -0.004, -0.004, -0.004, -0.009], "FUKUI-": [-0.05, -0.039, 0.003, -0.002, 0.003, 0.001, 0.005, 0.004, 0.004, 0.015, -0.06, -0.067, -0.054, -0.04, -0.064, -0.037, -0.034, -0.03, -0.032, -0.031, -0.033, -0.041, -0.041, -0.055, -0.055, -0.062, -0.063, -0.048, -0.048, -0.051], "FUKUIrad": [-0.087, -0.098, 0.015, -0.0, 0.004, 0.002, 0.004, 0.003, 0.002, 0.009, -0.107, -0.109, -0.098, -0.05, -0.076, -0.03, -0.032, -0.024, -0.026, -0.021, -0.022, -0.025, -0.024, -0.03, -0.03, -0.033, -0.034, -0.026, -0.026, -0.03], "s proportion": [1.042, 1.066, 1.027, 1.031, 1.03, 1.03, 1.03, 1.03, 1.026, 1.005, 0.972, 0.969, 0.976, 0.973, 0.969, 0.975, 0.976, 0.977, 0.977, 0.977, 0.977, 0.977, 0.977, 0.977, 0.977, 0.978, 0.978, 0.972, 0.972, 0.971], "p proportion": [3.045, 2.954, 3.017, 3.011, 3.016, 3.015, 3.016, 3.017, 3.013, 3.081, 0.0, 0.0, 0.0, 0.0, 0.0, 0.0, 0.0, 0.0, 0.0, 0.0, 0.0, 0.0, 0.0, 0.0, 0.0, 0.0, 0.0, 0.0, 0.0, 0.0], "d proportion": [0.0, 0.0, 0.0, 0.0, 0.0, 0.0, 0.0, 0.0, 0.0, 0.0, 0.0, 0.0, 0.0, 0.0, 0.0, 0.0, 0.0, 0.0, 0.0, 0.0, 0.0, 0.0, 0.0, 0.0, 0.0, 0.0, 0.0, 0.0, 0.0, 0.0], "Fermi-level/eV": -8.0766, "Coordination numbers": [2.837, 2.887, 3.807, 3.804, 3.803, 3.803, 3.803, 3.803, 3.801, 3.752, 0.926, 0.926, 0.925, 0.924, 0.924, 0.924, 0.924, 0.924, 0.924, 0.924, 0.924, 0.924, 0.924, 0.924, 0.924, 0.924, 0.924, 0.925, 0.925, 0.925], "Dispersion coefficient C6": [30.39, 28.685, 21.627, 21.548, 21.616, 21.617, 21.622, 21.634, 21.523, 22.512, 2.521, 2.55, 2.592, 2.495, 2.479, 2.578, 2.573, 2.588, 2.594, 2.594, 2.598, 2.605, 2.604, 2.589, 2.588, 2.607, 2.607, 2.54, 2.54, 2.548], "Total dispersion C6": 6412.041049, "Total dispersion C8": 136753.253721, "Polarizability alpha": [9.034, 8.781, 6.62, 6.608, 6.619, 6.619, 6.62, 6.622, 6.605, 6.766, 2.483, 2.497, 2.518, 2.47, 2.462, 2.511, 2.508, 2.516, 2.519, 2.519, 2.521, 2.524, 2.523, 2.516, 2.516, 2.525, 2.525, 2.492, 2.492, 2.496], "Total polarizability alpha": 121.027875, "Wiberg matrix": [[0.0, 1.0028111991206266, 0.0, 0.0, 0.0, 0.0, 0.0, 0.0, 0.0, 0.9816614237434189, 0.9860336990309775, 0.9858809567093819, 0.0, 0.0, 0.0, 0.0, 0.0, 0.0, 0.0, 0.0, 0.0, 0.0, 0.0, 0.0, 0.0, 0.0, 0.0, 0.0, 0.0, 0.0], [1.0028111991206266, 0.0, 0.9902284288724617, 0.0, 1.0027719060143958, 0.0, 0.0, 0.0, 0.0, 0.0, 0.0, 0.0, 0.9568499886959401, 0.0, 0.0, 0.0, 0.0, 0.0, 0.0, 0.0, 0.0, 0.0, 0.0, 0.0, 0.0, 0.0, 0.0, 0.0, 0.0, 0.0], [0.0, 0.9902284288724617, 0.0, 0.9938554161241473, 0.0, 0.0, 0.0, 0.0, 0.0, 0.0, 0.0, 0.0, 0.0, 0.9710963282154618, 0.9703898011063313, 0.0, 0.0, 0.0, 0.0, 0.0, 0.0, 0.0, 0.0, 0.0, 0.0, 0.0, 0.0, 0.0, 0.0, 0.0], [0.0, 0.0, 0.9938554161241473, 0.0, 0.0, 0.0, 0.0, 0.0, 0.0, 0.0, 0.0, 0.0, 0.0, 0.0, 0.0, 0.902691907671704, 0.0, 0.0, 0.0, 0.0, 0.0, 0.0, 0.0, 0.0, 0.0, 0.0, 0.0, 0.0, 0.0, 0.0], [0.0, 1.0027719060143958, 0.0, 0.0, 0.0, 1.0030901401804777, 0.0, 0.0, 0.0, 0.0, 0.0, 0.0, 0.0, 0.0, 0.0, 0.0, 0.9445594421227619, 0.0, 0.0, 0.0, 0.0, 0.0, 0.0, 0.0, 0.0, 0.0, 0.0, 0.0, 0.0, 0.0], [0.0, 0.0, 0.0, 0.0, 1.0030901401804777, 0.0, 0.9998451996071135, 0.9785665974052409, 0.0, 0.0, 0.0, 0.0, 0.0, 0.0, 0.0, 0.0, 0.0, 0.9626788539357037, 0.0, 0.0, 0.0, 0.0, 0.0, 0.0, 0.0, 0.0, 0.0, 0.0, 0.0, 0.0], [0.0, 0.0, 0.0, 0.0, 0.0, 0.9998451996071135, 0.0, 0.0, 0.0, 0.0, 0.0, 0.0, 0.0, 0.0, 0.0, 0.0, 0.0, 0.0, 0.9855399561028831, 0.9853904959091938, 0.9835120407440053, 0.0, 0.0, 0.0, 0.0, 0.0, 0.0, 0.0, 0.0, 0.0], [0.0, 0.0, 0.0, 0.0, 0.0, 0.9785665974052409, 0.0, 0.0, 1.010907806315439, 0.0, 0.0, 0.0, 0.0, 0.0, 0.0, 0.0, 0.0, 0.0, 0.0, 0.0, 0.0, 0.9669079009210849, 0.9731691455731264, 0.0, 0.0, 0.0, 0.0, 0.0, 0.0, 0.0], [0.0, 0.0, 0.0, 0.0, 0.0, 0.0, 0.0, 1.010907806315439, 0.0, 0.0, 0.0, 0.0, 0.0, 0.0, 0.0, 0.0, 0.0, 0.0, 0.0, 0.0, 0.0, 0.0, 0.0, 0.8757590777432556, 0.0, 0.0, 0.0, 0.0, 0.0, 0.0], [0.9816614237434189, 0.0, 0.0, 0.0, 0.0, 0.0, 0.0, 0.0, 0.0, 0.0, 0.0, 0.0, 0.0, 0.0, 0.0, 0.0, 0.0, 0.0, 0.0, 0.0, 0.0, 0.0, 0.0, 0.0, 0.0, 0.0, 0.0, 0.0, 0.0, 0.0], [0.9860336990309775, 0.0, 0.0, 0.0, 0.0, 0.0, 0.0, 0.0, 0.0, 0.0, 0.0, 0.0, 0.0, 0.0, 0.0, 0.0, 0.0, 0.0, 0.0, 0.0, 0.0, 0.0, 0.0, 0.0, 0.0, 0.0, 0.0, 0.0, 0.0, 0.0], [0.9858809567093819, 0.0, 0.0, 0.0, 0.0, 0.0, 0.0, 0.0, 0.0, 0.0, 0.0, 0.0, 0.0, 0.0, 0.0, 0.0, 0.0, 0.0, 0.0, 0.0, 0.0, 0.0, 0.0, 0.0, 0.0, 0.0, 0.0, 0.0, 0.0, 0.0], [0.0, 0.9568499886959401, 0.0, 0.0, 0.0, 0.0, 0.0, 0.0, 0.0, 0.0, 0.0, 0.0, 0.0, 0.0, 0.0, 0.0, 0.0, 0.0, 0.0, 0.0, 0.0, 0.0, 0.0, 0.0, 0.0, 0.0, 0.0, 0.0, 0.0, 0.0], [0.0, 0.0, 0.9710963282154618, 0.0, 0.0, 0.0, 0.0, 0.0, 0.0, 0.0, 0.0, 0.0, 0.0, 0.0, 0.0, 0.0, 0.0, 0.0, 0.0, 0.0, 0.0, 0.0, 0.0, 0.0, 0.0, 0.0, 0.0, 0.0, 0.0, 0.0], [0.0, 0.0, 0.9703898011063313, 0.0, 0.0, 0.0, 0.0, 0.0, 0.0, 0.0, 0.0, 0.0, 0.0, 0.0, 0.0, 0.0, 0.0, 0.0, 0.0, 0.0, 0.0, 0.0, 0.0, 0.0, 0.0, 0.0, 0.0, 0.0, 0.0, 0.0], [0.0, 0.0, 0.0, 0.902691907671704, 0.0, 0.0, 0.0, 0.0, 0.0, 0.0, 0.0, 0.0, 0.0, 0.0, 0.0, 0.0, 0.0, 0.0, 0.0, 0.0, 0.0, 0.0, 0.0, 0.0, 0.0, 0.0, 0.0, 0.0, 0.0, 0.0], [0.0, 0.0, 0.0, 0.0, 0.9445594421227619, 0.0, 0.0, 0.0, 0.0, 0.0, 0.0, 0.0, 0.0, 0.0, 0.0, 0.0, 0.0, 0.0, 0.0, 0.0, 0.0, 0.0, 0.0, 0.0, 0.0, 0.0, 0.0, 0.0, 0.0, 0.0], [0.0, 0.0, 0.0, 0.0, 0.0, 0.9626788539357037, 0.0, 0.0, 0.0, 0.0, 0.0, 0.0, 0.0, 0.0, 0.0, 0.0, 0.0, 0.0, 0.0, 0.0, 0.0, 0.0, 0.0, 0.0, 0.0, 0.0, 0.0, 0.0, 0.0, 0.0], [0.0, 0.0, 0.0, 0.0, 0.0, 0.0, 0.9855399561028831, 0.0, 0.0, 0.0, 0.0, 0.0, 0.0, 0.0, 0.0, 0.0, 0.0, 0.0, 0.0, 0.0, 0.0, 0.0, 0.0, 0.0, 0.0, 0.0, 0.0, 0.0, 0.0, 0.0], [0.0, 0.0, 0.0, 0.0, 0.0, 0.0, 0.9853904959091938, 0.0, 0.0, 0.0, 0.0, 0.0, 0.0, 0.0, 0.0, 0.0, 0.0, 0.0, 0.0, 0.0, 0.0, 0.0, 0.0, 0.0, 0.0, 0.0, 0.0, 0.0, 0.0, 0.0], [0.0, 0.0, 0.0, 0.0, 0.0, 0.0, 0.9835120407440053, 0.0, 0.0, 0.0, 0.0, 0.0, 0.0, 0.0, 0.0, 0.0, 0.0, 0.0, 0.0, 0.0, 0.0, 0.0, 0.0, 0.0, 0.0, 0.0, 0.0, 0.0, 0.0, 0.0], [0.0, 0.0, 0.0, 0.0, 0.0, 0.0, 0.0, 0.9669079009210849, 0.0, 0.0, 0.0, 0.0, 0.0, 0.0, 0.0, 0.0, 0.0, 0.0, 0.0, 0.0, 0.0, 0.0, 0.0, 0.0, 0.0, 0.0, 0.0, 0.0, 0.0, 0.0], [0.0, 0.0, 0.0, 0.0, 0.0, 0.0, 0.0, 0.9731691455731264, 0.0, 0.0, 0.0, 0.0, 0.0, 0.0, 0.0, 0.0, 0.0, 0.0, 0.0, 0.0, 0.0, 0.0, 0.0, 0.0, 0.0, 0.0, 0.0, 0.0, 0.0, 0.0], [0.0, 0.0, 0.0, 0.0, 0.0, 0.0, 0.0, 0.0, 0.8757590777432556, 0.0, 0.0, 0.0, 0.0, 0.0, 0.0, 0.0, 0.0, 0.0, 0.0, 0.0, 0.0, 0.0, 0.0, 0.0, 0.0, 0.0, 0.0, 0.0, 0.0, 0.0], [0.0, 0.0, 0.0, 0.0, 0.0, 0.0, 0.0, 0.0, 0.0, 0.0, 0.0, 0.0, 0.0, 0.0, 0.0, 0.0, 0.0, 0.0, 0.0, 0.0, 0.0, 0.0, 0.0, 0.0, 0.0, 0.0, 0.0, 0.0, 0.0, 0.0], [0.0, 0.0, 0.0, 0.0, 0.0, 0.0, 0.0, 0.0, 0.0, 0.0, 0.0, 0.0, 0.0, 0.0, 0.0, 0.0, 0.0, 0.0, 0.0, 0.0, 0.0, 0.0, 0.0, 0.0, 0.0, 0.0, 0.0, 0.0, 0.0, 0.0], [0.0, 0.0, 0.0, 0.0, 0.0, 0.0, 0.0, 0.0, 0.0, 0.0, 0.0, 0.0, 0.0, 0.0, 0.0, 0.0, 0.0, 0.0, 0.0, 0.0, 0.0, 0.0, 0.0, 0.0, 0.0, 0.0, 0.0, 0.0, 0.0, 0.0], [0.0, 0.0, 0.0, 0.0, 0.0, 0.0, 0.0, 0.0, 0.0, 0.0, 0.0, 0.0, 0.0, 0.0, 0.0, 0.0, 0.0, 0.0, 0.0, 0.0, 0.0, 0.0, 0.0, 0.0, 0.0, 0.0, 0.0, 0.0, 0.0, 0.0], [0.0, 0.0, 0.0, 0.0, 0.0, 0.0, 0.0, 0.0, 0.0, 0.0, 0.0, 0.0, 0.0, 0.0, 0.0, 0.0, 0.0, 0.0, 0.0, 0.0, 0.0, 0.0, 0.0, 0.0, 0.0, 0.0, 0.0, 0.0, 0.0, 0.0], [0.0, 0.0, 0.0, 0.0, 0.0, 0.0, 0.0, 0.0, 0.0, 0.0, 0.0, 0.0, 0.0, 0.0, 0.0, 0.0, 0.0, 0.0, 0.0, 0.0, 0.0, 0.0, 0.0, 0.0, 0.0, 0.0, 0.0, 0.0, 0.0, 0.0]], "Born radii": [], "Atomic SASAs": [], "Solvent H bonds": [], "Total SASA": NaN, "Total FOD": 0.0, "FOD": [0.0, 0.0, 0.0, 0.0, 0.0, 0.0, 0.0, 0.0, 0.0, 0.0, 0.0, 0.0, 0.0, 0.0, 0.0, 0.0, 0.0, 0.0, 0.0, 0.0, 0.0, 0.0, 0.0, 0.0, 0.0, 0.0, 0.0, 0.0, 0.0, 0.0], "FOD s proportion": [0.0, 0.0, 0.0, 0.0, 0.0, 0.0, 0.0, 0.0, 0.0, 0.0, 0.0, 0.0, 0.0, 0.0, 0.0, 0.0, 0.0, 0.0, 0.0, 0.0, 0.0, 0.0, 0.0, 0.0, 0.0, 0.0, 0.0, 0.0, 0.0, 0.0], "FOD p proportion": [0.0, 0.0, 0.0, 0.0, 0.0, 0.0, 0.0, 0.0, 0.0, 0.0, 0.0, 0.0, 0.0, 0.0, 0.0, 0.0, 0.0, 0.0, 0.0, 0.0, 0.0, 0.0, 0.0, 0.0, 0.0, 0.0, 0.0, 0.0, 0.0, 0.0], "FOD d proportion": [0.0, 0.0, 0.0, 0.0, 0.0, 0.0, 0.0, 0.0, 0.0, 0.0, 0.0, 0.0, 0.0, 0.0, 0.0, 0.0, 0.0, 0.0, 0.0, 0.0, 0.0, 0.0, 0.0, 0.0, 0.0, 0.0, 0.0, 0.0, 0.0, 0.0], "coordinates": [["5.71325364406897", "-0.18634204127389", "0.81954091695968"], ["4.78624092245902", "0.05194029932154", "-0.08858226086306"], ["3.50311644478741", "-0.70473801407288", "-0.21178975540338"], ["2.29501488154086", "0.21502959701078", "-0.00888966682210"], ["0.97559762796921", "-0.54023984939580", "-0.14355419901454"], ["-0.23140698139376", "0.37156997227541", "0.06327035097194"], ["-1.55040184109949", "-0.38598978636648", "-0.06867968737411"], ["-2.75952636910320", "0.52273858305005", "0.13786067804025"], ["-4.07807433614876", "-0.23555397522244", "0.00547662867025"], ["-5.28115398960095", "0.67632711659357", "0.21227777928033"], ["5.60446661271418", "-0.97653476225590", "1.54481482628064"], ["6.62148241373660", "0.38931826094227", "0.87707466310132"], ["4.91866379155496", "0.85358181356733", "-0.80446544566816"], ["3.47609853933054", "-1.51203215930991", "0.52267823029881"], ["3.44273913244757", "-1.15058940575805", "-1.20921514987510"], ["2.35548935354906", "0.66882350443588", "0.98309568845856"], ["2.32773998965174", "1.02221560595501", "-0.74453905230800"], ["0.94598868175533", "-1.34886093740469", "0.59077555658612"], ["0.91859141217321", "-0.99443034907766", "-1.13594707123028"], ["-0.17393697954846", "0.82673731276601", "1.05493769141404"], ["-0.20408393069451", "1.17966987173438", "-0.67172890464610"], ["-1.60698976670505", "-0.84161875367116", "-1.06032254653093"], ["-1.57700049523694", "-1.19412455986323", "0.66637322361496"], ["-2.73361541230330", "1.33088910639389", "-0.59714478366823"], ["-2.70385370152082", "0.97778378699654", "1.12973564705887"], ["-4.10435249485289", "-1.04318818021040", "0.74073633340714"], ["-4.13385523364486", "-0.69044799220763", "-0.98626568947752"], ["-5.28357318971937", "1.47720847527628", "-0.52406271094598"], ["-5.25419441212627", "1.12420882585108", "1.20337797435731"], ["-6.20846331404002", "0.11664963392012", "0.11367873532728"]], "bond_dist": [[0.0, 1.3194009117645762, 2.493408065283176, 3.5400215623374445, 4.847492175124487, 6.018488260000926, 7.320484005262323, 8.529682551627268, 9.825234149683444, 11.04490678139111, 1.0780822779480463, 1.076835369750023, 2.0857160217636928, 2.6173354210813486, 3.193878567841448, 3.46880949383788, 3.920288310977312, 4.912290605702322, 5.240775315078104, 5.978357203932733, 6.253379742269006, 7.586121393977132, 7.3611745912405695, 8.698194386498628, 8.502888084751511, 9.85524153773998, 10.024001873461993, 11.202806409215635, 11.052139671904913, 11.946437988118433], [1.3194009117645762, 0.0, 1.4947075238562118, 2.4978303015846604, 3.8567734650040273, 5.030110618126792, 6.351788754779289, 7.5638304744984275, 8.869474901964745, 10.091224701527024, 2.096482834837857, 2.1010541437798467, 1.0828913463079188, 2.129817434308097, 2.122944375931279, 2.727194841879209, 2.7232224146256727, 4.143827749939994, 4.141325550381302, 5.148913779901701, 5.1492888962119485, 6.528102757221609, 6.527899873368149, 7.644775025216814, 7.644802297287038, 8.99609509895455, 8.995837445593814, 10.179498457665819, 10.179845909951943, 10.99675488754087], [2.493408065283176, 1.4947075238562118, 0.0, 1.5318780276065034, 2.53378513428189, 3.8962497564058, 5.065582690079256, 6.391373032179197, 7.5988020109035626, 8.90227955265307, 2.7523091499615413, 3.479481451464575, 2.1870984088486045, 1.091740365732941, 1.0942057854215776, 2.1520851306640805, 2.155852599406345, 2.7564302670011025, 2.76002862984541, 4.179801070225354, 4.184001879190782, 5.181884765915343, 5.178634717108491, 6.571841486877097, 6.569402439620135, 7.6743363317237465, 7.676154870399732, 9.058935898564208, 9.057496325764758, 9.751686460238588], [3.5400215623374445, 2.4978303015846604, 1.5318780276065034, 0.0, 1.5262464944852343, 2.532295280327723, 3.8925607145573005, 5.066024845800596, 6.389013861516057, 7.593421179208149, 3.8452950517649933, 4.419686712812976, 2.8149997080237807, 2.1587647732193758, 2.150108714021019, 1.0925296413700216, 1.0926116437700844, 2.1506333187011037, 2.1511841671622713, 2.7571068659053792, 2.759598084528644, 4.177039275906363, 4.1754279405877, 5.184429492175929, 5.183333740988753, 6.564827029951948, 6.565479762528141, 7.700227005743354, 7.6997896506070544, 8.504930514299492], [4.847492175124487, 3.8567734650040273, 2.53378513428189, 1.5262464944852343, 0.0, 1.5267723053542235, 2.531812116286139, 3.893618979096308, 5.065041361176944, 6.383854038390965, 4.946450373196696, 5.812209267467826, 4.234065808949288, 2.764190795005984, 2.755893148556448, 2.1529689586349345, 2.151915149372781, 1.0926961808431028, 1.0928780039259842, 2.150915894956339, 2.151442899162872, 2.757000380500614, 2.756683663953102, 4.179130216421681, 4.17899807117034, 5.180812679450983, 5.180659580341245, 6.587268310565372, 6.587482412502695, 7.218615116094202], [6.018488260000926, 5.030110618126792, 3.8962497564058, 2.532295280327723, 1.5267723053542235, 0.0, 1.5267793031290477, 2.5337330767640163, 3.8947129984250046, 5.06112882444238, 6.170071394561799, 6.90106408621751, 5.2448574617711845, 4.183851069995386, 4.175588364273531, 2.7616065906650866, 2.761363610983743, 2.150442932173519, 2.15094760718541, 1.0926500917772772, 1.0927011953705297, 2.1509337236018045, 2.150756691831025, 2.759979779429988, 2.7600427896653317, 4.178541340899376, 4.1783382364984165, 5.204976466948438, 5.205257362622681, 5.982702381678973], [7.320484005262323, 6.351788754779289, 5.065582690079256, 3.8925607145573005, 2.531812116286139, 1.5267793031290477, 0.0, 1.5265740388687727, 2.5332308096011387, 3.88921147457062, 7.358277686083899, 8.26288364519935, 6.6277242393646505, 5.184918676982481, 5.178502727711028, 4.180292877789107, 4.180886552820426, 2.7557154633393584, 2.757750400544183, 2.151250461003961, 2.1511695515077593, 1.0927742261273288, 1.0927452047435726, 2.1510329717343017, 2.150936741867803, 2.7585735381489833, 2.7584217048548463, 4.197076336987741, 4.197250284687181, 4.6886498767608025], [8.529682551627268, 7.5638304744984275, 6.391373032179197, 5.066024845800596, 3.893618979096308, 2.5337330767640163, 1.5265740388687727, 0.0, 1.526794642988708, 2.5273965258839324, 8.612997105484602, 9.411034166433499, 7.742870263011657, 6.570494237206945, 6.563744144618162, 5.186438939202213, 5.187329330729678, 4.175985924822272, 4.177671380524909, 2.760202522914861, 2.759942040418035, 2.1506870069297057, 2.1506538551536107, 1.0927084125257316, 1.0926946223516107, 2.1503820572699, 2.150409631778681, 2.778482985500534, 2.7785719725439, 3.472845958448049], [9.825234149683444, 8.869474901964745, 7.5988020109035626, 6.389013861516057, 5.065041361176944, 3.8947129984250046, 2.5332308096011387, 1.526794642988708, 0.0, 1.5237107645665082, 9.832101191494257, 10.753169908876682, 9.098544931398875, 7.678699231237385, 7.67303076922158, 6.569960380487294, 6.571070309902298, 5.179115410466781, 5.18125564066706, 4.1799664833528825, 4.1796252861830965, 2.758532462538445, 2.7588063057491916, 2.1504572286981625, 2.1504951100367387, 1.0925064686770471, 1.0925167737016697, 2.160369091150775, 2.160365927869517, 2.1620157897893875], [11.04490678139111, 10.091224701527024, 8.90227955265307, 7.593421179208149, 6.383854038390965, 5.06112882444238, 3.88921147457062, 2.5273965258839324, 1.5237107645665082, 0.0, 11.090732314402405, 11.92464181139277, 10.251900739953651, 9.031873372446176, 9.02577294929391, 7.6754503518544555, 7.676614154937794, 6.559112216672994, 6.560943819562118, 5.178451944587236, 5.177978575604923, 4.174105172503073, 4.174391603136273, 2.752011825323668, 2.7522866562582307, 2.149619281969231, 2.1496220784033233, 1.0879403112126138, 1.0879358625335733, 1.087595163317578], [1.0780822779480463, 2.096482834837857, 2.7523091499615413, 3.8452950517649933, 4.946450373196696, 6.170071394561799, 7.358277686083899, 8.612997105484602, 9.832101191494257, 11.090732314402405, 0.0, 1.829139837746584, 3.0559401150514582, 2.4210475705561283, 3.5054303341285897, 3.684913220978027, 4.469125370597505, 4.769720572743316, 5.398539709793651, 6.073032015302794, 6.5803908660569075, 7.668770838462857, 7.2382646257166146, 8.912676799715486, 8.545164607010538, 9.742286865222466, 10.065938932882565, 11.351234332844733, 11.065270986253024, 11.94941488480825], [1.076835369750023, 2.1010541437798467, 3.479481451464575, 4.419686712812976, 5.812209267467826, 6.90106408621751, 8.26288364519935, 9.411034166433499, 10.753169908876682, 11.92464181139277, 1.829139837746584, 0.0, 2.4377672250945324, 3.6924476935428565, 4.102234714644173, 4.276454188755736, 4.633186171061327, 5.942597345076996, 6.204029536868451, 6.8118055913519475, 7.0435647283445535, 8.542626546100351, 8.352652768557624, 9.51723352498059, 9.347300300658638, 10.821931312404669, 10.968829488152824, 12.036487859038212, 11.902866800299204, 12.855529117869777], [2.0857160217636928, 1.0828913463079188, 2.1870984088486045, 2.8149997080237807, 4.234065808949288, 5.2448574617711845, 6.6277242393646505, 7.742870263011657, 9.098544931398875, 10.251900739953651, 3.0559401150514582, 2.4377672250945324, 0.0, 3.0722034946039076, 2.5216816212180815, 3.1303951253284907, 2.5970973558618944, 4.751799559503981, 4.418779023855107, 5.421501938324615, 5.13483170481894, 6.747097315265219, 6.967791781443415, 7.6699531369154474, 7.865070433858581, 9.348807830527608, 9.185051990673506, 10.2251247096999, 10.372642778545963, 11.18923658694202], [2.6173354210813486, 2.129817434308097, 1.091740365732941, 2.1587647732193758, 2.764190795005984, 4.183851069995386, 5.184918676982481, 6.570494237206945, 7.678699231237385, 9.031873372446176, 2.4210475705561283, 3.6924476935428565, 3.0722034946039076, 0.0, 1.7695220807927055, 2.494770652610818, 3.057282900830086, 2.5362803443043855, 3.0918913678020297, 4.3675968296695205, 4.713343955263072, 5.36592324962438, 5.06512816679271, 6.920747955728274, 6.690254991622444, 7.598065667965873, 7.801494005861033, 9.314669879832323, 9.145005942680429, 9.829070315255974], [3.193878567841448, 2.122944375931279, 1.0942057854215776, 2.150108714021019, 2.755893148556448, 4.175588364273531, 5.178502727711028, 6.563744144618162, 7.67303076922158, 9.02577294929391, 3.5054303341285897, 4.102234714644173, 2.5216816212180815, 1.7695220807927055, 0.0, 3.0493609545887543, 2.4860065532920497, 3.084321798489932, 2.530034698595626, 4.702824166348295, 4.360999681038155, 5.061362842764657, 5.358872361435778, 6.684289132131041, 6.9123994925572685, 7.795667889364736, 7.593827675860133, 9.139107303896898, 9.307629432694409, 9.823525420045408], [3.46880949383788, 2.727194841879209, 2.1520851306640805, 1.0925296413700216, 2.1529689586349345, 2.7616065906650866, 4.180292877789107, 5.186438939202213, 6.569960380487294, 7.6754503518544555, 3.684913220978027, 4.276454188755736, 3.1303951253284907, 2.494770652610818, 3.0493609545887543, 0.0, 1.7636263215648467, 2.492319750053126, 3.053101913226529, 2.5353689315003343, 3.090440719758186, 4.707253411131893, 4.362953703721522, 5.369774495159432, 5.070888667930118, 6.687247473490978, 6.916472830123517, 7.828172790756668, 7.626479337808756, 8.625663285474257], [3.920288310977312, 2.7232224146256727, 2.155852599406345, 1.0926116437700844, 2.151915149372781, 2.761363610983743, 4.180886552820426, 5.187329330729678, 6.571070309902298, 7.676614154937794, 4.469125370597505, 4.633186171061327, 2.5970973558618944, 3.057282900830086, 2.4860065532920497, 1.7636263215648467, 0.0, 3.0519347561948433, 2.491136459256309, 3.087833540288605, 2.5377599427550517, 4.365283036746448, 4.706361167111806, 5.0729008373119715, 5.369526506897069, 6.916917630024128, 6.689085228737793, 7.628087351538518, 7.82882575055431, 8.626897144551986], [4.912290605702322, 4.143827749939994, 2.7564302670011025, 2.1506333187011037, 1.0926961808431028, 2.150442932173519, 2.7557154633393584, 4.175985924822272, 5.179115410466781, 6.559112216672994, 4.769720572743316, 5.942597345076996, 4.751799559503981, 2.5362803443043855, 3.084321798489932, 2.492319750053126, 3.0519347561948433, 0.0, 1.7629358144117366, 2.4905637354624264, 3.051237876879471, 3.082388446866918, 2.5288599686449604, 4.70443421901524, 4.3617775132926475, 5.061805020861631, 5.359606413069654, 6.9308710706935175, 6.703254893993236, 7.318574039501146], [5.240775315078104, 4.141325550381302, 2.76002862984541, 2.1511841671622713, 1.0928780039259842, 2.15094760718541, 2.757750400544183, 4.177671380524909, 5.18125564066706, 6.560943819562118, 5.398539709793651, 6.204029536868451, 4.418779023855107, 3.0918913678020297, 2.530034698595626, 3.053101913226529, 2.491136459256309, 1.7629358144117366, 0.0, 3.0512695689581637, 2.4905040055789693, 2.531329836969253, 3.0848363313737304, 4.3630302730819315, 4.705853310528365, 5.362302063523547, 5.0637957006745395, 6.704494514680701, 6.9328463458473335, 7.320585526818967], [5.978357203932733, 5.148913779901701, 4.179801070225354, 2.7571068659053792, 2.150915894956339, 1.0926500917772772, 2.151250461003961, 2.760202522914861, 4.1799664833528825, 5.178451944587236, 6.073032015302794, 6.8118055913519475, 5.421501938324615, 4.3675968296695205, 4.702824166348295, 2.5353689315003343, 3.087833540288605, 2.4905637354624264, 3.0512695689581637, 0.0, 1.7626252476897282, 3.051455083960108, 2.490673058219135, 3.0879603648043217, 2.5355252693794026, 4.363887024844048, 4.706305883696572, 5.387461109298173, 5.091123589146061, 6.148634077234912], [6.253379742269006, 5.1492888962119485, 4.184001879190782, 2.759598084528644, 2.151442899162872, 1.0927011953705297, 2.1511695515077593, 2.759942040418035, 4.1796252861830965, 5.177978575604923, 6.5803908660569075, 7.0435647283445535, 5.13483170481894, 4.713343955263072, 4.360999681038155, 3.090440719758186, 2.5377599427550517, 3.051237876879471, 2.4905040055789693, 1.7626252476897282, 0.0, 2.490935067483608, 3.0512812394690183, 2.535144880373311, 3.0878603319122746, 4.706192818018255, 4.363413423862012, 5.090338462018853, 5.387273671344654, 6.1481256465752105], [7.586121393977132, 6.528102757221609, 5.181884765915343, 4.177039275906363, 2.757000380500614, 2.1509337236018045, 1.0927742261273288, 2.1506870069297057, 2.758532462538445, 4.174105172503073, 7.668770838462857, 8.542626546100351, 6.747097315265219, 5.36592324962438, 5.061362842764657, 4.707253411131893, 4.365283036746448, 3.082388446866918, 2.531329836969253, 3.051455083960108, 2.490935067483608, 0.0, 1.7625657384738922, 2.4907045965699326, 3.0511786227288358, 3.085654536506178, 2.532466407518773, 4.379703185759664, 4.7213260686233145, 4.844596589942756], [7.3611745912405695, 6.527899873368149, 5.178634717108491, 4.1754279405877, 2.756683663953102, 2.150756691831025, 1.0927452047435726, 2.1506538551536107, 2.7588063057491916, 4.174391603136273, 7.2382646257166146, 8.352652768557624, 6.967791781443415, 5.06512816679271, 5.358872361435778, 4.362953703721522, 4.706361167111806, 2.5288599686449604, 3.0848363313737304, 2.490673058219135, 3.0512812394690183, 1.7625657384738922, 0.0, 3.051217762778417, 2.4903190058968776, 2.5329468594432463, 3.0858405038484817, 4.7214234123201, 4.380045535384914, 4.845002376307709], [8.698194386498628, 7.644775025216814, 6.571841486877097, 5.184429492175929, 4.179130216421681, 2.759979779429988, 2.1510329717343017, 1.0927084125257316, 2.1504572286981625, 2.752011825323668, 8.912676799715486, 9.51723352498059, 7.6699531369154474, 6.920747955728274, 6.684289132131041, 5.369774495159432, 5.0729008373119715, 4.70443421901524, 4.3630302730819315, 3.0879603648043217, 2.535144880373311, 2.4907045965699326, 3.051217762778417, 0.0, 1.7628627706215871, 3.0504243959937423, 2.489556246159403, 2.5551976466935438, 3.104499546606782, 3.7488952388503236], [8.502888084751511, 7.644802297287038, 6.569402439620135, 5.183333740988753, 4.17899807117034, 2.7600427896653317, 2.150936741867803, 1.0926946223516107, 2.1504951100367387, 2.7522866562582307, 8.545164607010538, 9.347300300658638, 7.865070433858581, 6.690254991622444, 6.9123994925572685, 5.070888667930118, 5.369526506897069, 4.3617775132926475, 4.705853310528365, 2.5355252693794026, 3.0878603319122746, 3.0511786227288358, 2.4903190058968776, 1.7628627706215871, 0.0, 2.489386476299409, 3.0504693585164238, 3.104742608654418, 2.555601929985379, 3.7491615347480236], [9.85524153773998, 8.99609509895455, 7.6743363317237465, 6.564827029951948, 5.180812679450983, 4.178541340899376, 2.7585735381489833, 2.1503820572699, 1.0925064686770471, 2.149619281969231, 9.742286865222466, 10.821931312404669, 9.348807830527608, 7.598065667965873, 7.795667889364736, 6.687247473490978, 6.916917630024128, 5.061805020861631, 5.362302063523547, 4.363887024844048, 4.706192818018255, 3.085654536506178, 2.5329468594432463, 3.0504243959937423, 2.489386476299409, 0.0, 1.7629044327121548, 3.0565793578420943, 2.49675459437732, 2.483084236552816], [10.024001873461993, 8.995837445593814, 7.676154870399732, 6.565479762528141, 5.180659580341245, 4.1783382364984165, 2.7584217048548463, 2.150409631778681, 1.0925167737016697, 2.1496220784033233, 10.065938932882565, 10.968829488152824, 9.185051990673506, 7.801494005861033, 7.593827675860133, 6.916472830123517, 6.689085228737793, 5.359606413069654, 5.0637957006745395, 4.706305883696572, 4.363413423862012, 2.532466407518773, 3.0858405038484817, 2.489556246159403, 3.0504693585164238, 1.7629044327121548, 0.0, 2.4968415113715965, 3.0565795616570135, 2.482998792388168], [11.202806409215635, 10.179498457665819, 9.058935898564208, 7.700227005743354, 6.587268310565372, 5.204976466948438, 4.197076336987741, 2.778482985500534, 2.160369091150775, 1.0879403112126138, 11.351234332844733, 12.036487859038212, 10.2251247096999, 9.314669879832323, 9.139107303896898, 7.828172790756668, 7.628087351538518, 6.9308710706935175, 6.704494514680701, 5.387461109298173, 5.090338462018853, 4.379703185759664, 4.7214234123201, 2.5551976466935438, 3.104742608654418, 3.0565793578420943, 2.4968415113715965, 0.0, 1.7633840155531295, 1.7644421937691792], [11.052139671904913, 10.179845909951943, 9.057496325764758, 7.6997896506070544, 6.587482412502695, 5.205257362622681, 4.197250284687181, 2.7785719725439, 2.160365927869517, 1.0879358625335733, 11.065270986253024, 11.902866800299204, 10.372642778545963, 9.145005942680429, 9.307629432694409, 7.626479337808756, 7.82882575055431, 6.703254893993236, 6.9328463458473335, 5.091123589146061, 5.387273671344654, 4.7213260686233145, 4.380045535384914, 3.104499546606782, 2.555601929985379, 2.49675459437732, 3.0565795616570135, 1.7633840155531295, 0.0, 1.7644401644563836], [11.946437988118433, 10.99675488754087, 9.751686460238588, 8.504930514299492, 7.218615116094202, 5.982702381678973, 4.6886498767608025, 3.472845958448049, 2.1620157897893875, 1.087595163317578, 11.94941488480825, 12.855529117869777, 11.18923658694202, 9.829070315255974, 9.823525420045408, 8.625663285474257, 8.626897144551986, 7.318574039501146, 7.320585526818967, 6.148634077234912, 6.1481256465752105, 4.844596589942756, 4.845002376307709, 3.7488952388503236, 3.7491615347480236, 2.483084236552816, 2.482998792388168, 1.7644421937691792, 1.7644401644563836, 0.0]]}