{"total energy": -25.26978202, "HOMO-LUMO gap/eV": 5.23808373, "electronic energy": -25.68023537, "dipole": [0.00727589, -0.00218893, 0.01807958], "partial charges": [-0.1024632, -0.04181939, -0.0467332, -0.05743153, -0.05481133, -0.05864156, -0.05271797, -0.10200553, 0.03697164, 0.04137954, 0.04172323, 0.02676643, 0.02719903, 0.03523485, 0.03173221, 0.02931393, 0.03018732, 0.02995188, 0.02976758, 0.02863668, 0.02847635, 0.03328267, 0.03273855, 0.0332618], "atomic dipole moments": [[-0.0522069, 0.02934582, -0.01557946], [0.13658181, -0.0128057, 0.05607187], [-0.13620249, 0.01444386, -0.05471308], [-0.01881926, -0.07318685, 0.06190557], [-0.00848605, 0.08505593, -0.07332468], [0.01167923, -0.08525694, 0.07422819], [-0.01097388, 0.08456495, -0.07312761], [0.08338626, -0.0415553, 0.02724697], [0.00265191, -0.12163905, -0.03195027], [0.097652, 0.05788298, -0.05458112], [0.01738458, 0.00905397, 0.12437291], [-0.01565866, 0.1410842, 0.03091902], [0.01566426, -0.14121858, -0.03054022], [-0.01737384, -0.01155325, -0.12178599], [0.00239865, 0.12090009, 0.02672814], [0.01639547, 0.01065574, 0.12175275], [-0.00121456, -0.1197479, -0.02610103], [0.00141619, 0.11928928, 0.02616004], [-0.01492351, -0.0105066, -0.12056976], [0.01438175, 0.010477, 0.12091709], [-0.00232083, -0.11918236, -0.02635965], [-0.00181058, 0.12019484, 0.02791131], [-0.09391829, -0.05472051, 0.05872998], [-0.01861244, -0.01129715, -0.1214293]], "atomic quadrupole moments": [[0.11932934, -0.09621824, -0.04134975, 0.07397954, -0.02602816, -0.0779796], [-0.06596137, -0.07769156, -0.24916787, -0.27503016, -0.23842746, 0.31512923], [-0.06035757, -0.07479992, -0.24990114, -0.27981562, -0.24185366, 0.31025871], [0.1899791, 0.01538855, -0.07746731, -0.04594543, -0.10832995, -0.1125118], [0.22127418, -0.0061359, -0.09491659, -0.04926253, -0.13026397, -0.12635759], [0.2214888, -0.01211305, -0.09648485, -0.04135275, -0.13231077, -0.12500395], [0.21840111, -0.01510525, -0.09439765, -0.03819586, -0.12443511, -0.12400346], [0.15298041, -0.12413312, -0.05828508, 0.07789217, -0.04608001, -0.09469532], [-0.03243402, 0.00118849, 0.07451248, 0.01133463, 0.03640905, -0.04207846], [0.02818955, 0.04364418, -0.00711645, -0.04545477, -0.03559911, -0.0210731], [-0.04320157, -0.00708665, -0.04273934, 0.01011181, 0.0149799, 0.0859409], [0.01682708, -0.00531421, 0.02906214, 0.03726296, 0.02446115, -0.04588923], [0.01430543, -0.00567083, 0.02974714, 0.03725346, 0.02430587, -0.04405257], [-0.0258418, 0.00608571, -0.03282896, 0.00919436, 0.01654117, 0.05867076], [-0.01892392, 0.00182488, 0.05197752, -0.00187001, 0.02850552, -0.03305361], [-0.01870438, 0.00181527, -0.03500913, 0.00823542, 0.01736882, 0.05371351], [-0.02079022, 0.00194812, 0.04977894, -0.00155496, 0.02881002, -0.02898872], [-0.02072518, 0.00264977, 0.05002615, -0.00145515, 0.02843964, -0.02930098], [-0.01995453, 0.00236835, -0.03542325, 0.00889583, 0.01744166, 0.05537778], [-0.01695554, 0.00239399, -0.03734586, 0.00817083, 0.01724761, 0.0543014], [-0.01829856, 0.00305176, 0.0492227, -0.00198449, 0.02884861, -0.03092414], [-0.0346692, 0.0044358, 0.07532833, 0.01233492, 0.03324703, -0.04065913], [0.0283663, 0.03863733, -0.01383059, -0.04344948, -0.04125555, -0.01453571], [-0.03656801, -0.01043035, -0.04471733, 0.01091499, 0.01876466, 0.08128534]], "number of molecular orbitals": 48, "number of electrons": 48, "number of unpaired electrons": 0, "orbital energies/eV": [-16.9370097, -16.79453644, -16.55705788, -16.16013704, -15.67735337, -15.13644382, -15.07524385, -14.65236394, -14.10287815, -13.6822069, -13.50027201, -13.31277852, -13.13369238, -13.02647553, -12.86117914, -12.37052733, -12.24804465, -12.18239483, -11.77952115, -11.71833023, -11.54246941, -11.41308114, -11.36015499, -10.38361761, -5.14553389, 1.72009192, 3.00275322, 3.15582061, 3.20930082, 3.56564654, 3.88809964, 4.3185802, 4.72259652, 4.81002173, 5.01750027, 5.06826478, 5.39932212, 5.56691234, 6.07611917, 6.12384721, 6.45065209, 6.62092986, 7.04615931, 7.41470029, 7.66396687, 8.57247368, 11.31441484, 17.69936167], "fractional occupation": [2.0, 2.0, 2.0, 2.0, 2.0, 2.0, 2.0, 2.0, 2.0, 2.0, 2.0, 2.0, 2.0, 2.0, 2.0, 2.0, 2.0, 2.0, 2.0, 2.0, 2.0, 2.0, 2.0, 2.0, 0.0, 0.0, 0.0, 0.0, 0.0, 0.0, 0.0, 0.0, 0.0, 0.0, 0.0, 0.0, 0.0, 0.0, 0.0, 0.0, 0.0, 0.0, 0.0, 0.0, 0.0, 0.0, 0.0, 0.0], "program call": "xtb /tmp/scratch/tmprt17jw09/5895_0_xyzopt.xyz --pop --wbo --acc 0.2 --gfn 2 --chrg 0 --uhf 0 --etemp 300 --input /tmp/scratch/tmprt17jw09/5895_0_xtb.inp", "method": "GFN2-xTB", "xtb version": "6.3.3 (7355c4f)", "Dipole module/D": 0.05, "Total charge": 0, "Transition dipole module/D": NaN, "HOMO": -10.3836, "LUMO": -5.1455, "HOMO occupancy": 2.0, "LUMO occupancy": 0, "mulliken charges": [-0.08011, -0.03779, -0.04799, -0.03993, -0.04292, -0.0479, -0.03917, -0.08563, 0.03072, 0.03493, 0.03511, 0.02242, 0.0229, 0.02891, 0.02496, 0.02356, 0.02348, 0.02288, 0.02257, 0.02236, 0.0222, 0.02762, 0.02924, 0.02758], "cm5 charges": [-0.2278, -0.10281, -0.11127, -0.14723, -0.15396, -0.15976, -0.15277, -0.23829, 0.08345, 0.08661, 0.08678, 0.07915, 0.08023, 0.0844, 0.08144, 0.07968, 0.07949, 0.07885, 0.0785, 0.07758, 0.0774, 0.07978, 0.0808, 0.07973], "FUKUI+": [0.049, -0.15, -0.145, 0.024, 0.001, 0.005, 0.003, 0.008, -0.065, -0.092, -0.092, -0.132, -0.13, -0.081, -0.054, -0.021, -0.028, -0.018, -0.02, -0.01, -0.012, -0.01, -0.02, -0.011], "FUKUI-": [0.022, -0.06, -0.054, 0.006, 0.001, 0.007, 0.003, 0.015, -0.049, -0.087, -0.088, -0.064, -0.063, -0.075, -0.044, -0.04, -0.038, -0.049, -0.051, -0.063, -0.065, -0.055, -0.056, -0.053], "FUKUIrad": [0.035, -0.105, -0.099, 0.015, 0.001, 0.006, 0.003, 0.012, -0.057, -0.09, -0.09, -0.098, -0.097, -0.078, -0.049, -0.03, -0.033, -0.033, -0.035, -0.036, -0.038, -0.032, -0.038, -0.032], "s proportion": [1.002, 1.06, 1.063, 1.026, 1.031, 1.03, 1.026, 1.005, 0.969, 0.965, 0.965, 0.978, 0.977, 0.971, 0.975, 0.976, 0.977, 0.977, 0.977, 0.978, 0.978, 0.972, 0.971, 0.972], "p proportion": [3.079, 2.977, 2.985, 3.014, 3.012, 3.017, 3.013, 3.081, 0.0, 0.0, 0.0, 0.0, 0.0, 0.0, 0.0, 0.0, 0.0, 0.0, 0.0, 0.0, 0.0, 0.0, 0.0, 0.0], "d proportion": [0.0, 0.0, 0.0, 0.0, 0.0, 0.0, 0.0, 0.0, 0.0, 0.0, 0.0, 0.0, 0.0, 0.0, 0.0, 0.0, 0.0, 0.0, 0.0, 0.0, 0.0, 0.0, 0.0, 0.0], "Fermi-level/eV": -7.7646, "Coordination numbers": [3.755, 2.887, 2.891, 3.806, 3.804, 3.803, 3.801, 3.752, 0.925, 0.925, 0.925, 0.925, 0.925, 0.924, 0.924, 0.924, 0.924, 0.924, 0.924, 0.924, 0.924, 0.925, 0.925, 0.925], "Dispersion coefficient C6": [22.512, 29.037, 29.159, 21.602, 21.556, 21.627, 21.521, 22.509, 2.49, 2.431, 2.426, 2.633, 2.626, 2.513, 2.562, 2.596, 2.584, 2.587, 2.59, 2.606, 2.608, 2.54, 2.548, 2.541], "Total dispersion C6": 4138.30413, "Total dispersion C8": 88459.431897, "Polarizability alpha": [6.765, 8.834, 8.853, 6.616, 6.61, 6.621, 6.605, 6.766, 2.467, 2.438, 2.436, 2.537, 2.534, 2.479, 2.503, 2.52, 2.514, 2.515, 2.517, 2.524, 2.526, 2.492, 2.496, 2.493], "Total polarizability alpha": 97.662486, "Wiberg matrix": [[0.0, 1.0374614436541736, 0.0, 0.0, 0.0, 0.0, 0.0, 0.0, 0.985909379104819, 0.9719591618109769, 0.971799187903574, 0.0, 0.0, 0.0, 0.0, 0.0, 0.0, 0.0, 0.0, 0.0, 0.0, 0.0, 0.0, 0.0], [1.0374614436541736, 0.0, 1.9280869252958244, 0.0, 0.0, 0.0, 0.0, 0.0, 0.0, 0.0, 0.0, 0.9654661260970241, 0.0, 0.0, 0.0, 0.0, 0.0, 0.0, 0.0, 0.0, 0.0, 0.0, 0.0, 0.0], [0.0, 1.9280869252958244, 0.0, 1.024808918884763, 0.0, 0.0, 0.0, 0.0, 0.0, 0.0, 0.0, 0.0, 0.9647639165853026, 0.0, 0.0, 0.0, 0.0, 0.0, 0.0, 0.0, 0.0, 0.0, 0.0, 0.0], [0.0, 0.0, 1.024808918884763, 0.0, 0.9912507643588859, 0.0, 0.0, 0.0, 0.0, 0.0, 0.0, 0.0, 0.0, 0.9639554960756886, 0.9758728598129767, 0.0, 0.0, 0.0, 0.0, 0.0, 0.0, 0.0, 0.0, 0.0], [0.0, 0.0, 0.0, 0.9912507643588859, 0.0, 1.0066327462795757, 0.0, 0.0, 0.0, 0.0, 0.0, 0.0, 0.0, 0.0, 0.0, 0.9785493688809643, 0.977821803625297, 0.0, 0.0, 0.0, 0.0, 0.0, 0.0, 0.0], [0.0, 0.0, 0.0, 0.0, 1.0066327462795757, 0.0, 1.0073360048543776, 0.0, 0.0, 0.0, 0.0, 0.0, 0.0, 0.0, 0.0, 0.0, 0.0, 0.9774690376720504, 0.9773797617023132, 0.0, 0.0, 0.0, 0.0, 0.0], [0.0, 0.0, 0.0, 0.0, 0.0, 1.0073360048543776, 0.0, 1.018999891306319, 0.0, 0.0, 0.0, 0.0, 0.0, 0.0, 0.0, 0.0, 0.0, 0.0, 0.0, 0.9786333472047886, 0.9786654683956924, 0.0, 0.0, 0.0], [0.0, 0.0, 0.0, 0.0, 0.0, 0.0, 1.018999891306319, 0.0, 0.0, 0.0, 0.0, 0.0, 0.0, 0.0, 0.0, 0.0, 0.0, 0.0, 0.0, 0.0, 0.0, 0.9880005138145497, 0.9875101286598239, 0.9880036448865929], [0.985909379104819, 0.0, 0.0, 0.0, 0.0, 0.0, 0.0, 0.0, 0.0, 0.0, 0.0, 0.0, 0.0, 0.0, 0.0, 0.0, 0.0, 0.0, 0.0, 0.0, 0.0, 0.0, 0.0, 0.0], [0.9719591618109769, 0.0, 0.0, 0.0, 0.0, 0.0, 0.0, 0.0, 0.0, 0.0, 0.0, 0.0, 0.0, 0.0, 0.0, 0.0, 0.0, 0.0, 0.0, 0.0, 0.0, 0.0, 0.0, 0.0], [0.971799187903574, 0.0, 0.0, 0.0, 0.0, 0.0, 0.0, 0.0, 0.0, 0.0, 0.0, 0.0, 0.0, 0.0, 0.0, 0.0, 0.0, 0.0, 0.0, 0.0, 0.0, 0.0, 0.0, 0.0], [0.0, 0.9654661260970241, 0.0, 0.0, 0.0, 0.0, 0.0, 0.0, 0.0, 0.0, 0.0, 0.0, 0.0, 0.0, 0.0, 0.0, 0.0, 0.0, 0.0, 0.0, 0.0, 0.0, 0.0, 0.0], [0.0, 0.0, 0.9647639165853026, 0.0, 0.0, 0.0, 0.0, 0.0, 0.0, 0.0, 0.0, 0.0, 0.0, 0.0, 0.0, 0.0, 0.0, 0.0, 0.0, 0.0, 0.0, 0.0, 0.0, 0.0], [0.0, 0.0, 0.0, 0.9639554960756886, 0.0, 0.0, 0.0, 0.0, 0.0, 0.0, 0.0, 0.0, 0.0, 0.0, 0.0, 0.0, 0.0, 0.0, 0.0, 0.0, 0.0, 0.0, 0.0, 0.0], [0.0, 0.0, 0.0, 0.9758728598129767, 0.0, 0.0, 0.0, 0.0, 0.0, 0.0, 0.0, 0.0, 0.0, 0.0, 0.0, 0.0, 0.0, 0.0, 0.0, 0.0, 0.0, 0.0, 0.0, 0.0], [0.0, 0.0, 0.0, 0.0, 0.9785493688809643, 0.0, 0.0, 0.0, 0.0, 0.0, 0.0, 0.0, 0.0, 0.0, 0.0, 0.0, 0.0, 0.0, 0.0, 0.0, 0.0, 0.0, 0.0, 0.0], [0.0, 0.0, 0.0, 0.0, 0.977821803625297, 0.0, 0.0, 0.0, 0.0, 0.0, 0.0, 0.0, 0.0, 0.0, 0.0, 0.0, 0.0, 0.0, 0.0, 0.0, 0.0, 0.0, 0.0, 0.0], [0.0, 0.0, 0.0, 0.0, 0.0, 0.9774690376720504, 0.0, 0.0, 0.0, 0.0, 0.0, 0.0, 0.0, 0.0, 0.0, 0.0, 0.0, 0.0, 0.0, 0.0, 0.0, 0.0, 0.0, 0.0], [0.0, 0.0, 0.0, 0.0, 0.0, 0.9773797617023132, 0.0, 0.0, 0.0, 0.0, 0.0, 0.0, 0.0, 0.0, 0.0, 0.0, 0.0, 0.0, 0.0, 0.0, 0.0, 0.0, 0.0, 0.0], [0.0, 0.0, 0.0, 0.0, 0.0, 0.0, 0.9786333472047886, 0.0, 0.0, 0.0, 0.0, 0.0, 0.0, 0.0, 0.0, 0.0, 0.0, 0.0, 0.0, 0.0, 0.0, 0.0, 0.0, 0.0], [0.0, 0.0, 0.0, 0.0, 0.0, 0.0, 0.9786654683956924, 0.0, 0.0, 0.0, 0.0, 0.0, 0.0, 0.0, 0.0, 0.0, 0.0, 0.0, 0.0, 0.0, 0.0, 0.0, 0.0, 0.0], [0.0, 0.0, 0.0, 0.0, 0.0, 0.0, 0.0, 0.9880005138145497, 0.0, 0.0, 0.0, 0.0, 0.0, 0.0, 0.0, 0.0, 0.0, 0.0, 0.0, 0.0, 0.0, 0.0, 0.0, 0.0], [0.0, 0.0, 0.0, 0.0, 0.0, 0.0, 0.0, 0.9875101286598239, 0.0, 0.0, 0.0, 0.0, 0.0, 0.0, 0.0, 0.0, 0.0, 0.0, 0.0, 0.0, 0.0, 0.0, 0.0, 0.0], [0.0, 0.0, 0.0, 0.0, 0.0, 0.0, 0.0, 0.9880036448865929, 0.0, 0.0, 0.0, 0.0, 0.0, 0.0, 0.0, 0.0, 0.0, 0.0, 0.0, 0.0, 0.0, 0.0, 0.0, 0.0]], "Born radii": [], "Atomic SASAs": [], "Solvent H bonds": [], "Total SASA": NaN, "Total FOD": 0.0, "FOD": [0.0, 0.0, 0.0, 0.0, 0.0, 0.0, 0.0, 0.0, 0.0, 0.0, 0.0, 0.0, 0.0, 0.0, 0.0, 0.0, 0.0, 0.0, 0.0, 0.0, 0.0, 0.0, 0.0, 0.0], "FOD s proportion": [0.0, 0.0, 0.0, 0.0, 0.0, 0.0, 0.0, 0.0, 0.0, 0.0, 0.0, 0.0, 0.0, 0.0, 0.0, 0.0, 0.0, 0.0, 0.0, 0.0, 0.0, 0.0, 0.0, 0.0], "FOD p proportion": [0.0, 0.0, 0.0, 0.0, 0.0, 0.0, 0.0, 0.0, 0.0, 0.0, 0.0, 0.0, 0.0, 0.0, 0.0, 0.0, 0.0, 0.0, 0.0, 0.0, 0.0, 0.0, 0.0, 0.0], "FOD d proportion": [0.0, 0.0, 0.0, 0.0, 0.0, 0.0, 0.0, 0.0, 0.0, 0.0, 0.0, 0.0, 0.0, 0.0, 0.0, 0.0, 0.0, 0.0, 0.0, 0.0, 0.0, 0.0, 0.0, 0.0], "coordinates": [["4.44113454608343", "-0.28332324391037", "0.54839997521211"], ["3.15005612395316", "0.34584214125980", "0.14135338762619"], ["2.16469070899599", "-0.28348917569094", "-0.47574366652822"], ["0.86691335799716", "0.34418774206448", "-0.87313280899249"], ["-0.31427620406737", "-0.32041996330459", "-0.15916084391414"], ["-1.64823383946500", "0.30156352392658", "-0.56280318632740"], ["-2.82850332582113", "-0.35583827420791", "0.14849944177609"], ["-4.15609366054966", "0.27307577695849", "-0.25637100758707"], ["4.46630408514541", "-1.33486907552660", "0.27320965938080"], ["5.27734331617544", "0.22573944897740", "0.06914005795714"], ["4.57879396494973", "-0.19857866210604", "1.62635342089694"], ["3.05118365116175", "1.39751826197301", "0.38084284759252"], ["2.26212775577199", "-1.33581524809659", "-0.71287819652484"], ["0.72977241742954", "0.23857770311653", "-1.95368852552687"], ["0.88294045194334", "1.41026269466047", "-0.63738702181919"], ["-0.17812449693468", "-0.22282171743060", "0.92051876751323"], ["-0.32484956591513", "-1.38706423899600", "-0.39588104816100"], ["-1.63511117813048", "1.36845371426263", "-0.32672421292607"], ["-1.77998673578021", "0.20474961486970", "-1.64343834678653"], ["-2.69620255046358", "-0.26077301102850", "1.22878011459523"], ["-2.84455540553052", "-1.42205399842250", "-0.08934037581597"], ["-4.16721817355335", "1.33246874410072", "-0.00894610986034"], ["-4.98277064521592", "-0.20873192008652", "0.26066812352620"], ["-4.31533359817993", "0.17134016263737", "-1.32781344530632"]], "bond_dist": [[0.0, 1.4927891674486582, 2.496210481883266, 3.897381504991837, 4.807904936872423, 6.2174972724017215, 7.280989881526449, 8.652720326123283, 1.087249673080382, 1.0899908259963385, 1.0900070599824552, 2.1875253253871176, 2.728851890007846, 4.506332912029929, 4.115224094168724, 4.63461831619332, 4.982420635710908, 6.35727705588199, 6.613979161512097, 7.169728479992538, 7.401668633331924, 8.776397606805673, 9.428591757980788, 8.966751361228106], [1.4927891674486582, 0.0, 1.3220482902431057, 2.4983846521109885, 3.540594932254322, 4.849884910967934, 6.019599618415357, 7.317329042206042, 2.13885131927757, 2.1318982667726716, 2.1314105489668513, 1.0831221677120446, 2.0847301891513452, 3.202886119989585, 2.6228307627594813, 3.465149855150357, 3.9200197595427824, 4.915552581176251, 5.245065417612929, 5.977392350992641, 6.254122141644928, 7.385020320711886, 8.152586071488864, 7.610581175367782], [2.496210481883266, 1.3220482902431057, 0.0, 1.4953670106020707, 2.4993730259228912, 3.8585307609987844, 5.032583881035161, 6.349031733760761, 2.6388927434510396, 3.20075277370366, 3.20217371338362, 2.084561392275302, 1.083105223912177, 2.1250565488147117, 2.1302130630721323, 2.7280052079032204, 2.724347029760667, 4.146036238460769, 4.142748861111154, 5.15113585769312, 5.1515224928688745, 6.551510516999551, 7.1856867995863425, 6.551611073354545], [3.897381504991837, 2.4983846521109885, 1.4953670106020707, 0.0, 1.531883856721513, 2.534578214136838, 3.8974188056085572, 5.06123023973665, 4.133877895895821, 4.511518654502182, 4.507780432005717, 2.7300177371365018, 2.189683722258873, 1.0943316565107153, 1.0919472278745255, 2.151927002316505, 2.1552961587574373, 2.758225863674516, 2.760234359490223, 4.1808863208958345, 4.184368631799179, 5.202499232762438, 5.984148029988933, 5.205025867520668], [4.807904936872423, 3.540594932254322, 2.4993730259228912, 1.531883856721513, 0.0, 1.5261826797643676, 2.5332286371151804, 3.888604939893456, 4.906118542699238, 5.622865840883977, 5.210090418740028, 3.81696682850003, 2.8240906244729405, 2.150080350867896, 2.158075638443691, 1.092598173293724, 1.0926473639489966, 2.1505759252168595, 2.1510904569884537, 2.7574464605645805, 2.760576983612776, 4.195207666566859, 4.688664087769012, 4.197146315675683], [6.2174972724017215, 4.849884910967934, 3.8585307609987844, 2.534578214136838, 1.5261826797643676, 0.0, 1.5268151863800528, 2.526672340076102, 6.384700710467265, 6.954762432539841, 6.619548635228658, 4.916920720978511, 4.2419876894284165, 2.755620256539845, 2.7643480050798948, 2.153240669106392, 2.1518997786611895, 1.092776355965858, 1.0929337165147985, 2.1504026418143507, 2.1508625445898724, 2.777553835575011, 3.47241157515063, 2.7777004775723557], [7.280989881526449, 6.019599618415357, 5.032583881035161, 3.8974188056085572, 2.5332286371151804, 1.5268151863800528, 0.0, 1.5237942975961911, 7.361268172767385, 8.127070834161135, 7.554921318125231, 6.139948008615122, 5.255173747270288, 4.175386313741284, 4.184679806318128, 2.7637321108056097, 2.7618941431142368, 2.150163994132045, 2.1505085117362874, 1.0924958725277423, 1.0925389780953645, 2.160399762390974, 2.162195591522853, 2.1605742532120433], [8.652720326123283, 7.317329042206042, 6.349031733760761, 5.06123023973665, 3.888604939893456, 2.526672340076102, 1.5237942975961911, 0.0, 8.787017993405206, 9.439170057562414, 8.947925514531404, 7.322244099130301, 6.63253309776774, 5.172404103098672, 5.179790736676722, 4.177944773970651, 4.177793584736598, 2.7495736170720204, 2.7521824768421483, 2.149872190959939, 2.1497666807613585, 1.0879596930194932, 1.0875950335538878, 1.0879781203239138], [1.087249673080382, 2.13885131927757, 2.6388927434510396, 4.133877895895821, 4.906118542699238, 6.384700710467265, 7.361268172767385, 8.787017993405206, 0.0, 1.7705727895936798, 1.770538877296939, 3.0789756913640822, 2.414697381821829, 4.625632842650944, 4.604935361029291, 4.819374986672231, 4.837929310984104, 6.700383792878654, 6.71268309329008, 7.305360946304559, 7.320362711724595, 9.040575729099182, 9.515952681835767, 9.052574310773268], [1.0899908259963385, 2.1318982667726716, 3.20075277370366, 4.511518654502182, 5.622865840883977, 6.954762432539841, 8.127070834161135, 9.439170057562414, 1.7705727895936798, 0.0, 1.7586729409442676, 2.53495780434029, 3.4844699020074734, 4.977188099524656, 4.605762951693466, 5.5396914974549984, 5.848242937260916, 7.017444801984435, 7.262180996626742, 8.072105866630887, 8.288882804023222, 9.509505187734884, 10.271094726034553, 9.694013036706771], [1.0900070599824552, 2.1314105489668513, 3.20217371338362, 4.507780432005717, 5.210090418740028, 6.619548635228658, 7.554921318125231, 8.947925514531404, 1.770538877296939, 1.7586729409442676, 0.0, 2.5362206627301025, 3.4831385182342545, 5.274729651753094, 4.623010328004102, 4.809060566957491, 5.43577502221296, 6.699456682412837, 7.161585292586716, 7.286117413972779, 7.7166451893853045, 9.02834641793228, 9.658608451245678, 9.379202893609643], [2.1875253253871176, 1.0831221677120446, 2.084561392275302, 2.7300177371365018, 3.81696682850003, 4.916920720978511, 6.139948008615122, 7.322244099130301, 3.0789756913640822, 2.53495780434029, 2.5362206627301025, 0.0, 3.047941437374397, 3.490290828446732, 2.3954609281897286, 3.653105920002587, 4.444637217787726, 4.739499458815837, 5.372207991793901, 6.041636839923287, 6.55215987440579, 7.229211006339342, 8.193833245066434, 7.660848219577365], [2.728851890007846, 2.0847301891513452, 1.083105223912177, 2.189683722258873, 2.8240906244729405, 4.2419876894284165, 5.255173747270288, 6.63253309776774, 2.414697381821829, 3.4844699020074734, 3.4831385182342545, 3.047941437374397, 0.0, 2.5231798034096355, 3.0738901418556623, 3.1403138853103694, 2.6068305111883427, 4.759270619302276, 4.424700199231322, 5.4323836604529445, 5.14533278280839, 6.996552645738083, 7.396395210249406, 6.775888182004601], [4.506332912029929, 3.202886119989585, 2.1250565488147117, 1.0943316565107153, 2.150080350867896, 2.755620256539845, 4.175386313741284, 5.172404103098672, 4.625632842650944, 4.977188099524656, 5.274729651753094, 3.490290828446732, 2.5231798034096355, 0.0, 1.7688854725134815, 3.0493005420519306, 2.4863031569473297, 3.084851227464447, 2.5290888715272484, 4.702633545334787, 4.359966864263222, 5.381369483785045, 6.143013064514381, 5.084224150411706], [4.115224094168724, 2.6228307627594813, 2.1302130630721323, 1.0919472278745255, 2.158075638443691, 2.7643480050798948, 4.184679806318128, 5.179790736676722, 4.604935361029291, 4.605762951693466, 4.623010328004102, 2.3954609281897286, 3.0738901418556623, 1.7688854725134815, 0.0, 2.4939715257371766, 3.0564881541257543, 2.537487612460146, 3.0913722294690458, 4.368661664903687, 4.713448667758738, 5.0897045121741575, 6.150952225631278, 5.388290154287235], [4.63461831619332, 3.465149855150357, 2.7280052079032204, 2.151927002316505, 1.092598173293724, 2.153240669106392, 2.7637321108056097, 4.177944773970651, 4.819374986672231, 5.5396914974549984, 4.809060566957491, 3.653105920002587, 3.1403138853103694, 3.0493005420519306, 2.4939715257371766, 0.0, 1.7634901104331222, 2.4921040790760594, 3.0533024678882734, 2.5371603107518568, 3.0931904796591265, 4.381289962880843, 4.849765561854826, 4.72513073621538], [4.982420635710908, 3.9200197595427824, 2.724347029760667, 2.1552961587574373, 1.0926473639489966, 2.1518997786611895, 2.7618941431142368, 4.177793584736598, 4.837929310984104, 5.848242937260916, 5.43577502221296, 4.444637217787726, 2.6068305111883427, 2.4863031569473297, 3.0564881541257543, 1.7634901104331222, 0.0, 3.0519579536808017, 2.491524581824461, 3.087291823150479, 2.538524962504479, 4.723280090106065, 4.849304346978479, 4.384185794835756], [6.35727705588199, 4.915552581176251, 4.146036238460769, 2.758225863674516, 2.1505759252168595, 1.092776355965858, 2.150163994132045, 2.7495736170720204, 6.700383792878654, 7.017444801984435, 6.699456682412837, 4.739499458815837, 4.759270619302276, 3.084851227464447, 2.537487612460146, 2.4921040790760594, 3.0519579536808017, 0.0, 1.7632164553610914, 2.489957496781841, 3.0505802267548368, 2.5522232812070027, 3.746914489241376, 3.101427530607197], [6.613979161512097, 5.245065417612929, 4.142748861111154, 2.760234359490223, 2.1510904569884537, 1.0929337165147985, 2.1505085117362874, 2.7521824768421483, 6.71268309329008, 7.262180996626742, 7.161585292586716, 5.372207991793901, 4.424700199231322, 2.5290888715272484, 3.0913722294690458, 3.0533024678882734, 2.491524581824461, 1.7632164553610914, 0.0, 3.050541201852758, 2.4889790983873916, 3.1051874733255573, 3.7489216050188148, 2.555135805121317], [7.169728479992538, 5.977392350992641, 5.15113585769312, 4.1808863208958345, 2.7574464605645805, 2.1504026418143507, 1.0924958725277423, 2.149872190959939, 7.305360946304559, 8.072105866630887, 7.286117413972779, 6.041636839923287, 5.4323836604529445, 4.702633545334787, 4.368661664903687, 2.5371603107518568, 3.087291823150479, 2.489957496781841, 3.050541201852758, 0.0, 1.7629587994423348, 2.496852510735558, 2.4836148562805422, 3.0568738565836693], [7.401668633331924, 6.254122141644928, 5.1515224928688745, 4.184368631799179, 2.760576983612776, 2.1508625445898724, 1.0925389780953645, 2.1497666807613585, 7.320362711724595, 8.288882804023222, 7.7166451893853045, 6.55215987440579, 5.14533278280839, 4.359966864263222, 4.713448667758738, 3.0931904796591265, 2.538524962504479, 3.0505802267548368, 2.4889790983873916, 1.7629587994423348, 0.0, 3.0566804829733187, 2.483268174525698, 2.4971802074190803], [8.776397606805673, 7.385020320711886, 6.551510516999551, 5.202499232762438, 4.195207666566859, 2.777553835575011, 2.160399762390974, 1.0879596930194932, 9.040575729099182, 9.509505187734884, 9.02834641793228, 7.229211006339342, 6.996552645738083, 5.381369483785045, 5.0897045121741575, 4.381289962880843, 4.723280090106065, 2.5522232812070027, 3.1051874733255573, 2.496852510735558, 3.0566804829733187, 0.0, 1.7644027760607068, 1.763396951967929], [9.428591757980788, 8.152586071488864, 7.1856867995863425, 5.984148029988933, 4.688664087769012, 3.47241157515063, 2.162195591522853, 1.0875950335538878, 9.515952681835767, 10.271094726034553, 9.658608451245678, 8.193833245066434, 7.396395210249406, 6.143013064514381, 6.150952225631278, 4.849765561854826, 4.849304346978479, 3.746914489241376, 3.7489216050188148, 2.4836148562805422, 2.483268174525698, 1.7644027760607068, 0.0, 1.7644264491167723], [8.966751361228106, 7.610581175367782, 6.551611073354545, 5.205025867520668, 4.197146315675683, 2.7777004775723557, 2.1605742532120433, 1.0879781203239138, 9.052574310773268, 9.694013036706771, 9.379202893609643, 7.660848219577365, 6.775888182004601, 5.084224150411706, 5.388290154287235, 4.72513073621538, 4.384185794835756, 3.101427530607197, 2.555135805121317, 3.0568738565836693, 2.4971802074190803, 1.763396951967929, 1.7644264491167723, 0.0]]}