{"total energy": -24.04931215, "HOMO-LUMO gap/eV": 11.91116585, "electronic energy": -24.35707485, "dipole": [-0.0038476, -0.64426574, 0.15300639], "partial charges": [-0.1029246, -0.05329783, -0.05998821, -0.06106734, -0.06494128, 0.08894023, -0.44264747, 0.0335528, 0.03431478, 0.03431479, 0.02916646, 0.02916646, 0.03354303, 0.033543, 0.02992569, 0.02992569, 0.04854513, 0.04854508, 0.0134132, 0.0134132, 0.2845572], "atomic dipole moments": [[0.07949127, -0.05440552, 0.02182447], [0.00242772, 0.11062871, -0.02607574], [0.00776025, -0.11478775, 0.02820292], [0.01106136, 0.10924303, -0.02478261], [0.01017559, -0.12773362, 0.03155558], [0.11382582, 0.17083577, -0.02798687], [-0.07392034, -0.22835789, 0.046138], [-0.10077643, -0.07120513, 0.00571566], [0.00743173, 0.047387, -0.11378498], [-0.01413056, 0.09341943, 0.07950419], [0.00961874, -0.09290824, -0.07850444], [-0.01160455, -0.0475997, 0.11174528], [-0.01020724, 0.09319066, 0.07854672], [0.01105289, 0.04780372, -0.11203089], [-0.01123983, -0.04790086, 0.11148851], [0.00990692, -0.09304498, -0.07807052], [-0.00536809, 0.09491162, 0.08049672], [0.0162724, 0.04871378, -0.1134854], [-0.00765837, -0.04358195, 0.10890508], [0.01308096, -0.08785554, -0.07699773], [0.05834195, -0.04678465, 0.01765068]], "atomic quadrupole moments": [[0.12365969, -0.14964436, -0.01364266, 0.06366253, -0.04382216, -0.11001703], [0.21757667, 0.00734531, 0.00182804, 0.04910689, -0.0563696, -0.21940471], [0.22426945, 0.00502357, 0.00666036, 0.0518459, -0.06085152, -0.23092981], [0.22344192, 0.01855626, 0.00089962, 0.04761512, -0.05601385, -0.22434154], [0.24606178, -0.0144392, 0.00143497, 0.06101993, -0.06627538, -0.24749675], [0.31433075, 0.20502307, 0.02491016, 0.02622979, -0.06842991, -0.33924092], [0.08027593, 0.11231728, 0.03864758, -0.00387319, -0.02639005, -0.11892352], [0.03895168, 0.05721778, 0.01471711, -0.00305573, -0.01041282, -0.05366879], [-0.03443856, -0.00517485, -0.03140267, -0.01921679, -0.04343027, 0.06584123], [-0.03930092, -0.01269593, 0.02287104, 0.005333, 0.06463308, 0.01642988], [-0.01746715, -0.00554506, 0.0075911, -0.00383141, 0.04922148, 0.00987605], [-0.01729369, 0.00343546, -0.03154333, -0.00678154, -0.0283014, 0.04883701], [-0.02006415, -0.00546281, 0.00894509, -0.00424223, 0.04860521, 0.01111906], [-0.01988623, 0.00339929, -0.02970473, -0.00718639, -0.02795827, 0.04959096], [-0.02026952, 0.00277746, -0.02989835, -0.00657306, -0.02745084, 0.05016787], [-0.02020529, -0.00626528, 0.00841723, -0.00472095, 0.04842193, 0.01178805], [-0.02420512, -0.00895697, 0.0114118, -0.00666858, 0.04642969, 0.01279332], [-0.02513095, 0.00076597, -0.02588202, -0.00465143, -0.02731663, 0.05101297], [-0.00881232, 0.01196681, -0.02708771, 2.847e-05, -0.02145839, 0.03590003], [-0.00618202, 0.00196895, 0.00361129, -0.00990145, 0.03902466, 0.00257072], [0.0843111, -0.07497414, -0.00269898, 0.03762735, -0.02985053, -0.08161212]], "number of molecular orbitals": 42, "number of electrons": 44, "number of unpaired electrons": 0, "orbital energies/eV": [-18.63347485, -17.15743814, -16.89767022, -16.4902991, -15.82634361, -15.55048884, -15.12701012, -14.96693447, -14.53525036, -14.02874102, -13.93144206, -13.2855047, -13.27530158, -13.08135537, -12.47383279, -12.37053857, -12.14631308, -11.76281406, -11.71704134, -11.59064529, -11.43906059, -11.07315951, 0.83800633, 2.32008694, 2.97526182, 3.09888885, 3.41776584, 3.62617361, 4.06176051, 4.08280662, 4.45008232, 4.83417681, 5.10848707, 5.27731946, 5.46442202, 6.08075046, 6.75033581, 6.81188418, 7.04967223, 7.46770898, 7.89544113, 8.63329056], "fractional occupation": [2.0, 2.0, 2.0, 2.0, 2.0, 2.0, 2.0, 2.0, 2.0, 2.0, 2.0, 2.0, 2.0, 2.0, 2.0, 2.0, 2.0, 2.0, 2.0, 2.0, 2.0, 2.0, 0.0, 0.0, 0.0, 0.0, 0.0, 0.0, 0.0, 0.0, 0.0, 0.0, 0.0, 0.0, 0.0, 0.0, 0.0, 0.0, 0.0, 0.0, 0.0, 0.0], "program call": "xtb /tmp/scratch/tmppzwu026s/5929_0_xyzopt.xyz --pop --wbo --acc 0.2 --gfn 2 --chrg 0 --uhf 0 --etemp 300 --input /tmp/scratch/tmppzwu026s/5929_0_xtb.inp", "method": "GFN2-xTB", "xtb version": "6.3.3 (7355c4f)", "Dipole module/D": 1.683, "Total charge": 0, "Transition dipole module/D": NaN, "HOMO": -11.0732, "LUMO": 0.838, "HOMO occupancy": 2.0, "LUMO occupancy": 0, "mulliken charges": [-0.08558, -0.03969, -0.04612, -0.05095, -0.05487, 0.2033, -0.56859, 0.02939, 0.02816, 0.02816, 0.02195, 0.02195, 0.02448, 0.02448, 0.02157, 0.02157, 0.03687, 0.03687, 0.00476, 0.00476, 0.33751], "cm5 charges": [-0.23828, -0.15331, -0.15811, -0.16257, -0.1637, 0.11789, -0.78627, 0.08096, 0.08033, 0.08033, 0.07716, 0.07716, 0.08051, 0.08051, 0.07758, 0.07758, 0.09514, 0.09514, 0.06619, 0.06619, 0.50955], "FUKUI+": [0.005, -0.017, -0.016, -0.026, -0.014, -0.017, -0.11, -0.063, -0.037, -0.037, -0.042, -0.042, -0.049, -0.049, -0.055, -0.055, -0.058, -0.058, -0.07, -0.07, -0.12], "FUKUI-": [0.02, 0.009, 0.015, 0.018, 0.014, 0.021, -0.113, -0.049, -0.07, -0.07, -0.089, -0.089, -0.069, -0.069, -0.048, -0.048, -0.064, -0.064, -0.101, -0.101, -0.054], "FUKUIrad": [0.013, -0.004, -0.0, -0.004, 0.0, 0.002, -0.112, -0.056, -0.054, -0.054, -0.066, -0.066, -0.059, -0.059, -0.051, -0.051, -0.061, -0.061, -0.085, -0.085, -0.087], "s proportion": [1.005, 1.026, 1.03, 1.03, 1.032, 0.987, 1.688, 0.971, 0.972, 0.972, 0.978, 0.978, 0.976, 0.976, 0.978, 0.978, 0.963, 0.963, 0.995, 0.995, 0.662], "p proportion": [3.081, 3.014, 3.016, 3.021, 3.023, 2.809, 4.881, 0.0, 0.0, 0.0, 0.0, 0.0, 0.0, 0.0, 0.0, 0.0, 0.0, 0.0, 0.0, 0.0, 0.0], "d proportion": [0.0, 0.0, 0.0, 0.0, 0.0, 0.0, 0.0, 0.0, 0.0, 0.0, 0.0, 0.0, 0.0, 0.0, 0.0, 0.0, 0.0, 0.0, 0.0, 0.0, 0.0], "Fermi-level/eV": -5.1176, "Coordination numbers": [3.752, 3.801, 3.803, 3.803, 3.802, 3.674, 1.656, 0.925, 0.925, 0.925, 0.924, 0.924, 0.924, 0.924, 0.924, 0.924, 0.924, 0.924, 0.923, 0.923, 0.805], "Dispersion coefficient C6": [22.526, 21.531, 21.652, 21.672, 21.745, 19.327, 21.694, 2.536, 2.526, 2.526, 2.598, 2.598, 2.537, 2.537, 2.588, 2.588, 2.338, 2.338, 2.836, 2.836, 0.769], "Total dispersion C6": 2916.155099, "Total dispersion C8": 60117.112205, "Polarizability alpha": [6.768, 6.606, 6.625, 6.628, 6.639, 6.3, 6.288, 2.491, 2.485, 2.485, 2.521, 2.521, 2.491, 2.491, 2.516, 2.516, 2.391, 2.391, 2.634, 2.634, 1.378], "Total polarizability alpha": 79.796141, "Wiberg matrix": [[0.0, 0.9892107406279288, 0.0, 0.0, 0.0, 0.0, 0.0, 0.0, 0.0, 0.0, 0.9825480786452568, 0.9651116892405899, 0.9609900137151363, 0.0, 0.0, 0.0, 0.0, 0.0, 0.0, 0.0, 0.0], [0.9892107406279288, 0.0, 1.7600842082086061, 1.1202205158278358, 0.0, 0.0, 0.0, 0.0, 0.0, 0.0, 0.0, 0.0, 0.0, 0.0, 0.0, 0.0, 0.0, 0.0, 0.0, 0.0, 0.0], [0.0, 1.7600842082086061, 0.0, 0.16881810397970776, 0.0, 0.0, 0.0, 0.0, 0.0, 0.0, 0.0, 0.0, 0.0, 0.0, 0.0, 0.0, 0.0, 0.0, 0.0, 0.0, 0.0], [0.0, 1.1202205158278358, 0.16881810397970776, 0.0, 0.9528153906469727, 0.0, 0.0, 0.0, 0.0, 0.0, 0.0, 0.0, 0.0, 0.0, 0.0, 0.0, 0.0, 0.0, 0.0, 0.0, 0.0], [0.0, 0.0, 0.0, 0.9528153906469727, 0.0, 0.9910357158510066, 0.0, 0.0, 0.0, 0.0, 0.0, 0.0, 0.0, 0.9667544634489017, 0.9644023337517087, 0.0, 0.0, 0.0, 0.0, 0.0, 0.0], [0.0, 0.0, 0.0, 0.0, 0.9910357158510066, 0.0, 0.9528153900531815, 0.0, 0.0, 0.0, 0.0, 0.0, 0.0, 0.0, 0.0, 0.9644021699823057, 0.9667544501440036, 0.0, 0.0, 0.0, 0.0], [0.0, 0.0, 0.0, 0.0, 0.0, 0.9528153900531815, 0.0, 1.1202212577246435, 0.0, 0.1688180870449601, 0.0, 0.0, 0.0, 0.0, 0.0, 0.0, 0.0, 0.0, 0.0, 0.0, 0.0], [0.0, 0.0, 0.0, 0.0, 0.0, 0.0, 1.1202212577246435, 0.0, 0.9892108970929379, 1.7600831097362575, 0.0, 0.0, 0.0, 0.0, 0.0, 0.0, 0.0, 0.0, 0.0, 0.0, 0.0], [0.0, 0.0, 0.0, 0.0, 0.0, 0.0, 0.0, 0.9892108970929379, 0.0, 0.0, 0.0, 0.0, 0.0, 0.0, 0.0, 0.0, 0.0, 0.9609901510651325, 0.9825480191929132, 0.9651115161856989, 0.0], [0.0, 0.0, 0.0, 0.0, 0.0, 0.0, 0.1688180870449601, 1.7600831097362575, 0.0, 0.0, 0.0, 0.0, 0.0, 0.0, 0.0, 0.0, 0.0, 0.0, 0.0, 0.0, 0.0], [0.9825480786452568, 0.0, 0.0, 0.0, 0.0, 0.0, 0.0, 0.0, 0.0, 0.0, 0.0, 0.0, 0.0, 0.0, 0.0, 0.0, 0.0, 0.0, 0.0, 0.0, 0.0], [0.9651116892405899, 0.0, 0.0, 0.0, 0.0, 0.0, 0.0, 0.0, 0.0, 0.0, 0.0, 0.0, 0.0, 0.0, 0.0, 0.0, 0.0, 0.0, 0.0, 0.0, 0.0], [0.9609900137151363, 0.0, 0.0, 0.0, 0.0, 0.0, 0.0, 0.0, 0.0, 0.0, 0.0, 0.0, 0.0, 0.0, 0.0, 0.0, 0.0, 0.0, 0.0, 0.0, 0.0], [0.0, 0.0, 0.0, 0.0, 0.9667544634489017, 0.0, 0.0, 0.0, 0.0, 0.0, 0.0, 0.0, 0.0, 0.0, 0.0, 0.0, 0.0, 0.0, 0.0, 0.0, 0.0], [0.0, 0.0, 0.0, 0.0, 0.9644023337517087, 0.0, 0.0, 0.0, 0.0, 0.0, 0.0, 0.0, 0.0, 0.0, 0.0, 0.0, 0.0, 0.0, 0.0, 0.0, 0.0], [0.0, 0.0, 0.0, 0.0, 0.0, 0.9644021699823057, 0.0, 0.0, 0.0, 0.0, 0.0, 0.0, 0.0, 0.0, 0.0, 0.0, 0.0, 0.0, 0.0, 0.0, 0.0], [0.0, 0.0, 0.0, 0.0, 0.0, 0.9667544501440036, 0.0, 0.0, 0.0, 0.0, 0.0, 0.0, 0.0, 0.0, 0.0, 0.0, 0.0, 0.0, 0.0, 0.0, 0.0], [0.0, 0.0, 0.0, 0.0, 0.0, 0.0, 0.0, 0.0, 0.9609901510651325, 0.0, 0.0, 0.0, 0.0, 0.0, 0.0, 0.0, 0.0, 0.0, 0.0, 0.0, 0.0], [0.0, 0.0, 0.0, 0.0, 0.0, 0.0, 0.0, 0.0, 0.9825480191929132, 0.0, 0.0, 0.0, 0.0, 0.0, 0.0, 0.0, 0.0, 0.0, 0.0, 0.0, 0.0], [0.0, 0.0, 0.0, 0.0, 0.0, 0.0, 0.0, 0.0, 0.9651115161856989, 0.0, 0.0, 0.0, 0.0, 0.0, 0.0, 0.0, 0.0, 0.0, 0.0, 0.0, 0.0], [0.0, 0.0, 0.0, 0.0, 0.0, 0.0, 0.0, 0.0, 0.0, 0.0, 0.0, 0.0, 0.0, 0.0, 0.0, 0.0, 0.0, 0.0, 0.0, 0.0, 0.0]], "Born radii": [], "Atomic SASAs": [], "Solvent H bonds": [], "Total SASA": NaN, "Total FOD": 0.0, "FOD": [0.0, 0.0, 0.0, 0.0, 0.0, 0.0, 0.0, 0.0, 0.0, 0.0, 0.0, 0.0, 0.0, 0.0, 0.0, 0.0, 0.0, 0.0, 0.0, 0.0, 0.0], "FOD s proportion": [0.0, 0.0, 0.0, 0.0, 0.0, 0.0, 0.0, 0.0, 0.0, 0.0, 0.0, 0.0, 0.0, 0.0, 0.0, 0.0, 0.0, 0.0, 0.0, 0.0, 0.0], "FOD p proportion": [0.0, 0.0, 0.0, 0.0, 0.0, 0.0, 0.0, 0.0, 0.0, 0.0, 0.0, 0.0, 0.0, 0.0, 0.0, 0.0, 0.0, 0.0, 0.0, 0.0, 0.0], "FOD d proportion": [0.0, 0.0, 0.0, 0.0, 0.0, 0.0, 0.0, 0.0, 0.0, 0.0, 0.0, 0.0, 0.0, 0.0, 0.0, 0.0, 0.0, 0.0, 0.0, 0.0, 0.0], "coordinates": [["-3.39100069218423", "0.34259851560088", "-0.64503842229172"], ["-2.14264453019958", "-0.46566506980622", "-0.31328794792408"], ["-0.87871760910264", "0.38881615054294", "-0.37578789069884"], ["0.37551734314479", "-0.41596737159964", "-0.04420694441008"], ["1.63495815831012", "0.44190827726826", "-0.10801246910237"], ["2.88942004125798", "-0.35923903301645", "0.22273197564964"], ["4.00505496722657", "0.50250414626982", "0.14196431473724"], ["-4.27840604569028", "-0.28411432214099", "-0.59477889597278"], ["-3.32059380335446", "0.75838590598277", "-1.64780242717816"], ["-3.51082298307142", "1.16449815250383", "0.05745396363503"], ["-2.05100237959911", "-1.29660474740662", "-1.01660984439727"], ["-2.24119840568210", "-0.89056465274453", "0.68834482907737"], ["-0.97029867247528", "1.21965504912634", "0.32737359928351"], ["-0.78014008824732", "0.81369711439862", "-1.37722439252184"], ["0.27735215046251", "-0.84150884538012", "0.95760217006608"], ["0.46754847747492", "-1.24754032756955", "-0.74731440678955"], ["1.56100409024818", "1.27156713633275", "0.59672538482558"], ["1.75102759538224", "0.86590728291862", "-1.10661707307701"], ["2.80366519837787", "-0.78241142646312", "1.23481618532797"], ["2.99583862604176", "-1.19265643441921", "-0.48778455896347"], ["4.80343856167946", "0.00673349960163", "0.34910285072476"]], "bond_dist": [[0.0, 1.5237261919069778, 2.5270928372500734, 3.8888402873474415, 5.055543657216684, 6.378815407051945, 7.439528374562008, 1.0875583949413798, 1.0878290001149822, 1.0878290062411986, 2.1495692910234236, 2.1495691644701322, 2.7522012228263235, 2.752203349678367, 4.174611321878573, 4.174614187232361, 5.18915324655231, 5.189158103868694, 6.570645798643034, 6.570650882213289, 8.261353210276699], [1.5237261919069778, 0.0, 1.5269432408081935, 2.532985129846672, 3.8905153225197777, 5.061651678167228, 6.240097384197565, 2.161868423115129, 2.1602764121275957, 2.1602763654823356, 1.0924837397581626, 1.0924837490404196, 2.1506152448712457, 2.150615426071417, 2.759131053440235, 2.7591330926598348, 4.190836802784524, 4.190839850541885, 5.192584577343679, 5.192588435304887, 6.993567923299317], [2.5270928372500734, 1.5269432408081935, 0.0, 1.52667211833225, 2.5284557172332507, 3.8880167103716423, 4.91245629842257, 3.4725601430825104, 2.778014062816153, 2.7780136378693383, 2.150708711733166, 2.1507086288399475, 1.0922986988740486, 1.0922986900332712, 2.1513079599910325, 2.1513081721334277, 2.770789299868788, 2.7707917790621286, 4.1863782279772215, 4.186380872542009, 5.74093655149655], [3.8888402873474415, 2.532985129846672, 1.52667211833225, 0.0, 1.525192755295569, 2.528671838539322, 3.748572132358552, 4.688231821235508, 4.196648865487646, 4.196647155084465, 2.7584574588774857, 2.7584553631096522, 2.150477517095359, 2.1504777059592044, 1.0928602165003172, 1.0928601989460145, 2.159617047923043, 2.159617180289304, 2.7687692967494986, 2.7687705983051836, 4.465406469629935], [5.055543657216684, 3.8905153225197777, 2.5284557172332507, 1.525192755295569, 0.0, 1.5247634296112402, 2.3840132414554227, 5.977618805037206, 5.198904350844076, 5.198901693930527, 4.175437918875226, 4.175435158658433, 2.753509437796458, 2.753511464746373, 2.150764548355091, 2.150764728841058, 1.0910813303168898, 1.0910813104870234, 2.1605609636406964, 2.1605611040618355, 3.2307274055966713], [6.378815407051945, 5.061651678167228, 3.8880167103716423, 2.528671838539322, 1.5247634296112402, 0.0, 1.4120077939362128, 7.214686310584887, 6.581204783830507, 6.581200696094134, 5.179034304379418, 5.179029628370394, 4.171484740612746, 4.171487879644424, 2.755996560354102, 2.755999101133576, 2.136372807117645, 2.136373036158871, 1.1003377732010229, 1.1003377781876504, 1.9527858021848108], [7.439528374562008, 6.240097384197565, 4.91245629842257, 3.748572132358552, 2.3840132414554227, 1.4120077939362128, 0.0, 8.35327992622573, 7.545453622900058, 7.545448921535994, 6.422999103344263, 6.422994126091881, 5.030191433768533, 5.030195534033254, 4.04566488019954, 4.045667370164171, 2.602239459160372, 2.602240710377463, 2.0709105767269644, 2.0709105875348017, 0.9623467519976181], [1.0875583949413798, 2.161868423115129, 3.4725601430825104, 4.688231821235508, 5.977618805037206, 7.214686310584887, 8.35327992622573, 0.0, 1.7643892922137994, 1.7643892889235413, 2.4828220439692545, 2.482821674181095, 3.7490348010106005, 3.7490366248239533, 4.84515308019739, 4.845156456292035, 6.1594267579946615, 6.15943163317382, 7.33153812455154, 7.331543637062867, 9.135393077452774], [1.0878290001149822, 2.1602764121275957, 2.778014062816153, 4.196648865487646, 5.198904350844076, 6.581204783830507, 7.545453622900058, 1.7643892922137994, 0.0, 1.7632395344930865, 2.4966483623747457, 3.056422152215493, 3.1045091013169372, 2.555421077086234, 4.721547565933001, 4.38002747355813, 5.397338053973231, 5.10154741682519, 6.941908585190287, 6.711894390091879, 8.39955438681444], [1.0878290062411986, 2.1602763654823356, 2.7780136378693383, 4.196647155084465, 5.198901693930527, 6.581200696094134, 7.545448921535994, 1.7643892889235413, 1.7632395344930865, 0.0, 3.0564222126523575, 2.496648350313847, 2.5554182956384315, 3.104511624401751, 4.380023026357878, 4.721548605858056, 5.101539698431121, 5.397340956052768, 6.711884959041369, 6.94190954195494, 8.399548981902166], [2.1495692910234236, 1.0924837397581626, 2.150708711733166, 2.7584574588774857, 4.175437918875226, 5.179034304379418, 6.422999103344263, 2.4828220439692545, 2.4966483623747457, 3.0564222126523575, 0.0, 1.7629275440057022, 3.0505368975194074, 2.489680253333282, 3.08639922494664, 2.5333822786304108, 4.71645503789654, 4.374927600906407, 5.375975374877394, 5.075535988494734, 7.109656979714835], [2.1495691644701322, 1.0924837490404196, 2.1507086288399475, 2.7584553631096522, 4.175435158658433, 5.179029628370394, 6.422994126091881, 2.482821674181095, 3.056422152215493, 2.496648350313847, 1.7629275440057022, 0.0, 2.4896814155164595, 3.0505369670123996, 2.53337776333669, 3.08639899412886, 4.374923064004895, 4.716455272186104, 5.075527248190713, 5.37597401906071, 7.1096511233672715], [2.7522012228263235, 2.1506152448712457, 1.0922986988740486, 2.150477517095359, 2.753509437796458, 4.171484740612746, 5.030191433768533, 3.7490348010106005, 3.1045091013169372, 2.5554182956384315, 3.0505368975194074, 2.4896814155164595, 0.0, 1.7625596289461558, 2.4904251097804613, 3.0511328656429852, 2.546122331260666, 3.0963015658435578, 4.367439240350247, 4.71317033293837, 5.899804445465498], [2.752203349678367, 2.150615426071417, 1.0922986900332712, 2.1504777059592044, 2.753511464746373, 4.171487879644424, 5.030195534033254, 3.7490366248239533, 2.555421077086234, 3.104511624401751, 2.489680253333282, 3.0505369670123996, 1.7625596289461558, 0.0, 3.051132852168963, 2.4904242890179895, 3.0963008162934136, 2.5461272681632856, 4.713170778466278, 4.367444679802877, 5.89980902795165], [4.174611321878573, 2.759131053440235, 2.1513079599910325, 1.0928602165003172, 2.150764548355091, 2.755996560354102, 4.04566488019954, 4.84515308019739, 4.721547565933001, 4.380023026357878, 3.08639922494664, 2.53337776333669, 2.4904251097804613, 3.051132852168963, 0.0, 1.7628887490068894, 2.49861650941733, 3.0574483210507837, 2.5421639859080036, 3.098808826573527, 4.644916005619663], [4.174614187232361, 2.7591330926598348, 2.1513081721334277, 1.0928601989460145, 2.150764728841058, 2.755999101133576, 4.045667370164171, 4.845156456292035, 4.38002747355813, 4.721548605858056, 2.5333822786304108, 3.08639899412886, 3.0511328656429852, 2.4904242890179895, 1.7628887490068894, 0.0, 3.057448372947361, 2.4986151873354943, 3.0988107255098654, 2.5421681807032557, 4.644919424317831], [5.18915324655231, 4.190836802784524, 2.770789299868788, 2.159617047923043, 1.0910813303168898, 2.136372807117645, 2.602239459160372, 6.1594267579946615, 5.397338053973231, 5.101539698431121, 4.71645503789654, 4.374923064004895, 2.546122331260666, 3.0963008162934136, 2.49861650941733, 3.057448372947361, 0.0, 1.761262154839263, 2.483987607813066, 3.0507883849806507, 3.4891979521842593], [5.189158103868694, 4.190839850541885, 2.7707917790621286, 2.159617180289304, 1.0910813104870234, 2.136373036158871, 2.602240710377463, 6.15943163317382, 5.10154741682519, 5.397340956052768, 4.374927600906407, 4.716455272186104, 3.0963015658435578, 2.5461272681632856, 3.0574483210507837, 2.4986151873354943, 1.761262154839263, 0.0, 3.050788454564366, 2.4839872706830537, 3.489199448822636], [6.570645798643034, 5.192584577343679, 4.1863782279772215, 2.7687692967494986, 2.1605609636406964, 1.1003377732010229, 2.0709105767269644, 7.33153812455154, 6.941908585190287, 6.711884959041369, 5.375975374877394, 5.075527248190713, 4.367439240350247, 4.713170778466278, 2.5421639859080036, 3.0988107255098654, 2.483987607813066, 3.050788454564366, 0.0, 1.7811751505919915, 2.3251518939626785], [6.570650882213289, 5.192588435304887, 4.186380872542009, 2.7687705983051836, 2.1605611040618355, 1.1003377781876504, 2.0709105875348017, 7.331543637062867, 6.711894390091879, 6.94190954195494, 5.075535988494734, 5.37597401906071, 4.71317033293837, 4.367444679802877, 3.098808826573527, 2.5421681807032557, 3.0507883849806507, 2.4839872706830537, 1.7811751505919915, 0.0, 2.3251525278231977], [8.261353210276699, 6.993567923299317, 5.74093655149655, 4.465406469629935, 3.2307274055966713, 1.9527858021848108, 0.9623467519976181, 9.135393077452774, 8.39955438681444, 8.399548981902166, 7.109656979714835, 7.1096511233672715, 5.899804445465498, 5.89980902795165, 4.644916005619663, 4.644919424317831, 3.4891979521842593, 3.489199448822636, 2.3251518939626785, 2.3251525278231977, 0.0]]}