{"total energy": -27.21370233, "HOMO-LUMO gap/eV": 11.85116193, "electronic energy": -27.56810024, "dipole": [-0.00986328, 0.671864, -0.00913516], "partial charges": [-0.10245746, -0.05338278, -0.05948636, -0.05938594, -0.06083504, -0.06505945, 0.08892202, -0.4426496, 0.03345861, 0.03333054, 0.03345862, 0.0295252, 0.02952515, 0.030423, 0.0304229, 0.03236263, 0.03236275, 0.03041909, 0.03041908, 0.04853702, 0.0485372, 0.01349163, 0.01349163, 0.28456955], "atomic dipole moments": [[0.08017861, -0.05576449, 0.00237453], [-0.00091533, 0.11358853, -0.00152921], [0.00583295, -0.1150518, 0.00164934], [0.00650689, 0.11661321, -0.00141817], [0.01126758, -0.11283293, 0.00173103], [0.00925988, 0.13151056, -0.00156029], [0.11551379, -0.17197752, 0.00464337], [-0.07594225, 0.23229091, -0.0046383], [-0.00262738, 0.07099901, -0.10086569], [-0.10014769, -0.07235172, -0.00107752], [-0.00669292, 0.07365345, 0.0987523], [-0.00159785, -0.07093639, 0.09940934], [0.00241202, -0.07355463, -0.09747133], [-0.00310382, 0.07359431, 0.09716339], [0.00089503, 0.07098296, -0.09913189], [0.0030061, -0.07381524, -0.09736261], [-0.00100192, -0.07119962, 0.09933164], [-0.00320443, 0.07367973, 0.0969975], [0.00079031, 0.07107217, -0.09897295], [0.00799041, -0.07499563, -0.09915266], [0.00390204, -0.07232896, 0.10135438], [0.00426157, 0.06633179, -0.09694415], [0.00034231, 0.06888816, 0.09523929], [0.05833911, 0.04999426, 0.00052496]], "atomic quadrupole moments": [[0.13112293, -0.15801325, -0.0048415, 0.00734832, -0.00483591, -0.12628143], [0.22306597, -0.00100967, 0.0154766, 0.00942021, -0.00340182, -0.23854257], [0.22602272, -0.00013504, 0.02100906, 0.00964395, -0.00357166, -0.24703178], [0.22825662, 0.00865207, 0.02018161, 0.00960354, -0.00339916, -0.24843823], [0.2291577, -0.00492999, 0.01428479, 0.0097041, -0.00353281, -0.24344249], [0.25162362, 0.0300428, 0.0181767, 0.0102371, -0.00322081, -0.26980033], [0.32456568, -0.19227067, 0.03353483, 0.01648843, -0.00913655, -0.35810051], [0.08408789, -0.11044323, 0.04052604, 0.00572888, -0.00445123, -0.12461393], [-0.03717244, -0.00660874, -0.00850392, -0.01186596, -0.05995914, 0.04567636], [0.03792644, 0.05707508, 0.0178055, 0.00114901, 0.00018426, -0.05573194], [-0.0380102, -0.00879944, -0.00528612, 0.00872597, 0.06101291, 0.04329632], [-0.01790205, 0.00112826, -0.01557455, -0.00078881, -0.04303349, 0.0334766], [-0.01788204, -0.00065702, -0.01325158, -0.00126355, 0.04428626, 0.03113362], [-0.02084623, -0.0007616, -0.01175816, -0.00136868, 0.043813, 0.0326044], [-0.02086848, 0.00100547, -0.01405646, -0.00086133, -0.0425651, 0.03492495], [-0.02036618, -0.00124991, -0.01197393, -0.00172019, 0.04361544, 0.03234011], [-0.02041738, 0.00051984, -0.01426216, -0.00046811, -0.04238981, 0.03467955], [-0.02089341, -0.00060585, -0.01203765, -0.00128389, 0.04341082, 0.03293106], [-0.0209081, 0.00114293, -0.01431427, -0.00096584, -0.04214115, 0.03522237], [-0.02540573, 0.0017083, -0.00833256, 0.00058012, 0.04227221, 0.0337383], [-0.02525611, 0.00335777, -0.01054786, -0.00309976, -0.04099231, 0.03580397], [-0.00751469, -0.00732964, -0.01502108, -0.00637595, -0.03413822, 0.02253577], [-0.00799335, -0.00857892, -0.01318766, 0.00537932, 0.03477104, 0.02118101], [0.08522857, 0.08268571, 0.00764783, 0.00253365, 0.00034888, -0.0928764]], "number of molecular orbitals": 48, "number of electrons": 50, "number of unpaired electrons": 0, "orbital energies/eV": [-18.63302707, -17.15776145, -16.93545245, -16.65210041, -16.153667, -15.58807071, -15.4431921, -15.10474322, -14.90651785, -14.53709158, -14.11073343, -13.90852157, -13.53223256, -13.44031691, -13.07904396, -12.75096514, -12.61130633, -12.38440157, -12.02486025, -11.95687641, -11.73284254, -11.57688446, -11.49154378, -11.40774079, -11.07255074, 0.77861119, 2.10673979, 2.89242037, 2.97017423, 3.30679283, 3.51630299, 3.7912001, 3.82989832, 4.09712665, 4.58937795, 4.85036041, 4.95589014, 4.98665825, 5.16248632, 5.93269749, 6.20084519, 6.29987108, 6.82914528, 7.21541602, 7.28658949, 7.4852866, 8.12255588, 8.69973218], "fractional occupation": [2.0, 2.0, 2.0, 2.0, 2.0, 2.0, 2.0, 2.0, 2.0, 2.0, 2.0, 2.0, 2.0, 2.0, 2.0, 2.0, 2.0, 2.0, 2.0, 2.0, 2.0, 2.0, 2.0, 2.0, 2.0, 0.0, 0.0, 0.0, 0.0, 0.0, 0.0, 0.0, 0.0, 0.0, 0.0, 0.0, 0.0, 0.0, 0.0, 0.0, 0.0, 0.0, 0.0, 0.0, 0.0, 0.0, 0.0, 0.0], "program call": "xtb /tmp/scratch/tmpv1m_24cc/5942_0_xyzopt.xyz --pop --wbo --acc 0.2 --gfn 2 --chrg 0 --uhf 0 --etemp 300 --input /tmp/scratch/tmpv1m_24cc/5942_0_xtb.inp", "method": "GFN2-xTB", "xtb version": "6.3.3 (7355c4f)", "Dipole module/D": 1.708, "Total charge": 0, "Transition dipole module/D": NaN, "HOMO": -11.0726, "LUMO": 0.7786, "HOMO occupancy": 2.0, "LUMO occupancy": 0, "mulliken charges": [-0.08566, -0.03927, -0.04767, -0.04472, -0.05078, -0.05492, 0.20333, -0.56857, 0.02755, 0.02958, 0.02755, 0.02265, 0.02265, 0.02251, 0.02251, 0.0244, 0.0244, 0.02176, 0.02176, 0.03689, 0.03689, 0.00482, 0.00482, 0.33754], "cm5 charges": [-0.23833, -0.15291, -0.15963, -0.15668, -0.16242, -0.16375, 0.11792, -0.78625, 0.07971, 0.08115, 0.07971, 0.07788, 0.07788, 0.07847, 0.07847, 0.08043, 0.08043, 0.07778, 0.07778, 0.09516, 0.09516, 0.06625, 0.06625, 0.50956], "FUKUI+": [0.006, -0.015, -0.016, -0.016, -0.022, -0.012, -0.016, -0.098, -0.032, -0.055, -0.032, -0.037, -0.037, -0.043, -0.043, -0.047, -0.047, -0.05, -0.05, -0.052, -0.052, -0.063, -0.063, -0.107], "FUKUI-": [0.02, 0.009, 0.014, 0.014, 0.015, 0.012, 0.02, -0.105, -0.061, -0.044, -0.061, -0.082, -0.082, -0.069, -0.069, -0.047, -0.047, -0.039, -0.039, -0.061, -0.061, -0.094, -0.094, -0.05], "FUKUIrad": [0.013, -0.003, -0.001, -0.001, -0.004, 0.0, 0.002, -0.101, -0.046, -0.05, -0.046, -0.06, -0.06, -0.056, -0.056, -0.047, -0.047, -0.045, -0.045, -0.056, -0.056, -0.078, -0.078, -0.078], "s proportion": [1.005, 1.026, 1.03, 1.03, 1.03, 1.032, 0.987, 1.688, 0.972, 0.97, 0.972, 0.977, 0.977, 0.977, 0.977, 0.976, 0.976, 0.978, 0.978, 0.963, 0.963, 0.995, 0.995, 0.662], "p proportion": [3.081, 3.013, 3.017, 3.015, 3.02, 3.023, 2.809, 4.881, 0.0, 0.0, 0.0, 0.0, 0.0, 0.0, 0.0, 0.0, 0.0, 0.0, 0.0, 0.0, 0.0, 0.0, 0.0, 0.0], "d proportion": [0.0, 0.0, 0.0, 0.0, 0.0, 0.0, 0.0, 0.0, 0.0, 0.0, 0.0, 0.0, 0.0, 0.0, 0.0, 0.0, 0.0, 0.0, 0.0, 0.0, 0.0, 0.0, 0.0, 0.0], "Fermi-level/eV": -5.147, "Coordination numbers": [3.752, 3.801, 3.803, 3.803, 3.803, 3.802, 3.674, 1.656, 0.925, 0.925, 0.925, 0.924, 0.924, 0.924, 0.924, 0.924, 0.924, 0.924, 0.924, 0.924, 0.924, 0.923, 0.923, 0.805], "Dispersion coefficient C6": [22.517, 21.533, 21.643, 21.641, 21.668, 21.747, 19.327, 21.694, 2.538, 2.54, 2.538, 2.593, 2.593, 2.58, 2.58, 2.553, 2.553, 2.581, 2.581, 2.338, 2.338, 2.835, 2.835, 0.769], "Total dispersion C6": 3826.963508, "Total dispersion C8": 79159.062031, "Polarizability alpha": [6.767, 6.607, 6.623, 6.623, 6.627, 6.639, 6.3, 6.288, 2.491, 2.492, 2.491, 2.518, 2.518, 2.512, 2.512, 2.499, 2.499, 2.512, 2.512, 2.391, 2.391, 2.633, 2.633, 1.378], "Total polarizability alpha": 91.45703, "Wiberg matrix": [[0.0, 1.0191486191846806, 0.0, 0.0, 0.0, 0.0, 0.0, 0.0, 0.987988603203319, 0.9874949059821314, 0.9879885793830527, 0.0, 0.0, 0.0, 0.0, 0.0, 0.0, 0.0, 0.0, 0.0, 0.0, 0.0, 0.0, 0.0], [1.0191486191846806, 0.0, 1.0077426563072718, 0.0, 0.0, 0.0, 0.0, 0.0, 0.0, 0.0, 0.0, 0.9785855777800749, 0.978585658465068, 0.0, 0.0, 0.0, 0.0, 0.0, 0.0, 0.0, 0.0, 0.0, 0.0, 0.0], [0.0, 1.0077426563072718, 0.0, 1.0071022808509782, 0.0, 0.0, 0.0, 0.0, 0.0, 0.0, 0.0, 0.0, 0.0, 0.9774552690809531, 0.9774554217610323, 0.0, 0.0, 0.0, 0.0, 0.0, 0.0, 0.0, 0.0, 0.0], [0.0, 0.0, 1.0071022808509782, 0.0, 1.0070059182924858, 0.0, 0.0, 0.0, 0.0, 0.0, 0.0, 0.0, 0.0, 0.0, 0.0, 0.9773632946582522, 0.9773631006920818, 0.0, 0.0, 0.0, 0.0, 0.0, 0.0, 0.0], [0.0, 0.0, 0.0, 1.0070059182924858, 0.0, 1.0071823754953255, 0.0, 0.0, 0.0, 0.0, 0.0, 0.0, 0.0, 0.0, 0.0, 0.0, 0.0, 0.9772583395555876, 0.9772585336320083, 0.0, 0.0, 0.0, 0.0, 0.0], [0.0, 0.0, 0.0, 0.0, 1.0071823754953255, 0.0, 1.00395533185304, 0.0, 0.0, 0.0, 0.0, 0.0, 0.0, 0.0, 0.0, 0.0, 0.0, 0.0, 0.0, 0.9758713693485134, 0.9758712166935626, 0.0, 0.0, 0.0], [0.0, 0.0, 0.0, 0.0, 0.0, 1.00395533185304, 0.0, 0.9939630131629046, 0.0, 0.0, 0.0, 0.0, 0.0, 0.0, 0.0, 0.0, 0.0, 0.0, 0.0, 0.0, 0.0, 0.9716812393470258, 0.9716812225441949, 0.0], [0.0, 0.0, 0.0, 0.0, 0.0, 0.0, 0.9939630131629046, 0.0, 0.0, 0.0, 0.0, 0.0, 0.0, 0.0, 0.0, 0.0, 0.0, 0.0, 0.0, 0.0, 0.0, 0.0, 0.0, 0.9053508453757785], [0.987988603203319, 0.0, 0.0, 0.0, 0.0, 0.0, 0.0, 0.0, 0.0, 0.0, 0.0, 0.0, 0.0, 0.0, 0.0, 0.0, 0.0, 0.0, 0.0, 0.0, 0.0, 0.0, 0.0, 0.0], [0.9874949059821314, 0.0, 0.0, 0.0, 0.0, 0.0, 0.0, 0.0, 0.0, 0.0, 0.0, 0.0, 0.0, 0.0, 0.0, 0.0, 0.0, 0.0, 0.0, 0.0, 0.0, 0.0, 0.0, 0.0], [0.9879885793830527, 0.0, 0.0, 0.0, 0.0, 0.0, 0.0, 0.0, 0.0, 0.0, 0.0, 0.0, 0.0, 0.0, 0.0, 0.0, 0.0, 0.0, 0.0, 0.0, 0.0, 0.0, 0.0, 0.0], [0.0, 0.9785855777800749, 0.0, 0.0, 0.0, 0.0, 0.0, 0.0, 0.0, 0.0, 0.0, 0.0, 0.0, 0.0, 0.0, 0.0, 0.0, 0.0, 0.0, 0.0, 0.0, 0.0, 0.0, 0.0], [0.0, 0.978585658465068, 0.0, 0.0, 0.0, 0.0, 0.0, 0.0, 0.0, 0.0, 0.0, 0.0, 0.0, 0.0, 0.0, 0.0, 0.0, 0.0, 0.0, 0.0, 0.0, 0.0, 0.0, 0.0], [0.0, 0.0, 0.9774552690809531, 0.0, 0.0, 0.0, 0.0, 0.0, 0.0, 0.0, 0.0, 0.0, 0.0, 0.0, 0.0, 0.0, 0.0, 0.0, 0.0, 0.0, 0.0, 0.0, 0.0, 0.0], [0.0, 0.0, 0.9774554217610323, 0.0, 0.0, 0.0, 0.0, 0.0, 0.0, 0.0, 0.0, 0.0, 0.0, 0.0, 0.0, 0.0, 0.0, 0.0, 0.0, 0.0, 0.0, 0.0, 0.0, 0.0], [0.0, 0.0, 0.0, 0.9773632946582522, 0.0, 0.0, 0.0, 0.0, 0.0, 0.0, 0.0, 0.0, 0.0, 0.0, 0.0, 0.0, 0.0, 0.0, 0.0, 0.0, 0.0, 0.0, 0.0, 0.0], [0.0, 0.0, 0.0, 0.9773631006920818, 0.0, 0.0, 0.0, 0.0, 0.0, 0.0, 0.0, 0.0, 0.0, 0.0, 0.0, 0.0, 0.0, 0.0, 0.0, 0.0, 0.0, 0.0, 0.0, 0.0], [0.0, 0.0, 0.0, 0.0, 0.9772583395555876, 0.0, 0.0, 0.0, 0.0, 0.0, 0.0, 0.0, 0.0, 0.0, 0.0, 0.0, 0.0, 0.0, 0.0, 0.0, 0.0, 0.0, 0.0, 0.0], [0.0, 0.0, 0.0, 0.0, 0.9772585336320083, 0.0, 0.0, 0.0, 0.0, 0.0, 0.0, 0.0, 0.0, 0.0, 0.0, 0.0, 0.0, 0.0, 0.0, 0.0, 0.0, 0.0, 0.0, 0.0], [0.0, 0.0, 0.0, 0.0, 0.0, 0.9758713693485134, 0.0, 0.0, 0.0, 0.0, 0.0, 0.0, 0.0, 0.0, 0.0, 0.0, 0.0, 0.0, 0.0, 0.0, 0.0, 0.0, 0.0, 0.0], [0.0, 0.0, 0.0, 0.0, 0.0, 0.9758712166935626, 0.0, 0.0, 0.0, 0.0, 0.0, 0.0, 0.0, 0.0, 0.0, 0.0, 0.0, 0.0, 0.0, 0.0, 0.0, 0.0, 0.0, 0.0], [0.0, 0.0, 0.0, 0.0, 0.0, 0.0, 0.9716812393470258, 0.0, 0.0, 0.0, 0.0, 0.0, 0.0, 0.0, 0.0, 0.0, 0.0, 0.0, 0.0, 0.0, 0.0, 0.0, 0.0, 0.0], [0.0, 0.0, 0.0, 0.0, 0.0, 0.0, 0.9716812225441949, 0.0, 0.0, 0.0, 0.0, 0.0, 0.0, 0.0, 0.0, 0.0, 0.0, 0.0, 0.0, 0.0, 0.0, 0.0, 0.0, 0.0], [0.0, 0.0, 0.0, 0.0, 0.0, 0.0, 0.0, 0.9053508453757785, 0.0, 0.0, 0.0, 0.0, 0.0, 0.0, 0.0, 0.0, 0.0, 0.0, 0.0, 0.0, 0.0, 0.0, 0.0, 0.0]], "Born radii": [], "Atomic SASAs": [], "Solvent H bonds": [], "Total SASA": NaN, "Total FOD": 0.0, "FOD": [0.0, 0.0, 0.0, 0.0, 0.0, 0.0, 0.0, 0.0, 0.0, 0.0, 0.0, 0.0, 0.0, 0.0, 0.0, 0.0, 0.0, 0.0, 0.0, 0.0, 0.0, 0.0, 0.0, 0.0], "FOD s proportion": [0.0, 0.0, 0.0, 0.0, 0.0, 0.0, 0.0, 0.0, 0.0, 0.0, 0.0, 0.0, 0.0, 0.0, 0.0, 0.0, 0.0, 0.0, 0.0, 0.0, 0.0, 0.0, 0.0, 0.0], "FOD p proportion": [0.0, 0.0, 0.0, 0.0, 0.0, 0.0, 0.0, 0.0, 0.0, 0.0, 0.0, 0.0, 0.0, 0.0, 0.0, 0.0, 0.0, 0.0, 0.0, 0.0, 0.0, 0.0, 0.0, 0.0], "FOD d proportion": [0.0, 0.0, 0.0, 0.0, 0.0, 0.0, 0.0, 0.0, 0.0, 0.0, 0.0, 0.0, 0.0, 0.0, 0.0, 0.0, 0.0, 0.0, 0.0, 0.0, 0.0, 0.0, 0.0, 0.0], "coordinates": [["-4.04441481018499", "0.29639804690062", "0.10179773411591"], ["-2.77403451294554", "-0.54423336195893", "0.13885015155087"], ["-1.51791180285902", "0.32361418466781", "0.15289329737828"], ["-0.24095919937191", "-0.51250895582886", "0.19003113055955"], ["1.01384388148269", "0.35715965610582", "0.20403665190226"], ["2.28644946640509", "-0.48269768043873", "0.24115391228105"], ["3.54213366842717", "0.38214125162114", "0.25525665018292"], ["4.66977517369539", "-0.46696619233267", "0.28954791535271"], ["-4.06261620939140", "0.92095074956018", "-0.78883499887270"], ["-4.92592778525663", "-0.34050050508228", "0.09231369864551"], ["-4.09852009742187", "0.94439318936672", "0.97403565041814"], ["-2.78391353726986", "-1.17771485183849", "1.02874700276503"], ["-2.74802055134395", "-1.20115062430318", "-0.73355784957707"], ["-1.54462072191278", "0.98104470149200", "1.02529072885264"], ["-1.50871913626829", "0.95759976014993", "-0.73704109065955"], ["-0.21409094163756", "-1.16970471660883", "-0.68207239922062"], ["-0.24998978526015", "-1.14627760672195", "1.07966509840436"], ["0.98800977296300", "1.01469974885318", "1.07650329294994"], ["1.02393592602293", "0.99124886753491", "-0.68593710408708"], ["2.32991807403169", "-1.13806399824151", "-0.63010327063461"], ["2.29401781490468", "-1.11464810897847", "1.13057232731490"], ["3.56640054980952", "1.01635324065339", "-0.64355881856235"], ["3.53008642209695", "1.04004002287478", "1.13713362350447"], ["5.46916834128483", "0.06882618255341", "0.29872566543545"]], "bond_dist": [[0.0, 1.5237782472568504, 2.5271661838445114, 3.8895231397612577, 5.0596566841333175, 6.380145200961782, 7.58858480577299, 8.749576113587208, 1.0879448673545882, 1.0875637166007206, 1.0879448834393692, 2.1496760788311393, 2.1496764984963006, 2.7514633991263033, 2.7514706668024584, 4.175558721545085, 4.175547735743375, 5.176031824334364, 5.1760528420287795, 6.574608745660405, 6.574584135930882, 7.681041746765888, 7.681015083315966, 9.518341974498853], [1.5237782472568504, 0.0, 1.5268270487929816, 2.5337909295742493, 3.8941984263542766, 5.061892018289613, 6.38480233781708, 7.4457358724605776, 2.16051082093558, 2.1620169689060873, 2.1605105624170124, 1.0923885750695603, 1.0923885463497505, 2.15028099036225, 2.1502816553419346, 2.760152049821496, 2.7601434426912714, 4.178808809541179, 4.178822698970669, 5.1955996959148125, 5.19557891436051, 6.576375226960552, 6.576354066799414, 8.267514468148772], [2.5271661838445114, 1.5268270487929816, 0.0, 1.526790449367536, 2.5324943803614897, 3.8898706182894345, 5.061419153265953, 6.239484108236275, 2.778341892629937, 3.472649009790945, 2.7783413229114577, 2.1503183440197615, 2.1503187883925388, 1.0927056004486306, 1.0927055550562148, 2.1510736606548897, 2.1510727770775473, 2.758676788809376, 2.758688527001901, 4.189914258956361, 4.189900013328072, 5.192731022513299, 5.192714230571732, 6.993244808119036], [3.8895231397612577, 2.5337909295742493, 1.526790449367536, 0.0, 1.5267777902938824, 2.5281014249424416, 3.887987269589849, 4.911953767757503, 4.19738584461267, 4.689143445700375, 4.197380496214061, 2.7590867987450802, 2.7590941582955755, 2.151254166571405, 2.1512549355556247, 1.0923336202442342, 1.0923336720433152, 2.1514097836794397, 2.1514106111305913, 2.770081136359208, 2.770071797889067, 4.186678884127186, 4.1866689076896995, 5.740672571711125], [5.0596566841333175, 3.8941984263542766, 2.5324943803614897, 1.5267777902938824, 0.0, 1.5252091697670245, 2.528931951458189, 3.7486436485242733, 5.203277963573388, 5.981646861173987, 5.203268889179417, 4.178390638708582, 4.1784014156371745, 2.7585198813116567, 2.758528559688057, 2.1504250726260032, 2.150424217863859, 1.0928057533131106, 1.0928056843572604, 2.1595218144726163, 2.159521186510542, 2.7692056276991357, 2.7692006205633843, 4.465648692336414], [6.380145200961782, 5.061892018289613, 3.8898706182894345, 2.5281014249424416, 1.5252091697670245, 0.0, 1.5247583680146217, 2.383868890329781, 6.583444465301977, 7.215314204257628, 6.583429222204304, 5.178024018267421, 5.178042681444995, 4.175465374731444, 4.175479242417811, 2.7526401548786406, 2.752628453897853, 2.150802939959844, 2.1508037145593266, 1.0910928508342, 1.0910929112737826, 2.1605890530250527, 2.1605884924203, 3.230664407629924], [7.58858480577299, 6.38480233781708, 5.061419153265953, 3.887987269589849, 2.528931951458189, 1.5247583680146217, 0.0, 1.411996709149244, 7.6949765269868475, 8.500401537418837, 7.694956820038753, 6.561273629238843, 6.56129616674998, 5.179450555051442, 5.179471146383503, 4.1708554251164465, 4.170840896515129, 2.756469694021254, 2.7564792110028375, 2.136434608967841, 2.136433736031001, 1.1003103995782495, 1.1003103768646227, 1.9528232173413886], [8.749576113587208, 7.4457358724605776, 6.239484108236275, 4.911953767757503, 3.7486436485242733, 2.383868890329781, 1.411996709149244, 0.0, 8.907518308411994, 9.59856292278862, 8.907494637958711, 7.523898879423575, 7.523926209419676, 6.423143263512296, 6.423166281398254, 5.028919933911333, 5.028900119513197, 4.04598927255492, 4.045998764686533, 2.602126402738761, 2.6021216256190898, 2.0708356472175677, 2.070835511540454, 0.9623861680590209], [1.0879448673545882, 2.16051082093558, 2.778341892629937, 4.19738584461267, 5.203277963573388, 6.583444465301977, 7.6949765269868475, 8.907518308411994, 0.0, 1.764366507276757, 1.7633920617068957, 3.056645573641508, 2.4969043931124433, 3.1040239551292883, 2.5546851115180487, 4.3810255953882065, 4.722377149331165, 5.384895415088541, 5.088078461308373, 6.717829415663504, 6.94511218883792, 7.63099623352291, 7.834071140831574, 9.631397676181631], [1.0875637166007206, 2.1620169689060873, 3.472649009790945, 4.689143445700375, 5.981646861173987, 7.215314204257628, 8.500401537418837, 9.59856292278862, 1.764366507276757, 0.0, 1.7643664268401278, 2.483155298014395, 2.483155726370719, 3.7483550163415127, 3.7483607905136203, 4.846510073637299, 4.846497261316019, 6.14653189435511, 6.146552601761543, 7.335209127003516, 7.335182340058992, 8.631465750350062, 8.631437719156631, 10.405199552016395], [1.0879448834393692, 2.1605105624170124, 2.7783413229114577, 4.197380496214061, 5.203268889179417, 6.583429222204304, 7.694956820038753, 8.907494637958711, 1.7633920617068957, 1.7643664268401278, 0.0, 2.4969033378603465, 3.0566456846614947, 2.5546765816110883, 3.104033995587179, 4.72238220545899, 4.38100987462109, 5.088047636607816, 5.384910464659757, 6.945121088970203, 6.717789499533103, 7.834079310513236, 7.630949265670035, 9.631371824376794], [2.1496760788311393, 1.0923885750695603, 2.1503183440197615, 2.7590867987450802, 4.178390638708582, 5.178024018267421, 6.561273629238843, 7.523898879423575, 3.056645573641508, 2.483155298014395, 2.4969033378603465, 0.0, 1.7628261214476615, 2.4891969462299866, 3.050196197525173, 3.0872245401815634, 2.5346302558446308, 4.3630686337549465, 4.705769090950861, 5.376302648521196, 5.079343720223294, 6.923657310922834, 6.693039655549179, 8.378553347536023], [2.1496764984963006, 1.0923885463497505, 2.1503187883925388, 2.7590941582955755, 4.1784014156371745, 5.178042681444995, 6.56129616674998, 7.523926209419676, 2.4969043931124433, 2.483155726370719, 3.0566456846614947, 1.7628261214476615, 0.0, 3.0501960447226195, 2.48919331365674, 2.5346476803800377, 3.087223058906848, 4.70576633504517, 4.3630882336211005, 5.079384161035061, 5.376301227449959, 6.693081282890049, 6.923658662472119, 8.378582436335043], [2.7514633991263033, 2.15028099036225, 1.0927056004486306, 2.151254166571405, 2.7585198813116567, 4.175465374731444, 5.179450555051442, 6.423143263512296, 3.1040239551292883, 3.7483550163415127, 2.5546765816110883, 2.4891969462299866, 3.0501960447226195, 0.0, 1.7628533776782087, 3.051413018056453, 2.4908886039377474, 2.5333717872647594, 3.086403744633377, 4.716248705921207, 4.374718092308632, 5.376694518460461, 5.076282289086429, 7.110082730932415], [2.7514706668024584, 2.1502816553419346, 1.0927055550562148, 2.1512549355556247, 2.758528559688057, 4.175479242417811, 5.179471146383503, 6.423166281398254, 2.5546851115180487, 3.7483607905136203, 3.104033995587179, 3.050196197525173, 2.48919331365674, 1.7628533776782087, 0.0, 2.4908849945770664, 3.0514129401489147, 3.0863990160416237, 2.5333940760214837, 4.374743183077909, 4.716248448705994, 5.076320590219086, 5.376698681453366, 7.11010864155098], [4.175558721545085, 2.760152049821496, 2.1510736606548897, 1.0923336202442342, 2.1504250726260032, 2.7526401548786406, 4.1708554251164465, 5.028919933911333, 4.3810255953882065, 4.846510073637299, 4.72238220545899, 3.0872245401815634, 2.5346476803800377, 3.051413018056453, 2.4908849945770664, 0.0, 1.7622589386889254, 3.0511075795302123, 2.490471010434898, 2.5447364887530526, 3.0950479268219184, 4.367201461497781, 4.712891521974237, 5.898759166870287], [4.175547735743375, 2.7601434426912714, 2.1510727770775473, 1.0923336720433152, 2.150424217863859, 2.752628453897853, 4.170840896515129, 5.028900119513197, 4.722377149331165, 4.846497261316019, 4.38100987462109, 2.5346302558446308, 3.087223058906848, 2.4908886039377474, 3.0514129401489147, 1.7622589386889254, 0.0, 2.490477069656119, 3.051107550293776, 3.095044410273664, 2.5447134692886886, 4.712887441859678, 4.367180273619339, 5.8987382797597165], [5.176031824334364, 4.178808809541179, 2.758676788809376, 2.1514097836794397, 1.0928057533131106, 2.150802939959844, 2.756469694021254, 4.04598927255492, 5.384895415088541, 6.14653189435511, 5.088047636607816, 4.3630686337549465, 4.70576633504517, 2.5333717872647594, 3.0863990160416237, 3.0511075795302123, 2.490477069656119, 0.0, 1.7629625025553712, 3.0573870546844564, 2.498540126903256, 3.0994701804699543, 2.5429258456633637, 4.645470584960243], [5.1760528420287795, 4.178822698970669, 2.758688527001901, 2.1514106111305913, 1.0928056843572604, 2.1508037145593266, 2.7564792110028375, 4.045998764686533, 5.088078461308373, 6.146552601761543, 5.384910464659757, 4.705769090950861, 4.3630882336211005, 3.086403744633377, 2.5333940760214837, 2.490471010434898, 3.051107550293776, 1.7629625025553712, 0.0, 2.498535584744905, 3.0573872169756275, 2.5429417043731015, 3.099477014532071, 4.645483355383744], [6.574608745660405, 5.1955996959148125, 4.189914258956361, 2.770081136359208, 2.1595218144726163, 1.0910928508342, 2.136434608967841, 2.602126402738761, 6.717829415663504, 7.335209127003516, 6.945121088970203, 5.376302648521196, 5.079384161035061, 4.716248705921207, 4.374743183077909, 2.5447364887530526, 3.095044410273664, 3.0573870546844564, 2.498535584744905, 0.0, 1.7611972330463812, 2.4840659419434163, 3.0508470021466154, 3.489154531033148], [6.574584135930882, 5.19557891436051, 4.189900013328072, 2.770071797889067, 2.159521186510542, 1.0910929112737826, 2.136433736031001, 2.6021216256190898, 6.94511218883792, 7.335182340058992, 6.717789499533103, 5.079343720223294, 5.376301227449959, 4.374718092308632, 4.716248448705994, 3.0950479268219184, 2.5447134692886886, 2.498540126903256, 3.0573872169756275, 1.7611972330463812, 0.0, 3.050846751147696, 2.4840671484167203, 3.489149055682347], [7.681041746765888, 6.576375226960552, 5.192731022513299, 4.186678884127186, 2.7692056276991357, 2.1605890530250527, 1.1003103995782495, 2.0708356472175677, 7.63099623352291, 8.631465750350062, 7.834079310513236, 6.923657310922834, 6.693081282890049, 5.376694518460461, 5.076320590219086, 4.367201461497781, 4.712887441859678, 3.0994701804699543, 2.5429417043731015, 2.4840659419434163, 3.050846751147696, 0.0, 1.7812201864894255, 2.3251307152266585], [7.681015083315966, 6.576354066799414, 5.192714230571732, 4.1866689076896995, 2.7692006205633843, 2.1605884924203, 1.1003103768646227, 2.070835511540454, 7.834071140831574, 8.631437719156631, 7.630949265670035, 6.693039655549179, 6.923658662472119, 5.076282289086429, 5.376698681453366, 4.712891521974237, 4.367180273619339, 2.5429258456633637, 3.099477014532071, 3.0508470021466154, 2.4840671484167203, 1.7812201864894255, 0.0, 2.325128580768513], [9.518341974498853, 8.267514468148772, 6.993244808119036, 5.740672571711125, 4.465648692336414, 3.230664407629924, 1.9528232173413886, 0.9623861680590209, 9.631397676181631, 10.405199552016395, 9.631371824376794, 8.378553347536023, 8.378582436335043, 7.110082730932415, 7.11010864155098, 5.898759166870287, 5.8987382797597165, 4.645470584960243, 4.645483355383744, 3.489154531033148, 3.489149055682347, 2.3251307152266585, 2.325128580768513, 0.0]]}