{"total energy": -24.04933834, "HOMO-LUMO gap/eV": 11.12738509, "electronic energy": -24.35141799, "dipole": [-0.02091323, 0.31726232, -0.34883572], "partial charges": [-0.10647148, -0.06003642, 0.08986757, -0.32375086, 0.08986758, -0.06003642, -0.10647148, 0.03693633, 0.03693628, 0.04243689, 0.04783009, 0.04782972, 0.01327319, 0.01327325, 0.01327324, 0.01327319, 0.04783008, 0.04782973, 0.03693633, 0.03693629, 0.04243689], "atomic dipole moments": [[0.09707902, -0.03459113, 0.0337763], [0.00216493, 0.08773685, -0.0968287], [0.13936371, -0.10935527, 0.11430948], [-0.01272591, 0.19305223, -0.21227056], [-0.124816, -0.11133227, 0.1283494], [-0.01372432, 0.08761774, -0.09598444], [-0.09242534, -0.03600934, 0.04384752], [-0.00898985, 0.1225554, 0.01428015], [-0.01502633, -0.02559836, -0.12009791], [-0.09192832, -0.05318445, 0.06276624], [0.01542571, 0.02536122, 0.12092428], [0.00936563, -0.12337218, -0.0139794], [-0.00625355, -0.02358031, -0.11385791], [-0.00057777, 0.11576446, 0.01252821], [0.00017436, 0.11577011, 0.01248804], [-0.00549752, -0.02357485, -0.11389805], [-0.00289959, 0.02522431, 0.12189812], [-0.00895201, -0.1235093, -0.01300566], [0.00862244, 0.12268725, 0.01334388], [0.00259363, -0.02546675, -0.12103426], [0.0988463, -0.05175651, 0.05262771]], "atomic quadrupole moments": [[0.16920117, -0.10580648, -0.08432942, 0.10331825, -0.0430196, -0.08487175], [0.24478034, 0.02225648, -0.13744463, -0.04730987, -0.13850182, -0.10733571], [0.37335115, -0.11157636, -0.19955392, 0.08993252, -0.17563168, -0.17379722], [0.13159731, -0.00395552, -0.07606422, -0.00919308, -0.10373641, -0.05553309], [0.34536838, 0.10057885, -0.19637724, -0.14270144, -0.18865877, -0.14899113], [0.25180934, -0.03101004, -0.1382429, 0.01112902, -0.13523076, -0.11356643], [0.14151218, 0.10412216, -0.08118574, -0.12687318, -0.05591, -0.06032645], [-0.0355648, -0.00057386, 0.08101479, 0.01097301, 0.02052152, -0.04544999], [-0.03611059, -0.00972255, -0.03935835, 0.00761509, 0.03258868, 0.07546894], [0.02733311, 0.03727895, -0.0195461, -0.04485246, -0.0420738, -0.00778701], [-0.02250416, 0.00288118, -0.02869213, 0.00296757, 0.02596541, 0.05119628], [-0.02279871, 0.00098565, 0.05556883, -0.00219483, 0.01789115, -0.03277013], [-0.01407324, -0.0038761, -0.0238102, 0.01365738, 0.02360868, 0.03788344], [-0.01467996, -0.00997549, 0.0429086, 0.00540899, 0.01742056, -0.02822864], [-0.01631044, 0.01088731, 0.04322102, -0.00694881, 0.01621854, -0.02691058], [-0.01655985, 0.00647147, -0.02365509, -0.00821259, 0.02289421, 0.04021494], [-0.02229973, -2.085e-05, -0.02873547, 0.00447656, 0.02613117, 0.05103521], [-0.02245804, -0.0002491, 0.05555041, 0.00082712, 0.01797935, -0.03309236], [-0.03804439, 0.00097813, 0.08103825, -0.01206991, 0.02026532, -0.04299386], [-0.03685453, 0.01315637, -0.0390157, 0.00385801, 0.03134462, 0.07587023], [0.0376204, -0.04070744, -0.0207142, 0.04067181, -0.03728504, -0.0169062]], "number of molecular orbitals": 42, "number of electrons": 44, "number of unpaired electrons": 0, "orbital energies/eV": [-18.77413035, -17.46693023, -16.87485476, -16.48784145, -16.13423925, -15.60260502, -15.20505668, -14.92143308, -14.75332587, -14.12969846, -14.01726382, -13.40045936, -13.24861158, -12.78184198, -12.72520143, -12.63813114, -12.36332504, -11.8915616, -11.86794734, -11.82688941, -11.64439629, -10.64631354, 0.48107155, 2.79264241, 2.91850137, 3.52029339, 3.5633371, 3.66486771, 3.84810334, 3.93039586, 4.42535632, 4.44906189, 4.95639281, 5.1029045, 5.76001563, 5.78957538, 5.87442453, 6.94887427, 7.02050081, 7.43040465, 8.02470059, 8.11882073], "fractional occupation": [2.0, 2.0, 2.0, 2.0, 2.0, 2.0, 2.0, 2.0, 2.0, 2.0, 2.0, 2.0, 2.0, 2.0, 2.0, 2.0, 2.0, 2.0, 2.0, 2.0, 2.0, 2.0, 0.0, 0.0, 0.0, 0.0, 0.0, 0.0, 0.0, 0.0, 0.0, 0.0, 0.0, 0.0, 0.0, 0.0, 0.0, 0.0, 0.0, 0.0, 0.0, 0.0], "program call": "xtb /tmp/scratch/tmp8v7rb_lr/5966_0_xyzopt.xyz --pop --wbo --acc 0.2 --gfn 2 --chrg 0 --uhf 0 --etemp 300 --input /tmp/scratch/tmp8v7rb_lr/5966_0_xtb.inp", "method": "GFN2-xTB", "xtb version": "6.3.3 (7355c4f)", "Dipole module/D": 1.2, "Total charge": 0, "Transition dipole module/D": NaN, "HOMO": -10.6463, "LUMO": 0.4811, "HOMO occupancy": 2.0, "LUMO occupancy": 0, "mulliken charges": [-0.0911, -0.04821, 0.20136, -0.47, 0.20136, -0.04821, -0.0911, 0.02767, 0.02767, 0.03352, 0.03575, 0.03575, 0.00629, 0.00629, 0.00629, 0.00629, 0.03575, 0.03575, 0.02767, 0.02767, 0.03352], "cm5 charges": [-0.24355, -0.15848, 0.12014, -0.57411, 0.12014, -0.15848, -0.24355, 0.07991, 0.07991, 0.08524, 0.0933, 0.0933, 0.06864, 0.06864, 0.06864, 0.06864, 0.0933, 0.0933, 0.07991, 0.07991, 0.08524], "FUKUI+": [0.002, -0.012, -0.02, -0.144, -0.02, -0.012, 0.002, -0.044, -0.044, -0.069, -0.05, -0.05, -0.071, -0.071, -0.071, -0.071, -0.05, -0.05, -0.044, -0.044, -0.069], "FUKUI-": [0.021, 0.009, 0.031, -0.123, 0.031, 0.009, 0.021, -0.055, -0.055, -0.047, -0.075, -0.075, -0.096, -0.096, -0.096, -0.096, -0.075, -0.075, -0.055, -0.055, -0.047], "FUKUIrad": [0.012, -0.002, 0.006, -0.134, 0.006, -0.002, 0.012, -0.049, -0.049, -0.058, -0.062, -0.062, -0.084, -0.084, -0.084, -0.084, -0.062, -0.062, -0.049, -0.049, -0.058], "s proportion": [1.005, 1.028, 0.992, 1.684, 0.992, 1.028, 1.005, 0.972, 0.972, 0.966, 0.964, 0.964, 0.994, 0.994, 0.994, 0.994, 0.964, 0.964, 0.972, 0.972, 0.966], "p proportion": [3.086, 3.02, 2.806, 4.786, 2.806, 3.02, 3.086, 0.0, 0.0, 0.0, 0.0, 0.0, 0.0, 0.0, 0.0, 0.0, 0.0, 0.0, 0.0, 0.0, 0.0], "d proportion": [0.0, 0.0, 0.0, 0.0, 0.0, 0.0, 0.0, 0.0, 0.0, 0.0, 0.0, 0.0, 0.0, 0.0, 0.0, 0.0, 0.0, 0.0, 0.0, 0.0, 0.0], "Fermi-level/eV": -5.0826, "Coordination numbers": [3.753, 3.8, 3.704, 1.702, 3.704, 3.8, 3.753, 0.925, 0.925, 0.925, 0.924, 0.924, 0.923, 0.923, 0.923, 0.923, 0.924, 0.924, 0.925, 0.925, 0.925], "Dispersion coefficient C6": [22.594, 21.656, 19.233, 19.413, 19.233, 21.656, 22.594, 2.49, 2.49, 2.417, 2.347, 2.347, 2.838, 2.838, 2.838, 2.838, 2.347, 2.347, 2.49, 2.49, 2.417], "Total dispersion C6": 2934.22501, "Total dispersion C8": 60118.46106, "Polarizability alpha": [6.778, 6.626, 6.27, 5.949, 6.27, 6.626, 6.778, 2.468, 2.468, 2.431, 2.396, 2.396, 2.635, 2.635, 2.635, 2.635, 2.396, 2.396, 2.468, 2.468, 2.431], "Total polarizability alpha": 80.151425, "Wiberg matrix": [[0.0, 1.0196437473652078, 0.0, 0.0, 0.0, 0.0, 0.0, 0.9876110967903621, 0.9876111377848082, 0.9869505406832471, 0.0, 0.0, 0.0, 0.0, 0.0, 0.0, 0.0, 0.0, 0.0, 0.0, 0.0], [1.0196437473652078, 0.0, 1.0020210263617553, 0.0, 0.0, 0.0, 0.0, 0.0, 0.0, 0.0, 0.9769605608007683, 0.9769606864338435, 0.0, 0.0, 0.0, 0.0, 0.0, 0.0, 0.0, 0.0, 0.0], [0.0, 1.0020210263617553, 0.0, 0.9831494361166944, 0.0, 0.0, 0.0, 0.0, 0.0, 0.0, 0.0, 0.0, 0.9670072003663557, 0.9670069312821002, 0.0, 0.0, 0.0, 0.0, 0.0, 0.0, 0.0], [0.0, 0.0, 0.9831494361166944, 0.0, 0.9831494407758492, 0.0, 0.0, 0.0, 0.0, 0.0, 0.0, 0.0, 0.0, 0.0, 0.0, 0.0, 0.0, 0.0, 0.0, 0.0, 0.0], [0.0, 0.0, 0.0, 0.9831494407758492, 0.0, 1.0020210245839094, 0.0, 0.0, 0.0, 0.0, 0.0, 0.0, 0.0, 0.0, 0.9670069409042188, 0.9670071898763888, 0.0, 0.0, 0.0, 0.0, 0.0], [0.0, 0.0, 0.0, 0.0, 1.0020210245839094, 0.0, 1.019643748186983, 0.0, 0.0, 0.0, 0.0, 0.0, 0.0, 0.0, 0.0, 0.0, 0.9769605634459702, 0.9769606839698819, 0.0, 0.0, 0.0], [0.0, 0.0, 0.0, 0.0, 0.0, 1.019643748186983, 0.0, 0.0, 0.0, 0.0, 0.0, 0.0, 0.0, 0.0, 0.0, 0.0, 0.0, 0.0, 0.9876110969403933, 0.9876111374893441, 0.9869505388085217], [0.9876110967903621, 0.0, 0.0, 0.0, 0.0, 0.0, 0.0, 0.0, 0.0, 0.0, 0.0, 0.0, 0.0, 0.0, 0.0, 0.0, 0.0, 0.0, 0.0, 0.0, 0.0], [0.9876111377848082, 0.0, 0.0, 0.0, 0.0, 0.0, 0.0, 0.0, 0.0, 0.0, 0.0, 0.0, 0.0, 0.0, 0.0, 0.0, 0.0, 0.0, 0.0, 0.0, 0.0], [0.9869505406832471, 0.0, 0.0, 0.0, 0.0, 0.0, 0.0, 0.0, 0.0, 0.0, 0.0, 0.0, 0.0, 0.0, 0.0, 0.0, 0.0, 0.0, 0.0, 0.0, 0.0], [0.0, 0.9769605608007683, 0.0, 0.0, 0.0, 0.0, 0.0, 0.0, 0.0, 0.0, 0.0, 0.0, 0.0, 0.0, 0.0, 0.0, 0.0, 0.0, 0.0, 0.0, 0.0], [0.0, 0.9769606864338435, 0.0, 0.0, 0.0, 0.0, 0.0, 0.0, 0.0, 0.0, 0.0, 0.0, 0.0, 0.0, 0.0, 0.0, 0.0, 0.0, 0.0, 0.0, 0.0], [0.0, 0.0, 0.9670072003663557, 0.0, 0.0, 0.0, 0.0, 0.0, 0.0, 0.0, 0.0, 0.0, 0.0, 0.0, 0.0, 0.0, 0.0, 0.0, 0.0, 0.0, 0.0], [0.0, 0.0, 0.9670069312821002, 0.0, 0.0, 0.0, 0.0, 0.0, 0.0, 0.0, 0.0, 0.0, 0.0, 0.0, 0.0, 0.0, 0.0, 0.0, 0.0, 0.0, 0.0], [0.0, 0.0, 0.0, 0.0, 0.9670069409042188, 0.0, 0.0, 0.0, 0.0, 0.0, 0.0, 0.0, 0.0, 0.0, 0.0, 0.0, 0.0, 0.0, 0.0, 0.0, 0.0], [0.0, 0.0, 0.0, 0.0, 0.9670071898763888, 0.0, 0.0, 0.0, 0.0, 0.0, 0.0, 0.0, 0.0, 0.0, 0.0, 0.0, 0.0, 0.0, 0.0, 0.0, 0.0], [0.0, 0.0, 0.0, 0.0, 0.0, 0.9769605634459702, 0.0, 0.0, 0.0, 0.0, 0.0, 0.0, 0.0, 0.0, 0.0, 0.0, 0.0, 0.0, 0.0, 0.0, 0.0], [0.0, 0.0, 0.0, 0.0, 0.0, 0.9769606839698819, 0.0, 0.0, 0.0, 0.0, 0.0, 0.0, 0.0, 0.0, 0.0, 0.0, 0.0, 0.0, 0.0, 0.0, 0.0], [0.0, 0.0, 0.0, 0.0, 0.0, 0.0, 0.9876110969403933, 0.0, 0.0, 0.0, 0.0, 0.0, 0.0, 0.0, 0.0, 0.0, 0.0, 0.0, 0.0, 0.0, 0.0], [0.0, 0.0, 0.0, 0.0, 0.0, 0.0, 0.9876111374893441, 0.0, 0.0, 0.0, 0.0, 0.0, 0.0, 0.0, 0.0, 0.0, 0.0, 0.0, 0.0, 0.0, 0.0], [0.0, 0.0, 0.0, 0.0, 0.0, 0.0, 0.9869505388085217, 0.0, 0.0, 0.0, 0.0, 0.0, 0.0, 0.0, 0.0, 0.0, 0.0, 0.0, 0.0, 0.0, 0.0]], "Born radii": [], "Atomic SASAs": [], "Solvent H bonds": [], "Total SASA": NaN, "Total FOD": 0.0, "FOD": [0.0, 0.0, 0.0, 0.0, 0.0, 0.0, 0.0, 0.0, 0.0, 0.0, 0.0, 0.0, 0.0, 0.0, 0.0, 0.0, 0.0, 0.0, 0.0, 0.0, 0.0], "FOD s proportion": [0.0, 0.0, 0.0, 0.0, 0.0, 0.0, 0.0, 0.0, 0.0, 0.0, 0.0, 0.0, 0.0, 0.0, 0.0, 0.0, 0.0, 0.0, 0.0, 0.0, 0.0], "FOD p proportion": [0.0, 0.0, 0.0, 0.0, 0.0, 0.0, 0.0, 0.0, 0.0, 0.0, 0.0, 0.0, 0.0, 0.0, 0.0, 0.0, 0.0, 0.0, 0.0, 0.0, 0.0], "FOD d proportion": [0.0, 0.0, 0.0, 0.0, 0.0, 0.0, 0.0, 0.0, 0.0, 0.0, 0.0, 0.0, 0.0, 0.0, 0.0, 0.0, 0.0, 0.0, 0.0, 0.0, 0.0], "coordinates": [["-3.69312550632316", "0.07143326484370", "0.01249809833231"], ["-2.34945852234606", "-0.43891860809936", "0.51480941687889"], ["-1.18807396632494", "0.19781540985730", "-0.23936870300652"], ["0.02066520411896", "-0.31352457639409", "0.27012161406681"], ["1.16083120924142", "0.21539452361777", "-0.36420117855164"], ["2.40497908797336", "-0.40333443736992", "0.26213695856237"], ["3.68007344403936", "0.12661580026094", "-0.37934865056232"], ["-3.76551756117283", "1.14929724953292", "0.14061506009687"], ["-3.81872209647579", "-0.15651026879970", "-1.04377487242283"], ["-4.50490380300091", "-0.39572479162078", "0.56401311563899"], ["-2.23449289057405", "-0.21685574882979", "1.57656265562682"], ["-2.28763717139065", "-1.52119088008998", "0.39350913605821"], ["-1.26700637253262", "-0.02365523806768", "-1.31693551185098"], ["-1.21333076173872", "1.29414707713577", "-0.12168709473296"], ["1.18205166193357", "1.31207422580395", "-0.24899141324143"], ["1.12841107800112", "-0.00572980651310", "-1.44423950754939"], ["2.39988833676983", "-0.18216794916857", "1.33027011068553"], ["2.34681058577408", "-1.48650498068741", "0.14721569857041"], ["3.74954009765348", "1.20554176541989", "-0.25877307761103"], ["3.69640276169306", "-0.10026783404543", "-1.44316373212233"], ["4.55261318468148", "-0.32793519678642", "0.08265487713422"]], "bond_dist": [[0.0, 1.5225690981977171, 2.5208515525993094, 3.7425664798846325, 4.870679930544317, 6.1216503963051085, 7.383810110536519, 1.087862737199534, 1.0878627425993117, 1.0869174149821534, 2.158012419453789, 2.158012636090452, 2.768120228352711, 2.7681070622496486, 5.037352397893874, 5.037385594328531, 6.239042742633902, 6.239082336796121, 7.533462778470059, 7.533495911979583, 8.255702495977406], [1.5225690981977171, 0.0, 1.524148592854876, 2.3860180767933716, 3.6773522133329997, 4.761279932415028, 6.121650394319596, 2.160480092138121, 2.160480249210487, 2.1564394421478488, 1.0908019755883434, 1.0908019564892915, 2.1678182135625215, 2.167817051103763, 4.015088018231229, 4.015109236763353, 4.825680535654944, 4.825712992466044, 6.36399748292004, 6.364022459484271, 6.916478056985263], [2.5208515525993094, 1.524148592854876, 0.0, 1.407870500755116, 2.352285632314613, 3.677352215712999, 4.870679929862056, 2.7736115149885587, 2.7736123659619287, 3.463967736969377, 2.136481086773643, 2.136482208208608, 1.1029187640825038, 1.1029188507401688, 2.618999961663782, 2.6190164702294956, 3.9346698523528367, 3.9346907723753293, 5.039436633419131, 5.039453244050284, 5.773699148057778], [3.7425664798846325, 2.3860180767933716, 1.407870500755116, 0.0, 1.407870497890177, 2.3860180767531656, 3.7425664779929804, 4.061009674221694, 4.0610186300936135, 4.535846550345767, 2.608039702411462, 2.608053342715402, 2.064188131819528, 2.0641870684624988, 2.064187080965288, 2.064188120491492, 2.6080398987247135, 2.608053149288866, 4.061009741104936, 4.06101855545926, 4.535846551853463], [4.870679930544317, 3.6773522133329997, 2.352285632314613, 1.407870497890177, 0.0, 1.5241485929270615, 2.520851551602931, 5.039437066184771, 5.039452817965857, 5.7736991454652395, 3.934670291253614, 3.9346903254838415, 2.61901562077885, 2.61900080508203, 1.1029188396352931, 1.1029187759711574, 2.136481086997032, 2.136482208332258, 2.7736114280590733, 2.7736124483523814, 3.463967737796889], [6.1216503963051085, 4.761279932415028, 3.677352215712999, 2.3860180767531656, 1.5241485929270615, 0.0, 1.5225690979231277, 6.3639972991906415, 6.364022651893318, 6.916478055188111, 4.825680206365693, 4.825713318588063, 4.015109386226909, 4.015087865103333, 2.1678170087705912, 2.167818251298603, 1.090801981074334, 1.090801951115304, 2.1604800879530353, 2.1604802514126447, 2.1564394441712595], [7.383810110536519, 6.121650394319596, 4.870679929862056, 3.7425664779929804, 2.520851551602931, 1.5225690979231277, 0.0, 7.5334630166998355, 7.5334956782178795, 8.255702492848487, 6.239042928947964, 6.239082144327411, 5.037385156899891, 5.03735282474436, 2.7681072074411848, 2.768120070947594, 2.1580124238745886, 2.1580126313195422, 1.087862731713449, 1.08786274772401, 1.0869174152255607], [1.087862737199534, 2.160480092138121, 2.7736115149885587, 4.061009674221694, 5.039437066184771, 6.3639972991906415, 7.5334630166998355, 0.0, 1.7637299991112072, 1.764384038607311, 2.504467219594972, 3.0626120731519166, 3.1213505678975335, 2.569716200709851, 4.965554426798755, 5.272228089348425, 6.418746653446485, 6.656429398800995, 7.525873101879483, 7.72981390885838, 8.448483543713301], [1.0878627425993117, 2.160480249210487, 2.7736123659619287, 4.0610186300936135, 5.039452817965857, 6.364022651893318, 7.5334956782178795, 1.7637299991112072, 0.0, 1.7643840672750697, 3.0626120411664077, 2.504467915484227, 2.5697315676822003, 3.121332505870625, 5.272206307379699, 4.965605030386972, 6.6564152228399305, 6.418811239609353, 7.729812817970812, 7.525940227412555, 8.448519685493482], [1.0869174149821534, 2.1564394421478488, 3.463967736969377, 4.535846550345767, 5.7736991454652395, 6.916478055188111, 8.255702492848487, 1.764384038607311, 1.7643840672750697, 0.0, 2.4923917061059035, 2.492391790830517, 3.763028469487144, 3.7630180437094523, 5.993247559382567, 5.993280506990396, 6.9504611933925435, 6.950504411413714, 8.448483640011988, 8.448519579196178, 9.07055208711682], [2.158012419453789, 1.0908019755883434, 2.136481086773643, 2.608039702411462, 3.934670291253614, 4.825680206365693, 6.239042928947964, 2.504467219594972, 3.0626120411664077, 2.4923917061059035, 0.0, 1.7617406390802042, 3.0570718416726907, 2.4919778987865175, 4.164498914030888, 4.525366612157275, 4.641050810053296, 4.964210253202671, 6.418747755321024, 6.656415209166507, 6.950460989831505], [2.158012636090452, 1.0908019564892915, 2.136482208208608, 2.608053342715402, 3.9346903254838415, 4.825713318588063, 6.239082144327411, 3.0626120731519166, 2.504467915484227, 2.492391790830517, 1.7617406390802042, 0.0, 2.4919713321516994, 3.0570720029853247, 4.525366141675309, 4.164532144764996, 4.964211812843329, 4.641117277429662, 6.6564294020309145, 6.418810127136613, 6.950504616916121], [2.768120228352711, 2.1678182135625215, 1.1029187640825038, 2.064188131819528, 2.61901562077885, 4.015109386226909, 5.037385156899891, 3.1213505678975335, 2.5697315676822003, 3.763028469487144, 3.0570718416726907, 2.4919713321516994, 0.0, 1.7799165125850154, 2.9870659608708263, 2.3988648129352272, 4.52536636049279, 4.164533724753123, 5.272226427056795, 4.965605027302336, 5.993280515788198], [2.7681070622496486, 2.167817051103763, 1.1029188507401688, 2.0641870684624988, 2.61900080508203, 4.015087865103333, 5.03735282474436, 2.569716200709851, 3.121332505870625, 3.7630180437094523, 2.4919778987865175, 3.0570720029853247, 1.7799165125850154, 0.0, 2.398829866374106, 2.987068737287341, 4.16449733306261, 4.52536639325402, 4.965554413655155, 5.2722079548136405, 5.9932475452044285], [5.037352397893874, 4.015088018231229, 2.618999961663782, 2.064187080965288, 1.1029188396352931, 2.1678170087705912, 2.7681072074411848, 4.965554426798755, 5.272206307379699, 5.993247559382567, 4.164498914030888, 4.525366141675309, 2.9870659608708263, 2.398829866374106, 0.0, 1.7799165111831792, 2.4919776895066597, 3.05707196531619, 2.569716271036316, 3.1213329002307226, 3.76301809014172], [5.037385594328531, 4.015109236763353, 2.6190164702294956, 2.064188120491492, 1.1029187759711574, 2.167818251298603, 2.768120070947594, 5.272228089348425, 4.965605030386972, 5.993280506990396, 4.525366612157275, 4.164532144764996, 2.3988648129352272, 2.987068737287341, 1.7799165111831792, 0.0, 3.0570718767192546, 2.491971538777713, 3.1213501590093284, 2.5697314808075644, 3.763028413777092], [6.239042742633902, 4.825680535654944, 3.9346698523528367, 2.6080398987247135, 2.136481086997032, 1.090801981074334, 2.1580124238745886, 6.418746653446485, 6.6564152228399305, 6.9504611933925435, 4.641050810053296, 4.964211812843329, 4.52536636049279, 4.16449733306261, 2.4919776895066597, 3.0570718767192546, 0.0, 1.7617406396706634, 2.5044672850510983, 3.062612049105007, 2.492391649055904], [6.239082336796121, 4.825712992466044, 3.9346907723753293, 2.608053149288866, 2.136482208332258, 1.090801951115304, 2.1580126313195422, 6.656429398800995, 6.418811239609353, 6.950504411413714, 4.964210253202671, 4.641117277429662, 4.164533724753123, 4.52536639325402, 3.05707196531619, 2.491971538777713, 1.7617406396706634, 0.0, 3.0626120637634835, 2.5044678479873506, 2.4923918530559237], [7.533462778470059, 6.36399748292004, 5.039436633419131, 4.061009741104936, 2.7736114280590733, 2.1604800879530353, 1.087862731713449, 7.525873101879483, 7.729812817970812, 8.448483640011988, 6.418747755321024, 6.6564294020309145, 5.272226427056795, 4.965554413655155, 2.569716271036316, 3.1213501590093284, 2.5044672850510983, 3.0626120637634835, 0.0, 1.7637299989007544, 1.7643840355794707], [7.533495911979583, 6.364022459484271, 5.039453244050284, 4.06101855545926, 2.7736124483523814, 2.1604802514126447, 1.08786274772401, 7.72981390885838, 7.525940227412555, 8.448519579196178, 6.656415209166507, 6.418810127136613, 4.965605027302336, 5.2722079548136405, 3.1213329002307226, 2.5697314808075644, 3.062612049105007, 2.5044678479873506, 1.7637299989007544, 0.0, 1.7643840695395767], [8.255702495977406, 6.916478056985263, 5.773699148057778, 4.535846551853463, 3.463967737796889, 2.1564394441712595, 1.0869174152255607, 8.448483543713301, 8.448519685493482, 9.07055208711682, 6.950460989831505, 6.950504616916121, 5.993280515788198, 5.9932475452044285, 3.76301809014172, 3.763028413777092, 2.492391649055904, 2.4923918530559237, 1.7643840355794707, 1.7643840695395767, 0.0]]}