{"total energy": -31.28435869, "HOMO-LUMO gap/eV": 11.22745268, "electronic energy": -31.63654417, "dipole": [-0.02905293, -0.12862852, -0.12829454], "partial charges": [-0.11113056, 0.0937441, -0.33933603, 0.24869789, -0.07122045, -0.10470457, -0.34113213, 0.09126116, -0.10968561, 0.05446177, 0.04476134, 0.05351143, 0.0183973, 0.03101844, 0.01806575, 0.04682066, 0.0472924, 0.03867611, 0.04196215, 0.04759318, 0.02188081, 0.03411499, 0.04899093, 0.05358547, 0.04237345], "atomic dipole moments": [[-0.06261842, 0.04466553, 0.09537885], [-0.08294437, 0.15143433, -0.13859173], [-0.01748662, -0.06890656, 0.27083126], [-0.0642194, -0.18050852, -0.12147852], [-0.01101602, -0.0470778, 0.11368368], [0.06304632, -0.06326043, -0.07377875], [0.02947148, 0.07162518, -0.26181563], [0.11741907, 0.02289805, 0.18783691], [0.04702772, 0.09697323, -0.04957154], [0.07612343, 0.08807328, -0.04942535], [0.06599979, -0.09508258, 0.04470386], [-0.07829567, -0.03970398, -0.0906341], [0.07067281, 0.04240493, 0.08500134], [-0.07754238, -0.07814331, 0.04970807], [0.05786079, 0.01840997, 0.097256], [-0.06931899, -0.03081452, -0.10128497], [0.10173624, 0.05808811, -0.04090665], [0.07301119, 0.03699516, 0.09362183], [-0.0460456, 0.09886587, -0.05641104], [-0.09341531, -0.06791828, 0.04991413], [-0.08425659, 0.08210085, -0.02111129], [0.06539101, -0.02185127, -0.10221929], [0.08796579, -0.08703288, 0.02226364], [-0.05635676, 0.02751771, 0.10974869], [-0.08220506, -0.04325717, -0.08185815]], "atomic quadrupole moments": [[-0.02092952, -0.10663437, -0.06325605, -0.1626212, 0.12238241, 0.08418557], [-0.05492083, -0.38171871, 0.1151573, 0.01118062, -0.09709448, -0.06023647], [-0.03685353, -0.13367477, 0.01492912, -0.04717021, -0.01498092, 0.02192441], [0.08357984, 0.01937488, 0.05015252, -0.30309491, 0.02408896, -0.13373235], [-0.1068277, -0.19865214, 0.13200099, -0.0649574, -0.03475233, -0.02517329], [-0.02713427, -0.11956407, -0.00298122, -0.12292964, 0.13627854, 0.0301155], [0.04567766, 0.1365751, -0.06131507, 0.03633045, -0.00127283, 0.01563741], [-0.00025411, 0.28801115, -0.03080657, 0.2652011, 0.05932372, 0.03106068], [-0.05510922, 0.15361564, 0.1420011, -0.04800901, -0.12126745, -0.08689188], [-0.00272111, 0.05743587, 0.02261724, -0.0324932, -0.022601, -0.01989613], [-0.01008191, -0.06285557, 0.0317984, 0.02150303, -0.03743685, -0.02171648], [0.01877305, 0.02832908, -0.03978907, 0.04999373, 0.03130041, 0.02101603], [0.0107348, 0.00759034, -0.0063702, 0.0401833, 0.01373631, -0.0043646], [0.00906261, 0.01773629, 0.02179243, -0.01331699, -0.01562504, -0.03085504], [0.00463853, 0.01914742, -0.00961059, 0.00795452, 0.01386588, 0.00497206], [0.01099624, 0.00833371, -0.02137159, 0.04477967, 0.02269514, 0.01037535], [0.02235264, 0.04143019, 0.00994659, -0.0242586, -0.01127985, -0.03229924], [0.01872121, 0.0164021, -0.04157668, 0.05257804, 0.03276701, 0.02285547], [-0.03552649, -0.04428795, 0.03721571, 0.01710014, -0.04898199, -0.00168922], [0.02362348, 0.05240535, 0.0071736, -0.03714569, -0.01469791, -0.03079708], [0.01625452, -0.02501866, 0.01809037, 0.01514274, 0.00127984, -0.03434489], [0.00048515, 0.00439746, -0.01790573, -0.02041334, 0.02542717, 0.01742058], [0.0301684, -0.05984932, 0.0125481, 0.005283, -0.02032224, -0.0427165], [-0.02458488, -0.01503463, -0.02193131, -0.05439468, 0.02313693, 0.04651619], [0.01080942, 0.03799813, -0.02569574, 0.06356247, 0.02539675, 0.01488632]], "number of molecular orbitals": 52, "number of electrons": 56, "number of unpaired electrons": 0, "orbital energies/eV": [-19.12463596, -18.88060049, -17.75657612, -17.30019867, -16.85470239, -16.33573042, -16.16665217, -15.77612282, -15.54626567, -15.42796359, -15.14451867, -14.53836267, -14.16465452, -14.09398029, -13.94798299, -13.44754321, -13.03620501, -12.9382488, -12.8640192, -12.61109275, -12.45743085, -12.44064991, -12.36027441, -12.20775982, -11.88947014, -11.66467827, -11.05888821, -10.82167761, 0.40577508, 0.96572611, 2.68520982, 2.74047035, 2.95929733, 3.35769649, 3.6424738, 3.85224807, 4.04872331, 4.11524285, 4.47764617, 4.71783202, 4.85192737, 4.94528586, 5.07715544, 5.33951924, 5.38973203, 6.58984471, 6.7835398, 7.15502425, 7.34355791, 7.6209118, 7.91650825, 8.2790176], "fractional occupation": [2.0, 2.0, 2.0, 2.0, 2.0, 2.0, 2.0, 2.0, 2.0, 2.0, 2.0, 2.0, 2.0, 2.0, 2.0, 2.0, 2.0, 2.0, 2.0, 2.0, 2.0, 2.0, 2.0, 2.0, 2.0, 2.0, 2.0, 2.0, 0.0, 0.0, 0.0, 0.0, 0.0, 0.0, 0.0, 0.0, 0.0, 0.0, 0.0, 0.0, 0.0, 0.0, 0.0, 0.0, 0.0, 0.0, 0.0, 0.0, 0.0, 0.0, 0.0, 0.0], "program call": "xtb /tmp/scratch/tmpo1f1v92u/59717_0_xyzopt.xyz --pop --wbo --acc 0.2 --gfn 2 --chrg 0 --uhf 0 --etemp 300 --input /tmp/scratch/tmpo1f1v92u/59717_0_xtb.inp", "method": "GFN2-xTB", "xtb version": "6.3.3 (7355c4f)", "Dipole module/D": 0.468, "Total charge": 0, "Transition dipole module/D": NaN, "HOMO": -10.8217, "LUMO": 0.4058, "HOMO occupancy": 2.0, "LUMO occupancy": 0, "mulliken charges": [-0.09371, 0.20659, -0.47943, 0.42261, -0.06344, -0.08667, -0.47904, 0.20244, -0.09398, 0.03988, 0.02703, 0.03978, 0.00916, 0.02114, 0.02211, 0.03716, 0.03585, 0.02787, 0.02984, 0.03857, 0.00873, 0.02494, 0.03663, 0.04003, 0.02591], "cm5 charges": [-0.24304, 0.12348, -0.57874, 0.40895, -0.1697, -0.23824, -0.57823, 0.11879, -0.24343, 0.09429, 0.07922, 0.09419, 0.07158, 0.08695, 0.09834, 0.09745, 0.09463, 0.08055, 0.08163, 0.09387, 0.07121, 0.09273, 0.09094, 0.09452, 0.07806], "FUKUI+": [0.02, -0.023, -0.114, -0.02, -0.005, 0.006, -0.076, -0.017, 0.019, -0.043, -0.076, -0.041, -0.064, -0.053, -0.081, -0.041, -0.052, -0.039, -0.062, -0.03, -0.052, -0.033, -0.028, -0.037, -0.06], "FUKUI-": [0.017, 0.015, -0.08, 0.011, -0.001, 0.016, -0.107, 0.017, 0.016, -0.061, -0.05, -0.048, -0.086, -0.068, -0.049, -0.041, -0.045, -0.047, -0.07, -0.022, -0.103, -0.059, -0.05, -0.053, -0.049], "FUKUIrad": [0.019, -0.004, -0.097, -0.005, -0.003, 0.011, -0.091, -0.0, 0.018, -0.052, -0.063, -0.044, -0.075, -0.06, -0.065, -0.041, -0.048, -0.043, -0.066, -0.026, -0.078, -0.046, -0.039, -0.045, -0.055], "s proportion": [1.007, 0.991, 1.688, 0.974, 1.033, 1.004, 1.688, 0.99, 1.008, 0.96, 0.973, 0.96, 0.991, 0.979, 0.978, 0.963, 0.964, 0.972, 0.97, 0.961, 0.991, 0.975, 0.963, 0.96, 0.974], "p proportion": [3.087, 2.803, 4.792, 2.603, 3.03, 3.082, 4.791, 2.808, 3.086, 0.0, 0.0, 0.0, 0.0, 0.0, 0.0, 0.0, 0.0, 0.0, 0.0, 0.0, 0.0, 0.0, 0.0, 0.0, 0.0], "d proportion": [0.0, 0.0, 0.0, 0.0, 0.0, 0.0, 0.0, 0.0, 0.0, 0.0, 0.0, 0.0, 0.0, 0.0, 0.0, 0.0, 0.0, 0.0, 0.0, 0.0, 0.0, 0.0, 0.0, 0.0, 0.0], "Fermi-level/eV": -5.208, "Coordination numbers": [3.751, 3.697, 1.702, 3.644, 3.8, 3.752, 1.7, 3.689, 3.751, 0.925, 0.925, 0.925, 0.923, 0.923, 0.922, 0.924, 0.925, 0.925, 0.925, 0.925, 0.923, 0.924, 0.925, 0.925, 0.925], "Dispersion coefficient C6": [22.688, 19.188, 19.694, 17.058, 21.863, 22.56, 19.727, 19.246, 22.66, 2.265, 2.386, 2.277, 2.758, 2.572, 2.763, 2.36, 2.354, 2.467, 2.423, 2.35, 2.705, 2.529, 2.332, 2.276, 2.417], "Total dispersion C6": 4305.740401, "Total dispersion C8": 88583.424719, "Polarizability alpha": [6.793, 6.266, 5.992, 5.936, 6.657, 6.773, 5.997, 6.279, 6.789, 2.353, 2.416, 2.359, 2.597, 2.508, 2.6, 2.402, 2.399, 2.456, 2.434, 2.397, 2.572, 2.487, 2.388, 2.359, 2.431], "Total polarizability alpha": 96.641944, "Wiberg matrix": [[0.0, 1.0164978792001578, 0.0, 0.0, 0.0, 0.0, 0.0, 0.0, 0.0, 0.9860696990458337, 0.9854430957750374, 0.9860984496682965, 0.0, 0.0, 0.0, 0.0, 0.0, 0.0, 0.0, 0.0, 0.0, 0.0, 0.0, 0.0, 0.0], [1.0164978792001578, 0.0, 0.9670317884367751, 0.0, 0.0, 0.0, 0.0, 0.0, 0.0, 0.0, 0.0, 0.0, 0.9688890248214777, 0.9706158891368423, 0.0, 0.0, 0.0, 0.0, 0.0, 0.0, 0.0, 0.0, 0.0, 0.0, 0.0], [0.0, 0.9670317884367751, 0.0, 0.9782368266390462, 0.0, 0.0, 0.0, 0.0, 0.0, 0.0, 0.0, 0.0, 0.0, 0.0, 0.0, 0.0, 0.0, 0.0, 0.0, 0.0, 0.0, 0.0, 0.0, 0.0, 0.0], [0.0, 0.0, 0.9782368266390462, 0.0, 0.9757373982441981, 0.0, 0.9758315298282714, 0.0, 0.0, 0.0, 0.0, 0.0, 0.0, 0.0, 0.9466300829945389, 0.0, 0.0, 0.0, 0.0, 0.0, 0.0, 0.0, 0.0, 0.0, 0.0], [0.0, 0.0, 0.0, 0.9757373982441981, 0.0, 1.0201153650181054, 0.0, 0.0, 0.0, 0.0, 0.0, 0.0, 0.0, 0.0, 0.0, 0.9744171910384205, 0.975782677206125, 0.0, 0.0, 0.0, 0.0, 0.0, 0.0, 0.0, 0.0], [0.0, 0.0, 0.0, 0.0, 1.0201153650181054, 0.0, 0.0, 0.0, 0.0, 0.0, 0.0, 0.0, 0.0, 0.0, 0.0, 0.0, 0.0, 0.9876126218281898, 0.9868823081471887, 0.9859307850827531, 0.0, 0.0, 0.0, 0.0, 0.0], [0.0, 0.0, 0.0, 0.9758315298282714, 0.0, 0.0, 0.0, 0.9663326396918339, 0.0, 0.0, 0.0, 0.0, 0.0, 0.0, 0.0, 0.0, 0.0, 0.0, 0.0, 0.0, 0.0, 0.0, 0.0, 0.0, 0.0], [0.0, 0.0, 0.0, 0.0, 0.0, 0.0, 0.9663326396918339, 0.0, 1.015513176285858, 0.0, 0.0, 0.0, 0.0, 0.0, 0.0, 0.0, 0.0, 0.0, 0.0, 0.0, 0.970080540647948, 0.9709040300660665, 0.0, 0.0, 0.0], [0.0, 0.0, 0.0, 0.0, 0.0, 0.0, 0.0, 1.015513176285858, 0.0, 0.0, 0.0, 0.0, 0.0, 0.0, 0.0, 0.0, 0.0, 0.0, 0.0, 0.0, 0.0, 0.0, 0.9865349850574738, 0.9860798747720301, 0.9857116884370691], [0.9860696990458337, 0.0, 0.0, 0.0, 0.0, 0.0, 0.0, 0.0, 0.0, 0.0, 0.0, 0.0, 0.0, 0.0, 0.0, 0.0, 0.0, 0.0, 0.0, 0.0, 0.0, 0.0, 0.0, 0.0, 0.0], [0.9854430957750374, 0.0, 0.0, 0.0, 0.0, 0.0, 0.0, 0.0, 0.0, 0.0, 0.0, 0.0, 0.0, 0.0, 0.0, 0.0, 0.0, 0.0, 0.0, 0.0, 0.0, 0.0, 0.0, 0.0, 0.0], [0.9860984496682965, 0.0, 0.0, 0.0, 0.0, 0.0, 0.0, 0.0, 0.0, 0.0, 0.0, 0.0, 0.0, 0.0, 0.0, 0.0, 0.0, 0.0, 0.0, 0.0, 0.0, 0.0, 0.0, 0.0, 0.0], [0.0, 0.9688890248214777, 0.0, 0.0, 0.0, 0.0, 0.0, 0.0, 0.0, 0.0, 0.0, 0.0, 0.0, 0.0, 0.0, 0.0, 0.0, 0.0, 0.0, 0.0, 0.0, 0.0, 0.0, 0.0, 0.0], [0.0, 0.9706158891368423, 0.0, 0.0, 0.0, 0.0, 0.0, 0.0, 0.0, 0.0, 0.0, 0.0, 0.0, 0.0, 0.0, 0.0, 0.0, 0.0, 0.0, 0.0, 0.0, 0.0, 0.0, 0.0, 0.0], [0.0, 0.0, 0.0, 0.9466300829945389, 0.0, 0.0, 0.0, 0.0, 0.0, 0.0, 0.0, 0.0, 0.0, 0.0, 0.0, 0.0, 0.0, 0.0, 0.0, 0.0, 0.0, 0.0, 0.0, 0.0, 0.0], [0.0, 0.0, 0.0, 0.0, 0.9744171910384205, 0.0, 0.0, 0.0, 0.0, 0.0, 0.0, 0.0, 0.0, 0.0, 0.0, 0.0, 0.0, 0.0, 0.0, 0.0, 0.0, 0.0, 0.0, 0.0, 0.0], [0.0, 0.0, 0.0, 0.0, 0.975782677206125, 0.0, 0.0, 0.0, 0.0, 0.0, 0.0, 0.0, 0.0, 0.0, 0.0, 0.0, 0.0, 0.0, 0.0, 0.0, 0.0, 0.0, 0.0, 0.0, 0.0], [0.0, 0.0, 0.0, 0.0, 0.0, 0.9876126218281898, 0.0, 0.0, 0.0, 0.0, 0.0, 0.0, 0.0, 0.0, 0.0, 0.0, 0.0, 0.0, 0.0, 0.0, 0.0, 0.0, 0.0, 0.0, 0.0], [0.0, 0.0, 0.0, 0.0, 0.0, 0.9868823081471887, 0.0, 0.0, 0.0, 0.0, 0.0, 0.0, 0.0, 0.0, 0.0, 0.0, 0.0, 0.0, 0.0, 0.0, 0.0, 0.0, 0.0, 0.0, 0.0], [0.0, 0.0, 0.0, 0.0, 0.0, 0.9859307850827531, 0.0, 0.0, 0.0, 0.0, 0.0, 0.0, 0.0, 0.0, 0.0, 0.0, 0.0, 0.0, 0.0, 0.0, 0.0, 0.0, 0.0, 0.0, 0.0], [0.0, 0.0, 0.0, 0.0, 0.0, 0.0, 0.0, 0.970080540647948, 0.0, 0.0, 0.0, 0.0, 0.0, 0.0, 0.0, 0.0, 0.0, 0.0, 0.0, 0.0, 0.0, 0.0, 0.0, 0.0, 0.0], [0.0, 0.0, 0.0, 0.0, 0.0, 0.0, 0.0, 0.9709040300660665, 0.0, 0.0, 0.0, 0.0, 0.0, 0.0, 0.0, 0.0, 0.0, 0.0, 0.0, 0.0, 0.0, 0.0, 0.0, 0.0, 0.0], [0.0, 0.0, 0.0, 0.0, 0.0, 0.0, 0.0, 0.0, 0.9865349850574738, 0.0, 0.0, 0.0, 0.0, 0.0, 0.0, 0.0, 0.0, 0.0, 0.0, 0.0, 0.0, 0.0, 0.0, 0.0, 0.0], [0.0, 0.0, 0.0, 0.0, 0.0, 0.0, 0.0, 0.0, 0.9860798747720301, 0.0, 0.0, 0.0, 0.0, 0.0, 0.0, 0.0, 0.0, 0.0, 0.0, 0.0, 0.0, 0.0, 0.0, 0.0, 0.0], [0.0, 0.0, 0.0, 0.0, 0.0, 0.0, 0.0, 0.0, 0.9857116884370691, 0.0, 0.0, 0.0, 0.0, 0.0, 0.0, 0.0, 0.0, 0.0, 0.0, 0.0, 0.0, 0.0, 0.0, 0.0, 0.0]], "Born radii": [], "Atomic SASAs": [], "Solvent H bonds": [], "Total SASA": NaN, "Total FOD": 0.0, "FOD": [0.0, 0.0, 0.0, 0.0, 0.0, 0.0, 0.0, 0.0, 0.0, 0.0, 0.0, 0.0, 0.0, 0.0, 0.0, 0.0, 0.0, 0.0, 0.0, 0.0, 0.0, 0.0, 0.0, 0.0, 0.0], "FOD s proportion": [0.0, 0.0, 0.0, 0.0, 0.0, 0.0, 0.0, 0.0, 0.0, 0.0, 0.0, 0.0, 0.0, 0.0, 0.0, 0.0, 0.0, 0.0, 0.0, 0.0, 0.0, 0.0, 0.0, 0.0, 0.0], "FOD p proportion": [0.0, 0.0, 0.0, 0.0, 0.0, 0.0, 0.0, 0.0, 0.0, 0.0, 0.0, 0.0, 0.0, 0.0, 0.0, 0.0, 0.0, 0.0, 0.0, 0.0, 0.0, 0.0, 0.0, 0.0, 0.0], "FOD d proportion": [0.0, 0.0, 0.0, 0.0, 0.0, 0.0, 0.0, 0.0, 0.0, 0.0, 0.0, 0.0, 0.0, 0.0, 0.0, 0.0, 0.0, 0.0, 0.0, 0.0, 0.0, 0.0, 0.0, 0.0, 0.0], "coordinates": [["2.70963163400178", "-1.62208123930760", "-1.17190712540718"], ["1.90570149680314", "-1.00480207710733", "-0.04038636064838"], ["1.15532266315597", "0.08045669833638", "-0.56014208652048"], ["0.34809238284365", "0.72510499918195", "0.38449666983434"], ["-0.15949930242411", "2.02024147566337", "-0.25936217299482"], ["-0.95171049655012", "2.86301883711287", "0.73040506357619"], ["-0.66763467273438", "-0.10757445659726", "0.87966073455549"], ["-1.57679776205398", "-0.61675092146138", "-0.08775516289562"], ["-2.21328587808326", "-1.88115517656803", "0.46903888722524"], ["3.37675464639228", "-0.87898211445860", "-1.59978443869114"], ["3.29519617599036", "-2.45653708539322", "-0.79609375808844"], ["2.04198741419185", "-1.97601322516897", "-1.95266158237923"], ["2.57317913687158", "-0.63506838391735", "0.75335245114700"], ["1.22970365703780", "-1.74698800749281", "0.40453474150546"], ["0.93656357810996", "0.96505326937302", "1.28880500959495"], ["-0.77179502324032", "1.76276211678498", "-1.12404754881124"], ["0.71236690431801", "2.56655527185223", "-0.61982599923826"], ["-0.31307599032320", "3.18872538070036", "1.54825810297472"], ["-1.36025791050549", "3.74148338188653", "0.23713026260646"], ["-1.77008319302498", "2.28326991052144", "1.15005525182075"], ["-2.35555531458544", "0.12990226883076", "-0.29832398314779"], ["-1.03900378270015", "-0.83429295324791", "-1.01865377554165"], ["-1.45388420535300", "-2.63609815386859", "0.65509571673272"], ["-2.71312835300218", "-1.65795935749959", "1.40760355120064"], ["-2.93878680513546", "-2.27226945815555", "-0.23919044841071"]], "bond_dist": [[0.0, 1.5191038380121453, 2.385113890105213, 3.675397073345604, 4.725586247284339, 6.0942875347997765, 4.231854107306009, 4.534264162261546, 5.195665496559166, 1.0864292053490763, 1.0864796725922734, 1.0865515068063287, 2.167818741913692, 2.1658618325032144, 3.986494639175732, 4.8559022492335995, 4.673171919898937, 6.299199995790158, 6.878750810360499, 6.380526766358431, 5.430351051577319, 3.833583761997372, 4.658436844346094, 6.005121851115923, 5.761712938272922], [1.5191038380121453, 0.0, 1.4180976758460968, 2.36627349097216, 3.669317817208157, 4.870211632351963, 2.8763802081521277, 3.504372781364004, 4.241882345442766, 2.1474520711113696, 2.14693355004715, 2.149097826773705, 1.1010225725304534, 1.0980745975439714, 2.5663803479288703, 4.0003400796545, 3.809775722842262, 5.003242679359659, 5.768078708255207, 5.073456584469993, 4.4172837108790075, 3.1076308789004874, 3.798899617013718, 4.884350355901855, 5.011493144258724], [2.385113890105213, 1.4180976758460968, 0.0, 1.3998337534306595, 2.362623613676518, 3.721256876228254, 2.3305710303014675, 2.85897357255453, 4.031706602494293, 2.633655086010617, 3.3273216407387696, 2.637110819316914, 2.0609611893176876, 2.067773698363574, 2.061303469898023, 2.6195273368614163, 2.5259568664097496, 4.032726145719239, 4.512970773108498, 4.041677919778404, 3.5209739786435232, 2.4211708830700442, 3.957831940111709, 4.675363787169274, 4.732870446124653], [3.675397073345604, 2.36627349097216, 1.3998337534306595, 0.0, 1.532834635945762, 2.52582970933472, 1.403653795813322, 2.3934914194971295, 3.6551878318043585, 3.960209854596381, 4.4946702749392475, 3.9531795728295442, 2.6338445820606267, 2.6246683212841933, 1.1052814543755076, 2.146295822021446, 2.128919692549706, 2.8037313842759555, 3.4696853071154514, 2.7387270042099936, 2.851354275808265, 2.5148735393390242, 3.8233532539732766, 4.012083724494986, 4.491860867762302], [4.725586247284339, 3.669317817208157, 2.362623613676518, 1.532834635945762, 0.0, 1.5223374920364252, 2.466409410472416, 2.998651829085552, 4.46872501290131, 4.765219959919341, 5.680189075000092, 4.86660644465758, 3.9425617069272128, 4.06972504653839, 2.170621481057173, 1.0903588717156625, 1.0902034747675489, 2.1578766177640336, 2.156617646507967, 2.156298194494601, 2.8978547838166184, 3.0819504659166097, 4.918654719998651, 4.777965824770981, 5.113755570826119], [6.0942875347997765, 4.870211632351963, 3.721256876228254, 2.52582970933472, 1.5223374920364252, 0.0, 2.987875640924781, 3.628900359387591, 4.916001606337812, 6.178022720232262, 6.97596517698318, 6.29104960298446, 4.96608374036675, 5.110471825926781, 2.734897215083811, 2.163776541085871, 2.1633696319852787, 1.0875763785283428, 1.0871664891569004, 1.0871747645678427, 3.2402144837211666, 4.091080714877666, 5.522511893335841, 4.899023830604455, 5.5910440517426725], [4.231854107306009, 2.8763802081521277, 2.3305710303014675, 1.403653795813322, 2.466409410472416, 2.987875640924781, 0.0, 1.421876124700678, 2.3881449956720355, 4.806225453139806, 4.902020694234245, 4.342253446410825, 3.285890712478105, 2.5521195578879956, 1.9726584357992085, 2.742964666411361, 3.3621175800480083, 3.382059567437952, 3.963309046854293, 2.6466285577393105, 2.0719843830129094, 2.066308972166625, 2.6574517610740207, 2.6203933587552557, 3.33104554575681], [4.534264162261546, 3.504372781364004, 2.85897357255453, 2.3934914194971295, 2.998651829085552, 3.628900359387591, 1.421876124700678, 0.0, 1.5211360413941601, 5.185815190755183, 5.255747485065808, 4.291978112191185, 4.234395566010231, 3.065327949172848, 3.27322587562472, 2.7173541575931184, 3.956869035619088, 4.330725344415725, 4.375688093304955, 3.159059148946136, 1.0992240628100403, 1.0968678711902098, 2.1551562395372037, 2.1474310007600805, 2.149113404292814], [5.195665496559166, 4.241882345442766, 4.031706602494293, 3.6551878318043585, 4.46872501290131, 4.916001606337812, 2.3881449956720355, 1.5211360413941601, 0.0, 6.044247998349529, 5.681109001884477, 4.897038084987367, 4.954171357233719, 3.4462064002357473, 4.323710282825615, 4.230124527490458, 5.433893555925826, 5.520797098078507, 5.691704725533678, 4.242952770756457, 2.157182981595138, 2.165199393359081, 1.0868518497602726, 1.0865369307326644, 1.0866971833361228], [1.0864292053490763, 2.1474520711113696, 2.633655086010617, 3.960209854596381, 4.765219959919341, 6.178022720232262, 4.806225453139806, 5.185815190755183, 6.044247998349529, 0.0, 1.7723572383981907, 1.7634066747519956, 2.4984956933653333, 3.062769589331548, 4.2070117598240175, 4.941214681949175, 4.464415803174725, 6.330186903872159, 6.867477337928845, 6.637122564655728, 5.964144909784859, 4.454057978168125, 5.613110813734853, 6.836509563602959, 6.608973403975723], [1.0864796725922734, 2.14693355004715, 3.3273216407387696, 4.4946702749392475, 5.680189075000092, 6.97596517698318, 4.902020694234245, 5.255747485065808, 5.681109001884477, 1.7723572383981907, 0.0, 1.771746176256097, 2.4979672516964904, 2.4922335431968277, 4.649433423450767, 5.869451155003409, 5.650976393406297, 7.098211182104152, 7.8202469488648845, 7.204881776508516, 6.234455524756565, 4.633195254633835, 4.9691002744565465, 6.449338870314469, 6.261520555244084], [1.0865515068063287, 2.149097826773705, 2.637110819316914, 3.9531795728295442, 4.86660644465758, 6.29104960298446, 4.342253446410825, 4.291978112191185, 4.897038084987367, 1.7634066747519956, 1.771746176256097, 0.0, 3.066400114656221, 2.5037236192925545, 4.514303894243299, 4.7520957355076945, 4.9172421073294075, 6.669129414664397, 7.004300752072393, 6.503862459924193, 5.148795491328141, 3.4159043484668947, 4.4110348700171444, 5.831266242430478, 5.275591237618997], [2.167818741913692, 1.1010225725304534, 2.0609611893176876, 2.6338445820606267, 3.9425617069272128, 4.96608374036675, 3.285890712478105, 4.234395566010231, 4.954171357233719, 2.4984956933653333, 2.4979672516964904, 3.066400114656221, 0.0, 1.778472774255026, 2.3506614462439654, 4.523612936774973, 3.949510761424361, 4.856309546239313, 5.906997351648389, 5.247666069706494, 5.097413728058201, 4.028344814051304, 4.497889915102177, 5.423965092370418, 5.835009623881926], [2.1658618325032144, 1.0980745975439714, 2.067773698363574, 2.6246683212841933, 4.06972504653839, 5.110471825926781, 2.5521195578879956, 3.065327949172848, 3.4462064002357473, 3.062769589331548, 2.4922335431968277, 2.5037236192925545, 1.778472774255026, 0.0, 2.867583111319517, 4.319827163243093, 4.463586883401559, 5.296181531846428, 6.071181381983438, 5.0791240251471415, 4.107409084786187, 2.829401220085299, 2.838122877866006, 4.069397670036541, 4.250484143691445], [3.986494639175732, 2.5663803479288703, 2.061303469898023, 1.1052814543755076, 2.170621481057173, 2.734897215083811, 1.9726584357992085, 3.27322587562472, 4.323710282825615, 4.2070117598240175, 4.649433423450767, 4.514303894243299, 2.3506614462439654, 2.867583111319517, 0.0, 3.0621374862429183, 2.501588523391481, 2.5639096351769375, 3.7536612651770773, 3.0137822336688855, 3.7489335066060203, 3.5305635911370445, 4.36853747224835, 4.4960604451281405, 5.275733992041237], [4.8559022492335995, 4.0003400796545, 2.6195273368614163, 2.146295822021446, 1.0903588717156625, 2.163776541085871, 2.742964666411361, 2.7173541575931184, 4.230124527490458, 4.941214681949175, 5.869451155003409, 4.7520957355076945, 4.523612936774973, 4.319827163243093, 3.0621374862429183, 0.0, 1.7615502928955504, 3.063496675004529, 2.472737642563282, 2.5375285576944084, 2.419989121957911, 2.612891770693842, 4.793805178813587, 4.677538646988097, 4.664794237873452], [4.673171919898937, 3.809775722842262, 2.5259568664097496, 2.128919692549706, 1.0902034747675489, 2.1633696319852787, 3.3621175800480083, 3.956869035619088, 5.433893555925826, 4.464415803174725, 5.650976393406297, 4.9172421073294075, 3.949510761424361, 4.463586883401559, 2.501588523391481, 1.7615502928955504, 0.0, 2.477744427656513, 2.5319170052523043, 3.0619093266445274, 3.9310034526473334, 3.846054020507817, 5.778033568626082, 5.8043959370052916, 6.0737164570256725], [6.299199995790158, 5.003242679359659, 4.032726145719239, 2.8037313842759555, 2.1578766177640336, 1.0875763785283428, 3.382059567437952, 4.330725344415725, 5.520797098078507, 6.330186903872159, 7.098211182104152, 6.669129414664397, 4.856309546239313, 5.296181531846428, 2.5639096351769375, 3.063496675004529, 2.477744427656513, 0.0, 1.7666883130933808, 1.7610465944627776, 4.115578455154867, 4.827078232958073, 6.002312191193099, 5.410211455944771, 6.317578193966643], [6.878750810360499, 5.768078708255207, 4.512970773108498, 3.4696853071154514, 2.156617646507967, 1.0871664891569004, 3.963309046854293, 4.375688093304955, 5.691704725533678, 6.867477337928845, 7.8202469488648845, 7.004300752072393, 5.906997351648389, 6.071181381983438, 3.7536612651770773, 2.472737642563282, 2.5319170052523043, 1.7666883130933808, 0.0, 1.7685517595464144, 3.784289405957966, 4.755830824816618, 6.391948626916088, 5.688079469329095, 6.2356922720769195], [6.380526766358431, 5.073456584469993, 4.041677919778404, 2.7387270042099936, 2.156298194494601, 1.0871747645678427, 2.6466285577393105, 3.159059148946136, 4.242952770756457, 6.637122564655728, 7.204881776508516, 6.503862459924193, 5.247666069706494, 5.0791240251471415, 3.0137822336688855, 2.5375285576944084, 3.0619093266445274, 1.7610465944627776, 1.7685517595464144, 0.0, 2.660370691030301, 3.8674247451137065, 4.954306096126868, 4.060659237534649, 4.903958675206963], [5.430351051577319, 4.4172837108790075, 3.5209739786435232, 2.851354275808265, 2.8978547838166184, 3.2402144837211666, 2.0719843830129094, 1.0992240628100403, 2.157182981595138, 5.964144909784859, 6.234455524756565, 5.148795491328141, 5.097413728058201, 4.107409084786187, 3.7489335066060203, 2.419989121957911, 3.9310034526473334, 4.115578455154867, 3.784289405957966, 2.660370691030301, 0.0, 1.7837755946864566, 3.0614993470059213, 2.496897359755762, 2.472667537788307], [3.833583761997372, 3.1076308789004874, 2.4211708830700442, 2.5148735393390242, 3.0819504659166097, 4.091080714877666, 2.066308972166625, 1.0968678711902098, 2.165199393359081, 4.454057978168125, 4.633195254633835, 3.4159043484668947, 4.028344814051304, 2.829401220085299, 3.5305635911370445, 2.612891770693842, 3.846054020507817, 4.827078232958073, 4.755830824816618, 3.8674247451137065, 1.7837755946864566, 0.0, 2.494005835793703, 3.060693391692884, 2.5068935037894744], [4.658436844346094, 3.798899617013718, 3.957831940111709, 3.8233532539732766, 4.918654719998651, 5.522511893335841, 2.6574517610740207, 2.1551562395372037, 1.0868518497602726, 5.613110813734853, 4.9691002744565465, 4.4110348700171444, 4.497889915102177, 2.838122877866006, 4.36853747224835, 4.793805178813587, 5.778033568626082, 6.002312191193099, 6.391948626916088, 4.954306096126868, 3.0614993470059213, 2.494005835793703, 0.0, 1.7631560819412742, 1.77117328227136], [6.005121851115923, 4.884350355901855, 4.675363787169274, 4.012083724494986, 4.777965824770981, 4.899023830604455, 2.6203933587552557, 2.1474310007600805, 1.0865369307326644, 6.836509563602959, 6.449338870314469, 5.831266242430478, 5.423965092370418, 4.069397670036541, 4.4960604451281405, 4.677538646988097, 5.8043959370052916, 5.410211455944771, 5.688079469329095, 4.060659237534649, 2.496897359755762, 3.060693391692884, 1.7631560819412742, 0.0, 1.772069161726785], [5.761712938272922, 5.011493144258724, 4.732870446124653, 4.491860867762302, 5.113755570826119, 5.5910440517426725, 3.33104554575681, 2.149113404292814, 1.0866971833361228, 6.608973403975723, 6.261520555244084, 5.275591237618997, 5.835009623881926, 4.250484143691445, 5.275733992041237, 4.664794237873452, 6.0737164570256725, 6.317578193966643, 6.2356922720769195, 4.903958675206963, 2.472667537788307, 2.5068935037894744, 1.77117328227136, 1.772069161726785, 0.0]]}