{"total energy": -26.17824889, "HOMO-LUMO gap/eV": 3.84833177, "electronic energy": -26.53450656, "dipole": [-0.50094604, -0.14973109, -1.05913781], "partial charges": [-0.10294964, -0.05301944, -0.06028105, -0.05987347, -0.05687941, -0.08347485, 0.21480746, -0.32010349, 0.03365606, 0.03448866, 0.03448867, 0.02881268, 0.02881268, 0.03320381, 0.03320382, 0.02960728, 0.02960724, 0.0473565, 0.04735661, 0.06416798, 0.06416752, 0.01284438], "atomic dipole moments": [[0.07252307, -0.02267025, -0.06262735], [0.01333822, 0.02091852, 0.11065197], [-0.00666957, -0.02263834, -0.11463382], [0.0200614, 0.02007084, 0.11095111], [0.0064886, -0.02742911, -0.12929367], [0.01349723, 0.0160988, 0.0872982], [-0.04586885, 0.01823556, 0.0584941], [-0.02112354, -0.03114771, -0.16557931], [-0.10740814, 0.00195124, -0.06124539], [0.01739232, 0.11114321, 0.05116938], [-0.0088795, -0.0830883, 0.0910555], [-0.02152404, -0.10881284, -0.05080091], [0.00431528, 0.08222044, -0.09003005], [0.02076871, 0.10931536, 0.05128716], [-0.00514732, -0.0822844, 0.09063296], [-0.02184762, -0.10853985, -0.05095517], [0.00392505, 0.08200097, -0.0900837], [-0.00319687, -0.08349349, 0.09361133], [0.0231165, 0.11104252, 0.05366185], [-0.0202502, -0.11513254, -0.05545464], [0.0069144, 0.08569103, -0.09669372], [0.10165014, -0.02908358, -0.07462197]], "atomic quadrupole moments": [[0.08801958, -0.06212484, -0.10865866, -0.16038892, 0.05217172, 0.02063908], [0.21139282, -0.06342025, -0.2185762, -0.01293243, 0.05206682, 0.00718338], [0.21778567, -0.06637286, -0.23020012, -0.0146461, 0.05600841, 0.01241444], [0.21678976, -0.06288619, -0.22569828, -0.00208775, 0.05241715, 0.00890852], [0.23291064, -0.07333258, -0.2413997, -0.0300468, 0.05994557, 0.00848906], [0.1928436, -0.0570337, -0.21295291, 0.00161513, 0.05139068, 0.02010931], [-0.3579205, 0.15812141, 0.66375186, 0.05311788, -0.21997061, -0.30583136], [-0.13823187, 0.05434724, 0.26827201, -0.01936926, -0.08423011, -0.13004015], [0.04971694, -0.00315753, -0.05426962, 0.05408338, 0.00506535, 0.00455268], [-0.03285529, 0.02803566, 0.05968035, -0.00168504, 0.04527193, -0.02682505], [-0.04200749, -0.00830241, 0.02262106, -0.00995682, -0.06343992, 0.01938643], [-0.01578555, 0.01229451, 0.04540233, 0.00382233, 0.03062244, -0.02961678], [-0.01832974, 0.00076333, 0.01395561, -0.00544087, -0.04891047, 0.00437413], [-0.01801277, 0.01280581, 0.0459118, 0.00414347, 0.03002246, -0.02789903], [-0.02057136, 0.00126063, 0.01504739, -0.00492186, -0.04818703, 0.00552397], [-0.01945418, 0.01169796, 0.04694183, 0.00331786, 0.02990997, -0.02748765], [-0.02138148, 0.00245103, 0.01556315, -0.00618787, -0.04796174, 0.00581833], [-0.01768118, 0.00181367, 0.01531377, -0.00601994, -0.0469168, 0.0023674], [-0.01572741, 0.01107242, 0.04543083, 0.00305888, 0.02807739, -0.02970342], [-0.01705631, 0.02508706, 0.04650364, -0.01372119, 0.04410613, -0.02944734], [-0.02788078, -0.01706763, 0.01475735, -0.01952261, -0.05628066, 0.01312343], [0.02672138, -0.00846758, -0.07550986, 0.02989742, 0.0226682, 0.04878848]], "number of molecular orbitals": 46, "number of electrons": 48, "number of unpaired electrons": 0, "orbital energies/eV": [-19.56800284, -17.6337549, -17.09375267, -16.80398535, -16.37177406, -15.82404348, -15.47134316, -15.19299909, -15.05971428, -14.99176137, -14.27972833, -14.18870334, -13.76672928, -13.51979613, -13.22291742, -13.10520727, -12.82882722, -12.31113833, -12.27458518, -11.9191022, -11.77713161, -11.76228923, -11.52356447, -10.96061043, -7.11227865, 1.00527073, 2.72495549, 2.85980515, 2.99641611, 3.24621841, 3.81425424, 3.97564192, 4.12430153, 4.46045793, 4.74982602, 4.99323524, 5.22309367, 5.36655041, 6.02894393, 6.68177826, 6.7287268, 7.00895699, 7.40861566, 7.79127028, 8.52377661, 16.92587953], "fractional occupation": [2.0, 2.0, 2.0, 2.0, 2.0, 2.0, 2.0, 2.0, 2.0, 2.0, 2.0, 2.0, 2.0, 2.0, 2.0, 2.0, 2.0, 2.0, 2.0, 2.0, 2.0, 2.0, 2.0, 2.0, 0.0, 0.0, 0.0, 0.0, 0.0, 0.0, 0.0, 0.0, 0.0, 0.0, 0.0, 0.0, 0.0, 0.0, 0.0, 0.0, 0.0, 0.0, 0.0, 0.0, 0.0, 0.0], "program call": "xtb /tmp/scratch/tmpgv_wlhz9/6034_0_xyzopt.xyz --pop --wbo --acc 0.2 --gfn 2 --chrg 0 --uhf 0 --etemp 300 --input /tmp/scratch/tmpgv_wlhz9/6034_0_xtb.inp", "method": "GFN2-xTB", "xtb version": "6.3.3 (7355c4f)", "Dipole module/D": 3.002, "Total charge": 0, "Transition dipole module/D": NaN, "HOMO": -10.9606, "LUMO": -7.1123, "HOMO occupancy": 2.0, "LUMO occupancy": 0, "mulliken charges": [-0.08551, -0.03941, -0.04676, -0.0488, -0.0375, -0.08736, 0.39552, -0.46703, 0.03006, 0.02879, 0.02879, 0.0222, 0.0222, 0.02565, 0.02565, 0.02237, 0.02237, 0.0388, 0.0388, 0.05015, 0.05015, 0.01084], "cm5 charges": [-0.23821, -0.15302, -0.15879, -0.16043, -0.14726, -0.19181, 0.37841, -0.5253, 0.08164, 0.08097, 0.08097, 0.0774, 0.0774, 0.08168, 0.08168, 0.0783, 0.0783, 0.09682, 0.09682, 0.1062, 0.1062, 0.07204], "FUKUI+": [0.006, 0.003, 0.004, 0.007, 0.016, 0.035, -0.17, -0.334, -0.015, -0.007, -0.007, -0.008, -0.008, -0.011, -0.011, -0.02, -0.02, -0.025, -0.025, -0.111, -0.111, -0.189], "FUKUI-": [0.017, 0.005, 0.005, 0.005, 0.006, -0.007, -0.01, -0.155, -0.064, -0.063, -0.063, -0.08, -0.08, -0.065, -0.065, -0.044, -0.044, -0.031, -0.031, -0.054, -0.054, -0.128], "FUKUIrad": [0.012, 0.004, 0.005, 0.006, 0.011, 0.014, -0.09, -0.245, -0.039, -0.035, -0.035, -0.044, -0.044, -0.038, -0.038, -0.032, -0.032, -0.028, -0.028, -0.082, -0.082, -0.159], "s proportion": [1.005, 1.026, 1.03, 1.031, 1.026, 1.041, 1.046, 1.725, 0.97, 0.971, 0.971, 0.978, 0.978, 0.974, 0.974, 0.978, 0.978, 0.961, 0.961, 0.95, 0.95, 0.989], "p proportion": [3.08, 3.013, 3.017, 3.018, 3.011, 3.047, 2.558, 4.742, 0.0, 0.0, 0.0, 0.0, 0.0, 0.0, 0.0, 0.0, 0.0, 0.0, 0.0, 0.0, 0.0, 0.0], "d proportion": [0.0, 0.0, 0.0, 0.0, 0.0, 0.0, 0.0, 0.0, 0.0, 0.0, 0.0, 0.0, 0.0, 0.0, 0.0, 0.0, 0.0, 0.0, 0.0, 0.0, 0.0, 0.0], "Fermi-level/eV": -9.0364, "Coordination numbers": [3.752, 3.801, 3.803, 3.803, 3.804, 3.803, 2.757, 0.856, 0.925, 0.925, 0.925, 0.924, 0.924, 0.924, 0.924, 0.924, 0.924, 0.924, 0.924, 0.924, 0.924, 0.922], "Dispersion coefficient C6": [22.527, 21.526, 21.657, 21.65, 21.594, 22.091, 23.458, 20.149, 2.535, 2.524, 2.524, 2.603, 2.603, 2.541, 2.541, 2.592, 2.592, 2.353, 2.353, 2.151, 2.151, 2.845], "Total dispersion C6": 3521.148264, "Total dispersion C8": 74686.828326, "Polarizability alpha": [6.768, 6.606, 6.625, 6.624, 6.616, 6.691, 7.931, 6.018, 2.49, 2.484, 2.484, 2.523, 2.523, 2.493, 2.493, 2.518, 2.518, 2.399, 2.399, 2.294, 2.294, 2.638], "Total polarizability alpha": 88.42944, "Wiberg matrix": [[0.0, 1.0191752095909052, 0.0, 0.0, 0.0, 0.0, 0.0, 0.0, 0.9874540128156608, 0.9879243171637819, 0.987924317574596, 0.0, 0.0, 0.0, 0.0, 0.0, 0.0, 0.0, 0.0, 0.0, 0.0, 0.0], [1.0191752095909052, 0.0, 1.0077951570573453, 0.0, 0.0, 0.0, 0.0, 0.0, 0.0, 0.0, 0.0, 0.9786208623876382, 0.9786208743706184, 0.0, 0.0, 0.0, 0.0, 0.0, 0.0, 0.0, 0.0, 0.0], [0.0, 1.0077951570573453, 0.0, 1.0070355224358793, 0.0, 0.0, 0.0, 0.0, 0.0, 0.0, 0.0, 0.0, 0.0, 0.977293741124, 0.9772937417846521, 0.0, 0.0, 0.0, 0.0, 0.0, 0.0, 0.0], [0.0, 0.0, 1.0070355224358793, 0.0, 1.0074981583367626, 0.0, 0.0, 0.0, 0.0, 0.0, 0.0, 0.0, 0.0, 0.0, 0.0, 0.9773079169579819, 0.9773079242850181, 0.0, 0.0, 0.0, 0.0, 0.0], [0.0, 0.0, 0.0, 1.0074981583367626, 0.0, 1.0064213334054697, 0.0, 0.0, 0.0, 0.0, 0.0, 0.0, 0.0, 0.0, 0.0, 0.0, 0.0, 0.9757685980018652, 0.9757685963650325, 0.0, 0.0, 0.0], [0.0, 0.0, 0.0, 0.0, 1.0064213334054697, 0.0, 1.014568553317206, 0.0, 0.0, 0.0, 0.0, 0.0, 0.0, 0.0, 0.0, 0.0, 0.0, 0.0, 0.0, 0.9436960838371123, 0.9436966585845414, 0.0], [0.0, 0.0, 0.0, 0.0, 0.0, 1.014568553317206, 0.0, 1.9264149057938993, 0.0, 0.0, 0.0, 0.0, 0.0, 0.0, 0.0, 0.0, 0.0, 0.0, 0.0, 0.0, 0.0, 0.9302170588448846], [0.0, 0.0, 0.0, 0.0, 0.0, 0.0, 1.9264149057938993, 0.0, 0.0, 0.0, 0.0, 0.0, 0.0, 0.0, 0.0, 0.0, 0.0, 0.0, 0.0, 0.0, 0.0, 0.0], [0.9874540128156608, 0.0, 0.0, 0.0, 0.0, 0.0, 0.0, 0.0, 0.0, 0.0, 0.0, 0.0, 0.0, 0.0, 0.0, 0.0, 0.0, 0.0, 0.0, 0.0, 0.0, 0.0], [0.9879243171637819, 0.0, 0.0, 0.0, 0.0, 0.0, 0.0, 0.0, 0.0, 0.0, 0.0, 0.0, 0.0, 0.0, 0.0, 0.0, 0.0, 0.0, 0.0, 0.0, 0.0, 0.0], [0.987924317574596, 0.0, 0.0, 0.0, 0.0, 0.0, 0.0, 0.0, 0.0, 0.0, 0.0, 0.0, 0.0, 0.0, 0.0, 0.0, 0.0, 0.0, 0.0, 0.0, 0.0, 0.0], [0.0, 0.9786208623876382, 0.0, 0.0, 0.0, 0.0, 0.0, 0.0, 0.0, 0.0, 0.0, 0.0, 0.0, 0.0, 0.0, 0.0, 0.0, 0.0, 0.0, 0.0, 0.0, 0.0], [0.0, 0.9786208743706184, 0.0, 0.0, 0.0, 0.0, 0.0, 0.0, 0.0, 0.0, 0.0, 0.0, 0.0, 0.0, 0.0, 0.0, 0.0, 0.0, 0.0, 0.0, 0.0, 0.0], [0.0, 0.0, 0.977293741124, 0.0, 0.0, 0.0, 0.0, 0.0, 0.0, 0.0, 0.0, 0.0, 0.0, 0.0, 0.0, 0.0, 0.0, 0.0, 0.0, 0.0, 0.0, 0.0], [0.0, 0.0, 0.9772937417846521, 0.0, 0.0, 0.0, 0.0, 0.0, 0.0, 0.0, 0.0, 0.0, 0.0, 0.0, 0.0, 0.0, 0.0, 0.0, 0.0, 0.0, 0.0, 0.0], [0.0, 0.0, 0.0, 0.9773079169579819, 0.0, 0.0, 0.0, 0.0, 0.0, 0.0, 0.0, 0.0, 0.0, 0.0, 0.0, 0.0, 0.0, 0.0, 0.0, 0.0, 0.0, 0.0], [0.0, 0.0, 0.0, 0.9773079242850181, 0.0, 0.0, 0.0, 0.0, 0.0, 0.0, 0.0, 0.0, 0.0, 0.0, 0.0, 0.0, 0.0, 0.0, 0.0, 0.0, 0.0, 0.0], [0.0, 0.0, 0.0, 0.0, 0.9757685980018652, 0.0, 0.0, 0.0, 0.0, 0.0, 0.0, 0.0, 0.0, 0.0, 0.0, 0.0, 0.0, 0.0, 0.0, 0.0, 0.0, 0.0], [0.0, 0.0, 0.0, 0.0, 0.9757685963650325, 0.0, 0.0, 0.0, 0.0, 0.0, 0.0, 0.0, 0.0, 0.0, 0.0, 0.0, 0.0, 0.0, 0.0, 0.0, 0.0, 0.0], [0.0, 0.0, 0.0, 0.0, 0.0, 0.9436960838371123, 0.0, 0.0, 0.0, 0.0, 0.0, 0.0, 0.0, 0.0, 0.0, 0.0, 0.0, 0.0, 0.0, 0.0, 0.0, 0.0], [0.0, 0.0, 0.0, 0.0, 0.0, 0.9436966585845414, 0.0, 0.0, 0.0, 0.0, 0.0, 0.0, 0.0, 0.0, 0.0, 0.0, 0.0, 0.0, 0.0, 0.0, 0.0, 0.0], [0.0, 0.0, 0.0, 0.0, 0.0, 0.0, 0.9302170588448846, 0.0, 0.0, 0.0, 0.0, 0.0, 0.0, 0.0, 0.0, 0.0, 0.0, 0.0, 0.0, 0.0, 0.0, 0.0]], "Born radii": [], "Atomic SASAs": [], "Solvent H bonds": [], "Total SASA": NaN, "Total FOD": 0.0, "FOD": [0.0, 0.0, 0.0, 0.0, 0.0, 0.0, 0.0, 0.0, 0.0, 0.0, 0.0, 0.0, 0.0, 0.0, 0.0, 0.0, 0.0, 0.0, 0.0, 0.0, 0.0, 0.0], "FOD s proportion": [0.0, 0.0, 0.0, 0.0, 0.0, 0.0, 0.0, 0.0, 0.0, 0.0, 0.0, 0.0, 0.0, 0.0, 0.0, 0.0, 0.0, 0.0, 0.0, 0.0, 0.0, 0.0], "FOD p proportion": [0.0, 0.0, 0.0, 0.0, 0.0, 0.0, 0.0, 0.0, 0.0, 0.0, 0.0, 0.0, 0.0, 0.0, 0.0, 0.0, 0.0, 0.0, 0.0, 0.0, 0.0, 0.0], "FOD d proportion": [0.0, 0.0, 0.0, 0.0, 0.0, 0.0, 0.0, 0.0, 0.0, 0.0, 0.0, 0.0, 0.0, 0.0, 0.0, 0.0, 0.0, 0.0, 0.0, 0.0, 0.0, 0.0], "coordinates": [["-3.53173118402763", "0.60952202630973", "0.64800672236966"], ["-2.38375584411009", "0.26133395798749", "-0.29140643001500"], ["-1.04283996734751", "0.22979082771835", "0.43821641990569"], ["0.11306119426930", "-0.11846964273150", "-0.49631878544664"], ["1.44951058148250", "-0.14818242356798", "0.23926802636845"], ["2.60728366326380", "-0.49588597623047", "-0.69133104316101"], ["3.93249552237502", "-0.53119480571684", "0.00952938204487"], ["4.11899621775592", "-0.31748089366660", "1.17316949028930"], ["-4.47642798088845", "0.62671752898574", "0.10949489305379"], ["-3.37402729751617", "1.58810657385661", "1.09620239077437"], ["-3.60562409040796", "-0.12411729513915", "1.44781346273970"], ["-2.57029754278880", "-0.71457673432715", "-0.74581304950407"], ["-2.33871276760857", "0.99755584348389", "-1.09740466579352"], ["-0.85713966294677", "1.20547769213470", "0.89297856727760"], ["-1.08862038911398", "-0.50587826719899", "1.24441311022226"], ["-0.07346932216287", "-1.09470746162495", "-0.95126866971582"], ["0.15816944024110", "0.61782539060137", "-1.30294645314102"], ["1.41078985476527", "-0.88278761270773", "1.04570961429688"], ["1.64176760563639", "0.82485725510996", "0.69503448779116"], ["2.45183256169370", "-1.47416203810741", "-1.15618899779190"], ["2.68239415468751", "0.23044708034845", "-1.50624194620569"], ["4.77634625274827", "-0.78419202551751", "-0.66645752635907"]], "bond_dist": [[0.0, 1.5236729907870812, 2.5264178677841516, 3.888954129187417, 5.055091777746052, 6.379910328329171, 7.577834026260505, 7.724555658602981, 1.087539752664011, 1.0878315998789043, 1.0878316218655595, 2.1494942965479145, 2.1494939169756937, 2.7511114417747806, 2.7511104576978243, 4.173925614155646, 4.173925473205353, 5.1781917565750835, 5.178191827089652, 6.587859787219662, 6.587855407184933, 8.526101442917009], [1.5236729907870812, 0.0, 1.526892223029355, 2.533838031853907, 3.8914329667868555, 5.063970486598835, 6.372887534619129, 6.6907244478406955, 2.1618287852746905, 2.1601901224622897, 2.1601899257244948, 1.092558859080582, 1.092558785376184, 2.1505190483069216, 2.1505190316382135, 2.758929198181513, 2.7589279641079365, 4.182758724256019, 4.182757850411716, 5.209866646310275, 5.209861336055454, 7.245747024599221], [2.5264178677841516, 1.526892223029355, 0.0, 1.5266790431351192, 2.5286865167972596, 3.8892013079624568, 5.051419102194667, 5.24253899885705, 3.4720505893674525, 2.7771210942999986, 2.77712074093555, 2.1510189495788974, 2.1510187244033747, 1.0923635251744024, 1.092363477836478, 2.150498542315132, 2.1504982142713893, 2.761734612755855, 2.761734490120936, 4.202180397147954, 4.202176582698789, 6.009275665033608], [3.888954129187417, 2.533838031853907, 1.5266790431351192, 0.0, 1.5258006985330237, 2.5301420106957795, 3.8748294175909455, 4.344457617840835, 4.688893795218689, 4.196225950694171, 4.196224772446179, 2.760073398334585, 2.760074760142737, 2.1504123751338233, 2.1504119611724124, 1.0930751620061783, 1.0930751686207951, 2.155489090929669, 2.1554887032876, 2.7826573768800302, 2.782653325833781, 4.7136356476434145], [5.055091777746052, 3.8914329667868555, 2.5286865167972596, 1.5258006985330237, 0.0, 1.5255657631320203, 2.522834228853337, 2.8331938653331417, 5.977797156778837, 5.197648858629491, 5.1976482906338655, 4.177325052860989, 4.177325245316351, 2.7532469068838594, 2.753247497056415, 2.1523835762474257, 2.152383658932536, 1.0915549062365513, 1.091554875842693, 2.1702929748001987, 2.170291978207202, 3.506092208462569], [6.379910328329171, 5.063970486598835, 3.8892013079624568, 2.5301420106957795, 1.5255657631320203, 0.0, 1.4995461048558927, 2.40696187342679, 7.21668424330289, 6.581366236261425, 6.581365658053064, 5.18248406480533, 5.182484437996109, 4.172158225301749, 4.172159157752591, 2.7590924794111205, 2.7590916794748854, 2.144434787011682, 2.1444331013300997, 1.094203827540567, 1.0942033974094048, 2.1882805092114377], [7.577834026260505, 6.372887534619129, 5.051419102194667, 3.8748294175909455, 2.522834228853337, 1.4995461048558927, 0.0, 1.1977121720582478, 8.48886026283767, 7.684892470487395, 7.684895607164857, 6.549083047952726, 6.54907893906116, 5.170794816675168, 5.170801073900235, 4.157936236320758, 4.157929485184955, 2.7488700314297687, 2.748859550832408, 2.107237372861721, 2.1072291075366585, 1.1104278223783175], [7.724555658602981, 6.6907244478406955, 5.24253899885705, 4.344457617840835, 2.8331938653331417, 2.40696187342679, 1.1977121720582478, 0.0, 8.712303453437816, 7.731920132231694, 7.7319194058226355, 6.970425389426691, 6.970425665480114, 5.2115101564345805, 5.21151033270416, 4.763831014743576, 4.763832151973809, 2.7695124861830998, 2.769514600695907, 3.0892162261641034, 3.0892225880212636, 2.0085208262501495], [1.087539752664011, 2.1618287852746905, 3.4720505893674525, 4.688893795218689, 5.977797156778837, 7.21668424330289, 8.48886026283767, 8.712303453437816, 0.0, 1.7644114736521643, 1.7644117837853925, 2.4827314040082125, 2.4827311440697524, 3.748073895030962, 3.7480732218142316, 4.845056066223099, 4.845055508712601, 6.149344487139306, 6.149344127876225, 7.349588070965371, 7.349582993001424, 9.391836824968415], [1.0878315998789043, 2.1601901224622897, 2.7771210942999986, 4.196225950694171, 5.197648858629491, 6.581366236261425, 7.684892470487395, 7.731920132231694, 1.7644114736521643, 0.0, 1.7632294229524361, 3.0563626778650463, 2.496505209208663, 2.553904490894825, 3.1031957187554835, 4.720520293483542, 4.378786880411382, 5.3853823246303065, 5.089369678009485, 6.956392679993013, 6.730244916353739, 8.669680480670062], [1.0878316218655595, 2.1601899257244948, 2.77712074093555, 4.196224772446179, 5.1976482906338655, 6.581365658053064, 7.684895607164857, 7.7319194058226355, 1.7644117837853925, 1.7632294229524361, 0.0, 2.4965056949163933, 3.0563622579072507, 3.103196938546256, 2.5539030474001727, 4.378784952059507, 4.72051912453447, 5.089369020322715, 5.385382854900873, 6.730247448241521, 6.956387906531517, 8.669675155308838], [2.1494942965479145, 1.092558859080582, 2.1510189495788974, 2.760073398334585, 4.177325052860989, 5.18248406480533, 6.549083047952726, 6.970425389426691, 2.4827314040082125, 3.0563626778650463, 2.4965056949163933, 0.0, 1.7631353143596726, 3.0507633282630207, 2.4899643380503615, 2.5339420958314336, 3.0871062711617836, 4.368856282996942, 4.710349397671271, 5.0957991560697815, 5.390926839234551, 7.347402169904982], [2.1494939169756937, 1.092558785376184, 2.1510187244033747, 2.760074760142737, 4.177325245316351, 5.182484437996109, 6.54907893906116, 6.970425665480114, 2.4827311440697524, 2.496505209208663, 3.0563622579072507, 1.7631353143596726, 0.0, 2.489963006571427, 3.0507631137141047, 3.0871101914880357, 2.5339422651411403, 4.71035033155267, 4.368854188859826, 5.390934004044798, 5.0957941973222995, 7.3474080986997725], [2.7511114417747806, 2.1505190483069216, 1.0923635251744024, 2.1504123751338233, 2.7532469068838594, 4.172158225301749, 5.170794816675168, 5.2115101564345805, 3.748073895030962, 2.553904490894825, 3.103196938546256, 3.0507633282630207, 2.489963006571427, 0.0, 1.7623361722749027, 3.0506128590430026, 2.4896334063098715, 3.0866945189703854, 2.535466685378135, 4.725341678341047, 4.385800202063016, 6.174689472176994], [2.7511104576978243, 2.1505190316382135, 1.092363477836478, 2.1504119611724124, 2.753247497056415, 4.172159157752591, 5.170801073900235, 5.21151033270416, 3.7480732218142316, 3.1031957187554835, 2.5539030474001727, 2.4899643380503615, 3.0507631137141047, 1.7623361722749027, 0.0, 2.489632500529417, 3.0506123211898846, 2.5354674719335937, 3.086696049661533, 4.385803351598139, 4.725339029789912, 6.174683704285999], [4.173925614155646, 2.758929198181513, 2.150498542315132, 1.0930751620061783, 2.1523835762474257, 2.7590924794111205, 4.157936236320758, 4.763831014743576, 4.845056066223099, 4.720520293483542, 4.378784952059507, 2.5339420958314336, 3.0871101914880357, 3.0506128590430026, 2.489632500529417, 0.0, 1.763548283874677, 2.4971699168216013, 3.055663676950929, 2.56186020717014, 3.1078631566992287, 4.868084667925553], [4.173925473205353, 2.7589279641079365, 2.1504982142713893, 1.0930751686207951, 2.152383658932536, 2.7590916794748854, 4.157929485184955, 4.763832151973809, 4.845055508712601, 4.378786880411382, 4.72051912453447, 3.0871062711617836, 2.5339422651411403, 2.4896334063098715, 3.0506123211898846, 1.763548283874677, 0.0, 3.0556640214028636, 2.497169107131996, 3.107867382512936, 2.5618550743117523, 4.868092856611876], [5.1781917565750835, 4.182758724256019, 2.761734612755855, 2.155489090929669, 1.0915549062365513, 2.144434787011682, 2.7488700314297687, 2.7695124861830998, 6.149344487139306, 5.3853823246303065, 5.089369020322715, 4.368856282996942, 4.71035033155267, 3.0866945189703854, 2.5354674719335937, 2.4971699168216013, 3.0556640214028636, 0.0, 1.7585149303691965, 2.5063621299772647, 3.06083742537171, 3.7773280603304316], [5.178191827089652, 4.182757850411716, 2.761734490120936, 2.1554887032876, 1.091554875842693, 2.1444331013300997, 2.748859550832408, 2.769514600695907, 6.149344127876225, 5.089369678009485, 5.385382854900873, 4.710349397671271, 4.368854188859826, 2.535466685378135, 3.086696049661533, 3.055663676950929, 2.497169107131996, 1.7585149303691965, 0.0, 3.0608370321191756, 2.5063609096297244, 3.7773381351174233], [6.587859787219662, 5.209866646310275, 4.202180397147954, 2.7826573768800302, 2.1702929748001987, 1.094203827540567, 2.107237372861721, 3.0892162261641034, 7.349588070965371, 6.956392679993013, 6.730247448241521, 5.0957991560697815, 5.390934004044798, 4.725341678341047, 4.385803351598139, 2.56186020717014, 3.107867382512936, 2.5063621299772647, 3.0608370321191756, 0.0, 1.755388265193742, 2.4737136924642695], [6.587855407184933, 5.209861336055454, 4.202176582698789, 2.782653325833781, 2.170291978207202, 1.0942033974094048, 2.1072291075366585, 3.0892225880212636, 7.349582993001424, 6.730244916353739, 6.956387906531517, 5.390926839234551, 5.0957941973222995, 4.385800202063016, 4.725339029789912, 3.1078631566992287, 2.5618550743117523, 3.06083742537171, 2.5063609096297244, 1.755388265193742, 0.0, 2.4737351871092943], [8.526101442917009, 7.245747024599221, 6.009275665033608, 4.7136356476434145, 3.506092208462569, 2.1882805092114377, 1.1104278223783175, 2.0085208262501495, 9.391836824968415, 8.669680480670062, 8.669675155308838, 7.347402169904982, 7.3474080986997725, 6.174689472176994, 6.174683704285999, 4.868084667925553, 4.868092856611876, 3.7773280603304316, 3.7773381351174233, 2.4737136924642695, 2.4737351871092943, 0.0]]}