{"total energy": -28.996169, "HOMO-LUMO gap/eV": 10.60831546, "electronic energy": -29.25163831, "dipole": [0.75827407, -0.1667393, 0.14076232], "partial charges": [0.03970736, -0.31377014, 0.08241089, 0.08226371, -0.32444958, 0.0719303, 0.07514508, -0.43303558, 0.03184633, 0.0318833, 0.06300288, 0.0345304, 0.03287376, 0.03545792, 0.03556381, 0.02479023, 0.03507018, 0.05411945, 0.0367223, 0.30393739], "atomic dipole moments": [[-0.20961042, -0.08670682, 0.05470764], [0.03440442, 0.28295363, 0.03637511], [0.07895909, -0.19117579, -0.0590865], [-0.08131206, 0.18862917, 0.06104766], [-0.0299897, -0.28342694, -0.04205716], [0.1578109, 0.15375441, -0.0164339], [0.04775124, 0.06825383, -0.1936858], [0.16253631, -0.1294365, 0.13775544], [-0.01620997, 0.08298619, -0.08479584], [0.04420166, 0.05236744, 0.09822446], [0.07253794, -0.09243359, -0.03946027], [0.03513039, 0.05321816, 0.10095713], [-0.02433212, 0.0838883, -0.08100814], [-0.03563822, -0.05274413, -0.10157898], [0.02539657, -0.08509182, 0.08075018], [0.01713034, -0.08371369, 0.08456231], [-0.04197699, -0.05224236, -0.10137552], [-0.11068822, -0.04946269, 0.02392259], [0.04599514, 0.05504441, 0.09711702], [0.07454545, 0.01785238, -0.01920721]], "atomic quadrupole moments": [[0.34674914, 0.26604653, -0.12477509, -0.15673803, -0.06475118, -0.22197405], [0.10639235, -0.00470798, 0.02670944, -0.09208865, 0.03450495, -0.13310179], [0.27635031, -0.1290367, 0.01712587, -0.24188181, 0.11112415, -0.29347617], [0.2785085, -0.13264595, 0.01149726, -0.24844381, 0.11672167, -0.29000575], [0.10600995, -0.00098697, 0.02790385, -0.09145983, 0.03972089, -0.1339138], [0.3230848, 0.11462323, -0.02166427, -0.20792877, 0.00417318, -0.30142053], [-0.18608016, -0.22141185, 0.13722527, -0.04150747, -0.26040753, 0.04885489], [-0.0568648, -0.03840439, 0.02001279, 0.0338846, -0.14686858, 0.03685201], [-0.01737411, 0.00290023, 0.0047448, 0.0176888, -0.06034192, 0.0126293], [-0.01633342, 0.0339291, -0.02703024, 0.02432948, 0.03190392, 0.04336366], [0.02232287, -0.04487807, 0.02059967, -0.03438398, 0.02812562, -0.04292253], [-0.01557223, -0.00089006, -0.01595952, 0.01774594, 0.02665866, 0.03153175], [-0.01954466, -0.01975671, 0.00442655, 0.0094599, -0.03157744, 0.0151181], [-0.01460924, -0.00078209, -0.01691519, 0.01741769, 0.02613274, 0.03152443], [-0.0182943, -0.01994155, 0.00426871, 0.0084925, -0.03135127, 0.01402559], [-0.01221831, -7.826e-05, 0.00121862, 0.00849338, -0.04573653, 0.01099969], [-8.052e-05, 0.02253525, -0.02852003, 0.01625543, 0.02122597, 0.02860055], [0.03908815, 0.03322562, -0.00983029, -0.01367861, -0.02340458, -0.02925785], [-0.02987207, 0.00699465, 0.01261223, 0.03620077, 0.01138051, 0.01725984], [0.08022044, 0.05558863, -0.04219891, -0.05516563, -0.04781313, -0.03802153]], "number of molecular orbitals": 44, "number of electrons": 50, "number of unpaired electrons": 0, "orbital energies/eV": [-19.38097942, -19.22135478, -18.72632551, -18.0819941, -17.55321216, -16.91866252, -16.62864124, -16.51032883, -15.57526355, -15.50736189, -15.41015738, -15.07852454, -14.84102866, -14.65706426, -14.27914434, -14.08191529, -13.58355142, -13.32923771, -12.81583904, -12.71950456, -12.509142, -12.28818902, -11.25189148, -11.21083884, -11.07485982, -0.46654436, 1.53808681, 2.0309725, 2.2988549, 2.36238219, 3.18018818, 3.47556243, 3.59702297, 3.9351949, 4.00309496, 4.06635306, 4.62074081, 4.86373801, 5.17122468, 5.44242965, 6.3132372, 6.76973446, 6.84026204, 7.23439775], "fractional occupation": [2.0, 2.0, 2.0, 2.0, 2.0, 2.0, 2.0, 2.0, 2.0, 2.0, 2.0, 2.0, 2.0, 2.0, 2.0, 2.0, 2.0, 2.0, 2.0, 2.0, 2.0, 2.0, 2.0, 2.0, 2.0, 0.0, 0.0, 0.0, 0.0, 0.0, 0.0, 0.0, 0.0, 0.0, 0.0, 0.0, 0.0, 0.0, 0.0, 0.0, 0.0, 0.0, 0.0, 0.0], "program call": "xtb /tmp/scratch/tmp0peyo8tl/6087_0_xyzopt.xyz --pop --wbo --acc 0.2 --gfn 2 --chrg 0 --uhf 0 --etemp 300 --input /tmp/scratch/tmp0peyo8tl/6087_0_xtb.inp", "method": "GFN2-xTB", "xtb version": "6.3.3 (7355c4f)", "Dipole module/D": 2.006, "Total charge": 0, "Transition dipole module/D": NaN, "HOMO": -11.0749, "LUMO": -0.4665, "HOMO occupancy": 2.0, "LUMO occupancy": 0, "mulliken charges": [0.17475, -0.46872, 0.19455, 0.19618, -0.48072, 0.17792, 0.19584, -0.56334, 0.01387, 0.01373, 0.03501, 0.01995, 0.01912, 0.02219, 0.02151, 0.01231, 0.02156, 0.02664, 0.02005, 0.34761], "cm5 charges": [0.05313, -0.57654, 0.11671, 0.11826, -0.58597, 0.09804, 0.11352, -0.77906, 0.07255, 0.07242, 0.09583, 0.08446, 0.08355, 0.08688, 0.08627, 0.07442, 0.08583, 0.09052, 0.08404, 0.52515], "FUKUI+": [0.01, -0.108, -0.012, -0.015, -0.122, -0.008, 0.005, -0.048, -0.051, -0.051, -0.066, -0.063, -0.062, -0.068, -0.068, -0.068, -0.059, -0.074, -0.045, -0.027], "FUKUI-": [0.033, -0.124, 0.025, 0.021, -0.067, 0.017, 0.016, -0.111, -0.076, -0.076, -0.056, -0.081, -0.08, -0.066, -0.067, -0.059, -0.065, -0.062, -0.089, -0.034], "FUKUIrad": [0.022, -0.116, 0.007, 0.003, -0.095, 0.004, 0.01, -0.08, -0.063, -0.063, -0.061, -0.072, -0.071, -0.067, -0.067, -0.063, -0.062, -0.068, -0.067, -0.031], "s proportion": [0.968, 1.684, 0.993, 0.993, 1.689, 1.0, 0.988, 1.691, 0.986, 0.986, 0.965, 0.98, 0.981, 0.978, 0.978, 0.988, 0.978, 0.973, 0.98, 0.652], "p proportion": [2.857, 4.784, 2.813, 2.811, 4.792, 2.822, 2.817, 4.872, 0.0, 0.0, 0.0, 0.0, 0.0, 0.0, 0.0, 0.0, 0.0, 0.0, 0.0, 0.0], "d proportion": [0.0, 0.0, 0.0, 0.0, 0.0, 0.0, 0.0, 0.0, 0.0, 0.0, 0.0, 0.0, 0.0, 0.0, 0.0, 0.0, 0.0, 0.0, 0.0, 0.0], "Fermi-level/eV": -5.7707, "Coordination numbers": [3.656, 1.702, 3.706, 3.703, 1.702, 3.701, 3.674, 1.656, 0.924, 0.924, 0.925, 0.923, 0.923, 0.923, 0.923, 0.923, 0.923, 0.924, 0.923, 0.805], "Dispersion coefficient C6": [20.195, 19.236, 19.347, 19.357, 19.426, 19.528, 19.548, 21.501, 2.561, 2.56, 2.164, 2.523, 2.546, 2.51, 2.509, 2.662, 2.516, 2.269, 2.493, 0.709], "Total dispersion C6": 2871.48833, "Total dispersion C8": 58544.479209, "Polarizability alpha": [6.451, 5.921, 6.288, 6.291, 5.951, 6.319, 6.336, 6.26, 2.502, 2.502, 2.301, 2.484, 2.495, 2.478, 2.477, 2.552, 2.48, 2.356, 2.469, 1.323], "Total polarizability alpha": 78.235226, "Wiberg matrix": [[0.0, 0.9941980527244555, 0.0, 0.0, 0.0, 0.0, 0.0, 0.0, 0.9770895605444194, 0.9771147638592046, 0.9796588395499896, 0.0, 0.0, 0.0, 0.0, 0.0, 0.0, 0.0, 0.0, 0.0], [0.9941980527244555, 0.0, 0.9895955000999044, 0.0, 0.0, 0.0, 0.0, 0.0, 0.0, 0.0, 0.0, 0.0, 0.0, 0.0, 0.0, 0.0, 0.0, 0.0, 0.0, 0.0], [0.0, 0.9895955000999044, 0.0, 0.994994334094087, 0.0, 0.0, 0.0, 0.0, 0.0, 0.0, 0.0, 0.9665207916208911, 0.9666618294442952, 0.0, 0.0, 0.0, 0.0, 0.0, 0.0, 0.0], [0.0, 0.0, 0.994994334094087, 0.0, 0.9850362996925004, 0.0, 0.0, 0.0, 0.0, 0.0, 0.0, 0.0, 0.0, 0.9667119662637564, 0.9668959045774388, 0.0, 0.0, 0.0, 0.0, 0.0], [0.0, 0.0, 0.0, 0.9850362996925004, 0.0, 0.9778534695066182, 0.0, 0.0, 0.0, 0.0, 0.0, 0.0, 0.0, 0.0, 0.0, 0.0, 0.0, 0.0, 0.0, 0.0], [0.0, 0.0, 0.0, 0.0, 0.9778534695066182, 0.0, 0.9915536731216366, 0.0, 0.0, 0.0, 0.0, 0.0, 0.0, 0.0, 0.0, 0.9674671397438988, 0.9670653328584056, 0.0, 0.0, 0.0], [0.0, 0.0, 0.0, 0.0, 0.0, 0.9915536731216366, 0.0, 1.0127599118578516, 0.0, 0.0, 0.0, 0.0, 0.0, 0.0, 0.0, 0.0, 0.0, 0.9716240655786711, 0.9673749018716009, 0.0], [0.0, 0.0, 0.0, 0.0, 0.0, 0.0, 1.0127599118578516, 0.0, 0.0, 0.0, 0.0, 0.0, 0.0, 0.0, 0.0, 0.0, 0.0, 0.0, 0.0, 0.8910298999081898], [0.9770895605444194, 0.0, 0.0, 0.0, 0.0, 0.0, 0.0, 0.0, 0.0, 0.0, 0.0, 0.0, 0.0, 0.0, 0.0, 0.0, 0.0, 0.0, 0.0, 0.0], [0.9771147638592046, 0.0, 0.0, 0.0, 0.0, 0.0, 0.0, 0.0, 0.0, 0.0, 0.0, 0.0, 0.0, 0.0, 0.0, 0.0, 0.0, 0.0, 0.0, 0.0], [0.9796588395499896, 0.0, 0.0, 0.0, 0.0, 0.0, 0.0, 0.0, 0.0, 0.0, 0.0, 0.0, 0.0, 0.0, 0.0, 0.0, 0.0, 0.0, 0.0, 0.0], [0.0, 0.0, 0.9665207916208911, 0.0, 0.0, 0.0, 0.0, 0.0, 0.0, 0.0, 0.0, 0.0, 0.0, 0.0, 0.0, 0.0, 0.0, 0.0, 0.0, 0.0], [0.0, 0.0, 0.9666618294442952, 0.0, 0.0, 0.0, 0.0, 0.0, 0.0, 0.0, 0.0, 0.0, 0.0, 0.0, 0.0, 0.0, 0.0, 0.0, 0.0, 0.0], [0.0, 0.0, 0.0, 0.9667119662637564, 0.0, 0.0, 0.0, 0.0, 0.0, 0.0, 0.0, 0.0, 0.0, 0.0, 0.0, 0.0, 0.0, 0.0, 0.0, 0.0], [0.0, 0.0, 0.0, 0.9668959045774388, 0.0, 0.0, 0.0, 0.0, 0.0, 0.0, 0.0, 0.0, 0.0, 0.0, 0.0, 0.0, 0.0, 0.0, 0.0, 0.0], [0.0, 0.0, 0.0, 0.0, 0.0, 0.9674671397438988, 0.0, 0.0, 0.0, 0.0, 0.0, 0.0, 0.0, 0.0, 0.0, 0.0, 0.0, 0.0, 0.0, 0.0], [0.0, 0.0, 0.0, 0.0, 0.0, 0.9670653328584056, 0.0, 0.0, 0.0, 0.0, 0.0, 0.0, 0.0, 0.0, 0.0, 0.0, 0.0, 0.0, 0.0, 0.0], [0.0, 0.0, 0.0, 0.0, 0.0, 0.0, 0.9716240655786711, 0.0, 0.0, 0.0, 0.0, 0.0, 0.0, 0.0, 0.0, 0.0, 0.0, 0.0, 0.0, 0.0], [0.0, 0.0, 0.0, 0.0, 0.0, 0.0, 0.9673749018716009, 0.0, 0.0, 0.0, 0.0, 0.0, 0.0, 0.0, 0.0, 0.0, 0.0, 0.0, 0.0, 0.0], [0.0, 0.0, 0.0, 0.0, 0.0, 0.0, 0.0, 0.8910298999081898, 0.0, 0.0, 0.0, 0.0, 0.0, 0.0, 0.0, 0.0, 0.0, 0.0, 0.0, 0.0]], "Born radii": [], "Atomic SASAs": [], "Solvent H bonds": [], "Total SASA": NaN, "Total FOD": 0.0, "FOD": [0.0, 0.0, 0.0, 0.0, 0.0, 0.0, 0.0, 0.0, 0.0, 0.0, 0.0, 0.0, 0.0, 0.0, 0.0, 0.0, 0.0, 0.0, 0.0, 0.0], "FOD s proportion": [0.0, 0.0, 0.0, 0.0, 0.0, 0.0, 0.0, 0.0, 0.0, 0.0, 0.0, 0.0, 0.0, 0.0, 0.0, 0.0, 0.0, 0.0, 0.0, 0.0], "FOD p proportion": [0.0, 0.0, 0.0, 0.0, 0.0, 0.0, 0.0, 0.0, 0.0, 0.0, 0.0, 0.0, 0.0, 0.0, 0.0, 0.0, 0.0, 0.0, 0.0, 0.0], "FOD d proportion": [0.0, 0.0, 0.0, 0.0, 0.0, 0.0, 0.0, 0.0, 0.0, 0.0, 0.0, 0.0, 0.0, 0.0, 0.0, 0.0, 0.0, 0.0, 0.0, 0.0], "coordinates": [["3.62317913235364", "-0.11677285482336", "-1.24058088733629"], ["2.41225355207085", "-0.76747109817108", "-0.94971637308586"], ["1.42028148551445", "0.10866520592499", "-0.47364524424312"], ["0.16034678888681", "-0.70289787616983", "-0.19535797450673"], ["-0.83245473494288", "0.16522740543262", "0.29344378609133"], ["-2.05242778028017", "-0.49009962927467", "0.57742178352416"], ["-3.03514825223276", "0.57092702222017", "1.07235560478575"], ["-3.29664830749200", "1.53229571306026", "0.08603447579042"], ["3.48941829118608", "0.64424812535028", "-2.01929503752193"], ["4.04142633492898", "0.36423789804415", "-0.34779801221972"], ["4.30858305048354", "-0.88338668160419", "-1.59543583602159"], ["1.74857937033985", "0.60504670947847", "0.45200847072313"], ["1.19944177677835", "0.88879897674526", "-1.21801482521890"], ["-0.17236029652138", "-1.19208710117545", "-1.12242003170929"], ["0.38675175741510", "-1.48739895550730", "0.54099665491666"], ["-1.90610685391543", "-1.26208859424615", "1.34653691529887"], ["-2.44267448554978", "-0.96943922113478", "-0.33245458937784"], ["-3.99181075822710", "0.10707292782715", "1.32073081376309"], ["-2.61874428568201", "1.04467947381281", "1.97249944693533"], ["-2.44188578511415", "1.84044355421063", "-0.24003314058748"]], "bond_dist": [[0.0, 1.4051160558933053, 2.343452718176825, 3.6643200347557374, 4.72074453925108, 5.97134996617303, 7.082085137712527, 7.2362522938677465, 1.0970144131202855, 1.0969791834568583, 1.087840670781256, 2.626786341933246, 2.6241544741906595, 3.94669257383384, 3.940443706004147, 6.211113441697299, 6.192440021438596, 8.037318930977287, 7.11578981581098, 6.451108766593119], [1.4051160558933053, 0.0, 1.4065088424538599, 2.3757757395386694, 3.5977083744802907, 4.726781704349766, 5.962740228275139, 6.241255294338574, 2.072976980255637, 2.0729869564635393, 2.0066030035477294, 2.071014507327937, 2.0702963610962826, 2.6249483899772326, 2.6159470506451057, 4.9158582391919365, 4.898176138400373, 6.850678606686454, 6.093781604045029, 5.555856174290637], [2.343452718176825, 1.4065088424538599, 0.0, 1.52430767251325, 2.3804296548801784, 3.67735922496933, 4.7386346936649035, 4.958769190234096, 2.63765226434948, 2.6365802184605167, 3.2534392586239855, 1.1004584945747227, 1.1006656851246692, 2.156240509582629, 2.1552500295335206, 4.0319831918416575, 4.013062769387983, 5.701800630297669, 4.813883644237701, 4.239099773404741], [3.6643200347557374, 2.3757757395386694, 1.52430767251325, 0.0, 1.4064933456791222, 2.3534746529878006, 3.6661855038582827, 4.126267949225627, 4.027935678070499, 4.028001386346845, 4.381855578315784, 2.1569156419121347, 2.1584819433457523, 1.0997473166355325, 1.0995086600519386, 2.6382503232714636, 2.620221274158794, 4.493883644833271, 3.9340792562710076, 3.6389828072066694], [4.72074453925108, 3.5977083744802907, 2.3804296548801784, 1.4064933456791222, 0.0, 1.4136588190909967, 2.3713191542840195, 2.8256228238588026, 4.92512011735141, 4.919909847073007, 5.576533622381172, 2.6230365670452214, 2.6337551873438416, 2.0694679722191043, 2.068555240438365, 2.073394553455126, 2.0668877025869925, 3.322684315783027, 2.604514198822936, 2.383529962404646], [5.97134996617303, 4.726781704349766, 3.67735922496933, 2.3534746529878006, 1.4136588190909967, 0.0, 1.5285537506432914, 2.424794656715309, 6.224286381341421, 6.222618601398697, 6.73338278500794, 3.957616626377125, 3.9622732866149533, 2.6300004469598304, 2.6354372603439913, 1.0995066445705557, 1.099969976528315, 2.161094563535008, 2.150000689886711, 2.5002683097166654], [7.082085137712527, 5.962740228275139, 4.7386346936649035, 3.6661855038582827, 2.3713191542840195, 1.5285537506432914, 0.0, 1.4019420131128093, 7.220363443604912, 7.2206277135446975, 7.947485700979366, 4.823903469884375, 4.824789321816404, 4.015073321025505, 4.0284547707802, 2.1702202930482533, 2.167312854550746, 1.091812262110605, 1.0991326513706354, 1.9198949968347399], [7.2362522938677465, 6.241255294338574, 4.958769190234096, 4.126267949225627, 2.8256228238588026, 2.424794656715309, 1.4019420131128093, 0.0, 7.160428811136649, 7.44311152305372, 8.15490084855306, 5.14276676515385, 4.725405662478632, 4.317846638162824, 4.784661170236433, 3.3661633339815697, 2.676393481384953, 2.009722833492911, 2.0630253384097714, 0.9653466486800187], [1.0970144131202855, 2.072976980255637, 2.63765226434948, 4.027935678070499, 4.92512011735141, 6.224286381341421, 7.220363443604912, 7.160428811136649, 0.0, 1.7824199598711385, 1.7844762898369346, 3.023143716266854, 2.438410862444099, 4.193463278201392, 4.5525325311831795, 6.638873098239928, 6.374883705723793, 8.210549188079314, 7.307832683937608, 6.306902920407519], [1.0969791834568583, 2.0729869564635393, 2.6365802184605167, 4.028001386346845, 4.919909847073007, 6.222618601398697, 7.2206277135446975, 7.44311152305372, 1.7824199598711385, 0.0, 1.7845279324767274, 2.4402513183783774, 3.01816465019408, 4.5583093962195855, 4.192273996924133, 6.394439751732786, 6.619856005154436, 8.208716127379544, 7.085524238378252, 6.650122739675861], [1.087840670781256, 2.0066030035477294, 3.2534392586239855, 4.381855578315784, 5.576533622381172, 6.73338278500794, 7.947485700979366, 8.15490084855306, 1.7844762898369346, 1.7845279324767274, 0.0, 3.600150134544451, 3.598589735842629, 4.516402681254223, 4.506654558167631, 6.8862899602027525, 6.8689158523583735, 8.853336972402735, 8.02717044203123, 7.404403900430115], [2.626786341933246, 2.071014507327937, 1.1004584945747227, 2.1569156419121347, 2.6230365670452214, 3.957616626377125, 4.823903469884375, 5.14276676515385, 3.023143716266854, 2.4402513183783774, 3.600150134544451, 0.0, 1.7807428940839944, 3.0657012650269766, 2.4981637666830663, 4.200369838279867, 4.545436956209132, 5.827069179669813, 4.645286395117865, 4.423248260592399], [2.6241544741906595, 2.0702963610962826, 1.1006656851246692, 2.1584819433457523, 2.6337551873438416, 3.9622732866149533, 4.824789321816404, 4.725405662478632, 2.438410862444099, 3.01816465019408, 3.598589735842629, 1.7807428940839944, 0.0, 2.4942065195448064, 3.0660892139764417, 4.565925456075916, 4.183572277334092, 5.831417316331228, 4.978174852067012, 3.888616976547283], [3.94669257383384, 2.6249483899772326, 2.156240509582629, 1.0997473166355325, 2.0694679722191043, 2.6300004469598304, 4.015073321025505, 4.317846638162824, 4.193463278201392, 4.5583093962195855, 4.516402681254223, 3.0657012650269766, 2.4942065195448064, 0.0, 1.7795422033522104, 3.017702062909409, 2.4141135009498225, 4.71646103176041, 4.535024356351361, 3.8891637590685475], [3.940443706004147, 2.6159470506451057, 2.1552500295335206, 1.0995086600519386, 2.068555240438365, 2.6354372603439913, 4.0284547707802, 4.784661170236433, 4.5525325311831795, 4.192273996924133, 4.506654558167631, 2.4981637666830663, 3.0660892139764417, 1.7795422033522104, 0.0, 2.4406680400129868, 3.006135763229801, 4.724630742037203, 4.182538449417748, 4.43686078866093], [6.211113441697299, 4.9158582391919365, 4.0319831918416575, 2.6382503232714636, 2.073394553455126, 1.0995066445705557, 2.1702202930482533, 3.3661633339815697, 6.638873098239928, 6.394439751732786, 6.8862899602027525, 4.200369838279867, 4.565925456075916, 3.017702062909409, 2.4406680400129868, 0.0, 1.7867738949505438, 2.4950811619792037, 2.4941652150537386, 3.525616164241295], [6.192440021438596, 4.898176138400373, 4.013062769387983, 2.620221274158794, 2.0668877025869925, 1.099969976528315, 2.167312854550746, 2.676393481384953, 6.374883705723793, 6.619856005154436, 6.8689158523583735, 4.545436956209132, 4.183572277334092, 2.4141135009498225, 3.006135763229801, 1.7867738949505438, 0.0, 2.508330834508369, 3.066021493951463, 2.811402418265253], [8.037318930977287, 6.850678606686454, 5.701800630297669, 4.493883644833271, 3.322684315783027, 2.161094563535008, 1.091812262110605, 2.009722833492911, 8.210549188079314, 8.208716127379544, 8.853336972402735, 5.827069179669813, 5.831417316331228, 4.71646103176041, 4.724630742037203, 2.4950811619792037, 2.508330834508369, 0.0, 1.7858387173229797, 2.80050446739302], [7.11578981581098, 6.093781604045029, 4.813883644237701, 3.9340792562710076, 2.604514198822936, 2.150000689886711, 1.0991326513706354, 2.0630253384097714, 7.307832683937608, 7.085524238378252, 8.02717044203123, 4.645286395117865, 4.978174852067012, 4.535024356351361, 4.182538449417748, 2.4941652150537386, 3.066021493951463, 1.7858387173229797, 0.0, 2.357927024257723], [6.451108766593119, 5.555856174290637, 4.239099773404741, 3.6389828072066694, 2.383529962404646, 2.5002683097166654, 1.9198949968347399, 0.9653466486800187, 6.306902920407519, 6.650122739675861, 7.404403900430115, 4.423248260592399, 3.888616976547283, 3.8891637590685475, 4.43686078866093, 3.525616164241295, 2.811402418265253, 2.80050446739302, 2.357927024257723, 0.0]]}