{"total energy": -25.26382924, "HOMO-LUMO gap/eV": 5.39039344, "electronic energy": -25.67305109, "dipole": [-0.16552536, -0.00356946, 0.05967569], "partial charges": [-0.09540162, -0.02744477, -0.05878062, -0.05422036, -0.05813683, -0.05890815, -0.05281814, -0.10222177, 0.03253587, 0.03463386, 0.02957513, 0.03766035, 0.03646445, 0.03053748, 0.03089867, 0.0289858, 0.02941249, 0.03013891, 0.02989009, 0.02864574, 0.02872963, 0.0333981, 0.03346779, 0.03295788], "atomic dipole moments": [[0.05708177, -0.02542264, -0.03745911], [-0.13395358, -0.02026968, 0.06631589], [-0.02629187, 0.07852203, -0.05563254], [0.00420904, -0.09014425, 0.06925616], [0.00059377, 0.08915733, -0.06882074], [0.00368632, -0.09006901, 0.06968569], [-0.00201899, 0.08919026, -0.06891198], [0.07950233, -0.03994165, 0.03902566], [0.11416512, 0.08181564, -0.03917576], [-0.00244864, -0.14061078, -0.04003312], [0.00789896, 0.14035324, 0.03638811], [-0.00995898, 0.00366876, 0.12380019], [0.00965775, -0.11901883, -0.03424888], [0.00855468, -0.00253978, -0.12319175], [-0.0086934, 0.11779369, 0.03349185], [-0.00741874, 0.00245094, 0.12164518], [0.00866229, -0.11714891, -0.03327534], [0.00711701, -0.00252123, -0.121971], [-0.00917167, 0.11706257, 0.03333169], [-0.00760813, 0.00263569, 0.12175298], [0.00856025, -0.11703175, -0.03361163], [-0.01295114, 0.11780026, 0.03438819], [0.00346114, -0.00370617, -0.12333484], [-0.09963683, -0.06247517, 0.03779127]], "atomic quadrupole moments": [[-0.11812258, -0.07651038, -0.22272029, 0.38360089, -0.20552805, 0.34084287], [-0.04438579, 0.0485598, -0.23250819, 0.35632331, -0.26400676, 0.27689399], [0.20026551, -0.00151501, -0.06920596, 0.03060506, -0.10387719, -0.13105955], [0.22619182, 0.01816984, -0.07777681, 0.03695354, -0.12495556, -0.14841501], [0.22275645, 0.0263132, -0.07868912, 0.02809742, -0.1265933, -0.14406733], [0.22262539, 0.02430639, -0.07725197, 0.03025344, -0.12799522, -0.14537342], [0.21991258, 0.02157447, -0.07821287, 0.03100625, -0.12083157, -0.14169971], [0.13013308, -0.11166254, -0.06225818, 0.1127426, -0.06114405, -0.0678749], [0.02178026, 0.02601902, 0.02093375, -0.04337778, 0.01262358, -0.042714], [-0.00614011, 0.0103349, 0.04744778, -0.03098993, 0.02818733, -0.04130766], [0.01325657, 0.00860761, 0.02432076, -0.04644092, 0.02363978, -0.03757734], [-0.02739814, -0.00492832, -0.0342052, -0.00468666, 0.01046098, 0.06160335], [-0.01826586, -0.00491187, 0.04772537, -0.00128386, 0.03313213, -0.02945951], [-0.01917562, 0.00091419, -0.03672066, -0.00462806, 0.01147975, 0.05589628], [-0.02021889, -0.00499379, 0.04531504, -0.0014447, 0.03335449, -0.02509615], [-0.02043957, 0.00027184, -0.03733857, -0.00491647, 0.01172608, 0.05777815], [-0.01978795, -0.00600316, 0.04545972, -0.00161051, 0.03321126, -0.02567177], [-0.02052405, 0.0003165, -0.03710985, -0.00530133, 0.01138671, 0.0576339], [-0.02050156, -0.00564801, 0.04599145, -0.0016702, 0.03333089, -0.02548989], [-0.01754825, 0.0007133, -0.03933837, -0.00532079, 0.01141265, 0.05688662], [-0.01741946, -0.00532835, 0.04492503, -0.00145155, 0.0335767, -0.02750557], [-0.0386993, -0.00802322, 0.07039564, 0.0103632, 0.04060568, -0.03169634], [-0.0353542, -0.01240685, -0.04750329, -0.01154045, 0.00821998, 0.08285749], [0.03721302, 0.0497276, -0.00474506, -0.02864792, -0.03415273, -0.03246796]], "number of molecular orbitals": 48, "number of electrons": 48, "number of unpaired electrons": 0, "orbital energies/eV": [-17.01323199, -16.86403836, -16.60517665, -16.1999959, -15.64754125, -15.14324611, -15.08872799, -14.71422694, -14.22340458, -13.85206058, -13.59380781, -13.39465075, -13.26753181, -12.91281405, -12.74651808, -12.48629561, -12.14640108, -12.03194037, -11.7614251, -11.73208656, -11.54651345, -11.42011618, -11.37795096, -10.77431479, -5.38392135, 1.52803371, 2.93092282, 3.06083061, 3.37870888, 3.49016737, 3.6079894, 4.05031676, 4.39694821, 4.48650669, 4.83257488, 5.01929651, 5.09946867, 5.61513537, 5.83131894, 6.03520012, 6.5063962, 6.9828276, 7.02713665, 7.46389065, 7.91583747, 8.62815149, 11.70344045, 17.12878326], "fractional occupation": [2.0, 2.0, 2.0, 2.0, 2.0, 2.0, 2.0, 2.0, 2.0, 2.0, 2.0, 2.0, 2.0, 2.0, 2.0, 2.0, 2.0, 2.0, 2.0, 2.0, 2.0, 2.0, 2.0, 2.0, 0.0, 0.0, 0.0, 0.0, 0.0, 0.0, 0.0, 0.0, 0.0, 0.0, 0.0, 0.0, 0.0, 0.0, 0.0, 0.0, 0.0, 0.0, 0.0, 0.0, 0.0, 0.0, 0.0, 0.0], "program call": "xtb /tmp/scratch/tmpo2s4bytn/6123_0_xyzopt.xyz --pop --wbo --acc 0.2 --gfn 2 --chrg 0 --uhf 0 --etemp 300 --input /tmp/scratch/tmpo2s4bytn/6123_0_xtb.inp", "method": "GFN2-xTB", "xtb version": "6.3.3 (7355c4f)", "Dipole module/D": 0.447, "Total charge": 0, "Transition dipole module/D": NaN, "HOMO": -10.7743, "LUMO": -5.3839, "HOMO occupancy": 2.0, "LUMO occupancy": 0, "mulliken charges": [-0.08703, -0.0195, -0.0442, -0.04228, -0.04646, -0.04718, -0.03929, -0.08564, 0.03118, 0.02836, 0.02403, 0.03085, 0.02699, 0.02468, 0.02398, 0.02273, 0.02326, 0.02319, 0.02292, 0.0222, 0.02231, 0.02771, 0.02778, 0.02941], "cm5 charges": [-0.1912, -0.08508, -0.1516, -0.15334, -0.15831, -0.15912, -0.15291, -0.23832, 0.0846, 0.08237, 0.08057, 0.08638, 0.08348, 0.08081, 0.07999, 0.07867, 0.07924, 0.07916, 0.07887, 0.07742, 0.07753, 0.07987, 0.07995, 0.08098], "FUKUI+": [-0.126, -0.158, 0.027, 0.001, 0.006, 0.004, 0.002, 0.006, -0.152, -0.154, -0.143, -0.089, -0.06, -0.024, -0.031, -0.021, -0.019, -0.011, -0.012, -0.009, -0.008, -0.008, -0.007, -0.015], "FUKUI-": [-0.055, -0.043, 0.005, 0.002, 0.01, 0.006, 0.005, 0.017, -0.075, -0.067, -0.061, -0.075, -0.045, -0.045, -0.04, -0.045, -0.043, -0.061, -0.063, -0.076, -0.075, -0.058, -0.06, -0.058], "FUKUIrad": [-0.091, -0.1, 0.016, 0.001, 0.008, 0.005, 0.004, 0.012, -0.113, -0.11, -0.102, -0.082, -0.053, -0.034, -0.035, -0.033, -0.031, -0.036, -0.037, -0.043, -0.041, -0.033, -0.034, -0.037], "s proportion": [1.042, 1.066, 1.027, 1.031, 1.03, 1.03, 1.026, 1.005, 0.969, 0.972, 0.976, 0.969, 0.973, 0.975, 0.976, 0.977, 0.977, 0.977, 0.977, 0.978, 0.978, 0.972, 0.972, 0.971], "p proportion": [3.045, 2.954, 3.017, 3.011, 3.016, 3.017, 3.013, 3.081, 0.0, 0.0, 0.0, 0.0, 0.0, 0.0, 0.0, 0.0, 0.0, 0.0, 0.0, 0.0, 0.0, 0.0, 0.0, 0.0], "d proportion": [0.0, 0.0, 0.0, 0.0, 0.0, 0.0, 0.0, 0.0, 0.0, 0.0, 0.0, 0.0, 0.0, 0.0, 0.0, 0.0, 0.0, 0.0, 0.0, 0.0, 0.0, 0.0, 0.0, 0.0], "Fermi-level/eV": -8.0791, "Coordination numbers": [2.837, 2.887, 3.807, 3.804, 3.803, 3.803, 3.801, 3.752, 0.926, 0.926, 0.925, 0.924, 0.924, 0.924, 0.924, 0.924, 0.924, 0.924, 0.924, 0.924, 0.924, 0.925, 0.925, 0.925], "Dispersion coefficient C6": [30.389, 28.685, 21.627, 21.545, 21.618, 21.632, 21.522, 22.513, 2.55, 2.521, 2.592, 2.48, 2.497, 2.579, 2.574, 2.601, 2.595, 2.585, 2.588, 2.606, 2.605, 2.539, 2.538, 2.545], "Total dispersion C6": 4141.351234, "Total dispersion C8": 88493.923591, "Polarizability alpha": [9.034, 8.781, 6.62, 6.608, 6.619, 6.622, 6.605, 6.766, 2.497, 2.483, 2.518, 2.463, 2.471, 2.511, 2.509, 2.522, 2.519, 2.514, 2.516, 2.524, 2.524, 2.492, 2.491, 2.495], "Total polarizability alpha": 97.704216, "Wiberg matrix": [[0.0, 1.9782695821150247, 0.0, 0.0, 0.0, 0.0, 0.0, 0.0, 0.9773822241273442, 0.9755551601621321, 0.0, 0.0, 0.0, 0.0, 0.0, 0.0, 0.0, 0.0, 0.0, 0.0, 0.0, 0.0, 0.0, 0.0], [1.9782695821150247, 0.0, 1.026670187528573, 0.0, 0.0, 0.0, 0.0, 0.0, 0.0, 0.0, 0.9666495314126704, 0.0, 0.0, 0.0, 0.0, 0.0, 0.0, 0.0, 0.0, 0.0, 0.0, 0.0, 0.0, 0.0], [0.0, 1.026670187528573, 0.0, 0.9903399978260241, 0.0, 0.0, 0.0, 0.0, 0.0, 0.0, 0.0, 0.9624599511250824, 0.9755132688767549, 0.0, 0.0, 0.0, 0.0, 0.0, 0.0, 0.0, 0.0, 0.0, 0.0, 0.0], [0.0, 0.0, 0.9903399978260241, 0.0, 1.0063843542426343, 0.0, 0.0, 0.0, 0.0, 0.0, 0.0, 0.0, 0.0, 0.9785173907188045, 0.9777650482397582, 0.0, 0.0, 0.0, 0.0, 0.0, 0.0, 0.0, 0.0, 0.0], [0.0, 0.0, 0.0, 1.0063843542426343, 0.0, 1.0066208668951382, 0.0, 0.0, 0.0, 0.0, 0.0, 0.0, 0.0, 0.0, 0.0, 0.9773730421661451, 0.9774521072485383, 0.0, 0.0, 0.0, 0.0, 0.0, 0.0, 0.0], [0.0, 0.0, 0.0, 0.0, 1.0066208668951382, 0.0, 1.0075888505361983, 0.0, 0.0, 0.0, 0.0, 0.0, 0.0, 0.0, 0.0, 0.0, 0.0, 0.9775065346187799, 0.9775401374256018, 0.0, 0.0, 0.0, 0.0, 0.0], [0.0, 0.0, 0.0, 0.0, 0.0, 1.0075888505361983, 0.0, 1.019100225386959, 0.0, 0.0, 0.0, 0.0, 0.0, 0.0, 0.0, 0.0, 0.0, 0.0, 0.0, 0.978637729228856, 0.9786330747628378, 0.0, 0.0, 0.0], [0.0, 0.0, 0.0, 0.0, 0.0, 0.0, 1.019100225386959, 0.0, 0.0, 0.0, 0.0, 0.0, 0.0, 0.0, 0.0, 0.0, 0.0, 0.0, 0.0, 0.0, 0.0, 0.9879997204675685, 0.9879980026556581, 0.9875051035021323], [0.9773822241273442, 0.0, 0.0, 0.0, 0.0, 0.0, 0.0, 0.0, 0.0, 0.0, 0.0, 0.0, 0.0, 0.0, 0.0, 0.0, 0.0, 0.0, 0.0, 0.0, 0.0, 0.0, 0.0, 0.0], [0.9755551601621321, 0.0, 0.0, 0.0, 0.0, 0.0, 0.0, 0.0, 0.0, 0.0, 0.0, 0.0, 0.0, 0.0, 0.0, 0.0, 0.0, 0.0, 0.0, 0.0, 0.0, 0.0, 0.0, 0.0], [0.0, 0.9666495314126704, 0.0, 0.0, 0.0, 0.0, 0.0, 0.0, 0.0, 0.0, 0.0, 0.0, 0.0, 0.0, 0.0, 0.0, 0.0, 0.0, 0.0, 0.0, 0.0, 0.0, 0.0, 0.0], [0.0, 0.0, 0.9624599511250824, 0.0, 0.0, 0.0, 0.0, 0.0, 0.0, 0.0, 0.0, 0.0, 0.0, 0.0, 0.0, 0.0, 0.0, 0.0, 0.0, 0.0, 0.0, 0.0, 0.0, 0.0], [0.0, 0.0, 0.9755132688767549, 0.0, 0.0, 0.0, 0.0, 0.0, 0.0, 0.0, 0.0, 0.0, 0.0, 0.0, 0.0, 0.0, 0.0, 0.0, 0.0, 0.0, 0.0, 0.0, 0.0, 0.0], [0.0, 0.0, 0.0, 0.9785173907188045, 0.0, 0.0, 0.0, 0.0, 0.0, 0.0, 0.0, 0.0, 0.0, 0.0, 0.0, 0.0, 0.0, 0.0, 0.0, 0.0, 0.0, 0.0, 0.0, 0.0], [0.0, 0.0, 0.0, 0.9777650482397582, 0.0, 0.0, 0.0, 0.0, 0.0, 0.0, 0.0, 0.0, 0.0, 0.0, 0.0, 0.0, 0.0, 0.0, 0.0, 0.0, 0.0, 0.0, 0.0, 0.0], [0.0, 0.0, 0.0, 0.0, 0.9773730421661451, 0.0, 0.0, 0.0, 0.0, 0.0, 0.0, 0.0, 0.0, 0.0, 0.0, 0.0, 0.0, 0.0, 0.0, 0.0, 0.0, 0.0, 0.0, 0.0], [0.0, 0.0, 0.0, 0.0, 0.9774521072485383, 0.0, 0.0, 0.0, 0.0, 0.0, 0.0, 0.0, 0.0, 0.0, 0.0, 0.0, 0.0, 0.0, 0.0, 0.0, 0.0, 0.0, 0.0, 0.0], [0.0, 0.0, 0.0, 0.0, 0.0, 0.9775065346187799, 0.0, 0.0, 0.0, 0.0, 0.0, 0.0, 0.0, 0.0, 0.0, 0.0, 0.0, 0.0, 0.0, 0.0, 0.0, 0.0, 0.0, 0.0], [0.0, 0.0, 0.0, 0.0, 0.0, 0.9775401374256018, 0.0, 0.0, 0.0, 0.0, 0.0, 0.0, 0.0, 0.0, 0.0, 0.0, 0.0, 0.0, 0.0, 0.0, 0.0, 0.0, 0.0, 0.0], [0.0, 0.0, 0.0, 0.0, 0.0, 0.0, 0.978637729228856, 0.0, 0.0, 0.0, 0.0, 0.0, 0.0, 0.0, 0.0, 0.0, 0.0, 0.0, 0.0, 0.0, 0.0, 0.0, 0.0, 0.0], [0.0, 0.0, 0.0, 0.0, 0.0, 0.0, 0.9786330747628378, 0.0, 0.0, 0.0, 0.0, 0.0, 0.0, 0.0, 0.0, 0.0, 0.0, 0.0, 0.0, 0.0, 0.0, 0.0, 0.0, 0.0], [0.0, 0.0, 0.0, 0.0, 0.0, 0.0, 0.0, 0.9879997204675685, 0.0, 0.0, 0.0, 0.0, 0.0, 0.0, 0.0, 0.0, 0.0, 0.0, 0.0, 0.0, 0.0, 0.0, 0.0, 0.0], [0.0, 0.0, 0.0, 0.0, 0.0, 0.0, 0.0, 0.9879980026556581, 0.0, 0.0, 0.0, 0.0, 0.0, 0.0, 0.0, 0.0, 0.0, 0.0, 0.0, 0.0, 0.0, 0.0, 0.0, 0.0], [0.0, 0.0, 0.0, 0.0, 0.0, 0.0, 0.0, 0.9875051035021323, 0.0, 0.0, 0.0, 0.0, 0.0, 0.0, 0.0, 0.0, 0.0, 0.0, 0.0, 0.0, 0.0, 0.0, 0.0, 0.0]], "Born radii": [], "Atomic SASAs": [], "Solvent H bonds": [], "Total SASA": NaN, "Total FOD": 0.0, "FOD": [0.0, 0.0, 0.0, 0.0, 0.0, 0.0, 0.0, 0.0, 0.0, 0.0, 0.0, 0.0, 0.0, 0.0, 0.0, 0.0, 0.0, 0.0, 0.0, 0.0, 0.0, 0.0, 0.0, 0.0], "FOD s proportion": [0.0, 0.0, 0.0, 0.0, 0.0, 0.0, 0.0, 0.0, 0.0, 0.0, 0.0, 0.0, 0.0, 0.0, 0.0, 0.0, 0.0, 0.0, 0.0, 0.0, 0.0, 0.0, 0.0, 0.0], "FOD p proportion": [0.0, 0.0, 0.0, 0.0, 0.0, 0.0, 0.0, 0.0, 0.0, 0.0, 0.0, 0.0, 0.0, 0.0, 0.0, 0.0, 0.0, 0.0, 0.0, 0.0, 0.0, 0.0, 0.0, 0.0], "FOD d proportion": [0.0, 0.0, 0.0, 0.0, 0.0, 0.0, 0.0, 0.0, 0.0, 0.0, 0.0, 0.0, 0.0, 0.0, 0.0, 0.0, 0.0, 0.0, 0.0, 0.0, 0.0, 0.0, 0.0, 0.0], "coordinates": [["4.46078299803755", "0.00730935451472", "-0.64227823212120"], ["3.47509563006153", "0.52631349184632", "0.06467799901893"], ["2.25947415273313", "-0.22330461081290", "0.50551576050371"], ["0.98554643520580", "0.38527328804343", "-0.08923515512935"], ["-0.26588203568237", "-0.36359978390135", "0.36096560809733"], ["-1.53863923063075", "0.23543400301858", "-0.23232199241419"], ["-2.78982596238970", "-0.51586981602027", "0.21654598287157"], ["-4.05757855741356", "0.08496690237449", "-0.37802142253370"], ["5.31634598189286", "0.58655553544056", "-0.94567580943424"], ["4.45599649579591", "-1.02743055255783", "-0.94476640998177"], ["3.50262682648458", "1.56967827893569", "0.35335888389353"], ["2.19064041603025", "-0.18696862314749", "1.59692868178975"], ["2.33968743266453", "-1.26987907507102", "0.20530988972360"], ["1.05366653151482", "0.35920910365519", "-1.17931459008131"], ["0.91029527177282", "1.43260959309808", "0.21275235140252"], ["-0.32965592197173", "-0.33787933445834", "1.45173423109537"], ["-0.18700343929773", "-1.41127673839091", "0.06052908840055"], ["-1.47513499156203", "0.21029136988566", "-1.32285235997317"], ["-1.61999825380468", "1.28267413104337", "0.06884699229760"], ["-2.85334341834925", "-0.49065189052085", "1.30692166857076"], ["-2.70868950905541", "-1.56274865318885", "-0.08508793073119"], ["-4.16701533999429", "1.12338711605086", "-0.07268980070886"], ["-4.02233378133510", "0.05073685766035", "-1.46479897042376"], ["-4.93505673070716", "-0.46482694749746", "-0.04556746413251"]], "bond_dist": [[0.0, 1.3193680285283063, 2.4932658267672627, 3.5392064855981133, 4.846177270064263, 6.017738117562863, 7.320015421689189, 8.522813264734857, 1.0768306493502091, 1.0780578294496204, 2.0857500262177906, 3.194579609049349, 2.616994899957808, 3.4670858223681917, 3.9202705471973736, 5.239498876175178, 4.910014602813519, 5.9782526896508354, 6.2536513358813535, 7.585762380229303, 7.3604944949017534, 8.718312033458043, 8.52300983253223, 9.426599632771557], [1.3193680285283063, 0.0, 1.494657421594461, 2.4982867713125825, 3.8567662466423895, 5.030939984262682, 6.352830274080748, 7.55856798636719, 2.1011060849446013, 2.0964887499775893, 1.0829149084791996, 2.1228256469323683, 2.129609551267222, 2.7274090851168227, 2.724242925081362, 4.140880172702179, 4.14309578788278, 5.150717783566951, 5.150930059944746, 6.528899502437233, 6.528844394400619, 7.6666307400167835, 7.666610770993561, 8.469071741577775], [2.4932658267672627, 1.494657421594461, 0.0, 1.5319881005109477, 2.5333774611220274, 3.8962175168153514, 5.066017132251155, 6.385986550441848, 3.4794102674244956, 2.752207715233218, 2.1870912025533706, 1.0941848801999732, 1.0917306647545302, 2.152195984845249, 2.1559327255858425, 2.7589946185392322, 2.755819936527201, 4.180698616153421, 4.184370650066495, 5.182145261628696, 5.179341003744861, 6.591484466973761, 6.589260185018902, 7.219646832939208], [3.5392064855981133, 2.4982867713125825, 1.5319881005109477, 0.0, 1.5262911985736536, 2.5326742644792763, 3.893455757920551, 5.060305437885829, 4.419256707982495, 3.843395568026898, 2.816806411876616, 2.150083903589927, 2.1586996015122852, 1.0925167567292315, 1.0925989783927497, 2.1511145030049676, 2.150556796348228, 2.7581485028564026, 2.7602864642610623, 4.177747491476137, 4.176384308808769, 5.205187664157919, 5.204128620280488, 5.981481348789966], [4.846177270064263, 3.8567662466423895, 2.5333774611220274, 1.5262911985736536, 0.0, 1.5266769573440275, 2.5326539708366522, 3.888994267980574, 5.811314529870545, 4.943859247438933, 4.235478836534411, 2.7555953698336504, 2.7630713184148883, 2.153166086957555, 2.152145058785142, 1.0929340506220122, 1.0927538315209167, 2.1510199248951065, 2.15155335069945, 2.757885333536416, 2.757576856985515, 4.1973834840562265, 4.197144370419055, 4.687932210487497], [6.017738117562863, 5.030939984262682, 3.8962175168153514, 2.5326742644792763, 1.5266769573440275, 0.0, 1.5268949294136587, 2.5276320943377866, 6.900940679552665, 6.167500419651814, 5.247627400579551, 4.175177683724077, 4.183169472368786, 2.762637221936142, 2.761992172702286, 2.1509007851331305, 2.150427244484266, 1.0926671144263829, 1.0927185976954565, 2.1505624552390628, 2.150385172020702, 2.778903405994059, 2.778821901098659, 3.472879855030495], [7.320015421689189, 6.352830274080748, 5.066017132251155, 3.893455757920551, 2.5326539708366522, 1.5268949294136587, 0.0, 1.523716444726994, 8.262936810863783, 7.3561052165197145, 6.63047439678883, 5.178675287823837, 5.184646939046503, 4.181701137753044, 4.181803862796327, 2.7585879083050777, 2.7569511991880615, 2.1506905111254944, 2.1505981003221186, 1.0925152387687995, 1.0924840692689402, 2.160433106956463, 2.1603331915222337, 2.1617871964796436], [8.522813264734857, 7.55856798636719, 6.385986550441848, 5.060305437885829, 3.888994267980574, 2.5276320943377866, 1.523716444726994, 0.0, 9.40448211909617, 8.60462597473987, 7.739249994091304, 6.558552979484983, 6.565127202900938, 5.180936776724479, 5.18120882193977, 4.174231889561335, 4.172819589695793, 2.7527125700493453, 2.752451947322875, 2.14954704185607, 2.1494832512596074, 1.0878972142805987, 1.0878875533803505, 1.0875508523376336], [1.0768306493502091, 2.1011060849446013, 3.4794102674244956, 4.419256707982495, 5.811314529870545, 6.900940679552665, 8.262936810863783, 9.40448211909617, 0.0, 1.8289759860334407, 2.437949679124138, 4.102829816989275, 3.692101523721314, 4.275126849175707, 4.633686020054412, 6.203184039633174, 5.940592305697147, 6.812345461392644, 7.044622698943666, 8.54273938107029, 8.352323905549273, 9.538576134771688, 9.368432645424596, 10.344411908591699], [1.0780578294496204, 2.0964887499775893, 2.752207715233218, 3.843395568026898, 4.943859247438933, 6.167500419651814, 7.3561052165197145, 8.60462597473987, 1.8289759860334407, 0.0, 3.055980577095225, 3.5069115133482947, 2.4207892993618514, 3.681525712366482, 4.46806942327827, 5.396402993545876, 4.766068120655211, 6.07068573253524, 6.57888349004985, 7.667116832005977, 7.235906170250009, 8.929886190552383, 8.562415729015546, 9.450765168157394], [2.0857500262177906, 1.0829149084791996, 2.1870912025533706, 2.816806411876616, 4.235478836534411, 5.247627400579551, 6.63047439678883, 7.739249994091304, 2.437949679124138, 3.055980577095225, 0.0, 2.520631373694876, 3.0720404465219633, 3.1323681342506235, 2.5997578562571335, 4.419456472901858, 4.752390304113282, 5.425470451469111, 5.138541243444042, 6.749266637547167, 6.9702786683532, 7.694420332003653, 7.889100910352177, 8.688662587466325], [3.194579609049349, 2.1228256469323683, 1.0941848801999732, 2.150083903589927, 2.7555953698336504, 4.175177683724077, 5.178675287823837, 6.558552979484983, 4.102829816989275, 3.5069115133482947, 2.520631373694876, 0.0, 1.7696081268135195, 3.049351804553679, 2.4856108707046283, 2.528981831221209, 3.084257507796049, 4.703280362981905, 4.360716746906201, 5.061432654504106, 5.359606729107732, 6.70257001100794, 6.930492658466824, 7.317824722197281], [2.616994899957808, 2.129609551267222, 1.0917306647545302, 2.1586996015122852, 2.7630713184148883, 4.183169472368786, 5.184646939046503, 6.565127202900938, 3.692101523721314, 2.4207892993618514, 3.0720404465219633, 1.7696081268135195, 0.0, 2.4949875755871833, 3.0572311560359497, 3.0899176526579013, 2.5347823460963026, 4.367957707659651, 4.71309460206857, 5.365474157613444, 5.065196267628865, 6.93845716720753, 6.708845204199304, 7.323452124326275], [3.4670858223681917, 2.7274090851168227, 2.152195984845249, 1.0925167567292315, 2.153166086957555, 2.762637221936142, 4.181701137753044, 5.180936776724479, 4.275126849175707, 3.681525712366482, 3.1323681342506235, 3.049351804553679, 2.4949875755871833, 0.0, 1.7636876986667422, 3.0531837809550226, 2.4922067411098, 2.537245893864522, 3.0917920979252864, 4.70832891709946, 4.364238373088802, 5.3911135827940475, 5.093371735306692, 6.150546664376678], [3.9202705471973736, 2.724242925081362, 2.1559327255858425, 1.0925989783927497, 2.152145058785142, 2.761992172702286, 4.181803862796327, 5.18120882193977, 4.633686020054412, 4.46806942327827, 2.5997578562571335, 2.4856108707046283, 3.0572311560359497, 1.7636876986667422, 0.0, 2.4914225060546524, 3.05203634472887, 3.0890809652111995, 2.538813644350465, 4.36590396353244, 4.707221123032883, 5.094720680358845, 5.390230057230544, 6.1510271163100825], [5.239498876175178, 4.140880172702179, 2.7589946185392322, 2.1511145030049676, 1.0929340506220122, 2.1509007851331305, 2.7585879083050777, 4.174231889561335, 6.203184039633174, 5.396402993545876, 4.419456472901858, 2.528981831221209, 3.0899176526579013, 3.0531837809550226, 2.4914225060546524, 0.0, 1.762947380565498, 3.0513839763798654, 2.490693474335896, 2.5324511271736427, 3.085762144676878, 4.380010909942173, 4.721552523627446, 4.844351831988421], [4.910014602813519, 4.14309578788278, 2.755819936527201, 2.150556796348228, 1.0927538315209167, 2.150427244484266, 2.7569511991880615, 4.172819589695793, 5.940592305697147, 4.766068120655211, 4.752390304113282, 3.084257507796049, 2.5347823460963026, 2.4922067411098, 3.05203634472887, 1.762947380565498, 0.0, 2.490483940406575, 3.05137913292576, 3.0838958248143835, 2.5304246069866023, 4.720462144442576, 4.378797583198836, 4.842626740025044], [5.9782526896508354, 5.150717783566951, 4.180698616153421, 2.7581485028564026, 2.1510199248951065, 1.0926671144263829, 2.1506905111254944, 2.7527125700493453, 6.812345461392644, 6.07068573253524, 5.425470451469111, 4.703280362981905, 4.367957707659651, 2.537245893864522, 3.0890809652111995, 3.0513839763798654, 2.490483940406575, 0.0, 1.7629002349216185, 3.050654251661565, 2.4894554531762783, 3.1052970995586007, 2.5561353949294747, 3.749439943327265], [6.2536513358813535, 5.150930059944746, 4.184370650066495, 2.7602864642610623, 2.15155335069945, 1.0927185976954565, 2.1505981003221186, 2.752451947322875, 7.044622698943666, 6.57888349004985, 5.138541243444042, 4.360716746906201, 4.71309460206857, 3.0917920979252864, 2.538813644350465, 2.490693474335896, 3.05137913292576, 1.7629002349216185, 0.0, 2.4897096974730104, 3.050471345680062, 2.5559149153016785, 3.104988787637852, 3.7491950326202756], [7.585762380229303, 6.528899502437233, 5.182145261628696, 4.177747491476137, 2.757885333536416, 2.1505624552390628, 1.0925152387687995, 2.14954704185607, 8.54273938107029, 7.667116832005977, 6.749266637547167, 5.061432654504106, 5.365474157613444, 4.70832891709946, 4.36590396353244, 2.5324511271736427, 3.0838958248143835, 3.050654251661565, 2.4897096974730104, 0.0, 1.7629540398280303, 2.496834723929767, 3.0564809088294966, 2.482624437286225], [7.3604944949017534, 6.528844394400619, 5.179341003744861, 4.176384308808769, 2.757576856985515, 2.150385172020702, 1.0924840692689402, 2.1494832512596074, 8.352323905549273, 7.235906170250009, 6.9702786683532, 5.359606729107732, 5.065196267628865, 4.364238373088802, 4.707221123032883, 3.085762144676878, 2.5304246069866023, 2.4894554531762783, 3.050471345680062, 1.7629540398280303, 0.0, 3.056500173989956, 2.4965174385257343, 2.4826809993943644], [8.718312033458043, 7.6666307400167835, 6.591484466973761, 5.205187664157919, 4.1973834840562265, 2.778903405994059, 2.160433106956463, 1.0878972142805987, 9.538576134771688, 8.929886190552383, 7.694420332003653, 6.70257001100794, 6.93845716720753, 5.3911135827940475, 5.094720680358845, 4.380010909942173, 4.720462144442576, 3.1052970995586007, 2.5559149153016785, 2.496834723929767, 3.056500173989956, 0.0, 1.763371563410726, 1.7643829263065847], [8.52300983253223, 7.666610770993561, 6.589260185018902, 5.204128620280488, 4.197144370419055, 2.778821901098659, 2.1603331915222337, 1.0878875533803505, 9.368432645424596, 8.562415729015546, 7.889100910352177, 6.930492658466824, 6.708845204199304, 5.093371735306692, 5.390230057230544, 4.721552523627446, 4.378797583198836, 2.5561353949294747, 3.104988787637852, 3.0564809088294966, 2.4965174385257343, 1.763371563410726, 0.0, 1.7643943119237726], [9.426599632771557, 8.469071741577775, 7.219646832939208, 5.981481348789966, 4.687932210487497, 3.472879855030495, 2.1617871964796436, 1.0875508523376336, 10.344411908591699, 9.450765168157394, 8.688662587466325, 7.317824722197281, 7.323452124326275, 6.150546664376678, 6.1510271163100825, 4.844351831988421, 4.842626740025044, 3.749439943327265, 3.7491950326202756, 2.482624437286225, 2.4826809993943644, 1.7643829263065847, 1.7643943119237726, 0.0]]}