{"total energy": -26.32263437, "HOMO-LUMO gap/eV": 12.58554562, "electronic energy": -26.72024457, "dipole": [-3e-08, 5.9e-07, -2.2e-07], "partial charges": [-0.10205158, -0.05282172, -0.05892749, -0.05820348, -0.05820348, -0.05892749, -0.05282173, -0.10205159, 0.03256268, 0.03318325, 0.03318326, 0.02845013, 0.02845009, 0.02962911, 0.02962918, 0.02845826, 0.02845831, 0.02845826, 0.02845831, 0.02962918, 0.02962911, 0.02845013, 0.0284501, 0.03318326, 0.03256268, 0.03318326], "atomic dipole moments": [[-0.07692356, 0.01830214, 0.0559056], [-0.00222819, -0.04113256, -0.10465588], [0.00209212, 0.04159934, 0.10586226], [-0.00399294, -0.04110141, -0.10436519], [0.00399292, 0.04110177, 0.10436504], [-0.00209212, -0.04159909, -0.10586235], [0.00222819, 0.04113272, 0.1046558], [0.07692362, -0.01830353, -0.05590505], [0.10294568, 0.02902229, 0.06169316], [0.00593726, -0.11924108, -0.03108724], [-0.0027887, 0.06647365, -0.10389214], [-0.00170375, 0.11793673, 0.03127232], [0.00689394, -0.06505126, 0.10300853], [0.00216283, -0.11780461, -0.03146141], [-0.00641929, 0.0648633, -0.10307253], [0.00640924, -0.06470523, 0.10306602], [-0.00215907, 0.11768352, 0.03156504], [0.00215876, -0.11768379, -0.03156446], [-0.0064089, 0.06470467, -0.10306627], [-0.00216178, 0.11780443, 0.03146175], [0.00641827, -0.06486375, 0.10307242], [-0.00689236, 0.06505117, -0.10300861], [0.00170217, -0.11793688, -0.03127214], [-0.0059355, 0.11924127, 0.03108678], [-0.10294576, -0.02902079, -0.06169374], [0.00278693, -0.06647334, 0.1038924]], "atomic quadrupole moments": [[0.11720003, -0.04938088, -0.11281933, -0.15515832, 0.04054157, -0.0043807], [0.22098038, 0.01455194, -0.20347494, -0.01784913, 0.08546972, -0.01750544], [0.22437748, 0.01672747, -0.21029947, -0.0137698, 0.09049325, -0.01407801], [0.22315044, 0.01699464, -0.20827677, -0.01263796, 0.08925545, -0.01487367], [0.22315058, 0.0169931, -0.2082763, -0.0126374, 0.08925614, -0.01487428], [0.22437792, 0.01672299, -0.21030024, -0.01376802, 0.09049297, -0.01407768], [0.220981, 0.01454538, -0.203475, -0.0178466, 0.08547045, -0.017506], [0.1172004, -0.04938501, -0.11281749, -0.15515686, 0.04054404, -0.00438291], [0.04256936, 0.02444319, -0.04480817, 0.05056007, 0.02513184, 0.00223881], [-0.03914434, 0.00519749, 0.07914972, -0.01170921, 0.02621899, -0.04000538], [-0.03691385, -0.01657681, -0.0043392, 0.00246525, -0.06105522, 0.04125305], [-0.01795754, -0.00106768, 0.05590919, -0.00115713, 0.01610628, -0.03795166], [-0.01767272, -0.00269925, -0.00372174, 0.0035882, -0.04789676, 0.02139446], [-0.02080219, -0.00153034, 0.05692974, -0.00111748, 0.01585448, -0.03612755], [-0.02056274, -0.00268904, -0.00204925, 0.00339982, -0.04750232, 0.02261199], [-0.02043126, -0.00263021, -0.0019416, 0.00323304, -0.0475766, 0.02237285], [-0.0206499, -0.00168083, 0.05692589, -0.00119541, 0.01568666, -0.03627599], [-0.0206504, -0.00168058, 0.05692609, -0.00119523, 0.01568607, -0.03627569], [-0.02043081, -0.00263004, -0.00194241, 0.00323273, -0.04757672, 0.02237321], [-0.02080183, -0.00152949, 0.05692963, -0.0011172, 0.01585494, -0.0361278], [-0.02056322, -0.00268869, -0.00204856, 0.00339904, -0.0475023, 0.02261177], [-0.0176727, -0.00269881, -0.00372206, 0.00358713, -0.0478968, 0.02139475], [-0.01795771, -0.00106664, 0.05590937, -0.00115661, 0.01610598, -0.03795166], [-0.039144, 0.00519916, 0.07914967, -0.01170887, 0.02621886, -0.04000567], [0.0425695, 0.02444183, -0.04480881, 0.05056064, 0.0251313, 0.00223932], [-0.03691444, -0.01657586, -0.00433901, 0.0024639, -0.06105526, 0.04125344]], "number of molecular orbitals": 50, "number of electrons": 50, "number of unpaired electrons": 0, "orbital energies/eV": [-16.93405713, -16.80839617, -16.55855678, -16.15546598, -15.62419961, -15.14372076, -15.04356733, -14.95322558, -14.21346893, -13.87844638, -13.59497873, -13.34886677, -13.31936299, -13.13210777, -12.71409056, -12.69458847, -12.21315744, -12.15166076, -12.07467268, -11.76689853, -11.6267465, -11.62151951, -11.39313523, -11.33625368, -11.29548152, 1.2900641, 2.91175803, 3.10862094, 3.13305811, 3.37300101, 3.69564061, 3.79253295, 4.05694622, 4.42322814, 4.68547002, 4.77790362, 5.01696043, 5.12521289, 5.27439574, 5.51264401, 5.92449218, 6.03735863, 6.87303764, 6.9144264, 6.94353976, 7.49254109, 7.59047399, 7.69949814, 8.34418602, 8.79788938], "fractional occupation": [2.0, 2.0, 2.0, 2.0, 2.0, 2.0, 2.0, 2.0, 2.0, 2.0, 2.0, 2.0, 2.0, 2.0, 2.0, 2.0, 2.0, 2.0, 2.0, 2.0, 2.0, 2.0, 2.0, 2.0, 2.0, 0.0, 0.0, 0.0, 0.0, 0.0, 0.0, 0.0, 0.0, 0.0, 0.0, 0.0, 0.0, 0.0, 0.0, 0.0, 0.0, 0.0, 0.0, 0.0, 0.0, 0.0, 0.0, 0.0, 0.0, 0.0], "program call": "xtb /tmp/scratch/tmpc6q43xof/6131_0_xyzopt.xyz --pop --wbo --acc 0.2 --gfn 2 --chrg 0 --uhf 0 --etemp 300 --input /tmp/scratch/tmpc6q43xof/6131_0_xtb.inp", "method": "GFN2-xTB", "xtb version": "6.3.3 (7355c4f)", "Dipole module/D": 0.0, "Total charge": 0, "Transition dipole module/D": NaN, "HOMO": -11.2955, "LUMO": 1.2901, "HOMO occupancy": 2.0, "LUMO occupancy": 0, "mulliken charges": [-0.08565, -0.03932, -0.04733, -0.04588, -0.04588, -0.04733, -0.03932, -0.08565, 0.02904, 0.0275, 0.0275, 0.02202, 0.02202, 0.02257, 0.02257, 0.02247, 0.02247, 0.02247, 0.02247, 0.02257, 0.02257, 0.02202, 0.02202, 0.0275, 0.02904, 0.0275], "cm5 charges": [-0.23831, -0.15293, -0.15928, -0.1578, -0.1578, -0.15928, -0.15293, -0.23831, 0.0806, 0.07966, 0.07966, 0.07724, 0.07724, 0.07853, 0.07853, 0.07843, 0.07843, 0.07843, 0.07843, 0.07853, 0.07853, 0.07724, 0.07724, 0.07966, 0.0806, 0.07966], "FUKUI+": [0.005, -0.019, -0.021, -0.023, -0.023, -0.021, -0.019, 0.005, -0.067, -0.039, -0.039, -0.045, -0.045, -0.051, -0.051, -0.054, -0.054, -0.054, -0.054, -0.051, -0.051, -0.045, -0.045, -0.039, -0.067, -0.039], "FUKUI-": [0.018, 0.007, 0.01, 0.012, 0.012, 0.01, 0.007, 0.018, -0.053, -0.059, -0.059, -0.077, -0.077, -0.065, -0.065, -0.047, -0.047, -0.047, -0.047, -0.065, -0.065, -0.077, -0.077, -0.059, -0.053, -0.059], "FUKUIrad": [0.012, -0.006, -0.005, -0.006, -0.006, -0.005, -0.006, 0.012, -0.06, -0.049, -0.049, -0.061, -0.061, -0.058, -0.058, -0.05, -0.05, -0.05, -0.05, -0.058, -0.058, -0.061, -0.061, -0.049, -0.06, -0.049], "s proportion": [1.005, 1.026, 1.03, 1.03, 1.03, 1.03, 1.026, 1.005, 0.971, 0.972, 0.972, 0.978, 0.978, 0.977, 0.977, 0.978, 0.978, 0.978, 0.978, 0.977, 0.977, 0.978, 0.978, 0.972, 0.971, 0.972], "p proportion": [3.081, 3.013, 3.017, 3.016, 3.016, 3.017, 3.013, 3.081, 0.0, 0.0, 0.0, 0.0, 0.0, 0.0, 0.0, 0.0, 0.0, 0.0, 0.0, 0.0, 0.0, 0.0, 0.0, 0.0, 0.0, 0.0], "d proportion": [0.0, 0.0, 0.0, 0.0, 0.0, 0.0, 0.0, 0.0, 0.0, 0.0, 0.0, 0.0, 0.0, 0.0, 0.0, 0.0, 0.0, 0.0, 0.0, 0.0, 0.0, 0.0, 0.0, 0.0, 0.0, 0.0], "Fermi-level/eV": -5.0027, "Coordination numbers": [3.752, 3.801, 3.803, 3.803, 3.803, 3.803, 3.801, 3.752, 0.925, 0.925, 0.925, 0.924, 0.924, 0.924, 0.924, 0.924, 0.924, 0.924, 0.924, 0.924, 0.924, 0.924, 0.924, 0.925, 0.925, 0.925], "Dispersion coefficient C6": [22.51, 21.523, 21.633, 21.619, 21.619, 21.633, 21.523, 22.51, 2.55, 2.542, 2.542, 2.609, 2.609, 2.592, 2.592, 2.609, 2.609, 2.609, 2.609, 2.592, 2.592, 2.609, 2.609, 2.542, 2.55, 2.542], "Total dispersion C6": 4382.005892, "Total dispersion C8": 90679.099866, "Polarizability alpha": [6.766, 6.605, 6.622, 6.62, 6.62, 6.622, 6.605, 6.766, 2.497, 2.493, 2.493, 2.526, 2.526, 2.518, 2.518, 2.526, 2.526, 2.526, 2.526, 2.518, 2.518, 2.526, 2.526, 2.493, 2.497, 2.493], "Total polarizability alpha": 98.468016, "Wiberg matrix": [[0.0, 1.019095506577676, 0.0, 0.0, 0.0, 0.0, 0.0, 0.0, 0.9875513158023802, 0.9880125862450582, 0.9880125701373214, 0.0, 0.0, 0.0, 0.0, 0.0, 0.0, 0.0, 0.0, 0.0, 0.0, 0.0, 0.0, 0.0, 0.0, 0.0], [1.019095506577676, 0.0, 1.0077371348512116, 0.0, 0.0, 0.0, 0.0, 0.0, 0.0, 0.0, 0.0, 0.9786482923439282, 0.978648341799872, 0.0, 0.0, 0.0, 0.0, 0.0, 0.0, 0.0, 0.0, 0.0, 0.0, 0.0, 0.0, 0.0], [0.0, 1.0077371348512116, 0.0, 1.0070411228027953, 0.0, 0.0, 0.0, 0.0, 0.0, 0.0, 0.0, 0.0, 0.0, 0.9775287441839752, 0.977528652374974, 0.0, 0.0, 0.0, 0.0, 0.0, 0.0, 0.0, 0.0, 0.0, 0.0, 0.0], [0.0, 0.0, 1.0070411228027953, 0.0, 1.0068650367317544, 0.0, 0.0, 0.0, 0.0, 0.0, 0.0, 0.0, 0.0, 0.0, 0.0, 0.9775564997064412, 0.9775563821510097, 0.0, 0.0, 0.0, 0.0, 0.0, 0.0, 0.0, 0.0, 0.0], [0.0, 0.0, 0.0, 1.0068650367317544, 0.0, 1.007041123499544, 0.0, 0.0, 0.0, 0.0, 0.0, 0.0, 0.0, 0.0, 0.0, 0.0, 0.0, 0.9775565014262395, 0.9775563819066628, 0.0, 0.0, 0.0, 0.0, 0.0, 0.0, 0.0], [0.0, 0.0, 0.0, 0.0, 1.007041123499544, 0.0, 1.007737129378579, 0.0, 0.0, 0.0, 0.0, 0.0, 0.0, 0.0, 0.0, 0.0, 0.0, 0.0, 0.0, 0.9775286524502863, 0.9775287484471522, 0.0, 0.0, 0.0, 0.0, 0.0], [0.0, 0.0, 0.0, 0.0, 0.0, 1.007737129378579, 0.0, 1.0190955042272085, 0.0, 0.0, 0.0, 0.0, 0.0, 0.0, 0.0, 0.0, 0.0, 0.0, 0.0, 0.0, 0.0, 0.9786482950229013, 0.9786483463136859, 0.0, 0.0, 0.0], [0.0, 0.0, 0.0, 0.0, 0.0, 0.0, 1.0190955042272085, 0.0, 0.0, 0.0, 0.0, 0.0, 0.0, 0.0, 0.0, 0.0, 0.0, 0.0, 0.0, 0.0, 0.0, 0.0, 0.0, 0.9880125709937494, 0.9875513162640276, 0.9880125880097419], [0.9875513158023802, 0.0, 0.0, 0.0, 0.0, 0.0, 0.0, 0.0, 0.0, 0.0, 0.0, 0.0, 0.0, 0.0, 0.0, 0.0, 0.0, 0.0, 0.0, 0.0, 0.0, 0.0, 0.0, 0.0, 0.0, 0.0], [0.9880125862450582, 0.0, 0.0, 0.0, 0.0, 0.0, 0.0, 0.0, 0.0, 0.0, 0.0, 0.0, 0.0, 0.0, 0.0, 0.0, 0.0, 0.0, 0.0, 0.0, 0.0, 0.0, 0.0, 0.0, 0.0, 0.0], [0.9880125701373214, 0.0, 0.0, 0.0, 0.0, 0.0, 0.0, 0.0, 0.0, 0.0, 0.0, 0.0, 0.0, 0.0, 0.0, 0.0, 0.0, 0.0, 0.0, 0.0, 0.0, 0.0, 0.0, 0.0, 0.0, 0.0], [0.0, 0.9786482923439282, 0.0, 0.0, 0.0, 0.0, 0.0, 0.0, 0.0, 0.0, 0.0, 0.0, 0.0, 0.0, 0.0, 0.0, 0.0, 0.0, 0.0, 0.0, 0.0, 0.0, 0.0, 0.0, 0.0, 0.0], [0.0, 0.978648341799872, 0.0, 0.0, 0.0, 0.0, 0.0, 0.0, 0.0, 0.0, 0.0, 0.0, 0.0, 0.0, 0.0, 0.0, 0.0, 0.0, 0.0, 0.0, 0.0, 0.0, 0.0, 0.0, 0.0, 0.0], [0.0, 0.0, 0.9775287441839752, 0.0, 0.0, 0.0, 0.0, 0.0, 0.0, 0.0, 0.0, 0.0, 0.0, 0.0, 0.0, 0.0, 0.0, 0.0, 0.0, 0.0, 0.0, 0.0, 0.0, 0.0, 0.0, 0.0], [0.0, 0.0, 0.977528652374974, 0.0, 0.0, 0.0, 0.0, 0.0, 0.0, 0.0, 0.0, 0.0, 0.0, 0.0, 0.0, 0.0, 0.0, 0.0, 0.0, 0.0, 0.0, 0.0, 0.0, 0.0, 0.0, 0.0], [0.0, 0.0, 0.0, 0.9775564997064412, 0.0, 0.0, 0.0, 0.0, 0.0, 0.0, 0.0, 0.0, 0.0, 0.0, 0.0, 0.0, 0.0, 0.0, 0.0, 0.0, 0.0, 0.0, 0.0, 0.0, 0.0, 0.0], [0.0, 0.0, 0.0, 0.9775563821510097, 0.0, 0.0, 0.0, 0.0, 0.0, 0.0, 0.0, 0.0, 0.0, 0.0, 0.0, 0.0, 0.0, 0.0, 0.0, 0.0, 0.0, 0.0, 0.0, 0.0, 0.0, 0.0], [0.0, 0.0, 0.0, 0.0, 0.9775565014262395, 0.0, 0.0, 0.0, 0.0, 0.0, 0.0, 0.0, 0.0, 0.0, 0.0, 0.0, 0.0, 0.0, 0.0, 0.0, 0.0, 0.0, 0.0, 0.0, 0.0, 0.0], [0.0, 0.0, 0.0, 0.0, 0.9775563819066628, 0.0, 0.0, 0.0, 0.0, 0.0, 0.0, 0.0, 0.0, 0.0, 0.0, 0.0, 0.0, 0.0, 0.0, 0.0, 0.0, 0.0, 0.0, 0.0, 0.0, 0.0], [0.0, 0.0, 0.0, 0.0, 0.0, 0.9775286524502863, 0.0, 0.0, 0.0, 0.0, 0.0, 0.0, 0.0, 0.0, 0.0, 0.0, 0.0, 0.0, 0.0, 0.0, 0.0, 0.0, 0.0, 0.0, 0.0, 0.0], [0.0, 0.0, 0.0, 0.0, 0.0, 0.9775287484471522, 0.0, 0.0, 0.0, 0.0, 0.0, 0.0, 0.0, 0.0, 0.0, 0.0, 0.0, 0.0, 0.0, 0.0, 0.0, 0.0, 0.0, 0.0, 0.0, 0.0], [0.0, 0.0, 0.0, 0.0, 0.0, 0.0, 0.9786482950229013, 0.0, 0.0, 0.0, 0.0, 0.0, 0.0, 0.0, 0.0, 0.0, 0.0, 0.0, 0.0, 0.0, 0.0, 0.0, 0.0, 0.0, 0.0, 0.0], [0.0, 0.0, 0.0, 0.0, 0.0, 0.0, 0.9786483463136859, 0.0, 0.0, 0.0, 0.0, 0.0, 0.0, 0.0, 0.0, 0.0, 0.0, 0.0, 0.0, 0.0, 0.0, 0.0, 0.0, 0.0, 0.0, 0.0], [0.0, 0.0, 0.0, 0.0, 0.0, 0.0, 0.0, 0.9880125709937494, 0.0, 0.0, 0.0, 0.0, 0.0, 0.0, 0.0, 0.0, 0.0, 0.0, 0.0, 0.0, 0.0, 0.0, 0.0, 0.0, 0.0, 0.0], [0.0, 0.0, 0.0, 0.0, 0.0, 0.0, 0.0, 0.9875513162640276, 0.0, 0.0, 0.0, 0.0, 0.0, 0.0, 0.0, 0.0, 0.0, 0.0, 0.0, 0.0, 0.0, 0.0, 0.0, 0.0, 0.0, 0.0], [0.0, 0.0, 0.0, 0.0, 0.0, 0.0, 0.0, 0.9880125880097419, 0.0, 0.0, 0.0, 0.0, 0.0, 0.0, 0.0, 0.0, 0.0, 0.0, 0.0, 0.0, 0.0, 0.0, 0.0, 0.0, 0.0, 0.0]], "Born radii": [], "Atomic SASAs": [], "Solvent H bonds": [], "Total SASA": NaN, "Total FOD": 0.0, "FOD": [0.0, 0.0, 0.0, 0.0, 0.0, 0.0, 0.0, 0.0, 0.0, 0.0, 0.0, 0.0, 0.0, 0.0, 0.0, 0.0, 0.0, 0.0, 0.0, 0.0, 0.0, 0.0, 0.0, 0.0, 0.0, 0.0], "FOD s proportion": [0.0, 0.0, 0.0, 0.0, 0.0, 0.0, 0.0, 0.0, 0.0, 0.0, 0.0, 0.0, 0.0, 0.0, 0.0, 0.0, 0.0, 0.0, 0.0, 0.0, 0.0, 0.0, 0.0, 0.0, 0.0, 0.0], "FOD p proportion": [0.0, 0.0, 0.0, 0.0, 0.0, 0.0, 0.0, 0.0, 0.0, 0.0, 0.0, 0.0, 0.0, 0.0, 0.0, 0.0, 0.0, 0.0, 0.0, 0.0, 0.0, 0.0, 0.0, 0.0, 0.0, 0.0], "FOD d proportion": [0.0, 0.0, 0.0, 0.0, 0.0, 0.0, 0.0, 0.0, 0.0, 0.0, 0.0, 0.0, 0.0, 0.0, 0.0, 0.0, 0.0, 0.0, 0.0, 0.0, 0.0, 0.0, 0.0, 0.0, 0.0, 0.0], "coordinates": [["4.40848140210834", "-0.02528543105869", "-0.62168267894516"], ["3.17532511318021", "0.25057776820981", "0.22980115095589"], ["1.88481403800884", "-0.09903235463643", "-0.50733162747100"], ["0.64493149344892", "0.17496033449718", "0.34016890644088"], ["-0.64493029898589", "-0.17498459306615", "-0.39792088518952"], ["-1.88481325966024", "0.09901783159526", "0.44957589477400"], ["-3.17532521546848", "-0.25057458840917", "-0.28756379221058"], ["-4.40848248303172", "0.02531066174029", "0.56391150836477"], ["5.31531727151794", "0.23032556294073", "-0.07834410699607"], ["4.45634420034701", "-1.07759024779549", "-0.89370926229221"], ["4.37928109096244", "0.56254998592926", "-1.53668633187650"], ["3.15590649175592", "1.30669911818214", "0.50874475937312"], ["3.23295001744888", "-0.33303924907443", "1.15156545487796"], ["1.90472344356462", "-1.15525740872827", "-0.78669903525841"], ["1.82768781081931", "0.48440846171868", "-1.42949612831889"], ["0.70235772125510", "-0.40827175692600", "1.26250218592725"], ["0.62533916098570", "1.23116997093010", "0.61980001056300"], ["-0.62534116460778", "-1.23119555860481", "-0.67754702791915"], ["-0.70235311833411", "0.40824342025031", "-1.32025699830899"], ["-1.90471259246241", "1.15524224453001", "0.72894649317202"], ["-1.82769688230068", "-0.48442643729267", "1.37173877220610"], ["-3.23293553152280", "0.33304147600147", "-1.20932960758550"], ["-3.15592115163315", "-1.30669676407082", "-0.56650513343462"], ["-4.45632998710950", "1.07761715813726", "0.83593438377464"], ["-5.31531900292031", "-0.23028735247831", "0.02056789610942"], ["-4.37929756736617", "-0.56252225252126", "1.47891719926754"]], "bond_dist": [[0.0, 1.5237452707774386, 2.527332929459699, 3.889674119242256, 5.060577931442865, 6.385029673597307, 7.594505477494528, 8.896462538192003, 1.0876143976929111, 1.087949785987467, 1.0879498244469321, 2.149649492071556, 2.1496500629008968, 2.751884987266077, 2.7518804469239138, 4.17518668667603, 4.175179596388838, 5.176553843473963, 5.176541590670179, 6.5630985949084275, 6.563113524879039, 7.672351649829957, 7.6723689666850134, 9.051293973194847, 9.747143474155852, 9.05130943383447], [1.5237452707774386, 0.0, 1.5267648169144699, 2.533927960402367, 3.8948029080021094, 5.067175910179093, 6.391367597449556, 7.594505425407688, 2.162158664289815, 2.1603971461520755, 2.160396882072799, 1.0925103777091645, 1.0925103589626346, 2.1503659633002363, 2.15036521385324, 2.759732205473473, 2.7597261702784968, 4.178994743342223, 4.178986383214935, 5.184047354926697, 5.184060358464059, 6.568386567014162, 6.568400637382193, 7.700230595131345, 8.506823574372541, 7.700243268318758], [2.527332929459699, 1.5267648169144699, 0.0, 1.5266426801920516, 2.533248085680906, 3.894224678383024, 5.067175960494553, 6.3850296901062356, 3.4728747984501807, 2.778422322608445, 2.7784218864494155, 2.150387923968055, 2.1503881918228545, 1.0927277327197071, 1.09272776053602, 2.1508471995953182, 2.1508465594393913, 2.7589211558493214, 2.7589146897283165, 4.178767814170292, 4.178776316017231, 5.183710024263339, 5.183721258103835, 6.587789857013683, 7.220652435101315, 6.58779944228385], [3.889674119242256, 2.533927960402367, 1.5266426801920516, 0.0, 1.5267551985892998, 2.5332480472165484, 3.894802900481302, 5.060577891324447, 4.689426592551167, 4.197404569347832, 4.197401367506569, 2.7593923125955437, 2.7593962775019225, 2.150903614762345, 2.150903295123181, 1.0927745067277084, 1.0927745467284946, 2.150956239573971, 2.150955835997168, 2.75912768822045, 2.7591336298426032, 4.1789697241822985, 4.17897671708619, 5.20417538547742, 5.982554343511935, 5.2041815779342215], [5.060577931442865, 3.8948029080021094, 2.533248085680906, 1.5267551985892998, 0.0, 1.5266426814875373, 2.533927972284858, 3.889674123165652, 5.982554365939321, 5.204181453443339, 5.204175639682875, 4.178969911481201, 4.178976542280878, 2.759133459983216, 2.759127941917977, 2.1509562258222514, 2.1509558294942535, 1.0927745044645045, 1.0927745427412257, 2.150903288117216, 2.1509036121077196, 2.7593922673789963, 2.7593963377584383, 4.197401285855002, 4.689426606858231, 4.197404618084178], [6.385029673597307, 5.067175910179093, 3.894224678383024, 2.5332480472165484, 1.5266426814875373, 0.0, 1.526764843168812, 2.5273329278936747, 7.220652388433069, 6.587799292501828, 6.587790048614413, 5.183710124691299, 5.183721021040624, 4.178776197190229, 4.178767976816748, 2.7589210873021885, 2.758914621924947, 2.1508472062291513, 2.150846558902466, 1.0927277452204627, 1.0927277190474767, 2.150387916584275, 2.1503882099262803, 2.778421818853765, 3.4728748065135084, 2.7784223518789375], [7.594505477494528, 6.391367597449556, 5.067175960494553, 3.894802900481302, 2.533927972284858, 1.526764843168812, 0.0, 1.523745288847171, 8.506823594860103, 7.700243197722018, 7.700230849634335, 6.568386684500963, 6.5684004803990375, 5.184060317393783, 5.184047538886032, 4.178994842219336, 4.178986206266192, 2.759732427422106, 2.7597259682187683, 2.150365216842508, 2.1503659716110244, 1.092510355808051, 1.0925103383773944, 2.1603968829831324, 2.1621586712406367, 2.160397153889203], [8.896462538192003, 7.594505425407688, 6.3850296901062356, 5.060577891324447, 3.889674123165652, 2.5273329278936747, 1.523745288847171, 0.0, 9.747143430347005, 9.0513093447108, 9.051294162179234, 7.672351680442284, 7.672368765826798, 6.563113505125987, 6.56309871401031, 5.176553896397511, 5.176541368714822, 4.175186871775271, 4.175179436497936, 2.7518803740201836, 2.7518850112743776, 2.1496494934161525, 2.149650077428396, 1.0879498107688574, 1.0876144076164278, 1.0879497730943684], [1.0876143976929111, 2.162158664289815, 3.4728747984501807, 4.689426592551167, 5.982554365939321, 7.220652388433069, 8.506823594860103, 9.747143430347005, 0.0, 1.764454261646275, 1.764454262203527, 2.4832052438713377, 2.4832057551933073, 3.7488341034308146, 3.7488303721706537, 4.84613981747827, 4.846131386493507, 6.14707335110605, 6.14706103064391, 7.323661667347147, 7.323678172888677, 8.623358089864603, 8.623376325044436, 9.850832368537077, 10.641070220687931, 9.850849065374044], [1.087949785987467, 2.1603971461520755, 2.778422322608445, 4.197404569347832, 5.204181453443339, 6.587799292501828, 7.700243197722018, 9.0513093447108, 1.764454261646275, 0.0, 1.763354252872036, 3.0566078089157775, 2.496837636920156, 2.555044395508602, 3.1043102210532094, 4.380599221209051, 4.722042320670188, 5.08859969455976, 5.385332179723666, 6.934089425503002, 6.706211332153679, 7.8239709136402915, 7.622738099049376, 9.331256468274804, 9.850849033300447, 9.16314448282941], [1.0879498244469321, 2.160396882072799, 2.7784218864494155, 4.197401367506569, 5.204175639682875, 6.587790048614413, 7.700230849634335, 9.051294162179234, 1.764454262203527, 1.763354252872036, 0.0, 2.4968363362597557, 3.0566080345614797, 3.104316146999792, 2.5550389634634247, 4.722045815248393, 4.38058969125255, 5.385340039690057, 5.088581178455649, 6.7061876520617885, 6.934094878022222, 7.622708081037106, 7.823976470249229, 9.163113356014476, 9.850832592023105, 9.331256738130714], [2.149649492071556, 1.0925103777091645, 2.150387923968055, 2.7593923125955437, 4.178969911481201, 5.183710124691299, 6.568386684500963, 7.672351680442284, 2.4832052438713377, 3.0566078089157775, 2.4968363362597557, 0.0, 1.762922591741841, 3.050387448428048, 2.4893984266921207, 3.086936495909945, 2.534128831859774, 4.7059570157213075, 4.363328693738588, 5.067671408418199, 5.365556076640038, 6.687083903540407, 6.915574348469561, 7.622707904996977, 8.623358130245535, 7.823971070270839], [2.1496500629008968, 1.0925103589626346, 2.1503881918228545, 2.7593962775019225, 4.178976542280878, 5.183721021040624, 6.5684004803990375, 7.672368765826798, 2.4832057551933073, 2.496837636920156, 3.0566080345614797, 1.762922591741841, 0.0, 2.4893970690431186, 3.0503871107642935, 2.5341397471506673, 3.086933648535275, 4.363341388959798, 4.705955482834893, 5.365553623278716, 5.067695868376943, 6.91557408757095, 6.6871107601161555, 7.82397606468441, 8.6233761761156, 7.6227380189764125], [2.751884987266077, 2.1503659633002363, 1.0927277327197071, 2.150903614762345, 2.759133459983216, 4.178776197190229, 5.184060317393783, 6.563113505125987, 3.7488341034308146, 2.555044395508602, 3.104316146999792, 3.050387448428048, 2.4893970690431186, 0.0, 1.7628462094771704, 2.490561490726972, 3.0512455402326486, 2.533556331491254, 3.0864327534798313, 4.706101669974749, 4.36346530292861, 5.365555881290365, 5.067696020052047, 6.934094662737797, 7.323678203777333, 6.706211445620466], [2.7518804469239138, 2.15036521385324, 1.09272776053602, 2.150903295123181, 2.759127941917977, 4.178767976816748, 5.184047538886032, 6.56309871401031, 3.7488303721706537, 3.1043102210532094, 2.5550389634634247, 2.4893984266921207, 3.0503871107642935, 1.7628462094771704, 0.0, 3.0512457631502197, 2.490564131322991, 3.0864341493748055, 2.533543250915346, 4.363451075106384, 4.70610192029003, 5.067671444980898, 5.365553995417274, 6.7061875642809925, 7.323661797414088, 6.9340896655227695], [4.17518668667603, 2.759732205473473, 2.1508471995953182, 1.0927745067277084, 2.1509562258222514, 2.7589210873021885, 4.178994842219336, 5.176553896397511, 4.84613981747827, 4.380599221209051, 4.722045815248393, 3.086936495909945, 2.5341397471506673, 2.490561490726972, 3.0512457631502197, 0.0, 1.7626023725956188, 2.4907386187709606, 3.051320137444665, 3.086433756082837, 2.5335564852786296, 4.705956938826906, 4.363341738704211, 5.385339806379277, 6.147073481351464, 5.088599919994004], [4.175179596388838, 2.7597261702784968, 2.1508465594393913, 1.0927745467284946, 2.1509558294942535, 2.758914621924947, 4.178986206266192, 5.176541368714822, 4.846131386493507, 4.722042320670188, 4.38058969125255, 2.534128831859774, 3.086933648535275, 3.0512455402326486, 2.490564131322991, 1.7626023725956188, 0.0, 3.0513201431719286, 2.490742076982782, 2.5335429440662858, 3.086433016741223, 4.36332826592756, 4.705955483330229, 5.088580731825209, 6.147060765562652, 5.385332201374952], [5.176553843473963, 4.178994743342223, 2.7589211558493214, 2.150956239573971, 1.0927745044645045, 2.1508472062291513, 2.759732427422106, 4.175186871775271, 6.14707335110605, 5.08859969455976, 5.385340039690057, 4.7059570157213075, 4.363341388959798, 2.533556331491254, 3.0864341493748055, 2.4907386187709606, 3.0513201431719286, 0.0, 1.762602369351855, 3.0512457560008466, 2.4905613188614932, 3.086936765603952, 2.5341400523828304, 4.722045902219254, 4.846140093734957, 4.38059934566211], [5.176541590670179, 4.178986383214935, 2.7589146897283165, 2.150955835997168, 1.0927745427412257, 2.150846558902466, 2.7597259682187683, 4.175179436497936, 6.14706103064391, 5.385332179723666, 5.088581178455649, 4.363328693738588, 4.705955482834893, 3.0864327534798313, 2.533543250915346, 3.051320137444665, 2.490742076982782, 1.762602369351855, 0.0, 2.4905642930868694, 3.0512455309488593, 2.5341285619264506, 3.0869333979902933, 4.38058955032826, 4.846131157693701, 4.722042212970733], [6.5630985949084275, 5.184047354926697, 4.178767814170292, 2.75912768822045, 2.150903288117216, 1.0927277452204627, 2.150365216842508, 2.7518803740201836, 7.323661667347147, 6.934089425503002, 6.7061876520617885, 5.067671408418199, 5.365553623278716, 4.706101669974749, 4.363451075106384, 3.086433756082837, 2.5335429440662858, 3.0512457560008466, 2.4905642930868694, 0.0, 1.7628461985515547, 2.489398425801486, 3.050387099613809, 2.5550388238613295, 3.7488302959748574, 3.1043101851056476], [6.563113524879039, 5.184060358464059, 4.178776316017231, 2.7591336298426032, 2.1509036121077196, 1.0927277190474767, 2.1503659716110244, 2.7518850112743776, 7.323678172888677, 6.706211332153679, 6.934094878022222, 5.365556076640038, 5.067695868376943, 4.36346530292861, 4.70610192029003, 2.5335564852786296, 3.086433016741223, 2.4905613188614932, 3.0512455309488593, 1.7628461985515547, 0.0, 3.05038742321252, 2.4893970429999737, 3.104316114119651, 3.748834147715462, 2.5550444668557653], [7.672351649829957, 6.568386567014162, 5.183710024263339, 4.1789697241822985, 2.7593922673789963, 2.150387916584275, 1.092510355808051, 2.1496494934161525, 8.623358089864603, 7.8239709136402915, 7.622708081037106, 6.687083903540407, 6.91557408757095, 5.365555881290365, 5.067671444980898, 4.705956938826906, 4.36332826592756, 3.086936765603952, 2.5341285619264506, 2.489398425801486, 3.05038742321252, 0.0, 1.7629225777760387, 2.4968363452062023, 2.4832052191756, 3.056607793555473], [7.6723689666850134, 6.568400637382193, 5.183721258103835, 4.17897671708619, 2.7593963377584383, 2.1503882099262803, 1.0925103383773944, 2.149650077428396, 8.623376325044436, 7.622738099049376, 7.823976470249229, 6.915574348469561, 6.6871107601161555, 5.067696020052047, 5.365553995417274, 4.363341738704211, 4.705955483330229, 2.5341400523828304, 3.0869333979902933, 3.050387099613809, 2.4893970429999737, 1.7629225777760387, 0.0, 3.056608024992799, 2.483205799672382, 2.496837615330349], [9.051293973194847, 7.700230595131345, 6.587789857013683, 5.20417538547742, 4.197401285855002, 2.778421818853765, 2.1603968829831324, 1.0879498107688574, 9.850832368537077, 9.331256468274804, 9.163113356014476, 7.622707904996977, 7.82397606468441, 6.934094662737797, 6.7061875642809925, 5.385339806379277, 5.088580731825209, 4.722045902219254, 4.38058955032826, 2.5550388238613295, 3.104316114119651, 2.4968363452062023, 3.056608024992799, 0.0, 1.7644542633289464, 1.7633542415254988], [9.747143474155852, 8.506823574372541, 7.220652435101315, 5.982554343511935, 4.689426606858231, 3.4728748065135084, 2.1621586712406367, 1.0876144076164278, 10.641070220687931, 9.850849033300447, 9.850832592023105, 8.623358130245535, 8.6233761761156, 7.323678203777333, 7.323661797414088, 6.147073481351464, 6.147060765562652, 4.846140093734957, 4.846131157693701, 3.7488302959748574, 3.748834147715462, 2.4832052191756, 2.483205799672382, 1.7644542633289464, 0.0, 1.7644542631207973], [9.05130943383447, 7.700243268318758, 6.58779944228385, 5.2041815779342215, 4.197404618084178, 2.7784223518789375, 2.160397153889203, 1.0879497730943684, 9.850849065374044, 9.16314448282941, 9.331256738130714, 7.823971070270839, 7.6227380189764125, 6.706211445620466, 6.9340896655227695, 5.088599919994004, 5.385332201374952, 4.38059934566211, 4.722042212970733, 3.1043101851056476, 2.5550444668557653, 3.056607793555473, 2.496837615330349, 1.7633542415254988, 1.7644542631207973, 0.0]]}