{"total energy": -19.83384765, "HOMO-LUMO gap/eV": 5.22962037, "electronic energy": -20.10971432, "dipole": [0.3086894, -0.26174389, 0.50202332], "partial charges": [-0.09326682, -0.04850968, 0.15013988, -0.11941837, -0.11021777, -0.45056932, 0.03744937, 0.04077298, 0.04320008, 0.04195322, 0.03462325, 0.04806874, 0.0524829, 0.037841, 0.05401156, 0.28143897], "atomic dipole moments": [[0.04945364, -0.01067157, 0.05239498], [-0.14256822, 0.02145913, -0.03397213], [-0.08204422, -0.073791, -0.10775233], [0.03861788, 0.03277954, -0.07761597], [0.0374054, -0.09857696, 0.02041904], [0.13373993, -0.02269421, 0.18584788], [0.14150592, -0.00200436, -0.03327302], [-0.04063784, -0.02166529, 0.14068694], [0.04741241, 0.02047239, -0.13652573], [0.03697775, 0.07400238, 0.09588065], [0.0433131, -0.11650756, 0.01898864], [-0.12650991, -0.00278047, -0.00333754], [0.03552117, 0.04054625, -0.11519443], [0.05350338, 0.06968643, 0.0901988], [-0.12675505, 0.00533268, 0.00608733], [0.02353789, -0.07295942, 0.01239281]], "atomic quadrupole moments": [[-0.3047081, 0.06492988, 0.60113862, -0.03874708, 0.16427508, -0.29643053], [-0.13366933, 0.06072828, 0.52713297, -0.08869471, 0.17325057, -0.39346364], [-0.10226021, 0.07658082, -0.01091173, 0.11170343, 0.13584418, 0.11317194], [-0.08087296, 0.04439023, -0.06853875, -0.09354191, -0.11036755, 0.14941172], [-0.10915283, -0.11010572, 0.2333923, 0.01217291, -0.03121811, -0.12423947], [-0.05193587, 0.03931031, -0.00322612, 0.1005089, 0.08421759, 0.055162], [0.05238635, -0.00676532, -0.06894166, -0.00457791, -0.01487739, 0.01655531], [0.02245556, -0.0002072, -0.06492512, -0.01638322, -0.01831028, 0.04246956], [0.03713578, -0.00824323, -0.06736144, 0.0026679, -0.01745848, 0.03022566], [-0.03360598, 0.03079121, 0.00384461, 0.03017714, 0.05249958, 0.02976137], [-0.02338405, -0.04493502, 0.06637867, -0.00583768, -0.01411194, -0.04299461], [0.08419744, 0.00106536, -0.0475164, 0.00536673, -0.00880714, -0.03668104], [-0.03282067, 0.00388383, -0.02366083, -0.03953695, -0.03722728, 0.0564815], [-0.026672, 0.02635868, 0.00206965, 0.04646814, 0.05145363, 0.02460235], [0.08196805, -0.00356362, -0.03241494, -0.01273379, -0.00698393, -0.0495531], [-0.06688113, -0.04796523, 0.13074064, 0.02128862, -0.00306603, -0.06385951]], "number of molecular orbitals": 34, "number of electrons": 36, "number of unpaired electrons": 0, "orbital energies/eV": [-18.54315884, -17.25407975, -16.68367673, -16.32491082, -15.68033898, -15.32180084, -14.53985865, -14.10832597, -13.93678413, -13.43177995, -12.77972683, -12.72848181, -12.54992645, -12.35681364, -12.04683493, -11.85688312, -11.14636404, -10.92362412, -5.69400375, 1.36239739, 2.37361917, 2.64845943, 3.16304963, 3.87001769, 4.17244197, 5.27308795, 5.71418824, 5.9017556, 6.40362089, 6.87643324, 7.11805276, 7.31379179, 11.3886532, 16.96478488], "fractional occupation": [2.0, 2.0, 2.0, 2.0, 2.0, 2.0, 2.0, 2.0, 2.0, 2.0, 2.0, 2.0, 2.0, 2.0, 2.0, 2.0, 2.0, 2.0, 0.0, 0.0, 0.0, 0.0, 0.0, 0.0, 0.0, 0.0, 0.0, 0.0, 0.0, 0.0, 0.0, 0.0, 0.0, 0.0], "program call": "xtb /tmp/scratch/tmp7bwpg9f2/6313_0_xyzopt.xyz --pop --wbo --acc 0.2 --gfn 2 --chrg 0 --uhf 0 --etemp 300 --input /tmp/scratch/tmp7bwpg9f2/6313_0_xtb.inp", "method": "GFN2-xTB", "xtb version": "6.3.3 (7355c4f)", "Dipole module/D": 1.639, "Total charge": 0, "Transition dipole module/D": NaN, "HOMO": -10.9236, "LUMO": -5.694, "HOMO occupancy": 2.0, "LUMO occupancy": 0, "mulliken charges": [-0.08176, -0.05117, 0.25228, -0.11738, -0.09356, -0.56986, 0.03469, 0.02924, 0.03942, 0.03417, 0.03095, 0.04342, 0.04439, 0.02541, 0.04328, 0.33648], "cm5 charges": [-0.18589, -0.1103, 0.24379, -0.26385, -0.23873, -0.77808, 0.0882, 0.08431, 0.09933, 0.08819, 0.08561, 0.09876, 0.10013, 0.07922, 0.09873, 0.51057], "FUKUI+": [-0.128, -0.153, -0.007, 0.031, 0.021, -0.049, -0.151, -0.155, -0.139, -0.029, -0.024, -0.059, -0.036, -0.03, -0.064, -0.028], "FUKUI-": [-0.025, -0.034, -0.031, 0.005, 0.025, -0.138, -0.127, -0.098, -0.105, -0.065, -0.055, -0.07, -0.072, -0.057, -0.09, -0.063], "FUKUIrad": [-0.076, -0.094, -0.019, 0.018, 0.023, -0.094, -0.139, -0.126, -0.122, -0.047, -0.039, -0.065, -0.054, -0.043, -0.077, -0.045], "s proportion": [1.043, 1.082, 1.038, 1.019, 1.013, 1.698, 0.965, 0.971, 0.961, 0.966, 0.969, 0.957, 0.956, 0.975, 0.957, 0.664], "p proportion": [3.039, 2.969, 2.709, 3.098, 3.08, 4.872, 0.0, 0.0, 0.0, 0.0, 0.0, 0.0, 0.0, 0.0, 0.0, 0.0], "d proportion": [0.0, 0.0, 0.0, 0.0, 0.0, 0.0, 0.0, 0.0, 0.0, 0.0, 0.0, 0.0, 0.0, 0.0, 0.0, 0.0], "Fermi-level/eV": -8.3088, "Coordination numbers": [2.835, 2.891, 3.776, 3.755, 3.759, 1.656, 0.926, 0.926, 0.925, 0.925, 0.925, 0.925, 0.925, 0.925, 0.925, 0.805], "Dispersion coefficient C6": [30.333, 29.203, 18.194, 22.844, 22.657, 21.855, 2.483, 2.438, 2.407, 2.423, 2.522, 2.344, 2.289, 2.478, 2.27, 0.78], "Total dispersion C6": 1947.527437, "Total dispersion C8": 42053.175812, "Polarizability alpha": [9.025, 8.86, 6.077, 6.815, 6.786, 6.311, 2.464, 2.442, 2.426, 2.434, 2.483, 2.394, 2.366, 2.462, 2.356, 1.387], "Total polarizability alpha": 67.089042, "Wiberg matrix": [[0.0, 1.985889487297865, 0.0, 0.0, 0.0, 0.0, 0.9759392087720185, 0.97348071313124, 0.0, 0.0, 0.0, 0.0, 0.0, 0.0, 0.0, 0.0], [1.985889487297865, 0.0, 0.9873557945506781, 0.0, 0.0, 0.0, 0.0, 0.0, 0.9643738926340065, 0.0, 0.0, 0.0, 0.0, 0.0, 0.0, 0.0], [0.0, 0.9873557945506781, 0.0, 0.9901474198424554, 0.9801161637421603, 0.9653240745572759, 0.0, 0.0, 0.0, 0.0, 0.0, 0.0, 0.0, 0.0, 0.0, 0.0], [0.0, 0.0, 0.9901474198424554, 0.0, 0.0, 0.0, 0.0, 0.0, 0.0, 0.9840898749586613, 0.9851585158864691, 0.9847599447408266, 0.0, 0.0, 0.0, 0.0], [0.0, 0.0, 0.9801161637421603, 0.0, 0.0, 0.0, 0.0, 0.0, 0.0, 0.0, 0.0, 0.0, 0.9848819818333949, 0.9867031507529466, 0.9821667044238476, 0.0], [0.0, 0.0, 0.9653240745572759, 0.0, 0.0, 0.0, 0.0, 0.0, 0.0, 0.0, 0.0, 0.0, 0.0, 0.0, 0.0, 0.9042391422705417], [0.9759392087720185, 0.0, 0.0, 0.0, 0.0, 0.0, 0.0, 0.0, 0.0, 0.0, 0.0, 0.0, 0.0, 0.0, 0.0, 0.0], [0.97348071313124, 0.0, 0.0, 0.0, 0.0, 0.0, 0.0, 0.0, 0.0, 0.0, 0.0, 0.0, 0.0, 0.0, 0.0, 0.0], [0.0, 0.9643738926340065, 0.0, 0.0, 0.0, 0.0, 0.0, 0.0, 0.0, 0.0, 0.0, 0.0, 0.0, 0.0, 0.0, 0.0], [0.0, 0.0, 0.0, 0.9840898749586613, 0.0, 0.0, 0.0, 0.0, 0.0, 0.0, 0.0, 0.0, 0.0, 0.0, 0.0, 0.0], [0.0, 0.0, 0.0, 0.9851585158864691, 0.0, 0.0, 0.0, 0.0, 0.0, 0.0, 0.0, 0.0, 0.0, 0.0, 0.0, 0.0], [0.0, 0.0, 0.0, 0.9847599447408266, 0.0, 0.0, 0.0, 0.0, 0.0, 0.0, 0.0, 0.0, 0.0, 0.0, 0.0, 0.0], [0.0, 0.0, 0.0, 0.0, 0.9848819818333949, 0.0, 0.0, 0.0, 0.0, 0.0, 0.0, 0.0, 0.0, 0.0, 0.0, 0.0], [0.0, 0.0, 0.0, 0.0, 0.9867031507529466, 0.0, 0.0, 0.0, 0.0, 0.0, 0.0, 0.0, 0.0, 0.0, 0.0, 0.0], [0.0, 0.0, 0.0, 0.0, 0.9821667044238476, 0.0, 0.0, 0.0, 0.0, 0.0, 0.0, 0.0, 0.0, 0.0, 0.0, 0.0], [0.0, 0.0, 0.0, 0.0, 0.0, 0.9042391422705417, 0.0, 0.0, 0.0, 0.0, 0.0, 0.0, 0.0, 0.0, 0.0, 0.0]], "Born radii": [], "Atomic SASAs": [], "Solvent H bonds": [], "Total SASA": NaN, "Total FOD": 0.0, "FOD": [0.0, 0.0, 0.0, 0.0, 0.0, 0.0, 0.0, 0.0, 0.0, 0.0, 0.0, 0.0, 0.0, 0.0, 0.0, 0.0], "FOD s proportion": [0.0, 0.0, 0.0, 0.0, 0.0, 0.0, 0.0, 0.0, 0.0, 0.0, 0.0, 0.0, 0.0, 0.0, 0.0, 0.0], "FOD p proportion": [0.0, 0.0, 0.0, 0.0, 0.0, 0.0, 0.0, 0.0, 0.0, 0.0, 0.0, 0.0, 0.0, 0.0, 0.0, 0.0], "FOD d proportion": [0.0, 0.0, 0.0, 0.0, 0.0, 0.0, 0.0, 0.0, 0.0, 0.0, 0.0, 0.0, 0.0, 0.0, 0.0, 0.0], "coordinates": [["2.01999771720987", "-0.34416709779492", "0.47753430909739"], ["1.13986317705054", "-0.12289659119498", "-0.47989223616089"], ["-0.36359359888132", "-0.05149662046439", "-0.33696355047530"], ["-0.86721054423974", "-0.61536300665317", "0.99473351133917"], ["-0.80125197093139", "1.40876921485611", "-0.49626502611037"], ["-0.96443533018583", "-0.75924778855855", "-1.41861399973712"], ["3.07698259794592", "-0.36834265609383", "0.27063924272619"], ["1.73840412311512", "-0.50230766370230", "1.50428875472179"], ["1.47169026775078", "0.03152418543990", "-1.49898930635347"], ["-0.54443198883843", "0.00877513888030", "1.82246811295605"], ["-0.49660811498402", "-1.62766402902878", "1.14780781310725"], ["-1.95448616974240", "-0.64082102320140", "0.98133033879175"], ["-0.49341517271425", "1.77726755767580", "-1.47090529062060"], ["-0.35155168744512", "2.02294682865142", "0.27862599531899"], ["-1.88387478221018", "1.47268900880548", "-0.42998603716888"], ["-0.72608052289963", "-1.68966545761681", "-1.34581363143196"]], "bond_dist": [[0.0, 1.3191902953848904, 2.5358569229541925, 2.9456771345081028, 3.4612888732809957, 3.5601279476064303, 1.0773147470504656, 1.0763494239465985, 2.0852890931153643, 2.9171415592072325, 2.9034351822103233, 4.017254803797999, 3.822845305059844, 3.3566410944254694, 4.400543123604922, 3.560324317996734], [1.3191902953848904, 0.0, 1.5119222341468368, 2.538777104875172, 2.472690079124712, 2.390442135537887, 2.0918826263404, 2.106935744306696, 1.0828267787851413, 2.8557049615679575, 2.75531682062257, 3.460984688035804, 2.69449973734899, 2.721086582235866, 3.4192653131777946, 2.5857939660693527], [2.5358569229541925, 1.5119222341468368, 0.0, 1.5313367995222453, 1.532742026751177, 1.4254438594360517, 3.508152951451025, 2.830518516345914, 2.1738130514506766, 2.167828479674227, 2.1694567438484236, 2.1485207008919316, 2.1557031173900025, 2.163887963851584, 2.1547737449410427, 1.9577467647650006], [2.9456771345081028, 2.538777104875172, 1.5313367995222453, 0.0, 2.514863499719544, 2.419587092601617, 4.017709684172441, 2.6573776267898466, 3.4795938755988303, 1.0857619404136298, 1.0888210423824165, 1.087656214735661, 3.4559772422376644, 2.7819764230051014, 2.7245904616895964, 2.5791867645837603], [3.4612888732809957, 2.472690079124712, 1.532742026751177, 2.514863499719544, 0.0, 2.3617057744314733, 4.334394090373637, 3.7555669800697182, 2.84051514229835, 2.7207468250784386, 3.466368448995127, 2.7774191839958444, 1.0864981215823655, 1.0862322870117467, 1.0865315439207583, 3.2136709537513983], [3.5601279476064303, 2.390442135537887, 1.4254438594360517, 2.419587092601617, 2.3617057744314733, 0.0, 4.397663266961762, 3.989325738781531, 2.5625160357931587, 3.357212427749299, 2.7494599454146105, 2.5988378925389717, 2.580407810701475, 3.3161509085669363, 2.6085045565876, 0.9632185352647727], [1.0773147470504656, 2.0918826263404, 3.508152951451025, 4.017709684172441, 4.334394090373637, 4.397663266961762, 0.0, 1.8252753422404167, 2.422486771493146, 3.957907816402436, 3.8891985812933543, 5.088713418418402, 4.514904294865812, 4.1800928858306525, 5.337637990744522, 4.338444760664146], [1.0763494239465985, 2.106935744306696, 2.830518516345914, 2.6573776267898466, 3.7555669800697182, 3.989325738781531, 1.8252753422404167, 0.0, 3.0619914820158898, 2.3608863693835946, 2.5276046595874404, 3.7323062803892557, 4.362254023621061, 3.4995820809110962, 4.556636401439679, 3.9505172715444847], [2.0852890931153643, 1.0828267787851413, 2.1738130514506766, 3.4795938755988303, 2.84051514229835, 2.5625160357931587, 2.422486771493146, 3.0619914820158898, 0.0, 3.8855303191353427, 3.6922403830321993, 4.282840015983516, 2.628697020538981, 3.232629198009292, 3.805199185608184, 2.7957383681220014], [2.9171415592072325, 2.8557049615679575, 2.167828479674227, 1.0857619404136298, 2.7207468250784386, 3.357212427749299, 3.957907816402436, 2.3608863693835946, 3.8855303191353427, 0.0, 1.7707023446557801, 1.7657125253002295, 3.7385126088125817, 2.5451009588484115, 3.0017828891660128, 3.5994035424745547], [2.9034351822103233, 2.75531682062257, 2.1694567438484236, 1.0888210423824165, 3.466368448995127, 2.7494599454146105, 3.8891985812933543, 2.5276046595874404, 3.6922403830321993, 1.7707023446557801, 0.0, 1.7683275404039165, 4.295489218314353, 3.755459763298845, 3.7451476872313165, 2.5049250830728176], [4.017254803797999, 3.460984688035804, 2.1485207008919316, 1.087656214735661, 2.7774191839958444, 2.5988378925389717, 5.088713418418402, 3.7323062803892557, 4.282840015983516, 1.7657125253002295, 1.7683275404039165, 0.0, 3.741034673119848, 3.1872953294976796, 2.542385599490682, 2.8327820493197065], [3.822845305059844, 2.69449973734899, 2.1557031173900025, 3.4559772422376644, 1.0864981215823655, 2.580407810701475, 4.514904294865812, 4.362254023621061, 2.628697020538981, 3.7385126088125817, 4.295489218314353, 3.741034673119848, 0.0, 1.7723835005780357, 1.7634224990846663, 3.4769822577777645], [3.3566410944254694, 2.721086582235866, 2.163887963851584, 2.7819764230051014, 1.0862322870117467, 3.3161509085669363, 4.1800928858306525, 3.4995820809110962, 3.232629198009292, 2.5451009588484115, 3.755459763298845, 3.1872953294976796, 1.7723835005780357, 0.0, 1.7756488244128026, 4.069713250057735], [4.400543123604922, 3.4192653131777946, 2.1547737449410427, 2.7245904616895964, 1.0865315439207583, 2.6085045565876, 5.337637990744522, 4.556636401439679, 3.805199185608184, 3.0017828891660128, 3.7451476872313165, 2.542385599490682, 1.7634224990846663, 1.7756488244128026, 0.0, 3.4899446271548737], [3.560324317996734, 2.5857939660693527, 1.9577467647650006, 2.5791867645837603, 3.2136709537513983, 0.9632185352647727, 4.338444760664146, 3.9505172715444847, 2.7957383681220014, 3.5994035424745547, 2.5049250830728176, 2.8327820493197065, 3.4769822577777645, 4.069713250057735, 3.4899446271548737, 0.0]]}