{"total energy": -30.2817765, "HOMO-LUMO gap/eV": 5.16793778, "electronic energy": -30.64743264, "dipole": [-0.37990544, -0.94841649, -0.17335714], "partial charges": [-0.14671257, 0.36134324, -0.41214073, -0.26996062, 0.08159905, -0.07140813, -0.01173445, -0.10964304, -0.11179327, 0.07532614, 0.07591287, 0.07464373, 0.05156712, 0.04669539, 0.05214133, 0.05051838, 0.03124158, 0.04028189, 0.03619759, 0.03946206, 0.03570642, 0.04097661, 0.03977941], "atomic dipole moments": [[-0.08891268, 0.04186029, 0.01488448], [-0.13805029, -0.07113228, -0.00113441], [0.01240311, -0.19110201, -0.03669347], [-0.03975846, 0.23410669, 0.04717986], [0.18220234, -0.15928959, -0.0489655], [0.00166133, 0.12857373, 0.04502512], [0.01467602, -0.03832593, -0.0938451], [0.06787003, 0.08227788, 0.00511565], [0.03953699, -0.07106097, 0.06500834], [0.01145147, -0.09940703, 0.08756769], [-0.0032718, -0.05422058, -0.12137131], [0.09940463, 0.08563576, 0.01107222], [-0.00754079, 0.09695823, -0.08081877], [0.00092351, 0.04634213, 0.11659752], [0.03306925, -0.09812576, 0.06796525], [0.00269952, -0.03573262, -0.11966283], [0.00260699, 0.04344986, 0.11546426], [-0.11416761, 0.03408174, 0.03403354], [0.03789936, -0.08956144, 0.07676896], [-0.00671234, -0.04764296, -0.11418535], [0.06959954, 0.10357038, 0.00972564], [-0.11594674, 0.02989302, 0.03016069], [-0.0007111, -0.03704054, -0.11828456]], "atomic quadrupole moments": [[0.14473515, -0.15179615, -0.01298538, -0.05394967, 0.03798738, -0.13174978], [-0.14529724, 0.12748112, -0.28777449, 0.07792569, -0.15414654, 0.43307173], [-0.11172766, 0.00434687, -0.07168118, 0.0277974, -0.05007433, 0.18340884], [0.07005751, -0.02994739, 0.00751209, -0.01968216, 0.01901049, -0.0775696], [0.43668821, -0.13700156, -0.06674679, -0.08041494, 0.09222341, -0.36994142], [0.21233455, 0.1060142, 0.0174939, -0.04995309, 0.07050016, -0.22982845], [0.11585459, -0.01323681, 0.06198297, -0.01281352, -0.09440541, -0.17783756], [0.02849423, 0.16879134, 0.10523783, 0.01241818, 0.00213957, -0.13373206], [-0.06636264, -0.0778766, 0.06090313, 0.0694117, -0.16174186, 0.00545951], [-0.0324476, -0.00403887, 0.0219373, 0.00730388, -0.07095648, 0.0105103], [-0.03442077, 0.00673606, -0.03234823, 0.00376415, 0.05049894, 0.066769], [0.04043149, 0.05748095, 0.01130102, 0.0059231, 0.0095424, -0.05173252], [0.00089452, -0.01376117, -0.00536399, 0.0092683, -0.03507272, 0.00446947], [-0.00300301, -0.00415032, -0.03453015, -0.00663357, 0.01865046, 0.03753316], [-0.01380735, -0.01145077, 0.01737847, 0.01441436, -0.04747126, -0.00357112], [-0.02610798, 0.00687304, -0.02988283, 0.00093531, 0.01771617, 0.0559908], [-0.01878609, 0.00101837, -0.00742036, 0.0025007, 0.01500981, 0.02620645], [0.06093024, -0.03445173, -0.01778706, -0.03459879, 0.01649462, -0.04314318], [-0.02191064, -0.02337644, 0.01844009, 0.03733579, -0.05663452, 0.00347055], [-0.04416339, 0.01033132, -0.02789223, -0.00411424, 0.03863961, 0.07205562], [0.00756548, 0.05973311, 0.03282352, 0.01966095, 0.0040122, -0.040389], [0.06772658, -0.02748742, -0.03597599, -0.03840594, -0.00410628, -0.0317506], [-0.05128414, -0.00972892, -0.01790829, -0.00258111, 0.04132119, 0.06919242]], "number of molecular orbitals": 50, "number of electrons": 54, "number of unpaired electrons": 0, "orbital energies/eV": [-20.15409456, -19.39606052, -18.35856828, -17.35674282, -16.99629204, -16.50377921, -16.22628148, -16.13990028, -15.94666102, -15.31608266, -15.12431184, -14.95007452, -14.36636779, -13.97463326, -13.6894857, -13.58624487, -13.18595067, -13.15239673, -13.05634116, -12.75502355, -12.7498683, -12.47317533, -12.06158497, -12.03340071, -11.81793495, -11.720588, -11.29144197, -6.12350419, -0.11384114, 2.18682475, 2.35189645, 2.90742592, 3.36912765, 3.43714618, 3.64707735, 4.33866442, 4.47347066, 4.69844372, 4.73435541, 5.40700962, 5.72317998, 5.77925157, 5.88019233, 6.2096009, 6.72483126, 7.07926362, 7.6938752, 7.87241993, 8.21301456, 17.8865649], "fractional occupation": [2.0, 2.0, 2.0, 2.0, 2.0, 2.0, 2.0, 2.0, 2.0, 2.0, 2.0, 2.0, 2.0, 2.0, 2.0, 2.0, 2.0, 2.0, 2.0, 2.0, 2.0, 2.0, 2.0, 2.0, 2.0, 2.0, 2.0, 0.0, 0.0, 0.0, 0.0, 0.0, 0.0, 0.0, 0.0, 0.0, 0.0, 0.0, 0.0, 0.0, 0.0, 0.0, 0.0, 0.0, 0.0, 0.0, 0.0, 0.0, 0.0, 0.0], "program call": "xtb /tmp/scratch/tmp_rg9irrm/6574_0_xyzopt.xyz --pop --wbo --acc 0.2 --gfn 2 --chrg 0 --uhf 0 --etemp 300 --input /tmp/scratch/tmp_rg9irrm/6574_0_xtb.inp", "method": "GFN2-xTB", "xtb version": "6.3.3 (7355c4f)", "Dipole module/D": 2.634, "Total charge": 0, "Transition dipole module/D": NaN, "HOMO": -11.2914, "LUMO": -6.1235, "HOMO occupancy": 2.0, "LUMO occupancy": 0, "mulliken charges": [-0.12402, 0.58658, -0.53175, -0.42178, 0.20022, -0.06739, -0.00286, -0.09186, -0.09709, 0.06069, 0.06127, 0.05846, 0.04012, 0.03744, 0.0406, 0.03656, 0.02126, 0.03296, 0.03177, 0.03084, 0.03194, 0.03457, 0.03147], "cm5 charges": [-0.26461, 0.63736, -0.58238, -0.50818, 0.11917, -0.17384, -0.07813, -0.24308, -0.24828, 0.11625, 0.11669, 0.11411, 0.10714, 0.10305, 0.09984, 0.09508, 0.07983, 0.08538, 0.08416, 0.08383, 0.08499, 0.08708, 0.08453], "FUKUI+": [0.05, -0.192, -0.284, -0.123, 0.028, 0.005, 0.0, 0.01, 0.01, -0.11, -0.111, -0.084, -0.037, -0.041, -0.019, -0.022, -0.009, -0.021, -0.01, -0.012, 0.005, -0.023, -0.01], "FUKUI-": [-0.004, -0.019, -0.152, -0.057, 0.016, 0.001, -0.011, 0.02, 0.016, -0.055, -0.056, -0.048, -0.038, -0.04, -0.054, -0.062, -0.094, -0.067, -0.054, -0.073, -0.042, -0.063, -0.063], "FUKUIrad": [0.023, -0.105, -0.218, -0.09, 0.022, 0.003, -0.005, 0.015, 0.013, -0.083, -0.083, -0.066, -0.037, -0.041, -0.037, -0.042, -0.052, -0.044, -0.032, -0.042, -0.018, -0.043, -0.037], "s proportion": [1.017, 0.975, 1.72, 1.687, 0.999, 1.037, 1.051, 1.01, 1.01, 0.939, 0.939, 0.942, 0.96, 0.963, 0.959, 0.963, 0.979, 0.967, 0.968, 0.969, 0.968, 0.965, 0.969], "p proportion": [3.107, 2.439, 4.811, 4.735, 2.801, 3.03, 2.952, 3.082, 3.087, 0.0, 0.0, 0.0, 0.0, 0.0, 0.0, 0.0, 0.0, 0.0, 0.0, 0.0, 0.0, 0.0, 0.0], "d proportion": [0.0, 0.0, 0.0, 0.0, 0.0, 0.0, 0.0, 0.0, 0.0, 0.0, 0.0, 0.0, 0.0, 0.0, 0.0, 0.0, 0.0, 0.0, 0.0, 0.0, 0.0, 0.0, 0.0], "Fermi-level/eV": -8.7075, "Coordination numbers": [3.753, 2.716, 0.856, 1.704, 3.703, 3.805, 3.85, 3.757, 3.756, 0.925, 0.925, 0.925, 0.924, 0.924, 0.924, 0.924, 0.924, 0.925, 0.925, 0.925, 0.925, 0.925, 0.925], "Dispersion coefficient C6": [23.392, 20.869, 21.925, 18.476, 19.367, 21.862, 20.751, 22.649, 22.693, 2.028, 2.022, 2.035, 2.301, 2.362, 2.293, 2.313, 2.569, 2.445, 2.5, 2.456, 2.507, 2.436, 2.452], "Total dispersion C6": 3940.654087, "Total dispersion C8": 83620.514262, "Polarizability alpha": [6.897, 7.478, 6.278, 5.803, 6.292, 6.656, 6.479, 6.785, 6.792, 2.227, 2.224, 2.231, 2.372, 2.403, 2.368, 2.379, 2.507, 2.445, 2.473, 2.451, 2.476, 2.441, 2.449], "Total polarizability alpha": 92.905578, "Wiberg matrix": [[0.0, 0.9847178044941933, 0.0, 0.0, 0.0, 0.0, 0.0, 0.0, 0.0, 0.9659735932060705, 0.9643687084819415, 0.9834508934080088, 0.0, 0.0, 0.0, 0.0, 0.0, 0.0, 0.0, 0.0, 0.0, 0.0, 0.0], [0.9847178044941933, 0.0, 1.7549637416734452, 1.1347349230806074, 0.0, 0.0, 0.0, 0.0, 0.0, 0.0, 0.0, 0.0, 0.0, 0.0, 0.0, 0.0, 0.0, 0.0, 0.0, 0.0, 0.0, 0.0, 0.0], [0.0, 1.7549637416734452, 0.0, 0.17311193824511645, 0.0, 0.0, 0.0, 0.0, 0.0, 0.0, 0.0, 0.0, 0.0, 0.0, 0.0, 0.0, 0.0, 0.0, 0.0, 0.0, 0.0, 0.0, 0.0], [0.0, 1.1347349230806074, 0.17311193824511645, 0.0, 0.9357913773927307, 0.0, 0.0, 0.0, 0.0, 0.0, 0.0, 0.0, 0.0, 0.0, 0.0, 0.0, 0.0, 0.0, 0.0, 0.0, 0.0, 0.0, 0.0], [0.0, 0.0, 0.0, 0.9357913773927307, 0.0, 1.0054944226550937, 0.0, 0.0, 0.0, 0.0, 0.0, 0.0, 0.9674557106811361, 0.9681992121387721, 0.0, 0.0, 0.0, 0.0, 0.0, 0.0, 0.0, 0.0, 0.0], [0.0, 0.0, 0.0, 0.0, 1.0054944226550937, 0.0, 0.9946606657838256, 0.0, 0.0, 0.0, 0.0, 0.0, 0.0, 0.0, 0.9733509633355438, 0.9749362318895913, 0.0, 0.0, 0.0, 0.0, 0.0, 0.0, 0.0], [0.0, 0.0, 0.0, 0.0, 0.0, 0.9946606657838256, 0.0, 1.0084926314142961, 1.0097658605400883, 0.0, 0.0, 0.0, 0.0, 0.0, 0.0, 0.0, 0.9686486167501248, 0.0, 0.0, 0.0, 0.0, 0.0, 0.0], [0.0, 0.0, 0.0, 0.0, 0.0, 0.0, 1.0084926314142961, 0.0, 0.0, 0.0, 0.0, 0.0, 0.0, 0.0, 0.0, 0.0, 0.0, 0.9860512885284615, 0.9865468792069569, 0.9867549303674458, 0.0, 0.0, 0.0], [0.0, 0.0, 0.0, 0.0, 0.0, 0.0, 1.0097658605400883, 0.0, 0.0, 0.0, 0.0, 0.0, 0.0, 0.0, 0.0, 0.0, 0.0, 0.0, 0.0, 0.0, 0.9851976869851578, 0.9857730944179619, 0.9863977071353346], [0.9659735932060705, 0.0, 0.0, 0.0, 0.0, 0.0, 0.0, 0.0, 0.0, 0.0, 0.0, 0.0, 0.0, 0.0, 0.0, 0.0, 0.0, 0.0, 0.0, 0.0, 0.0, 0.0, 0.0], [0.9643687084819415, 0.0, 0.0, 0.0, 0.0, 0.0, 0.0, 0.0, 0.0, 0.0, 0.0, 0.0, 0.0, 0.0, 0.0, 0.0, 0.0, 0.0, 0.0, 0.0, 0.0, 0.0, 0.0], [0.9834508934080088, 0.0, 0.0, 0.0, 0.0, 0.0, 0.0, 0.0, 0.0, 0.0, 0.0, 0.0, 0.0, 0.0, 0.0, 0.0, 0.0, 0.0, 0.0, 0.0, 0.0, 0.0, 0.0], [0.0, 0.0, 0.0, 0.0, 0.9674557106811361, 0.0, 0.0, 0.0, 0.0, 0.0, 0.0, 0.0, 0.0, 0.0, 0.0, 0.0, 0.0, 0.0, 0.0, 0.0, 0.0, 0.0, 0.0], [0.0, 0.0, 0.0, 0.0, 0.9681992121387721, 0.0, 0.0, 0.0, 0.0, 0.0, 0.0, 0.0, 0.0, 0.0, 0.0, 0.0, 0.0, 0.0, 0.0, 0.0, 0.0, 0.0, 0.0], [0.0, 0.0, 0.0, 0.0, 0.0, 0.9733509633355438, 0.0, 0.0, 0.0, 0.0, 0.0, 0.0, 0.0, 0.0, 0.0, 0.0, 0.0, 0.0, 0.0, 0.0, 0.0, 0.0, 0.0], [0.0, 0.0, 0.0, 0.0, 0.0, 0.9749362318895913, 0.0, 0.0, 0.0, 0.0, 0.0, 0.0, 0.0, 0.0, 0.0, 0.0, 0.0, 0.0, 0.0, 0.0, 0.0, 0.0, 0.0], [0.0, 0.0, 0.0, 0.0, 0.0, 0.0, 0.9686486167501248, 0.0, 0.0, 0.0, 0.0, 0.0, 0.0, 0.0, 0.0, 0.0, 0.0, 0.0, 0.0, 0.0, 0.0, 0.0, 0.0], [0.0, 0.0, 0.0, 0.0, 0.0, 0.0, 0.0, 0.9860512885284615, 0.0, 0.0, 0.0, 0.0, 0.0, 0.0, 0.0, 0.0, 0.0, 0.0, 0.0, 0.0, 0.0, 0.0, 0.0], [0.0, 0.0, 0.0, 0.0, 0.0, 0.0, 0.0, 0.9865468792069569, 0.0, 0.0, 0.0, 0.0, 0.0, 0.0, 0.0, 0.0, 0.0, 0.0, 0.0, 0.0, 0.0, 0.0, 0.0], [0.0, 0.0, 0.0, 0.0, 0.0, 0.0, 0.0, 0.9867549303674458, 0.0, 0.0, 0.0, 0.0, 0.0, 0.0, 0.0, 0.0, 0.0, 0.0, 0.0, 0.0, 0.0, 0.0, 0.0], [0.0, 0.0, 0.0, 0.0, 0.0, 0.0, 0.0, 0.0, 0.9851976869851578, 0.0, 0.0, 0.0, 0.0, 0.0, 0.0, 0.0, 0.0, 0.0, 0.0, 0.0, 0.0, 0.0, 0.0], [0.0, 0.0, 0.0, 0.0, 0.0, 0.0, 0.0, 0.0, 0.9857730944179619, 0.0, 0.0, 0.0, 0.0, 0.0, 0.0, 0.0, 0.0, 0.0, 0.0, 0.0, 0.0, 0.0, 0.0], [0.0, 0.0, 0.0, 0.0, 0.0, 0.0, 0.0, 0.0, 0.9863977071353346, 0.0, 0.0, 0.0, 0.0, 0.0, 0.0, 0.0, 0.0, 0.0, 0.0, 0.0, 0.0, 0.0, 0.0]], "Born radii": [], "Atomic SASAs": [], "Solvent H bonds": [], "Total SASA": NaN, "Total FOD": 0.0, "FOD": [0.0, 0.0, 0.0, 0.0, 0.0, 0.0, 0.0, 0.0, 0.0, 0.0, 0.0, 0.0, 0.0, 0.0, 0.0, 0.0, 0.0, 0.0, 0.0, 0.0, 0.0, 0.0, 0.0], "FOD s proportion": [0.0, 0.0, 0.0, 0.0, 0.0, 0.0, 0.0, 0.0, 0.0, 0.0, 0.0, 0.0, 0.0, 0.0, 0.0, 0.0, 0.0, 0.0, 0.0, 0.0, 0.0, 0.0, 0.0], "FOD p proportion": [0.0, 0.0, 0.0, 0.0, 0.0, 0.0, 0.0, 0.0, 0.0, 0.0, 0.0, 0.0, 0.0, 0.0, 0.0, 0.0, 0.0, 0.0, 0.0, 0.0, 0.0, 0.0, 0.0], "FOD d proportion": [0.0, 0.0, 0.0, 0.0, 0.0, 0.0, 0.0, 0.0, 0.0, 0.0, 0.0, 0.0, 0.0, 0.0, 0.0, 0.0, 0.0, 0.0, 0.0, 0.0, 0.0, 0.0, 0.0], "coordinates": [["4.20099534204740", "-0.03640374852618", "-0.03913606822004"], ["2.91736197112239", "0.71140138643425", "0.21293944048538"], ["2.83068887551482", "1.88887955099977", "0.44081566986320"], ["1.86607348646869", "-0.11054630307866", "0.14937487496496"], ["0.58178237999817", "0.47773716482176", "0.36830776846028"], ["-0.47446629437463", "-0.59835672894077", "0.16224483455997"], ["-1.88328449177820", "-0.14462475974455", "0.55781232184873"], ["-2.83532009013792", "-1.33891834479701", "0.52131292138364"], ["-2.39786130060941", "0.96207491911024", "-0.35965937035987"], ["4.29779261094973", "-0.84363595989049", "0.68223000324647"], ["4.17420111496370", "-0.47218719064208", "-1.03473543590711"], ["5.04209360813615", "0.64426670410656", "0.04585011537923"], ["0.45891493233544", "1.31449349292663", "-0.32645841351042"], ["0.54533760452450", "0.87555319579698", "1.38931607858493"], ["-0.19065969581685", "-1.46238292617250", "0.76648824116156"], ["-0.46745408213742", "-0.90894239119364", "-0.88409379487398"], ["-1.84775560649391", "0.24034364173921", "1.58311006758790"], ["-3.83618533957614", "-1.03733835315949", "0.82063756667103"], ["-2.49829611156508", "-2.12274031748010", "1.19554853551359"], ["-2.88781631320083", "-1.75010263292109", "-0.48437522629499"], ["-1.78471578034461", "1.85543193218303", "-0.28036930116941"], ["-3.41768617585749", "1.22794035006009", "-0.09104816942832"], ["-2.39373864416848", "0.62805831836806", "-1.39495565994675"]], "bond_dist": [[0.0, 1.5068076230609488, 2.411391562261023, 2.343692293317361, 3.6781862138141124, 4.7134156334717074, 6.114451754979484, 7.177770002212083, 6.681661756425233, 1.0869050388116204, 1.0871261380200037, 1.085348427790601, 3.988814771309644, 4.029388849183213, 4.687118636704846, 4.823867459720648, 6.268625023132417, 8.144774649741322, 7.12444751051592, 7.306589659878458, 6.282194947326221, 7.7230543787511525, 6.765373083031131], [1.5068076230609488, 0.0, 1.2024535872316393, 1.3359812634355632, 2.3523754615867483, 3.6362804136212024, 4.888550350461938, 6.114920776424149, 5.351850618853721, 2.131657461257655, 2.130074916630479, 2.132348573161255, 2.5881715507919902, 2.6527923791577774, 3.832956195240041, 3.909728327081789, 4.980522911775381, 7.002698691736442, 6.190899151179642, 6.343921870151571, 4.864328790803541, 6.363336859893393, 5.549780398063639], [2.411391562261023, 1.2024535872316393, 0.0, 2.2390007440089863, 2.6559669906478516, 4.1458408941469225, 5.1352091394547354, 6.521412167810719, 5.370052519292593, 3.1108383545510385, 3.0914256196415577, 2.5681452099405253, 2.558112683262857, 2.673820068611748, 4.523888814293166, 4.52337702154929, 5.090221007621645, 7.290694596248126, 6.712733918471539, 6.841013895804863, 4.671529368737472, 6.305704604046769, 5.679293042662205], [2.343692293317361, 1.3359812634355632, 2.2390007440089863, 0.0, 1.4294798692596027, 2.390868275993022, 3.7716929538695574, 4.87343178319005, 4.426146407164837, 2.595113279421002, 2.619227846005995, 3.266123675689557, 2.0584583879909917, 2.062568709151825, 2.537408627988535, 2.6741063401631417, 3.9964042447774517, 5.8159515837544316, 4.918447526187522, 5.068456606993423, 4.168694369838507, 5.455956921579493, 4.590914176523748], [3.6781862138141124, 2.3523754615867483, 2.6559669906478516, 1.4294798692596027, 0.0, 1.521874259929152, 2.5494707339434544, 3.873013956708587, 3.105285120373955, 3.956425930147264, 3.9719464852583606, 4.475051650801215, 1.0945124987540538, 1.0963775743345887, 2.1258599240800433, 2.1429622069434577, 2.7266747401505897, 4.692386902498148, 4.115056978563543, 4.210517016448209, 2.8140963657244837, 4.095065497167709, 3.4619964951482767], [4.7134156334717074, 3.6362804136212024, 4.1458408941469225, 2.390868275993022, 1.521874259929152, 0.0, 1.5320297158365, 2.500198400692383, 2.531161645837952, 4.806766224421246, 4.801956809773104, 5.655978596582667, 2.183810282590387, 2.1721220721596817, 1.091877991952011, 1.0914839220818742, 2.146671809333531, 3.453598238789353, 2.736302065262829, 2.7511623804864622, 2.8166895075765437, 3.4730478887272005, 2.759089270219559], [6.114451754979484, 4.888550350461938, 5.1352091394547354, 3.7716929538695574, 2.5494707339434544, 1.5320297158365, 0.0, 1.527756902807485, 1.5268686182407178, 6.22172086863766, 6.271892647578874, 6.9889424714590085, 2.8977334161390824, 2.762311866008078, 2.1552287406193824, 2.1605208723939446, 1.0957638610797171, 2.163292950691984, 2.1674611716125156, 2.161665623313641, 2.170827260507684, 2.1585512377283704, 2.1612277463561425], [7.177770002212083, 6.114920776424149, 6.521412167810719, 4.87343178319005, 3.873013956708587, 2.500198400692383, 1.527756902807485, 0.0, 2.502409313422187, 7.152097297608017, 7.2322815838834185, 8.137120767927941, 4.3140810145533965, 4.133540871153007, 2.658868752227704, 2.786904517672498, 2.1440068122934917, 1.0873256100016861, 1.0874537738934318, 1.0877669891191089, 3.456926017975556, 2.702387818707789, 2.7813803484339283], [6.681661756425233, 5.351850618853721, 5.370052519292593, 4.426146407164837, 3.105285120373955, 2.531161645837952, 1.5268686182407178, 2.502409313422187, 0.0, 7.012696096990986, 6.760535473461742, 7.457772391855048, 2.8786232125488507, 3.424736621230632, 3.4666905271003494, 2.7390161135343796, 2.14426337012453, 2.7312140769193545, 3.456131338019857, 2.7588977931100938, 1.0864258358946353, 1.0876024920966305, 1.08785223863347], [1.0869050388116204, 2.131657461257655, 3.1108383545510385, 2.595113279421002, 3.956425930147264, 4.806766224421246, 6.22172086863766, 7.152097297608017, 7.012696096990986, 0.0, 1.7610279285985413, 1.7812404873076901, 4.51795937217006, 4.187660521844712, 4.531683061408639, 5.016493916721722, 6.3051058325774205, 8.137461187029546, 6.93443766988114, 7.335913385648772, 6.723724655059143, 8.02608250954075, 7.159411628497017], [1.0871261380200037, 2.130074916630479, 3.0914256196415577, 2.619227846005995, 3.9719464852583606, 4.801956809773104, 6.271892647578874, 7.2322815838834185, 6.760535473461742, 1.7610279285985413, 0.0, 1.7797111598383883, 4.182969713531421, 4.56739315929198, 4.824614412259621, 4.664591190875983, 6.604905602835781, 8.24185027565206, 7.2263899324438, 7.1977812132378, 6.44170548933829, 7.836946595970942, 6.669192714976337], [1.085348427790601, 2.132348573161255, 2.5681452099405253, 3.266123675689557, 4.475051650801215, 5.655978596582667, 6.9889424714590085, 8.137120767927941, 7.457772391855048, 1.7812404873076901, 1.7797111598383883, 0.0, 4.646863927795862, 4.698851858863833, 5.686738882093762, 5.799342197296097, 7.070809303136047, 9.069284880115589, 8.113914680334352, 8.300458709949135, 6.94108541541479, 8.48099581765204, 7.574152446207741], [3.988814771309644, 2.5881715507919902, 2.558112683262857, 2.0584583879909917, 1.0945124987540538, 2.183810282590387, 2.8977334161390824, 4.3140810145533965, 2.8786232125488507, 4.51795937217006, 4.182969713531421, 4.646863927795862, 0.0, 1.7731383393400582, 3.054099250916163, 2.4724044774910086, 3.181348560204208, 5.029396441501526, 4.782904826404948, 4.540627397636768, 2.3083798162829967, 3.8847066274818647, 3.122580990471485], [4.029388849183213, 2.6527923791577774, 2.673820068611748, 2.062568709151825, 1.0963775743345887, 2.1721220721596817, 2.762311866008078, 4.133540871153007, 3.424736621230632, 4.187660521844712, 4.56739315929198, 4.698851858863833, 1.7731383393400582, 0.0, 2.5289428328036436, 3.062444114314733, 2.4835342567321996, 4.814591637684553, 4.276799743993701, 4.7107678206059544, 3.029382838422195, 4.245139867796896, 4.056056215583184], [4.687118636704846, 3.832956195240041, 4.523888814293166, 2.537408627988535, 2.1258599240800433, 1.091877991952011, 2.1552287406193824, 2.658868752227704, 3.4666905271003494, 4.531683061408639, 4.824614412259621, 5.686738882093762, 3.054099250916163, 2.5289428328036436, 0.0, 1.7627627792018687, 2.512392451360041, 3.670620146216103, 2.438308931971371, 2.986987757351394, 3.826855229673568, 4.287995793958958, 3.72764552863932], [4.823867459720648, 3.909728327081789, 4.52337702154929, 2.6741063401631417, 2.1429622069434577, 1.0914839220818742, 2.1605208723939446, 2.786904517672498, 2.7390161135343796, 5.016493916721722, 4.664591190875983, 5.799342197296097, 2.4724044774910086, 3.062444114314733, 1.7627627792018687, 0.0, 3.051751232093173, 3.7776904085603547, 3.1500058693099304, 2.5933528136156228, 3.121125925945115, 3.728144125529814, 2.516728678323905], [6.268625023132417, 4.980522911775381, 5.090221007621645, 3.9964042447774517, 2.7266747401505897, 2.146671809333531, 1.0957638610797171, 2.1440068122934917, 2.14426337012453, 6.3051058325774205, 6.604905602835781, 7.070809303136047, 3.181348560204208, 2.4835342567321996, 2.512392451360041, 3.051751232093173, 0.0, 2.48348311815245, 2.481445685120198, 3.0525559923393355, 2.4667872959365216, 2.498566599768305, 3.052424548685561], [8.144774649741322, 7.002698691736442, 7.290694596248126, 5.8159515837544316, 4.692386902498148, 3.453598238789353, 2.163292950691984, 1.0873256100016861, 2.7312140769193545, 8.137461187029546, 8.24185027565206, 9.069284880115589, 5.029396441501526, 4.814591637684553, 3.670620146216103, 3.7776904085603547, 2.48348311815245, 0.0, 1.7631231508710714, 1.763659581239276, 3.7133358855947933, 2.477458382031957, 3.124588275031145], [7.12444751051592, 6.190899151179642, 6.712733918471539, 4.918447526187522, 4.115056978563543, 2.736302065262829, 2.1674611716125156, 1.0874537738934318, 3.456131338019857, 6.93443766988114, 7.2263899324438, 8.113914680334352, 4.782904826404948, 4.276799743993701, 2.438308931971371, 3.1500058693099304, 2.481445685120198, 1.7631231508710714, 0.0, 1.7642926845976963, 4.302718303321001, 3.705087057993989, 3.7800181726640036], [7.306589659878458, 6.343921870151571, 6.841013895804863, 5.068456606993423, 4.210517016448209, 2.7511623804864622, 2.161665623313641, 1.0877669891191089, 2.7588977931100938, 7.335913385648772, 7.1977812132378, 8.300458709949135, 4.540627397636768, 4.7107678206059544, 2.986987757351394, 2.5933528136156228, 3.0525559923393355, 1.763659581239276, 1.7642926845976963, 0.0, 3.7760202201834905, 3.0502800287020584, 2.594015994442282], [6.282194947326221, 4.864328790803541, 4.671529368737472, 4.168694369838507, 2.8140963657244837, 2.8166895075765437, 2.170827260507684, 3.456926017975556, 1.0864258358946353, 6.723724655059143, 6.44170548933829, 6.94108541541479, 2.3083798162829967, 3.029382838422195, 3.826855229673568, 3.121125925945115, 2.4667872959365216, 3.7133358855947933, 4.302718303321001, 3.7760202201834905, 0.0, 1.7595966836694055, 1.766255244216412], [7.7230543787511525, 6.363336859893393, 6.305704604046769, 5.455956921579493, 4.095065497167709, 3.4730478887272005, 2.1585512377283704, 2.702387818707789, 1.0876024920966305, 8.02608250954075, 7.836946595970942, 8.48099581765204, 3.8847066274818647, 4.245139867796896, 4.287995793958958, 3.728144125529814, 2.498566599768305, 2.477458382031957, 3.705087057993989, 3.0502800287020584, 1.7595966836694055, 0.0, 1.7630943660022977], [6.765373083031131, 5.549780398063639, 5.679293042662205, 4.590914176523748, 3.4619964951482767, 2.759089270219559, 2.1612277463561425, 2.7813803484339283, 1.08785223863347, 7.159411628497017, 6.669192714976337, 7.574152446207741, 3.122580990471485, 4.056056215583184, 3.72764552863932, 2.516728678323905, 3.052424548685561, 3.124588275031145, 3.7800181726640036, 2.594015994442282, 1.766255244216412, 1.7630943660022977, 0.0]]}