{"total energy": -26.19062407, "HOMO-LUMO gap/eV": 3.97476352, "electronic energy": -26.5497945, "dipole": [0.08726943, -1.19099801, -0.31928083], "partial charges": [-0.10463265, -0.0502808, -0.08781393, 0.23379869, -0.35432424, -0.08781393, -0.0502808, -0.10463265, 0.03370345, 0.03370344, 0.03800326, 0.04475705, 0.04475716, 0.05403285, 0.05403293, 0.05403284, 0.05403294, 0.04475707, 0.04475715, 0.03370344, 0.03370344, 0.03800326], "atomic dipole moments": [[-0.08617837, 0.04603589, 0.02138817], [-0.00259224, -0.12467554, -0.03214121], [-0.00750177, 0.08656345, 0.02333226], [-0.00215163, 0.02936434, 0.00787215], [0.01204389, -0.16436737, -0.04406339], [-0.00520013, 0.08678405, 0.02313845], [0.02069958, -0.12244221, -0.03410571], [0.07827651, 0.06180365, 0.00752117], [0.02099636, -0.09399029, 0.07696661], [5.63e-06, -0.04402537, -0.11515489], [0.0946743, 0.08013358, 0.01049642], [-0.01919217, 0.09728507, -0.07664986], [0.00186791, 0.0471547, 0.11610715], [-0.0046864, -0.04850797, -0.11935829], [0.01702303, -0.1001836, 0.07934005], [0.01559173, -0.10032115, 0.07946033], [-0.00611777, -0.04864472, -0.1192378], [0.00856159, 0.04779598, 0.11554292], [-0.01249878, 0.09792716, -0.07721385], [0.01018344, -0.09502741, 0.07787791], [-0.01080751, -0.04506157, -0.11424331], [-0.10501484, 0.06098743, 0.02733508]], "atomic quadrupole moments": [[0.15124621, -0.13744412, -0.0421819, -0.06601895, 0.03677403, -0.10906431], [0.2355109, 0.04022066, -0.00083639, -0.04318334, 0.06182882, -0.23467451], [0.19226798, 0.03224964, 0.03071504, -0.03938994, 0.06818723, -0.22298303], [-0.27377989, -0.02040099, -0.27134065, 0.09174288, -0.22814871, 0.54512053], [-0.12388547, -0.00976731, -0.11145785, 0.03993566, -0.09680902, 0.23534332], [0.19524501, 0.01207787, 0.02681909, -0.04496158, 0.06937887, -0.2220641], [0.23884068, 0.01765827, -0.00519411, -0.04941561, 0.06316176, -0.23364657], [0.10589426, 0.16984871, 0.01716075, 0.01885421, 0.0186337, -0.12305501], [-0.03738514, -0.01612746, 0.02444674, -0.0017852, -0.06500018, 0.0129384], [-0.0347206, -0.00686248, -0.03475785, 0.0134973, 0.04147216, 0.06947845], [0.0286421, 0.05729394, 0.02344996, 0.00574519, 0.01418235, -0.05209206], [-0.01410364, -0.00453614, 0.00634351, 0.00569221, -0.04775707, 0.00776013], [-0.01485389, 0.00478189, -0.03376588, 0.00449089, 0.02404242, 0.04861977], [-0.01906982, 0.02396468, -0.03575287, -0.00060244, 0.03384807, 0.0548227], [-0.01410437, 0.00717878, 0.01602474, 0.01902174, -0.05831832, -0.00192038], [-0.01253256, -0.02233263, 0.01035163, -0.00536664, -0.05815545, 0.00218093], [-0.01080189, -0.01319554, -0.04295486, 0.00537141, 0.03762075, 0.05375675], [-0.01498087, 0.00293235, -0.0341196, 0.00164715, 0.02392435, 0.04910048], [-0.0132685, -0.0074848, 0.00577082, 0.00721079, -0.04735606, 0.00749768], [-0.03504503, -0.00688178, 0.02619878, 0.02237725, -0.06344414, 0.00884625], [-0.04129202, 0.01256231, -0.03097294, -0.00274626, 0.03822315, 0.07226496], [0.04442751, -0.04966399, 0.00279457, -0.02379636, 0.02049685, -0.04722207]], "number of molecular orbitals": 46, "number of electrons": 48, "number of unpaired electrons": 0, "orbital energies/eV": [-19.23771515, -17.47245608, -17.24249581, -16.72322268, -16.35913124, -15.5902364, -15.33801527, -15.21854669, -14.92715062, -14.70815157, -14.02971431, -14.0132931, -13.65692116, -13.28493447, -13.0604158, -12.77067729, -12.76595542, -12.62802144, -12.4233723, -12.04188964, -11.9966419, -11.75988241, -11.65311883, -10.61781126, -6.64304774, 1.01250198, 3.13860288, 3.26741957, 3.46389513, 3.62413462, 3.72932137, 3.88383439, 4.2429529, 4.39045506, 4.5567891, 4.95991627, 5.37230248, 5.87200367, 5.92330931, 6.00162583, 7.03157271, 7.07941426, 7.47098549, 8.05082779, 8.16062797, 17.39601099], "fractional occupation": [2.0, 2.0, 2.0, 2.0, 2.0, 2.0, 2.0, 2.0, 2.0, 2.0, 2.0, 2.0, 2.0, 2.0, 2.0, 2.0, 2.0, 2.0, 2.0, 2.0, 2.0, 2.0, 2.0, 2.0, 0.0, 0.0, 0.0, 0.0, 0.0, 0.0, 0.0, 0.0, 0.0, 0.0, 0.0, 0.0, 0.0, 0.0, 0.0, 0.0, 0.0, 0.0, 0.0, 0.0, 0.0, 0.0], "program call": "xtb /tmp/scratch/tmpezyqc3td/6667_0_xyzopt.xyz --pop --wbo --acc 0.2 --gfn 2 --chrg 0 --uhf 0 --etemp 300 --input /tmp/scratch/tmpezyqc3td/6667_0_xtb.inp", "method": "GFN2-xTB", "xtb version": "6.3.3 (7355c4f)", "Dipole module/D": 3.142, "Total charge": 0, "Transition dipole module/D": NaN, "HOMO": -10.6178, "LUMO": -6.643, "HOMO occupancy": 2.0, "LUMO occupancy": 0, "mulliken charges": [-0.08927, -0.0284, -0.0914, 0.39979, -0.48633, -0.0914, -0.0284, -0.08927, 0.02731, 0.02731, 0.03448, 0.03761, 0.03761, 0.044, 0.044, 0.044, 0.044, 0.03761, 0.03761, 0.02731, 0.02731, 0.03448], "cm5 charges": [-0.24175, -0.13987, -0.19452, 0.41904, -0.54123, -0.19452, -0.13987, -0.24175, 0.07945, 0.07945, 0.08616, 0.09523, 0.09523, 0.10085, 0.10085, 0.10085, 0.10085, 0.09523, 0.09523, 0.07945, 0.07945, 0.08616], "FUKUI+": [0.017, 0.013, 0.031, -0.191, -0.293, 0.031, 0.013, 0.017, -0.023, -0.023, -0.039, -0.022, -0.022, -0.095, -0.095, -0.095, -0.095, -0.022, -0.022, -0.023, -0.023, -0.039], "FUKUI-": [0.012, 0.004, -0.013, -0.028, -0.154, -0.013, 0.004, 0.012, -0.055, -0.055, -0.08, -0.051, -0.051, -0.06, -0.06, -0.06, -0.06, -0.051, -0.051, -0.055, -0.055, -0.08], "FUKUIrad": [0.015, 0.009, 0.009, -0.109, -0.224, 0.009, 0.009, 0.015, -0.039, -0.039, -0.059, -0.036, -0.036, -0.078, -0.078, -0.078, -0.078, -0.036, -0.036, -0.039, -0.039, -0.059], "s proportion": [1.006, 1.022, 1.042, 1.07, 1.729, 1.042, 1.022, 1.006, 0.973, 0.973, 0.966, 0.962, 0.962, 0.956, 0.956, 0.956, 0.956, 0.962, 0.962, 0.973, 0.973, 0.966], "p proportion": [3.083, 3.006, 3.049, 2.531, 4.758, 3.049, 3.006, 3.083, 0.0, 0.0, 0.0, 0.0, 0.0, 0.0, 0.0, 0.0, 0.0, 0.0, 0.0, 0.0, 0.0, 0.0], "d proportion": [0.0, 0.0, 0.0, 0.0, 0.0, 0.0, 0.0, 0.0, 0.0, 0.0, 0.0, 0.0, 0.0, 0.0, 0.0, 0.0, 0.0, 0.0, 0.0, 0.0, 0.0, 0.0], "Fermi-level/eV": -8.6304, "Coordination numbers": [3.752, 3.802, 3.804, 2.812, 0.857, 3.804, 3.802, 3.752, 0.925, 0.925, 0.925, 0.924, 0.924, 0.924, 0.924, 0.924, 0.924, 0.924, 0.924, 0.925, 0.925, 0.925], "Dispersion coefficient C6": [22.559, 21.475, 22.172, 23.107, 20.79, 22.172, 21.475, 22.559, 2.534, 2.534, 2.476, 2.387, 2.386, 2.27, 2.27, 2.27, 2.27, 2.387, 2.386, 2.534, 2.534, 2.476], "Total dispersion C6": 3498.471362, "Total dispersion C8": 74476.393028, "Polarizability alpha": [6.773, 6.598, 6.703, 7.876, 6.113, 6.703, 6.598, 6.773, 2.49, 2.49, 2.46, 2.416, 2.416, 2.356, 2.356, 2.356, 2.356, 2.416, 2.416, 2.49, 2.49, 2.46], "Total polarizability alpha": 88.105455, "Wiberg matrix": [[0.0, 1.0196608211500982, 0.0, 0.0, 0.0, 0.0, 0.0, 0.0, 0.9877583742479439, 0.9877583722535622, 0.9870351966092861, 0.0, 0.0, 0.0, 0.0, 0.0, 0.0, 0.0, 0.0, 0.0, 0.0, 0.0], [1.0196608211500982, 0.0, 1.0078243136354579, 0.0, 0.0, 0.0, 0.0, 0.0, 0.0, 0.0, 0.0, 0.9772746506725407, 0.9772746287111395, 0.0, 0.0, 0.0, 0.0, 0.0, 0.0, 0.0, 0.0, 0.0], [0.0, 1.0078243136354579, 0.0, 0.9854073757571208, 0.0, 0.0, 0.0, 0.0, 0.0, 0.0, 0.0, 0.0, 0.0, 0.9535003976717141, 0.9535002861533755, 0.0, 0.0, 0.0, 0.0, 0.0, 0.0, 0.0], [0.0, 0.0, 0.9854073757571208, 0.0, 1.8725379013088608, 0.9854073812719004, 0.0, 0.0, 0.0, 0.0, 0.0, 0.0, 0.0, 0.0, 0.0, 0.0, 0.0, 0.0, 0.0, 0.0, 0.0, 0.0], [0.0, 0.0, 0.0, 1.8725379013088608, 0.0, 0.0, 0.0, 0.0, 0.0, 0.0, 0.0, 0.0, 0.0, 0.0, 0.0, 0.0, 0.0, 0.0, 0.0, 0.0, 0.0, 0.0], [0.0, 0.0, 0.0, 0.9854073812719004, 0.0, 0.0, 1.0078243054072042, 0.0, 0.0, 0.0, 0.0, 0.0, 0.0, 0.0, 0.0, 0.9535004220138525, 0.9535002643845178, 0.0, 0.0, 0.0, 0.0, 0.0], [0.0, 0.0, 0.0, 0.0, 0.0, 1.0078243054072042, 0.0, 1.0196608293379037, 0.0, 0.0, 0.0, 0.0, 0.0, 0.0, 0.0, 0.0, 0.0, 0.9772746426616957, 0.9772746357878728, 0.0, 0.0, 0.0], [0.0, 0.0, 0.0, 0.0, 0.0, 0.0, 1.0196608293379037, 0.0, 0.0, 0.0, 0.0, 0.0, 0.0, 0.0, 0.0, 0.0, 0.0, 0.0, 0.0, 0.9877583707032138, 0.9877583720751302, 0.9870351929358321], [0.9877583742479439, 0.0, 0.0, 0.0, 0.0, 0.0, 0.0, 0.0, 0.0, 0.0, 0.0, 0.0, 0.0, 0.0, 0.0, 0.0, 0.0, 0.0, 0.0, 0.0, 0.0, 0.0], [0.9877583722535622, 0.0, 0.0, 0.0, 0.0, 0.0, 0.0, 0.0, 0.0, 0.0, 0.0, 0.0, 0.0, 0.0, 0.0, 0.0, 0.0, 0.0, 0.0, 0.0, 0.0, 0.0], [0.9870351966092861, 0.0, 0.0, 0.0, 0.0, 0.0, 0.0, 0.0, 0.0, 0.0, 0.0, 0.0, 0.0, 0.0, 0.0, 0.0, 0.0, 0.0, 0.0, 0.0, 0.0, 0.0], [0.0, 0.9772746506725407, 0.0, 0.0, 0.0, 0.0, 0.0, 0.0, 0.0, 0.0, 0.0, 0.0, 0.0, 0.0, 0.0, 0.0, 0.0, 0.0, 0.0, 0.0, 0.0, 0.0], [0.0, 0.9772746287111395, 0.0, 0.0, 0.0, 0.0, 0.0, 0.0, 0.0, 0.0, 0.0, 0.0, 0.0, 0.0, 0.0, 0.0, 0.0, 0.0, 0.0, 0.0, 0.0, 0.0], [0.0, 0.0, 0.9535003976717141, 0.0, 0.0, 0.0, 0.0, 0.0, 0.0, 0.0, 0.0, 0.0, 0.0, 0.0, 0.0, 0.0, 0.0, 0.0, 0.0, 0.0, 0.0, 0.0], [0.0, 0.0, 0.9535002861533755, 0.0, 0.0, 0.0, 0.0, 0.0, 0.0, 0.0, 0.0, 0.0, 0.0, 0.0, 0.0, 0.0, 0.0, 0.0, 0.0, 0.0, 0.0, 0.0], [0.0, 0.0, 0.0, 0.0, 0.0, 0.9535004220138525, 0.0, 0.0, 0.0, 0.0, 0.0, 0.0, 0.0, 0.0, 0.0, 0.0, 0.0, 0.0, 0.0, 0.0, 0.0, 0.0], [0.0, 0.0, 0.0, 0.0, 0.0, 0.9535002643845178, 0.0, 0.0, 0.0, 0.0, 0.0, 0.0, 0.0, 0.0, 0.0, 0.0, 0.0, 0.0, 0.0, 0.0, 0.0, 0.0], [0.0, 0.0, 0.0, 0.0, 0.0, 0.0, 0.9772746426616957, 0.0, 0.0, 0.0, 0.0, 0.0, 0.0, 0.0, 0.0, 0.0, 0.0, 0.0, 0.0, 0.0, 0.0, 0.0], [0.0, 0.0, 0.0, 0.0, 0.0, 0.0, 0.9772746357878728, 0.0, 0.0, 0.0, 0.0, 0.0, 0.0, 0.0, 0.0, 0.0, 0.0, 0.0, 0.0, 0.0, 0.0, 0.0], [0.0, 0.0, 0.0, 0.0, 0.0, 0.0, 0.0, 0.9877583707032138, 0.0, 0.0, 0.0, 0.0, 0.0, 0.0, 0.0, 0.0, 0.0, 0.0, 0.0, 0.0, 0.0, 0.0], [0.0, 0.0, 0.0, 0.0, 0.0, 0.0, 0.0, 0.9877583720751302, 0.0, 0.0, 0.0, 0.0, 0.0, 0.0, 0.0, 0.0, 0.0, 0.0, 0.0, 0.0, 0.0, 0.0], [0.0, 0.0, 0.0, 0.0, 0.0, 0.0, 0.0, 0.9870351929358321, 0.0, 0.0, 0.0, 0.0, 0.0, 0.0, 0.0, 0.0, 0.0, 0.0, 0.0, 0.0, 0.0, 0.0]], "Born radii": [], "Atomic SASAs": [], "Solvent H bonds": [], "Total SASA": NaN, "Total FOD": 0.0, "FOD": [0.0, 0.0, 0.0, 0.0, 0.0, 0.0, 0.0, 0.0, 0.0, 0.0, 0.0, 0.0, 0.0, 0.0, 0.0, 0.0, 0.0, 0.0, 0.0, 0.0, 0.0, 0.0], "FOD s proportion": [0.0, 0.0, 0.0, 0.0, 0.0, 0.0, 0.0, 0.0, 0.0, 0.0, 0.0, 0.0, 0.0, 0.0, 0.0, 0.0, 0.0, 0.0, 0.0, 0.0, 0.0, 0.0], "FOD p proportion": [0.0, 0.0, 0.0, 0.0, 0.0, 0.0, 0.0, 0.0, 0.0, 0.0, 0.0, 0.0, 0.0, 0.0, 0.0, 0.0, 0.0, 0.0, 0.0, 0.0, 0.0, 0.0], "FOD d proportion": [0.0, 0.0, 0.0, 0.0, 0.0, 0.0, 0.0, 0.0, 0.0, 0.0, 0.0, 0.0, 0.0, 0.0, 0.0, 0.0, 0.0, 0.0, 0.0, 0.0, 0.0, 0.0], "coordinates": [["3.78697298582942", "0.08038885337368", "-0.31332158627616"], ["2.46904778188721", "0.77088094894329", "0.01024766540180"], ["1.28542969330772", "-0.18530363191984", "-0.10910850119181"], ["-0.03565478099177", "0.48659361421055", "0.20997189521478"], ["-0.12064257813348", "1.64645311624705", "0.52090506227248"], ["-1.24052783200698", "-0.42748993082218", "0.10388424596497"], ["-2.54678059321890", "0.28996675785486", "0.43319611890050"], ["-3.74583221168360", "-0.64185022302764", "0.32186117685963"], ["3.96274569391235", "-0.74940060050979", "0.36835496022739"], ["3.77720077473516", "-0.30774187138217", "-1.32987878105512"], ["4.61437517780454", "0.77938227166416", "-0.22193468098102"], ["2.31348815160851", "1.61177113463676", "-0.66741265714069"], ["2.49835696568325", "1.17171906039362", "1.02463829556800"], ["1.22915644618196", "-0.59157968646608", "-1.12222163245146"], ["1.41407802539056", "-1.03175502170911", "0.57029914367160"], ["-1.09259729496664", "-1.27209534582503", "0.78166247548390"], ["-1.27751940621236", "-0.83191309448277", "-0.91085644151509"], ["-2.48245235933626", "0.69415812282916", "1.44463559866944"], ["-2.66732359853071", "1.13421719891737", "-0.24741327455595"], ["-3.64628141718843", "-1.47895112264679", "1.00996088861893"], ["-3.83182821429441", "-1.03728433588414", "-0.68827053653820"], ["-4.66341140977716", "-0.11016521439495", "0.56039256485208"]], "bond_dist": [[0.0, 1.5226303681004338, 2.523888730752888, 3.879603255381896, 4.291614005513881, 5.070282638989462, 6.381038001947361, 7.5939607959051925, 1.0881771440055341, 1.0881771390109427, 1.0869856266566116, 2.1544534653854854, 2.1544534141066913, 2.765553552858973, 2.765552401700918, 5.1805800572734, 5.180581621433751, 6.54009329741064, 6.540094990618102, 7.709467471178813, 7.709468970058616, 8.497569282102742], [1.5226303681004338, 0.0, 1.526265581999701, 2.5286842399074585, 2.7809879104231703, 3.8994630155814893, 5.056550023684803, 6.38103797820293, 2.1611641021919237, 2.161164115405665, 2.157871764061356, 1.0911088926942334, 1.0911088719348025, 2.162432939532995, 2.162432724531496, 4.177816248194332, 4.177816082161293, 5.155648240879782, 5.155648683541328, 6.592300212528068, 6.592300637482659, 7.2076956007507516], [2.523888730752888, 1.526265581999701, 0.0, 1.5160878592495055, 2.393593346230668, 2.546464516424953, 3.8994630302812845, 5.070282636093258, 2.7774444574205885, 2.7774438465823668, 3.46774086087344, 2.1443146785926843, 2.1443145652373734, 1.09298907934639, 1.0929890651432561, 2.7621733325883087, 2.762175165267281, 4.169473452194707, 4.169475029243871, 5.2199247702305716, 5.219926079556166, 5.9868679565340495], [3.879603255381896, 2.5286842399074585, 1.5160878592495055, 0.0, 1.2038174381956301, 1.516087855530033, 2.5286842467009945, 3.879603236461543, 4.1880751249014665, 4.188075507642909, 4.679214368480875, 2.7485087998713644, 2.748507550136803, 2.130010493362058, 2.130010215017933, 2.1300104355535425, 2.130010293087856, 2.748507936182634, 2.748508371135426, 4.188075119690212, 4.1880754779133404, 4.6792143742828], [4.291614005513881, 2.7809879104231703, 2.393593346230668, 1.2038174381956301, 0.0, 2.39359334590567, 2.7809879121445595, 4.2916139761231085, 4.7368181668724585, 4.736819786301764, 4.870730528650803, 2.7089286169247813, 2.708925655056935, 3.0871691834069153, 3.087167947548863, 3.087169500623871, 3.087167645846461, 2.7089277031597057, 2.70892652564828, 4.736819236706393, 4.7368186757335335, 4.8707305283869635], [5.070282638989462, 3.8994630155814893, 2.546464516424953, 1.516087855530033, 2.39359334590567, 0.0, 1.5262656013805378, 2.5238887281541396, 5.219925921264992, 5.2199249406775845, 5.9868679408009715, 4.16947409365156, 4.169474421056561, 2.7621733303556866, 2.7621751238827352, 1.0929890572421093, 1.092989082605557, 2.144314593901921, 2.1443146379142983, 2.7774441187699352, 2.777444164538775, 3.4677408795695137], [6.381038001947361, 5.056550023684803, 3.8994630302812845, 2.5286842467009945, 2.7809879121445595, 1.5262656013805378, 0.0, 1.5226303356110567, 6.59230015733088, 6.592300740299098, 7.207695601714388, 5.1556492084241805, 5.155647773036744, 4.1778163004415365, 4.1778160201938, 2.1624328619263937, 2.162432807992437, 1.0911088866055079, 1.091108871664511, 2.16116406814857, 2.161164110733857, 2.15787176279855], [7.5939607959051925, 6.38103797820293, 5.070282636093258, 3.879603236461543, 4.2916139761231085, 2.5238887281541396, 1.5226303356110567, 0.0, 7.709468339790393, 7.709468113557268, 8.497569260337018, 6.540094434132069, 6.540093860725123, 5.180580511186459, 5.180581128604321, 2.7655526883992856, 2.765553240747774, 2.1544533770278163, 2.1544534613153923, 1.0881771409798322, 1.0881771585949052, 1.0869856283485853], [1.0881771440055341, 2.1611641021919237, 2.7774444574205885, 4.1880751249014665, 4.7368181668724585, 5.219925921264992, 6.59230015733088, 7.709468339790393, 0.0, 1.764507633896064, 1.763587229214361, 3.0607183733380996, 2.503166577581258, 3.1175689559108206, 2.572199906104898, 5.099071056001833, 5.394772325278856, 6.69199669351479, 6.919899230182723, 7.670801503699873, 7.871131868797894, 8.651941209808603], [1.0881771390109427, 2.161164115405665, 2.7774438465823668, 4.188075507642909, 4.736819786301764, 5.2199249406775845, 6.592300740299098, 7.709468113557268, 1.764507633896064, 0.0, 1.763587256825643, 2.5031672314710294, 3.060718347171325, 2.572200477589167, 3.1175664092261237, 5.394767589193049, 5.099071611562099, 6.919898192935297, 6.692000592558064, 7.871128803661827, 7.670802793895567, 8.651941767365399], [1.0869856266566116, 2.157871764061356, 3.46774086087344, 4.679214368480875, 4.870730528650803, 5.9868679408009715, 7.207695601714388, 8.497569260337018, 1.763587229214361, 1.763587256825643, 0.0, 2.487047034891247, 2.4870475298397112, 3.761616560277859, 3.7616159548949444, 6.146975066851304, 6.14697549517416, 7.290382757062815, 7.29038366984973, 8.651941042024086, 8.651941888030866, 9.353109355408915], [2.1544534653854854, 1.0911088926942334, 2.1443146785926843, 2.7485087998713644, 2.7089286169247813, 4.16947409365156, 5.1556492084241805, 6.540094434132069, 3.0607183733380996, 2.5031672314710294, 2.487047034891247, 0.0, 1.7580838242317902, 2.4974749833123537, 3.0543574801090587, 4.692325935662726, 4.350424435399913, 5.320132221931182, 5.021249140723607, 6.91989879960973, 6.691998443967537, 7.290383936592978], [2.1544534141066913, 1.0911088719348025, 2.1443145652373734, 2.748507550136803, 2.708925655056935, 4.169474421056561, 5.155647773036744, 6.540093860725123, 2.503166577581258, 3.060718347171325, 2.4870475298397112, 1.7580838242317902, 0.0, 3.0543575396333438, 2.4974753083477417, 4.350427404665771, 4.6923260825704025, 5.021247227124078, 5.320129441861997, 6.691998856977945, 6.919898632543897, 7.290382545256663], [2.765553552858973, 2.162432939532995, 1.09298907934639, 2.130010493362058, 3.0871691834069153, 2.7621733303556866, 4.1778163004415365, 5.180580511186459, 3.1175689559108206, 2.572200477589167, 3.761616560277859, 2.4974749833123537, 3.0543575396333438, 0.0, 1.7585724022119538, 3.078703735928335, 2.5270257655839754, 4.692325402655848, 4.3504277136262255, 5.394768273845795, 5.099071672543377, 6.146975383712677], [2.765552401700918, 2.162432724531496, 1.0929890651432561, 2.130010215017933, 3.087167947548863, 2.7621751238827352, 4.1778160201938, 5.180581128604321, 2.572199906104898, 3.1175664092261237, 3.7616159548949444, 3.0543574801090587, 2.4974753083477417, 1.7585724022119538, 0.0, 2.5270257400981917, 3.0787100216192336, 4.350424054977573, 4.692326552489322, 5.099070943884027, 5.394771588197627, 6.146975170587929], [5.1805800572734, 4.177816248194332, 2.7621733325883087, 2.1300104355535425, 3.087169500623871, 1.0929890572421093, 2.1624328619263937, 2.7655526883992856, 5.099071056001833, 5.394767589193049, 6.146975066851304, 4.692325935662726, 4.350427404665771, 3.078703735928335, 2.5270257400981917, 0.0, 1.7585723999948792, 2.497475358239777, 3.05435752547754, 2.5721998510870385, 3.1175672085174178, 3.7616160684214135], [5.180581621433751, 4.177816082161293, 2.762175165267281, 2.130010293087856, 3.087167645846461, 1.092989082605557, 2.162432807992437, 2.765553240747774, 5.394772325278856, 5.099071611562099, 6.14697549517416, 4.350424435399913, 4.6923260825704025, 2.5270257655839754, 3.0787100216192336, 1.7585723999948792, 0.0, 3.0543574665065774, 2.497474896649845, 3.117568105154555, 2.572200481870467, 3.7616164478787177], [6.54009329741064, 5.155648240879782, 4.169473452194707, 2.748507936182634, 2.7089277031597057, 2.144314593901921, 1.0911088866055079, 2.1544533770278163, 6.69199669351479, 6.919898192935297, 7.290382757062815, 5.320132221931182, 5.021247227124078, 4.692325402655848, 4.350424054977573, 2.497475358239777, 3.0543574665065774, 0.0, 1.75808383045639, 2.5031667887361437, 3.060718341727247, 2.487047276060093], [6.540094990618102, 5.155648683541328, 4.169475029243871, 2.748508371135426, 2.70892652564828, 2.1443146379142983, 1.091108871664511, 2.1544534613153923, 6.919899230182723, 6.692000592558064, 7.29038366984973, 5.021249140723607, 5.320129441861997, 4.3504277136262255, 4.692326552489322, 3.05435752547754, 2.497474896649845, 1.75808383045639, 0.0, 3.06071835910416, 2.5031670022638846, 2.4870473286508537], [7.709467471178813, 6.592300212528068, 5.2199247702305716, 4.188075119690212, 4.736819236706393, 2.7774441187699352, 2.16116406814857, 1.0881771409798322, 7.670801503699873, 7.871128803661827, 8.651941042024086, 6.91989879960973, 6.691998856977945, 5.394768273845795, 5.099070943884027, 2.5721998510870385, 3.117568105154555, 2.5031667887361437, 3.06071835910416, 0.0, 1.7645076190928586, 1.7635872425788577], [7.709468970058616, 6.592300637482659, 5.219926079556166, 4.1880754779133404, 4.7368186757335335, 2.777444164538775, 2.161164110733857, 1.0881771585949052, 7.871131868797894, 7.670802793895567, 8.651941888030866, 6.691998443967537, 6.919898632543897, 5.099071672543377, 5.394771588197627, 3.1175672085174178, 2.572200481870467, 3.060718341727247, 2.5031670022638846, 1.7645076190928586, 0.0, 1.763587258179697], [8.497569282102742, 7.2076956007507516, 5.9868679565340495, 4.6792143742828, 4.8707305283869635, 3.4677408795695137, 2.15787176279855, 1.0869856283485853, 8.651941209808603, 8.651941767365399, 9.353109355408915, 7.290383936592978, 7.290382545256663, 6.146975383712677, 6.146975170587929, 3.7616160684214135, 3.7616164478787177, 2.487047276060093, 2.4870473286508537, 1.7635872425788577, 1.763587258179697, 0.0]]}