{"total energy": -26.3238945, "HOMO-LUMO gap/eV": 12.62922084, "electronic energy": -26.72198742, "dipole": [-0.00375559, 0.01282626, 0.01218076], "partial charges": [-0.10190015, -0.05267009, -0.05879282, -0.05784708, -0.06286728, -0.00987715, -0.10607411, -0.10559528, 0.03299328, 0.03303802, 0.03225896, 0.02810675, 0.02798639, 0.02879402, 0.02946897, 0.03064315, 0.02707534, 0.03073336, 0.02948929, 0.02571983, 0.03443064, 0.03338236, 0.03122779, 0.03251281, 0.03339338, 0.03436964], "atomic dipole moments": [[-0.08686074, 0.00209213, -0.04194866], [0.02173203, -0.0200778, 0.10818432], [-0.02034593, 0.02014002, -0.10957772], [0.02030679, -0.01870294, 0.10927332], [-0.01965817, 0.00679127, -0.11052911], [-0.00350001, 0.06756087, 0.0716301], [0.0614887, 0.02534685, -0.06886203], [0.03087868, -0.08360728, 0.03576755], [0.02344246, -0.11034777, 0.04996837], [0.00931968, 0.08493081, 0.08896831], [0.0867704, 0.02323358, -0.08479679], [-0.00538972, -0.08310606, -0.08928317], [-0.01905127, 0.10928423, -0.05068744], [0.01997748, -0.10902678, 0.05074687], [0.00594722, 0.08293885, 0.08905482], [-0.01614089, 0.10890903, -0.05307533], [-0.00686582, -0.08554355, -0.08707439], [0.00184406, 0.09088745, 0.08194272], [0.02624254, -0.10150763, 0.06009163], [0.00142322, -0.08599901, -0.08750142], [-0.00597972, 0.08380355, 0.09058149], [-0.11355107, -0.0146375, -0.04605564], [0.03534824, -0.10730057, 0.04967847], [-0.11618158, -0.01143005, -0.03948598], [0.06942941, 0.03214897, -0.09736823], [0.00283565, 0.09171817, 0.08291597]], "atomic quadrupole moments": [[0.17680633, -0.00386453, -0.12538092, 0.12797978, -0.00575888, -0.05142541], [0.21497411, 0.03643793, -0.22428495, -0.02362084, -0.05127173, 0.00931084], [0.2167414, 0.03953352, -0.23261049, -0.02947556, -0.0559672, 0.01586909], [0.21047212, 0.02806203, -0.23402887, -0.02383128, -0.04770962, 0.02355675], [0.20348811, 0.06897368, -0.22009334, -0.03490576, -0.03769332, 0.01660523], [0.09848086, 0.00089904, -0.05578716, 0.00462919, -0.15736199, -0.0426937], [0.03358668, 0.0543672, -0.09231555, -0.1524569, -0.08223755, 0.05872887], [-0.06598343, -0.08659243, 0.13691865, 0.03686404, -0.12232014, -0.07093522], [-0.03380791, -0.00854204, 0.06522629, 0.01514056, -0.04528019, -0.03141838], [-0.03376706, -0.0070786, 0.01808015, 0.00666244, 0.06779376, 0.01568692], [0.01842343, 0.0162966, -0.05027379, -0.05496279, -0.02148692, 0.03185037], [-0.01894691, 0.00426478, 0.01505565, -0.00182756, 0.0488368, 0.00389125], [-0.01668639, -0.01143141, 0.04587209, 0.00113291, -0.0309469, -0.0291857], [-0.01882865, -0.01162499, 0.04659615, 0.00242081, -0.03026669, -0.0277675], [-0.02105381, 0.00454107, 0.01631777, -0.00135844, 0.04864476, 0.00473604], [-0.01678828, -0.01512809, 0.04296065, 0.00222201, -0.03120115, -0.02617238], [-0.02076621, 0.00454758, 0.01851882, 0.00059009, 0.04840661, 0.00224739], [-0.02228722, 0.00374037, 0.02594638, -0.00650642, 0.04690021, -0.00365917], [-0.00827212, -0.0157963, 0.03595958, 0.00205826, -0.04073865, -0.02768746], [-0.0191329, -0.00074546, 0.00875078, -0.00111296, 0.02387272, 0.01038212], [-0.04393549, 0.00849813, 0.02511328, -0.00735326, 0.06354676, 0.01882221], [0.06049293, 0.0148126, -0.0521707, 0.04668743, 0.0004703, -0.00832223], [-0.0237949, -0.04159814, 0.0511581, 0.00488931, -0.04373693, -0.0273632], [0.06909216, 0.02081949, -0.03056409, 0.04045793, -0.0025733, -0.03852806], [0.00630871, 0.00639687, -0.03097695, -0.06425957, -0.02396968, 0.02466825], [-0.05126639, -0.00028682, 0.02269841, 0.01147396, 0.05980409, 0.02856797]], "number of molecular orbitals": 50, "number of electrons": 50, "number of unpaired electrons": 0, "orbital energies/eV": [-16.96901965, -16.81383452, -16.45304945, -15.8857478, -15.88334445, -15.23702716, -15.03348508, -14.81283913, -14.10358295, -13.79418144, -13.60707363, -13.41014133, -13.17542833, -13.07348837, -12.73004608, -12.47945066, -12.33044103, -12.18145682, -12.07390836, -11.84753384, -11.71741146, -11.47171572, -11.40714942, -11.31224243, -11.24865616, 1.38056468, 2.62826757, 2.83188282, 3.26620312, 3.3067187, 3.5317792, 3.89938955, 3.92745486, 4.30822355, 4.65306935, 4.73156028, 5.16193361, 5.26286546, 5.68022319, 5.91338882, 6.13797655, 6.39372175, 6.56998376, 6.98832212, 7.06815795, 7.38872969, 7.63730447, 7.96286389, 8.23190626, 8.76416166], "fractional occupation": [2.0, 2.0, 2.0, 2.0, 2.0, 2.0, 2.0, 2.0, 2.0, 2.0, 2.0, 2.0, 2.0, 2.0, 2.0, 2.0, 2.0, 2.0, 2.0, 2.0, 2.0, 2.0, 2.0, 2.0, 2.0, 0.0, 0.0, 0.0, 0.0, 0.0, 0.0, 0.0, 0.0, 0.0, 0.0, 0.0, 0.0, 0.0, 0.0, 0.0, 0.0, 0.0, 0.0, 0.0, 0.0, 0.0, 0.0, 0.0, 0.0, 0.0], "program call": "xtb /tmp/scratch/tmpe6zqkrzw/6700_0_xyzopt.xyz --pop --wbo --acc 0.2 --gfn 2 --chrg 0 --uhf 0 --etemp 300 --input /tmp/scratch/tmpe6zqkrzw/6700_0_xtb.inp", "method": "GFN2-xTB", "xtb version": "6.3.3 (7355c4f)", "Dipole module/D": 0.046, "Total charge": 0, "Transition dipole module/D": NaN, "HOMO": -11.2487, "LUMO": 1.3806, "HOMO occupancy": 2.0, "LUMO occupancy": 0, "mulliken charges": [-0.0856, -0.03938, -0.04716, -0.0459, -0.05409, 0.00095, -0.09271, -0.09402, 0.02745, 0.02746, 0.02897, 0.02193, 0.02191, 0.02239, 0.02262, 0.02297, 0.02225, 0.02337, 0.02432, 0.01856, 0.02822, 0.02949, 0.02891, 0.02936, 0.02952, 0.02819], "cm5 charges": [-0.23823, -0.15298, -0.15921, -0.15804, -0.16409, -0.07455, -0.2438, -0.24514, 0.07961, 0.07961, 0.08052, 0.07712, 0.07711, 0.07832, 0.07862, 0.07956, 0.07828, 0.07996, 0.08079, 0.07697, 0.08115, 0.08181, 0.08122, 0.0818, 0.08242, 0.08117], "FUKUI+": [0.006, -0.021, -0.022, -0.024, -0.027, -0.033, 0.009, 0.024, -0.042, -0.042, -0.072, -0.048, -0.048, -0.054, -0.055, -0.057, -0.059, -0.058, -0.056, -0.053, -0.044, -0.074, -0.041, -0.046, -0.026, -0.035], "FUKUI-": [0.018, 0.005, 0.007, 0.01, 0.001, -0.011, 0.016, 0.019, -0.061, -0.059, -0.062, -0.074, -0.076, -0.069, -0.062, -0.052, -0.05, -0.054, -0.046, -0.077, -0.06, -0.065, -0.043, -0.06, -0.041, -0.053], "FUKUIrad": [0.012, -0.008, -0.007, -0.007, -0.013, -0.022, 0.013, 0.021, -0.051, -0.05, -0.067, -0.061, -0.062, -0.061, -0.059, -0.055, -0.055, -0.056, -0.051, -0.065, -0.052, -0.07, -0.042, -0.053, -0.034, -0.044], "s proportion": [1.005, 1.026, 1.031, 1.03, 1.034, 1.051, 1.01, 1.009, 0.973, 0.973, 0.971, 0.978, 0.978, 0.978, 0.977, 0.977, 0.978, 0.977, 0.976, 0.981, 0.972, 0.971, 0.971, 0.971, 0.97, 0.972], "p proportion": [3.081, 3.013, 3.017, 3.016, 3.02, 2.948, 3.083, 3.085, 0.0, 0.0, 0.0, 0.0, 0.0, 0.0, 0.0, 0.0, 0.0, 0.0, 0.0, 0.0, 0.0, 0.0, 0.0, 0.0, 0.0, 0.0], "d proportion": [0.0, 0.0, 0.0, 0.0, 0.0, 0.0, 0.0, 0.0, 0.0, 0.0, 0.0, 0.0, 0.0, 0.0, 0.0, 0.0, 0.0, 0.0, 0.0, 0.0, 0.0, 0.0, 0.0, 0.0, 0.0, 0.0], "Fermi-level/eV": -4.934, "Coordination numbers": [3.752, 3.801, 3.803, 3.802, 3.806, 3.849, 3.757, 3.756, 0.925, 0.925, 0.925, 0.924, 0.924, 0.924, 0.924, 0.924, 0.924, 0.924, 0.924, 0.924, 0.925, 0.925, 0.925, 0.925, 0.925, 0.925], "Dispersion coefficient C6": [22.507, 21.52, 21.63, 21.614, 21.703, 20.719, 22.58, 22.573, 2.544, 2.544, 2.555, 2.614, 2.615, 2.604, 2.594, 2.577, 2.628, 2.576, 2.594, 2.648, 2.524, 2.539, 2.569, 2.551, 2.539, 2.525], "Total dispersion C6": 4378.915377, "Total dispersion C8": 90661.742978, "Polarizability alpha": [6.765, 6.605, 6.621, 6.619, 6.632, 6.474, 6.775, 6.774, 2.494, 2.494, 2.499, 2.528, 2.529, 2.523, 2.519, 2.511, 2.535, 2.51, 2.519, 2.545, 2.485, 2.492, 2.506, 2.498, 2.492, 2.485], "Total polarizability alpha": 98.429761, "Wiberg matrix": [[0.0, 1.0190726188933872, 0.0, 0.0, 0.0, 0.0, 0.0, 0.0, 0.9880190860673046, 0.9880058708296642, 0.987568358581046, 0.0, 0.0, 0.0, 0.0, 0.0, 0.0, 0.0, 0.0, 0.0, 0.0, 0.0, 0.0, 0.0, 0.0, 0.0], [1.0190726188933872, 0.0, 1.0077722233833908, 0.0, 0.0, 0.0, 0.0, 0.0, 0.0, 0.0, 0.0, 0.9786984873054136, 0.9786189485137868, 0.0, 0.0, 0.0, 0.0, 0.0, 0.0, 0.0, 0.0, 0.0, 0.0, 0.0, 0.0, 0.0], [0.0, 1.0077722233833908, 0.0, 1.0066968862613457, 0.0, 0.0, 0.0, 0.0, 0.0, 0.0, 0.0, 0.0, 0.0, 0.9774483776010942, 0.977541447378808, 0.0, 0.0, 0.0, 0.0, 0.0, 0.0, 0.0, 0.0, 0.0, 0.0, 0.0], [0.0, 0.0, 1.0066968862613457, 0.0, 1.0072940954782923, 0.0, 0.0, 0.0, 0.0, 0.0, 0.0, 0.0, 0.0, 0.0, 0.0, 0.9756251439484174, 0.9774137233587399, 0.0, 0.0, 0.0, 0.0, 0.0, 0.0, 0.0, 0.0, 0.0], [0.0, 0.0, 0.0, 1.0072940954782923, 0.0, 0.9960971542445499, 0.0, 0.0, 0.0, 0.0, 0.0, 0.0, 0.0, 0.0, 0.0, 0.0, 0.0, 0.9767024987183521, 0.9757642145491612, 0.0, 0.0, 0.0, 0.0, 0.0, 0.0, 0.0], [0.0, 0.0, 0.0, 0.0, 0.9960971542445499, 0.0, 1.0080390982120113, 1.009697569218789, 0.0, 0.0, 0.0, 0.0, 0.0, 0.0, 0.0, 0.0, 0.0, 0.0, 0.0, 0.969097965283501, 0.0, 0.0, 0.0, 0.0, 0.0, 0.0], [0.0, 0.0, 0.0, 0.0, 0.0, 1.0080390982120113, 0.0, 0.0, 0.0, 0.0, 0.0, 0.0, 0.0, 0.0, 0.0, 0.0, 0.0, 0.0, 0.0, 0.0, 0.987118669859784, 0.9866156162503281, 0.9868190213615661, 0.0, 0.0, 0.0], [0.0, 0.0, 0.0, 0.0, 0.0, 1.009697569218789, 0.0, 0.0, 0.0, 0.0, 0.0, 0.0, 0.0, 0.0, 0.0, 0.0, 0.0, 0.0, 0.0, 0.0, 0.0, 0.0, 0.0, 0.9864111333736153, 0.9849017128521584, 0.9867739786531684], [0.9880190860673046, 0.0, 0.0, 0.0, 0.0, 0.0, 0.0, 0.0, 0.0, 0.0, 0.0, 0.0, 0.0, 0.0, 0.0, 0.0, 0.0, 0.0, 0.0, 0.0, 0.0, 0.0, 0.0, 0.0, 0.0, 0.0], [0.9880058708296642, 0.0, 0.0, 0.0, 0.0, 0.0, 0.0, 0.0, 0.0, 0.0, 0.0, 0.0, 0.0, 0.0, 0.0, 0.0, 0.0, 0.0, 0.0, 0.0, 0.0, 0.0, 0.0, 0.0, 0.0, 0.0], [0.987568358581046, 0.0, 0.0, 0.0, 0.0, 0.0, 0.0, 0.0, 0.0, 0.0, 0.0, 0.0, 0.0, 0.0, 0.0, 0.0, 0.0, 0.0, 0.0, 0.0, 0.0, 0.0, 0.0, 0.0, 0.0, 0.0], [0.0, 0.9786984873054136, 0.0, 0.0, 0.0, 0.0, 0.0, 0.0, 0.0, 0.0, 0.0, 0.0, 0.0, 0.0, 0.0, 0.0, 0.0, 0.0, 0.0, 0.0, 0.0, 0.0, 0.0, 0.0, 0.0, 0.0], [0.0, 0.9786189485137868, 0.0, 0.0, 0.0, 0.0, 0.0, 0.0, 0.0, 0.0, 0.0, 0.0, 0.0, 0.0, 0.0, 0.0, 0.0, 0.0, 0.0, 0.0, 0.0, 0.0, 0.0, 0.0, 0.0, 0.0], [0.0, 0.0, 0.9774483776010942, 0.0, 0.0, 0.0, 0.0, 0.0, 0.0, 0.0, 0.0, 0.0, 0.0, 0.0, 0.0, 0.0, 0.0, 0.0, 0.0, 0.0, 0.0, 0.0, 0.0, 0.0, 0.0, 0.0], [0.0, 0.0, 0.977541447378808, 0.0, 0.0, 0.0, 0.0, 0.0, 0.0, 0.0, 0.0, 0.0, 0.0, 0.0, 0.0, 0.0, 0.0, 0.0, 0.0, 0.0, 0.0, 0.0, 0.0, 0.0, 0.0, 0.0], [0.0, 0.0, 0.0, 0.9756251439484174, 0.0, 0.0, 0.0, 0.0, 0.0, 0.0, 0.0, 0.0, 0.0, 0.0, 0.0, 0.0, 0.0, 0.0, 0.0, 0.0, 0.0, 0.0, 0.0, 0.0, 0.0, 0.0], [0.0, 0.0, 0.0, 0.9774137233587399, 0.0, 0.0, 0.0, 0.0, 0.0, 0.0, 0.0, 0.0, 0.0, 0.0, 0.0, 0.0, 0.0, 0.0, 0.0, 0.0, 0.0, 0.0, 0.0, 0.0, 0.0, 0.0], [0.0, 0.0, 0.0, 0.0, 0.9767024987183521, 0.0, 0.0, 0.0, 0.0, 0.0, 0.0, 0.0, 0.0, 0.0, 0.0, 0.0, 0.0, 0.0, 0.0, 0.0, 0.0, 0.0, 0.0, 0.0, 0.0, 0.0], [0.0, 0.0, 0.0, 0.0, 0.9757642145491612, 0.0, 0.0, 0.0, 0.0, 0.0, 0.0, 0.0, 0.0, 0.0, 0.0, 0.0, 0.0, 0.0, 0.0, 0.0, 0.0, 0.0, 0.0, 0.0, 0.0, 0.0], [0.0, 0.0, 0.0, 0.0, 0.0, 0.969097965283501, 0.0, 0.0, 0.0, 0.0, 0.0, 0.0, 0.0, 0.0, 0.0, 0.0, 0.0, 0.0, 0.0, 0.0, 0.0, 0.0, 0.0, 0.0, 0.0, 0.0], [0.0, 0.0, 0.0, 0.0, 0.0, 0.0, 0.987118669859784, 0.0, 0.0, 0.0, 0.0, 0.0, 0.0, 0.0, 0.0, 0.0, 0.0, 0.0, 0.0, 0.0, 0.0, 0.0, 0.0, 0.0, 0.0, 0.0], [0.0, 0.0, 0.0, 0.0, 0.0, 0.0, 0.9866156162503281, 0.0, 0.0, 0.0, 0.0, 0.0, 0.0, 0.0, 0.0, 0.0, 0.0, 0.0, 0.0, 0.0, 0.0, 0.0, 0.0, 0.0, 0.0, 0.0], [0.0, 0.0, 0.0, 0.0, 0.0, 0.0, 0.9868190213615661, 0.0, 0.0, 0.0, 0.0, 0.0, 0.0, 0.0, 0.0, 0.0, 0.0, 0.0, 0.0, 0.0, 0.0, 0.0, 0.0, 0.0, 0.0, 0.0], [0.0, 0.0, 0.0, 0.0, 0.0, 0.0, 0.0, 0.9864111333736153, 0.0, 0.0, 0.0, 0.0, 0.0, 0.0, 0.0, 0.0, 0.0, 0.0, 0.0, 0.0, 0.0, 0.0, 0.0, 0.0, 0.0, 0.0], [0.0, 0.0, 0.0, 0.0, 0.0, 0.0, 0.0, 0.9849017128521584, 0.0, 0.0, 0.0, 0.0, 0.0, 0.0, 0.0, 0.0, 0.0, 0.0, 0.0, 0.0, 0.0, 0.0, 0.0, 0.0, 0.0, 0.0], [0.0, 0.0, 0.0, 0.0, 0.0, 0.0, 0.0, 0.9867739786531684, 0.0, 0.0, 0.0, 0.0, 0.0, 0.0, 0.0, 0.0, 0.0, 0.0, 0.0, 0.0, 0.0, 0.0, 0.0, 0.0, 0.0, 0.0]], "Born radii": [], "Atomic SASAs": [], "Solvent H bonds": [], "Total SASA": NaN, "Total FOD": 0.0, "FOD": [0.0, 0.0, 0.0, 0.0, 0.0, 0.0, 0.0, 0.0, 0.0, 0.0, 0.0, 0.0, 0.0, 0.0, 0.0, 0.0, 0.0, 0.0, 0.0, 0.0, 0.0, 0.0, 0.0, 0.0, 0.0, 0.0], "FOD s proportion": [0.0, 0.0, 0.0, 0.0, 0.0, 0.0, 0.0, 0.0, 0.0, 0.0, 0.0, 0.0, 0.0, 0.0, 0.0, 0.0, 0.0, 0.0, 0.0, 0.0, 0.0, 0.0, 0.0, 0.0, 0.0, 0.0], "FOD p proportion": [0.0, 0.0, 0.0, 0.0, 0.0, 0.0, 0.0, 0.0, 0.0, 0.0, 0.0, 0.0, 0.0, 0.0, 0.0, 0.0, 0.0, 0.0, 0.0, 0.0, 0.0, 0.0, 0.0, 0.0, 0.0, 0.0], "FOD d proportion": [0.0, 0.0, 0.0, 0.0, 0.0, 0.0, 0.0, 0.0, 0.0, 0.0, 0.0, 0.0, 0.0, 0.0, 0.0, 0.0, 0.0, 0.0, 0.0, 0.0, 0.0, 0.0, 0.0, 0.0, 0.0, 0.0], "coordinates": [["4.14129337736875", "0.21370098324436", "-0.21260555472829"], ["2.75285875181657", "0.23917210448524", "-0.83971547638648"], ["1.66023571780400", "-0.04392291945380", "0.18827059374801"], ["0.26429179109528", "-0.01980444721368", "-0.43018931042505"], ["-0.82046410853298", "-0.26715103956424", "0.61645053074648"], ["-2.23035080463312", "-0.39950123613895", "0.03061685381263"], ["-3.20502948891254", "-0.84573085607265", "1.11961843518060"], ["-2.71136044568497", "0.91018549318018", "-0.58983891105188"], ["4.34340755845265", "-0.76090452094367", "0.22680399220556"], ["4.21893617554594", "0.96395421152442", "0.57158774061626"], ["4.90482202193436", "0.41819570746292", "-0.95983175088677"], ["2.70053014589622", "-0.50645567754821", "-1.63663292684428"], ["2.57745091428651", "1.21813718536250", "-1.29214225223665"], ["1.83864349933272", "-1.02193172734237", "0.64219639183942"], ["1.71400963129646", "0.70296121957208", "0.98429102797019"], ["0.10708414041960", "0.94931969779642", "-0.90721364971040"], ["0.20011015083893", "-0.78690870163606", "-1.20626372697562"], ["-0.81145853634964", "0.54781161002691", "1.34487236496519"], ["-0.57976450158646", "-1.18894487430263", "1.15328869642144"], ["-2.20921872292843", "-1.16789353359616", "-0.75088981944506"], ["-3.25195152041124", "-0.10211470734568", "1.91277508550233"], ["-4.20503015138888", "-0.97340537773783", "0.71064131727743"], ["-2.89068050173006", "-1.79183550600095", "1.55532331366499"], ["-3.73582331816568", "0.80750040005549", "-0.94181414622072"], ["-2.09131056462931", "1.19445520527588", "-1.43605380579461"], ["-2.68123021113472", "1.71111330691050", "0.14645498675526"]], "bond_dist": [[0.0, 1.5237015263140055, 2.5264043365509683, 3.890116807598906, 5.053473064101928, 6.405702434855317, 7.540933379701396, 6.898279502623568, 1.0880196601741308, 1.0880567242183565, 1.0877228836109383, 2.149948432354284, 2.1493940575734123, 2.7494855926422304, 2.750207881683398, 4.159141674227958, 4.185869268124651, 5.202606933077199, 5.110916747850886, 6.5213156107204595, 7.699159209604633, 8.480726545859497, 7.523058269727858, 7.933051767912451, 6.426823193839989, 6.994140136943494], [1.5237015263140055, 0.0, 1.5266706414365976, 2.535299992689333, 3.891711555450428, 5.098799808239719, 6.364938027967141, 5.510933560119888, 2.1604311004766115, 2.160201121510537, 2.1627351399926416, 1.0926007940605982, 1.0926255198146217, 2.1499384148652183, 2.149722671977453, 2.7402534375492564, 2.775558477224682, 4.191901729726387, 4.1373858276760425, 5.158482002738034, 6.614410584978023, 7.230917530120491, 6.4583850942805885, 6.514323924647656, 4.97334510889534, 5.715633468220242], [2.5264043365509683, 1.5266706414365976, 0.0, 1.5270015718026972, 2.5272594802363244, 3.909981346449318, 5.018078347400792, 4.541655015646867, 2.7775814238508896, 2.776634001571132, 3.4726118274361713, 2.1509118784599885, 2.1507444337679407, 1.0928765689640092, 1.0928751450188592, 2.1445037763359993, 2.1514461451558966, 2.792337711771016, 2.6944268775460523, 4.1373916773818324, 5.206427324907508, 5.961388473281815, 5.063088976747351, 5.578482437740971, 4.271546516660878, 4.6829720384575175], [3.890116807598906, 2.535299992689333, 1.5270015718026972, 0.0, 1.527524355175169, 2.5651030491857703, 3.888476388652121, 3.121678317583249, 4.197624919223677, 4.196492650547877, 4.691149760300387, 2.761809722082246, 2.7615516451382667, 2.1524064395995315, 2.1505410140214836, 1.091543894739533, 1.0930963910484832, 2.1518063822924245, 2.1416635967480766, 2.7457624860395495, 4.22613584320484, 4.710168561885121, 4.127493745873303, 4.1166872810860715, 2.8346167897979377, 3.464779182377125], [5.053473064101928, 3.891711555450428, 2.5272594802363244, 1.527524355175169, 0.0, 1.532481049606607, 2.5048122878627543, 2.5331293860724253, 5.202036862467257, 5.187792211757429, 5.977730946669759, 4.187009949397447, 4.170687476263798, 2.7642738659936517, 2.7386094216973307, 2.1590968815217906, 2.152674409073122, 1.0930890124438752, 1.093542587497703, 2.146996984818894, 2.760403118448019, 3.4587504091665218, 2.737140979080264, 3.475972359117755, 2.8220768206142473, 2.7562431178138844], [6.405702434855317, 5.098799808239719, 3.909981346449318, 2.5651030491857703, 1.532481049606607, 0.0, 1.5280850288896801, 1.5269626583165266, 6.586607681028115, 6.613997490991298, 7.249848825673111, 5.206222049810286, 5.242270794588977, 4.1615098093623715, 4.205103702078474, 2.8569994902894464, 2.7544688365505396, 2.153584093110919, 2.146636547678486, 1.0961870132486724, 2.1620884299915617, 2.1659080675685867, 2.1678006865521104, 2.160768957710185, 2.1705188663591204, 2.161343207725859], [7.540933379701396, 6.364938027967141, 5.018078347400792, 3.888476388652121, 2.5048122878627543, 1.5280850288896801, 0.0, 2.49983914850592, 7.601527148853155, 7.660976691853783, 8.467072396190563, 6.525922449562926, 6.59645514797226, 5.069281582912824, 5.158847402129045, 4.277891009001628, 4.124095518328331, 2.7788274222518954, 2.6478190652840685, 2.1434152661259342, 1.0882390020749502, 1.0879174561536986, 1.0880110456671381, 2.695258793339732, 3.454589644302008, 2.7854739012478054], [6.898279502623568, 5.510933560119888, 4.541655015646867, 3.121678317583249, 2.5331293860724253, 1.5269626583165266, 2.49983914850592, 0.0, 7.295834363453511, 7.027148369041457, 7.641019829240811, 5.691327586191686, 5.3441173105687545, 5.094460112817332, 4.701566471160507, 2.8365274713373867, 3.4258968598293835, 2.73569914607495, 3.462447606032674, 2.1439440632523215, 2.75319218759015, 2.7331689634961696, 3.4546771387306277, 1.0880969495470585, 1.0868996146363101, 1.0883574310808533], [1.0880196601741308, 2.1604311004766115, 2.7775814238508896, 4.197624919223677, 5.202036862467257, 6.586607681028115, 7.601527148853155, 7.295834363453511, 0.0, 1.763379314073483, 1.7645305141082757, 2.497235983616959, 3.056535070611634, 2.552357545488648, 3.103292279973074, 4.707154022625244, 4.3842071932233315, 5.434653554088815, 5.027844029402601, 6.637652930758417, 7.808071598212512, 8.564755831330608, 7.426965217766961, 8.31261294102981, 6.927779228498177, 7.447339383821522], [1.0880567242183565, 2.160201121510537, 2.776634001571132, 4.196492650547877, 5.187792211757429, 6.613997490991298, 7.660976691853783, 7.027148369041457, 1.763379314073483, 0.0, 1.7645218610113067, 3.0567794537648743, 2.496512033494054, 3.1007292316890034, 2.5520772592785304, 4.369713363573948, 4.730458687945784, 5.106467931212591, 5.291585647464337, 6.900354853485542, 7.664818941075372, 8.644993160935432, 7.688222287544832, 8.098954356520355, 6.625931572910168, 6.9535085198841315], [1.0877228836109383, 2.1627351399926416, 3.4726118274361713, 4.691149760300387, 5.977730946669759, 7.249848825673111, 8.467072396190563, 7.641019829240811, 1.7645305141082757, 1.7645218610113067, 0.0, 2.4843394877407983, 2.483343091496935, 3.7472539186755367, 3.7472641337922328, 4.827333646786902, 4.862850927768105, 6.164764777737922, 6.093346224233115, 7.291701552510627, 8.663460485587551, 9.365705551190256, 8.484108825308837, 8.64942973097909, 7.055156796436458, 7.774554311836552], [2.149948432354284, 1.0926007940605982, 2.1509118784599885, 2.761809722082246, 4.187009949397447, 5.206222049810286, 6.525922449562926, 5.691327586191686, 2.497235983616959, 3.0567794537648743, 2.4843394877407983, 0.0, 1.7629642267918586, 2.4903066504204423, 3.0504351056343695, 3.0622371901335383, 2.5526401427929297, 4.72598326520121, 4.360021461180626, 5.032660811602891, 6.942177385087554, 7.30852251957019, 6.565243518015821, 6.605747469145376, 5.088719604199106, 6.0877220081872805], [2.1493940575734123, 1.0926255198146217, 2.1507444337679407, 2.7615516451382667, 4.170687476263798, 5.242270794588977, 6.59645514797226, 5.3441173105687545, 3.056535070611634, 2.496512033494054, 2.483343091496935, 1.7629642267918586, 0.0, 3.0504771954603314, 2.488591088172757, 2.5145864208831155, 3.1111626822813965, 4.346019987631921, 4.662851675621096, 5.375714185450395, 6.782071434864093, 7.403786209666044, 6.860645518796074, 6.336306801714763, 4.67103897633455, 5.474149673813564], [2.7494855926422304, 2.1499384148652183, 1.0928765689640092, 2.1524064395995315, 2.7642738659936517, 4.1615098093623715, 5.069281582912824, 5.094460112817332, 2.552357545488648, 3.1007292316890034, 3.7472539186755367, 2.4903066504204423, 3.0504771954603314, 0.0, 1.762900456476865, 3.047097220537399, 2.4812964691040316, 3.159254416464632, 2.477459584729978, 4.283361134829142, 5.326780568233287, 6.044256009704644, 4.877812840893331, 6.077054516197117, 4.967497746743172, 5.305144018643018], [2.750207881683398, 2.149722671977453, 1.0928751450188592, 2.1505410140214836, 2.7386094216973307, 4.205103702078474, 5.158847402129045, 4.701566471160507, 3.103292279973074, 2.5520772592785304, 3.7472641337922328, 3.0504351056343695, 2.488591088172757, 1.762900456476865, 0.0, 2.49413150790218, 3.051251243910607, 2.555793373440989, 2.9781317386349806, 4.680028931543377, 5.115759968319849, 6.157931558709495, 5.268136273334957, 5.781132134741806, 4.536529206985832, 4.586553513877058], [4.159141674227958, 2.7402534375492564, 2.1445037763359993, 1.091543894739533, 2.1590968815217906, 2.8569994902894464, 4.277891009001628, 2.8365274713373867, 4.707154022625244, 4.369713363573948, 4.827333646786902, 3.0622371901335383, 2.5145864208831155, 3.047097220537399, 2.49413150790218, 0.0, 1.7642488039737318, 2.4651208512136096, 3.047885554894462, 3.1420197265209713, 4.510096600492775, 4.9908572486011185, 4.7502224155315265, 3.8456790873421647, 2.274357625111202, 3.076563670955348], [4.185869268124651, 2.775558477224682, 2.1514461451558966, 1.0930963910484832, 2.152674409073122, 2.7544688365505396, 4.124095518328331, 3.4258968598293835, 4.3842071932233315, 4.730458687945784, 4.862850927768105, 2.5526401427929297, 3.1111626822813965, 2.4812964691040316, 3.051251243910607, 1.7642488039737318, 0.0, 3.051728179060044, 2.5174044562578626, 2.481406951673266, 4.702560548304993, 4.807761125637537, 4.264883084349797, 4.254837980082081, 3.0379623610594595, 4.046243215032824], [5.202606933077199, 4.191901729726387, 2.792337711771016, 2.1518063822924245, 1.0930890124438752, 2.153584093110919, 2.7788274222518954, 2.73569914607495, 5.434653554088815, 5.106467931212591, 6.164764777737922, 4.72598326520121, 4.346019987631921, 3.159254416464632, 2.555793373440989, 2.4651208512136096, 3.051728179060044, 0.0, 1.7625860301438419, 3.0478839893676164, 2.5886142476740086, 3.7726222249405224, 3.137100924526743, 3.721328102335519, 3.1288527483384168, 2.5070941677959375], [5.110916747850886, 4.1373858276760425, 2.6944268775460523, 2.1416635967480766, 1.093542587497703, 2.146636547678486, 2.6478190652840685, 3.462447606032674, 5.027844029402601, 5.291585647464337, 6.093346224233115, 4.360021461180626, 4.662851675621096, 2.477459584729978, 2.9781317386349806, 3.047885554894462, 2.5174044562578626, 1.7625860301438419, 0.0, 2.506284109729432, 2.9830526060702427, 3.6585441105007646, 2.4218674007821863, 4.282050549498634, 3.8301516985385398, 3.7202432315305063], [6.5213156107204595, 5.158482002738034, 4.1373916773818324, 2.7457624860395495, 2.146996984818894, 1.0961870132486724, 2.1434152661259342, 2.1439440632523215, 6.637652930758417, 6.900354853485542, 7.291701552510627, 5.032660811602891, 5.375714185450395, 4.283361134829142, 4.680028931543377, 3.1420197265209713, 2.481406951673266, 3.0478839893676164, 2.506284109729432, 0.0, 3.0525869224771576, 2.4813629650560696, 2.484413966356077, 2.503828045585792, 2.4625278853312937, 3.052327461773646], [7.699159209604633, 6.614410584978023, 5.206427324907508, 4.22613584320484, 2.760403118448019, 2.1620884299915617, 1.0882390020749502, 2.75319218759015, 7.808071598212512, 7.664818941075372, 8.663460485587551, 6.942177385087554, 6.782071434864093, 5.326780568233287, 5.115759968319849, 4.510096600492775, 4.702560548304993, 2.5886142476740086, 2.9830526060702427, 3.0525869224771576, 0.0, 1.7642652594905373, 1.7644956490557846, 3.0348329842256145, 3.7739681914052965, 2.594880601450397], [8.480726545859497, 7.230917530120491, 5.961388473281815, 4.710168561885121, 3.4587504091665218, 2.1659080675685867, 1.0879174561536986, 2.7331689634961696, 8.564755831330608, 8.644993160935432, 9.365705551190256, 7.30852251957019, 7.403786209666044, 6.044256009704644, 6.157931558709495, 4.9908572486011185, 4.807761125637537, 3.7726222249405224, 3.6585441105007646, 2.4813629650560696, 1.7642652594905373, 0.0, 1.763754674388795, 2.4743462774166955, 3.711567047792195, 3.1379791334061884], [7.523058269727858, 6.4583850942805885, 5.063088976747351, 4.127493745873303, 2.737140979080264, 2.1678006865521104, 1.0880110456671381, 3.4546771387306277, 7.426965217766961, 7.688222287544832, 8.484108825308837, 6.565243518015821, 6.860645518796074, 4.877812840893331, 5.268136273334957, 4.7502224155315265, 4.264883084349797, 3.137100924526743, 2.4218674007821863, 2.484413966356077, 1.7644956490557846, 1.763754674388795, 0.0, 3.7022302773127773, 4.301774236222206, 3.7814586831906056], [7.933051767912451, 6.514323924647656, 5.578482437740971, 4.1166872810860715, 3.475972359117755, 2.160768957710185, 2.695258793339732, 1.0880969495470585, 8.31261294102981, 8.098954356520355, 8.64942973097909, 6.605747469145376, 6.336306801714763, 6.077054516197117, 5.781132134741806, 3.8456790873421647, 4.254837980082081, 3.721328102335519, 4.282050549498634, 2.503828045585792, 3.0348329842256145, 2.4743462774166955, 3.7022302773127773, 0.0, 1.7602355123456173, 1.7643731500508801], [6.426823193839989, 4.97334510889534, 4.271546516660878, 2.8346167897979377, 2.8220768206142473, 2.1705188663591204, 3.454589644302008, 1.0868996146363101, 6.927779228498177, 6.625931572910168, 7.055156796436458, 5.088719604199106, 4.67103897633455, 4.967497746743172, 4.536529206985832, 2.274357625111202, 3.0379623610594595, 3.1288527483384168, 3.8301516985385398, 2.4625278853312937, 3.7739681914052965, 3.711567047792195, 4.301774236222206, 1.7602355123456173, 0.0, 1.7661468970092509], [6.994140136943494, 5.715633468220242, 4.6829720384575175, 3.464779182377125, 2.7562431178138844, 2.161343207725859, 2.7854739012478054, 1.0883574310808533, 7.447339383821522, 6.9535085198841315, 7.774554311836552, 6.0877220081872805, 5.474149673813564, 5.305144018643018, 4.586553513877058, 3.076563670955348, 4.046243215032824, 2.5070941677959375, 3.7202432315305063, 3.052327461773646, 2.594880601450397, 3.1379791334061884, 3.7814586831906056, 1.7643731500508801, 1.7661468970092509, 0.0]]}