{"total energy": -27.11572614, "HOMO-LUMO gap/eV": 5.17448846, "electronic energy": -27.43388953, "dipole": [-0.52142546, 0.36826605, 0.80898117], "partial charges": [-0.1053496, -0.056549, -0.0674998, 0.08104172, -0.2694462, 0.36138999, -0.14687288, -0.4108272, 0.03984965, 0.03868273, 0.03868274, 0.03544257, 0.03544255, 0.05121258, 0.05121268, 0.04828194, 0.04828181, 0.07600068, 0.07502238, 0.07600065], "atomic dipole moments": [[0.08818881, -0.02923031, -0.05761377], [0.0200438, 0.04436293, 0.10913106], [0.02558747, -0.05337907, -0.12430496], [0.15041308, 0.0673002, 0.18246779], [0.00181897, -0.09355733, -0.22393351], [-0.14959966, 0.02473682, 0.038195], [-0.08049825, -0.0187893, -0.05636871], [-0.02187291, 0.07565566, 0.17820943], [-0.10248675, -0.02171517, -0.06648119], [-0.00811232, -0.06427029, 0.10554167], [0.00275573, 0.12049611, 0.02843616], [0.00323766, 0.06336727, -0.10525957], [-0.0074997, -0.11917863, -0.02908063], [-0.00148735, -0.06459325, 0.10676714], [0.00942483, 0.12092835, 0.02934673], [0.01385866, 0.06445969, -0.10684947], [0.00288428, -0.12212947, -0.02898264], [-0.01537193, -0.06815029, 0.11317735], [0.11290215, -0.03162956, -0.05988358], [-0.00375786, 0.12934252, 0.03076169]], "atomic quadrupole moments": [[0.12629942, -0.07845878, -0.1044813, -0.15160101, 0.05490057, -0.02181813], [0.23201396, -0.02120989, -0.20476087, 0.01615913, 0.08917676, -0.02725309], [0.25438271, -0.04213398, -0.22717984, -0.02661227, 0.1041986, -0.02720287], [0.37765457, 0.04568367, -0.34212027, 0.21865062, 0.13799426, -0.0355343], [0.05746518, 0.00921996, -0.06827512, 0.04189643, 0.03670516, 0.01080995], [-0.10399279, -0.01102168, 0.34814926, -0.10717263, -0.29134135, -0.24415648], [0.08625197, 0.05622312, -0.12018695, 0.16713565, 0.06430675, 0.03393497], [-0.10890832, 0.00971028, 0.15385433, -0.01968498, -0.0993431, -0.044946], [0.04120515, 0.01671788, -0.04709651, 0.05368899, 0.02245465, 0.00589137], [-0.03903025, -0.01103932, -0.00442707, -0.00593578, -0.06011835, 0.04345732], [-0.03634015, 0.01425442, 0.07809308, -0.00947322, 0.02475706, -0.04175294], [-0.01732735, 0.00092536, -0.00527035, -0.00325507, -0.04643553, 0.0225977], [-0.0172046, 0.00374727, 0.05516524, 0.00057687, 0.01351156, -0.03796064], [-0.02535031, 0.0013639, -0.00079456, -0.00301539, -0.04418908, 0.02614487], [-0.02516846, 0.00460424, 0.0568533, 0.00041539, 0.01307045, -0.03168484], [-0.00596685, 0.00345021, -0.00531702, 0.00768917, -0.03791679, 0.01128387], [-0.00566276, 0.00736797, 0.03994265, 0.00982028, 0.00723091, -0.03427989], [-0.03095945, 0.00762819, -0.01406352, -0.01456455, -0.06383996, 0.04502297], [0.05944723, -0.02457356, -0.04419132, -0.04299443, 0.01841318, -0.01525591], [-0.03284888, -0.00562102, 0.08177024, -0.0012402, 0.02872291, -0.04892136]], "number of molecular orbitals": 44, "number of electrons": 48, "number of unpaired electrons": 0, "orbital energies/eV": [-20.17530871, -19.41466232, -18.38435406, -17.29941482, -16.94455026, -16.52442751, -16.21028186, -15.97239835, -15.46313633, -15.21989275, -14.96750222, -14.5213532, -13.84696439, -13.76133093, -13.43482933, -13.18117424, -13.11483205, -12.91348653, -12.75217444, -12.3240503, -12.18006817, -12.00303278, -11.7673519, -11.31635206, -6.14186361, -0.0758325, 2.32515153, 3.04298827, 3.21173716, 3.54178982, 3.871974, 4.2307113, 4.37878304, 4.64442201, 4.79799787, 4.84407287, 5.7202983, 5.77194421, 6.15573023, 6.77459411, 7.04946349, 8.04787713, 8.14668082, 17.88733629], "fractional occupation": [2.0, 2.0, 2.0, 2.0, 2.0, 2.0, 2.0, 2.0, 2.0, 2.0, 2.0, 2.0, 2.0, 2.0, 2.0, 2.0, 2.0, 2.0, 2.0, 2.0, 2.0, 2.0, 2.0, 2.0, 0.0, 0.0, 0.0, 0.0, 0.0, 0.0, 0.0, 0.0, 0.0, 0.0, 0.0, 0.0, 0.0, 0.0, 0.0, 0.0, 0.0, 0.0, 0.0, 0.0], "program call": "xtb /tmp/scratch/tmpcwipvc_k/6751_0_xyzopt.xyz --pop --wbo --acc 0.2 --gfn 2 --chrg 0 --uhf 0 --etemp 300 --input /tmp/scratch/tmpcwipvc_k/6751_0_xtb.inp", "method": "GFN2-xTB", "xtb version": "6.3.3 (7355c4f)", "Dipole module/D": 2.619, "Total charge": 0, "Transition dipole module/D": NaN, "HOMO": -11.3164, "LUMO": -6.1419, "HOMO occupancy": 2.0, "LUMO occupancy": 0, "mulliken charges": [-0.08445, -0.04305, -0.06031, 0.20059, -0.42192, 0.58663, -0.12399, -0.53121, 0.03298, 0.03048, 0.03048, 0.02572, 0.02572, 0.03738, 0.03738, 0.03841, 0.03841, 0.06111, 0.05854, 0.06111], "cm5 charges": [-0.2372, -0.15646, -0.16867, 0.11992, -0.50781, 0.63741, -0.26458, -0.5818, 0.08463, 0.0827, 0.0827, 0.08107, 0.08107, 0.09552, 0.09552, 0.1043, 0.1043, 0.1166, 0.11419, 0.1166], "FUKUI+": [0.009, 0.004, 0.004, 0.028, -0.123, -0.192, 0.05, -0.284, -0.022, -0.012, -0.012, -0.012, -0.012, -0.022, -0.022, -0.039, -0.039, -0.111, -0.084, -0.111], "FUKUI-": [0.02, 0.007, 0.009, 0.019, -0.058, -0.019, -0.003, -0.158, -0.064, -0.078, -0.078, -0.094, -0.094, -0.074, -0.074, -0.046, -0.046, -0.058, -0.049, -0.058], "FUKUIrad": [0.015, 0.005, 0.007, 0.023, -0.091, -0.105, 0.023, -0.221, -0.043, -0.045, -0.045, -0.053, -0.053, -0.048, -0.048, -0.043, -0.043, -0.084, -0.067, -0.084], "s proportion": [1.005, 1.026, 1.033, 0.998, 1.687, 0.975, 1.017, 1.72, 0.967, 0.97, 0.97, 0.974, 0.974, 0.963, 0.963, 0.962, 0.962, 0.939, 0.941, 0.939], "p proportion": [3.079, 3.017, 3.027, 2.802, 4.735, 2.438, 3.107, 4.811, 0.0, 0.0, 0.0, 0.0, 0.0, 0.0, 0.0, 0.0, 0.0, 0.0, 0.0, 0.0], "d proportion": [0.0, 0.0, 0.0, 0.0, 0.0, 0.0, 0.0, 0.0, 0.0, 0.0, 0.0, 0.0, 0.0, 0.0, 0.0, 0.0, 0.0, 0.0, 0.0, 0.0], "Fermi-level/eV": -8.7291, "Coordination numbers": [3.752, 3.802, 3.802, 3.705, 1.704, 2.717, 3.753, 0.856, 0.925, 0.925, 0.925, 0.924, 0.924, 0.924, 0.924, 0.924, 0.924, 0.925, 0.925, 0.925], "Dispersion coefficient C6": [22.573, 21.59, 21.792, 19.373, 18.468, 20.868, 23.395, 21.899, 2.451, 2.466, 2.466, 2.51, 2.51, 2.305, 2.305, 2.342, 2.342, 2.021, 2.031, 2.021], "Total dispersion C6": 3019.577859, "Total dispersion C8": 64040.185277, "Polarizability alpha": [6.775, 6.615, 6.646, 6.292, 5.802, 7.478, 6.897, 6.274, 2.448, 2.456, 2.456, 2.478, 2.478, 2.374, 2.374, 2.393, 2.393, 2.223, 2.229, 2.223], "Total polarizability alpha": 81.305215, "Wiberg matrix": [[0.0, 1.0196026867576007, 0.0, 0.0, 0.0, 0.0, 0.0, 0.0, 0.9869195874374357, 0.9876395291749585, 0.9876395194280556, 0.0, 0.0, 0.0, 0.0, 0.0, 0.0, 0.0, 0.0, 0.0], [1.0196026867576007, 0.0, 1.0062149969739536, 0.0, 0.0, 0.0, 0.0, 0.0, 0.0, 0.0, 0.0, 0.9780931909394763, 0.9780932132782548, 0.0, 0.0, 0.0, 0.0, 0.0, 0.0, 0.0], [0.0, 1.0062149969739536, 0.0, 1.0054776703101962, 0.0, 0.0, 0.0, 0.0, 0.0, 0.0, 0.0, 0.0, 0.0, 0.9753792287282367, 0.9753791668742691, 0.0, 0.0, 0.0, 0.0, 0.0], [0.0, 0.0, 1.0054776703101962, 0.0, 0.937733961944477, 0.0, 0.0, 0.0, 0.0, 0.0, 0.0, 0.0, 0.0, 0.0, 0.0, 0.96853378165783, 0.968533837641314, 0.0, 0.0, 0.0], [0.0, 0.0, 0.0, 0.937733961944477, 0.0, 1.1324741036850676, 0.0, 0.1727566159058458, 0.0, 0.0, 0.0, 0.0, 0.0, 0.0, 0.0, 0.0, 0.0, 0.0, 0.0, 0.0], [0.0, 0.0, 0.0, 0.0, 1.1324741036850676, 0.0, 0.9850287105196771, 1.7565761931637354, 0.0, 0.0, 0.0, 0.0, 0.0, 0.0, 0.0, 0.0, 0.0, 0.0, 0.0, 0.0], [0.0, 0.0, 0.0, 0.0, 0.0, 0.9850287105196771, 0.0, 0.0, 0.0, 0.0, 0.0, 0.0, 0.0, 0.0, 0.0, 0.0, 0.0, 0.9650203187324928, 0.983390199568106, 0.9650205183592342], [0.0, 0.0, 0.0, 0.0, 0.1727566159058458, 1.7565761931637354, 0.0, 0.0, 0.0, 0.0, 0.0, 0.0, 0.0, 0.0, 0.0, 0.0, 0.0, 0.0, 0.0, 0.0], [0.9869195874374357, 0.0, 0.0, 0.0, 0.0, 0.0, 0.0, 0.0, 0.0, 0.0, 0.0, 0.0, 0.0, 0.0, 0.0, 0.0, 0.0, 0.0, 0.0, 0.0], [0.9876395291749585, 0.0, 0.0, 0.0, 0.0, 0.0, 0.0, 0.0, 0.0, 0.0, 0.0, 0.0, 0.0, 0.0, 0.0, 0.0, 0.0, 0.0, 0.0, 0.0], [0.9876395194280556, 0.0, 0.0, 0.0, 0.0, 0.0, 0.0, 0.0, 0.0, 0.0, 0.0, 0.0, 0.0, 0.0, 0.0, 0.0, 0.0, 0.0, 0.0, 0.0], [0.0, 0.9780931909394763, 0.0, 0.0, 0.0, 0.0, 0.0, 0.0, 0.0, 0.0, 0.0, 0.0, 0.0, 0.0, 0.0, 0.0, 0.0, 0.0, 0.0, 0.0], [0.0, 0.9780932132782548, 0.0, 0.0, 0.0, 0.0, 0.0, 0.0, 0.0, 0.0, 0.0, 0.0, 0.0, 0.0, 0.0, 0.0, 0.0, 0.0, 0.0, 0.0], [0.0, 0.0, 0.9753792287282367, 0.0, 0.0, 0.0, 0.0, 0.0, 0.0, 0.0, 0.0, 0.0, 0.0, 0.0, 0.0, 0.0, 0.0, 0.0, 0.0, 0.0], [0.0, 0.0, 0.9753791668742691, 0.0, 0.0, 0.0, 0.0, 0.0, 0.0, 0.0, 0.0, 0.0, 0.0, 0.0, 0.0, 0.0, 0.0, 0.0, 0.0, 0.0], [0.0, 0.0, 0.0, 0.96853378165783, 0.0, 0.0, 0.0, 0.0, 0.0, 0.0, 0.0, 0.0, 0.0, 0.0, 0.0, 0.0, 0.0, 0.0, 0.0, 0.0], [0.0, 0.0, 0.0, 0.968533837641314, 0.0, 0.0, 0.0, 0.0, 0.0, 0.0, 0.0, 0.0, 0.0, 0.0, 0.0, 0.0, 0.0, 0.0, 0.0, 0.0], [0.0, 0.0, 0.0, 0.0, 0.0, 0.0, 0.9650203187324928, 0.0, 0.0, 0.0, 0.0, 0.0, 0.0, 0.0, 0.0, 0.0, 0.0, 0.0, 0.0, 0.0], [0.0, 0.0, 0.0, 0.0, 0.0, 0.0, 0.983390199568106, 0.0, 0.0, 0.0, 0.0, 0.0, 0.0, 0.0, 0.0, 0.0, 0.0, 0.0, 0.0, 0.0], [0.0, 0.0, 0.0, 0.0, 0.0, 0.0, 0.9650205183592342, 0.0, 0.0, 0.0, 0.0, 0.0, 0.0, 0.0, 0.0, 0.0, 0.0, 0.0, 0.0, 0.0]], "Born radii": [], "Atomic SASAs": [], "Solvent H bonds": [], "Total SASA": NaN, "Total FOD": 0.0, "FOD": [0.0, 0.0, 0.0, 0.0, 0.0, 0.0, 0.0, 0.0, 0.0, 0.0, 0.0, 0.0, 0.0, 0.0, 0.0, 0.0, 0.0, 0.0, 0.0, 0.0], "FOD s proportion": [0.0, 0.0, 0.0, 0.0, 0.0, 0.0, 0.0, 0.0, 0.0, 0.0, 0.0, 0.0, 0.0, 0.0, 0.0, 0.0, 0.0, 0.0, 0.0, 0.0], "FOD p proportion": [0.0, 0.0, 0.0, 0.0, 0.0, 0.0, 0.0, 0.0, 0.0, 0.0, 0.0, 0.0, 0.0, 0.0, 0.0, 0.0, 0.0, 0.0, 0.0, 0.0], "FOD d proportion": [0.0, 0.0, 0.0, 0.0, 0.0, 0.0, 0.0, 0.0, 0.0, 0.0, 0.0, 0.0, 0.0, 0.0, 0.0, 0.0, 0.0, 0.0, 0.0, 0.0], "coordinates": [["-3.43015146399749", "0.30785781104376", "0.15662274887014"], ["-2.18900864103898", "-0.09367064869812", "-0.63061281040715"], ["-0.91199875210557", "0.16330491315316", "0.16516479608526"], ["0.32514458202230", "-0.23852072952403", "-0.62335432853937"], ["1.48114896473122", "0.02569894540033", "0.17270919074494"], ["2.66313484064639", "-0.27269869332978", "-0.37575667459415"], ["3.79185869861084", "0.05435563975619", "0.56702205130912"], ["2.78794876044144", "-0.73942374670036", "-1.47657222481386"], ["-4.32847349616179", "0.11778664898588", "-0.42545972367853"], ["-3.49479415958865", "-0.25866427334656", "1.08271182068026"], ["-3.39921240674491", "1.36631094259734", "0.40458777542797"], ["-2.15180083788886", "0.47068172520192", "-1.56477737082693"], ["-2.24734055224955", "-1.15359159472488", "-0.88694547884402"], ["-0.93495208278108", "-0.40287791747155", "1.09799908062573"], ["-0.83937062104532", "1.22213686415413", "0.41986027924089"], ["0.40108455882188", "0.32795765118710", "-1.55864791597560"], ["0.30506484879949", "-1.30459710083318", "-0.87735544204095"], ["3.66832345839034", "-0.50946621095684", "1.48812570970973"], ["4.73963978015001", "-0.19585014282909", "0.10101631756433"], ["3.76375252098825", "1.11327091693459", "0.81094119946219"]], "bond_dist": [[0.0, 1.523614267705161, 2.5223127457291707, 3.874163412161281, 4.919425200194042, 6.143989884078527, 7.238102080456444, 6.513746608859229, 1.0871658222029437, 1.087550881164359, 1.087550877593818, 2.150327956937545, 2.1503280364786153, 2.7599555477943034, 2.759953905513649, 4.1977287811152015, 4.197733036473438, 7.268374296597055, 8.185493433565659, 7.268361400695455], [1.523614267705161, 0.0, 1.526451012911089, 2.518332912961215, 3.758940301298103, 4.862129066323518, 6.1013945273651675, 5.089474370753189, 2.1596554919810163, 2.16050457257546, 2.1605044907066993, 1.092035461185281, 1.0920354667316012, 2.1578614543552708, 2.1578614200095263, 2.7834515200371306, 2.7834560121297085, 6.242617895500748, 6.967918683104866, 6.242607737024815], [2.5223127457291707, 1.526451012911089, 0.0, 1.521101537106827, 2.3971124952436242, 3.6420152921605977, 4.722248840797154, 4.147267904863931, 3.467449914922063, 2.7732260372378703, 2.773225312472965, 2.150416149808845, 2.150416277441395, 1.091453001964555, 1.0914530383950125, 2.1732069786011836, 2.1732069800679072, 4.81478951942621, 5.6634022884490705, 4.814780632524953], [3.874163412161281, 2.518332912961215, 1.521101537106827, 0.0, 1.4282420299776528, 2.351312650599708, 3.6770748237611675, 2.654107954168065, 4.671432161576941, 4.183658621055389, 4.183656850738578, 2.743082951636379, 2.743084896409154, 2.139606143457933, 2.139605800616416, 1.096101605960304, 1.096101542198544, 3.9634081804965215, 4.473734621789518, 3.9634036982119594], [4.919425200194042, 3.758940301298103, 2.3971124952436242, 1.4282420299776528, 0.0, 1.3367672075214945, 2.344287378369754, 2.239032743785432, 5.841061490298383, 5.066456079266007, 5.0664519460130615, 4.051566794996729, 4.051571087250721, 2.62247664994271, 2.6224718305349217, 2.0628855705365505, 2.0628856370141304, 2.6077681316898684, 3.2668006153924956, 2.607763770983755], [6.143989884078527, 4.862129066323518, 3.6420152921605977, 2.351312650599708, 1.3367672075214945, 0.0, 1.5065901268574187, 1.2021670705953889, 7.002680653219687, 6.328302844253583, 6.328297100744809, 5.014976595275192, 5.014983039009726, 3.8903897189075582, 3.8903835531124997, 2.6223827353473164, 2.622386267002068, 2.1308497265559554, 2.1319218910524698, 2.1308502723437193], [7.238102080456444, 6.1013945273651675, 4.722248840797154, 3.6770748237611675, 2.344287378369754, 1.5065901268574187, 0.0, 2.4112649053393596, 8.181004737810351, 7.311581722181577, 7.311574061234449, 6.328110687358905, 6.328118653408988, 4.77846620733054, 4.77845734379386, 4.011319002215708, 4.011322755093866, 1.0870087324565476, 1.0853816177021294, 1.0870087728707987], [6.513746608859229, 5.089474370753189, 4.147267904863931, 2.654107954168065, 2.239032743785432, 1.2021670705953889, 2.4112649053393596, 0.0, 7.244522957848455, 6.801023680000562, 6.801017926528372, 5.086576598766147, 5.086583644097514, 4.538906387053072, 4.5389009867809085, 2.615943459750009, 2.6159499597027636, 3.1011891138726595, 2.5677530465914393, 3.1011914100877194], [1.0871658222029437, 2.1596554919810163, 3.467449914922063, 4.671432161576941, 5.841061490298383, 7.002680653219687, 8.181004737810351, 7.244522957848455, 0.0, 1.763892836985159, 1.7638928354112662, 2.482032130572494, 2.482032649067805, 3.7560625530267573, 3.756060992346086, 4.8679571408126305, 4.867962907238523, 8.246454807583454, 9.088796589824478, 8.246441540635367], [1.087550881164359, 2.16050457257546, 2.7732260372378703, 4.183658621055389, 5.066456079266007, 6.328302844253583, 7.311581722181577, 6.801023680000562, 1.763892836985159, 0.0, 1.7633866690711757, 3.0569225811060883, 2.4973156169339084, 2.563946710378931, 3.1118191373956594, 4.74328762877968, 4.401677820744503, 7.178963437873749, 8.292983418755318, 7.392060967754729], [1.087550877593818, 2.1605044907066993, 2.773225312472965, 4.183656850738578, 5.0664519460130615, 6.328297100744809, 7.311574061234449, 6.801017926528372, 1.7638928354112662, 1.7633866690711757, 0.0, 2.4973158383456084, 3.0569225887601306, 3.111820593323182, 2.563944106660933, 4.401673427718086, 4.743289805105732, 7.3920672067965185, 8.292974002550253, 7.178942743590246], [2.150327956937545, 1.092035461185281, 2.150416149808845, 2.743082951636379, 4.051566794996729, 5.014976595275192, 6.328110687358905, 5.086576598766147, 2.482032130572494, 3.0569225811060883, 2.4973158383456084, 0.0, 1.7626252377165381, 3.0551932463472706, 2.4951842621354405, 2.5568792658745374, 3.1081108121769105, 6.644904365003755, 7.121171752973033, 6.407084448972909], [2.1503280364786153, 1.0920354667316012, 2.150416277441395, 2.743084896409154, 4.051571087250721, 5.014983039009726, 6.328118653408988, 5.086583644097514, 2.482032649067805, 2.4973156169339084, 3.0569225887601306, 1.7626252377165381, 0.0, 2.4951832446090147, 3.055193337068336, 3.108106803355473, 2.556886380538881, 6.407100853544642, 7.121181879799177, 6.644902162881274], [2.7599555477943034, 2.1578614543552708, 1.091453001964555, 2.139606143457933, 2.62247664994271, 3.8903897189075582, 4.77846620733054, 4.538906387053072, 3.7560625530267573, 2.563946710378931, 3.111820593323182, 3.0551932463472706, 2.4951832446090147, 0.0, 1.7634287879790236, 3.0621704395205036, 2.5005529321469213, 4.62100698538485, 5.765225749279788, 4.945597483488956], [2.759953905513649, 2.1578614200095263, 1.0914530383950125, 2.139605800616416, 2.6224718305349217, 3.8903835531124997, 4.77845734379386, 4.5389009867809085, 3.756060992346086, 3.1118191373956594, 2.563944106660933, 2.4951842621354405, 3.055193337068336, 1.7634287879790236, 0.0, 2.5005559775179034, 3.062170096843114, 4.945598664817824, 5.765215146073605, 4.620988935428232], [4.1977287811152015, 2.7834515200371306, 2.1732069786011836, 1.096101605960304, 2.0628855705365505, 2.6223827353473164, 4.011319002215708, 2.615943459750009, 4.8679571408126305, 4.74328762877968, 4.401673427718086, 2.5568792658745374, 3.108106803355473, 3.0621704395205036, 2.5005559775179034, 0.0, 1.7716134561739978, 4.545212676862671, 4.674603874306075, 4.187983443751941], [4.197733036473438, 2.7834560121297085, 2.1732069800679072, 1.096101542198544, 2.0628856370141304, 2.622386267002068, 4.011322755093866, 2.6159499597027636, 4.867962907238523, 4.401677820744503, 4.743289805105732, 3.1081108121769105, 2.556886380538881, 2.5005529321469213, 3.062170096843114, 1.7716134561739978, 0.0, 4.187987904269811, 4.6746107793739275, 4.545211954882361], [7.268374296597055, 6.242617895500748, 4.81478951942621, 3.9634081804965215, 2.6077681316898684, 2.1308497265559554, 1.0870087324565476, 3.1011891138726595, 8.246454807583454, 7.178963437873749, 7.3920672067965185, 6.644904365003755, 6.407100853544642, 4.62100698538485, 4.945598664817824, 4.545212676862671, 4.187987904269811, 0.0, 1.7804904282906324, 1.7609546709511985], [8.185493433565659, 6.967918683104866, 5.6634022884490705, 4.473734621789518, 3.2668006153924956, 2.1319218910524698, 1.0853816177021294, 2.5677530465914393, 9.088796589824478, 8.292983418755318, 8.292974002550253, 7.121171752973033, 7.121181879799177, 5.765225749279788, 5.765215146073605, 4.674603874306075, 4.6746107793739275, 1.7804904282906324, 0.0, 1.7804907272009936], [7.268361400695455, 6.242607737024815, 4.814780632524953, 3.9634036982119594, 2.607763770983755, 2.1308502723437193, 1.0870087728707987, 3.1011914100877194, 8.246441540635367, 7.392060967754729, 7.178942743590246, 6.407084448972909, 6.644902162881274, 4.945597483488956, 4.620988935428232, 4.187983443751941, 4.545211954882361, 1.7609546709511985, 1.7804907272009936, 0.0]]}