{"total energy": -32.50705647, "HOMO-LUMO gap/eV": 3.84089518, "electronic energy": -32.95661782, "dipole": [0.37670009, -1.09291606, -0.24224733], "partial charges": [-0.10244312, -0.05291692, -0.05954291, -0.05857735, -0.05944847, -0.05976495, -0.05701993, -0.08350639, 0.21479296, -0.320092, 0.03373597, 0.03303112, 0.03373594, 0.02855741, 0.02855743, 0.03088002, 0.03088, 0.02886796, 0.02886794, 0.03250114, 0.03250108, 0.03009256, 0.0300925, 0.04742336, 0.04742338, 0.06425012, 0.06425063, 0.01287052], "atomic dipole moments": [[-0.07979493, -0.05531711, -0.00871485], [0.00161938, 0.11035756, 0.02304024], [-0.00405868, -0.11240954, -0.0233819], [-0.00179222, 0.110796, 0.02325395], [-0.00632444, -0.1136643, -0.02356288], [-0.00571368, 0.11264459, 0.023781], [-0.02228663, -0.12784037, -0.02595663], [-0.00263959, 0.08794341, 0.01849848], [0.05333841, 0.05413565, 0.00943139], [0.00076467, -0.16618087, -0.03480943], [0.00104722, 0.09134469, -0.08306181], [0.10016438, -0.07002103, -0.01825046], [0.00806163, 0.05043093, 0.11240974], [-0.00374133, -0.05051897, -0.11098852], [0.0031632, -0.09079342, 0.08143201], [0.00433548, 0.05074508, 0.11100934], [-0.00256909, 0.09101706, -0.08140166], [-0.00399172, -0.05073615, -0.11067581], [0.00288906, -0.09087009, 0.08107715], [-0.00259617, 0.09130533, -0.08150045], [0.00431934, 0.05096975, 0.11121673], [-0.00307851, -0.05066792, -0.11078727], [0.00380821, -0.09083833, 0.08114448], [-0.00440546, 0.09446437, -0.0824631], [0.00262535, 0.05345345, 0.11348519], [0.0009227, -0.09725422, 0.08532464], [-0.00633561, -0.05491437, -0.11697905], [-0.11127558, -0.06535862, -0.00969405]], "atomic quadrupole moments": [[0.1311011, 0.15675206, -0.00735044, 0.02354877, 0.01941192, -0.12375065], [0.22190879, 0.00524774, 0.00464167, -0.01539287, 0.05053049, -0.22655046], [0.22616276, 0.00351824, 0.00992765, -0.01627668, 0.05384693, -0.23609041], [0.22386823, -0.0016673, 0.0087434, -0.01714926, 0.05302726, -0.23261163], [0.22820284, 0.00575199, 0.00882336, -0.01591434, 0.05372262, -0.2370262], [0.22536911, -0.00608726, 0.00846916, -0.01817569, 0.05340813, -0.23383827], [0.24855848, 0.02007631, 0.00307476, -0.01417835, 0.05510914, -0.25163324], [0.19970621, -0.00722174, 0.01991652, -0.0169721, 0.05283191, -0.21962273], [-0.39558792, -0.08562466, -0.28987027, 0.02246666, -0.21044661, 0.68545819], [-0.1433288, 0.00441814, -0.13043264, 0.01657464, -0.08875877, 0.27376144], [-0.03672941, 0.00273464, 0.01957941, 0.01400762, -0.06572374, 0.01715001], [0.03799215, -0.05508909, 0.01378226, -0.01489508, 0.01653469, -0.05177441], [-0.03817475, 0.01109916, -0.02882584, -0.0052352, 0.04469116, 0.06700059], [-0.01786267, 0.00085005, -0.03004033, 0.00222038, 0.03065667, 0.047903], [-0.0178955, -0.00205925, 0.00501501, 0.00113608, -0.04942059, 0.01288049], [-0.02062012, 0.00099781, -0.02825561, 0.00251417, 0.03022177, 0.04887574], [-0.02066949, -0.00182535, 0.00635613, 0.00120626, -0.04884501, 0.01431336], [-0.02056848, 0.00126747, -0.02849903, 0.00300128, 0.03005398, 0.04906751], [-0.02067595, -0.00138258, 0.00607191, 0.00088613, -0.04892626, 0.01460404], [-0.02020005, -0.00184564, 0.00597649, 0.00112118, -0.04858804, 0.01422355], [-0.02014306, 0.00093484, -0.02840108, 0.00253269, 0.02994586, 0.04854414], [-0.02107034, 0.00174384, -0.0279512, 0.00386135, 0.02969373, 0.04902153], [-0.02127885, -0.00058218, 0.00628138, 0.00034533, -0.04852619, 0.01499747], [-0.01752106, -0.00117292, 0.00284841, 0.00034765, -0.0474306, 0.01467265], [-0.01735251, 0.00116027, -0.0300954, 0.0032819, 0.02784198, 0.04744792], [-0.01843634, 0.01132962, 0.01162443, 0.01861769, -0.0607341, 0.00681191], [-0.02041559, 0.02095032, -0.03321486, -0.00813842, 0.04148252, 0.05363044], [0.02215401, -0.02284593, 0.05280106, -0.00849832, 0.0288841, -0.07495507]], "number of molecular orbitals": 58, "number of electrons": 60, "number of unpaired electrons": 0, "orbital energies/eV": [-19.56681051, -17.63303435, -17.10306662, -16.92711509, -16.665567, -16.30200006, -15.84309253, -15.48301318, -15.25874779, -15.16203949, -14.9908347, -14.98540061, -14.33202567, -14.16750968, -13.98753604, -13.53662806, -13.51448313, -13.46002808, -12.9445877, -12.91689943, -12.67734178, -12.36831132, -12.30576001, -12.00835888, -11.83085912, -11.7593163, -11.57317962, -11.57237803, -11.44202657, -10.95228968, -7.11139449, 0.83341787, 2.29165026, 2.74059475, 2.78289878, 3.03797616, 3.4807312, 3.54787388, 3.78362788, 3.99338785, 4.2272201, 4.33782883, 4.51990864, 4.79649338, 4.99096331, 5.13725219, 5.62976353, 5.69467558, 5.83796354, 6.60112639, 6.67940382, 6.8765896, 7.22797051, 7.46948113, 7.52519907, 8.18524367, 8.66814146, 16.9255507], "fractional occupation": [2.0, 2.0, 2.0, 2.0, 2.0, 2.0, 2.0, 2.0, 2.0, 2.0, 2.0, 2.0, 2.0, 2.0, 2.0, 2.0, 2.0, 2.0, 2.0, 2.0, 2.0, 2.0, 2.0, 2.0, 2.0, 2.0, 2.0, 2.0, 2.0, 2.0, 0.0, 0.0, 0.0, 0.0, 0.0, 0.0, 0.0, 0.0, 0.0, 0.0, 0.0, 0.0, 0.0, 0.0, 0.0, 0.0, 0.0, 0.0, 0.0, 0.0, 0.0, 0.0, 0.0, 0.0, 0.0, 0.0, 0.0, 0.0], "program call": "xtb /tmp/scratch/tmpae1ufkp4/6770_0_xyzopt.xyz --pop --wbo --acc 0.2 --gfn 2 --chrg 0 --uhf 0 --etemp 300 --input /tmp/scratch/tmpae1ufkp4/6770_0_xtb.inp", "method": "GFN2-xTB", "xtb version": "6.3.3 (7355c4f)", "Dipole module/D": 3.002, "Total charge": 0, "Transition dipole module/D": NaN, "HOMO": -10.9523, "LUMO": -7.1114, "HOMO occupancy": 2.0, "LUMO occupancy": 0, "mulliken charges": [-0.08559, -0.0393, -0.04721, -0.046, -0.04521, -0.0487, -0.03753, -0.08733, 0.39553, -0.46698, 0.02812, 0.02961, 0.02812, 0.02212, 0.02212, 0.0237, 0.0237, 0.02262, 0.02262, 0.02573, 0.02573, 0.02257, 0.02257, 0.03885, 0.03885, 0.0502, 0.0502, 0.0109], "cm5 charges": [-0.23826, -0.15291, -0.1592, -0.15792, -0.15722, -0.16035, -0.14729, -0.19178, 0.37842, -0.52525, 0.08028, 0.08118, 0.08028, 0.07733, 0.07733, 0.07968, 0.07968, 0.07857, 0.07857, 0.08177, 0.08177, 0.07851, 0.07851, 0.09687, 0.09687, 0.10625, 0.10625, 0.07208], "FUKUI+": [0.003, 0.001, 0.002, 0.004, 0.004, 0.007, 0.016, 0.035, -0.17, -0.334, -0.004, -0.009, -0.004, -0.004, -0.004, -0.005, -0.005, -0.008, -0.008, -0.01, -0.01, -0.019, -0.019, -0.025, -0.025, -0.111, -0.111, -0.189], "FUKUI-": [0.015, 0.004, 0.004, 0.005, 0.001, -0.001, 0.002, -0.007, -0.009, -0.137, -0.051, -0.054, -0.051, -0.066, -0.066, -0.058, -0.058, -0.043, -0.043, -0.034, -0.034, -0.03, -0.03, -0.026, -0.026, -0.047, -0.047, -0.114], "FUKUIrad": [0.009, 0.003, 0.003, 0.004, 0.003, 0.003, 0.009, 0.014, -0.089, -0.235, -0.027, -0.032, -0.027, -0.035, -0.035, -0.031, -0.031, -0.025, -0.025, -0.022, -0.022, -0.025, -0.025, -0.025, -0.025, -0.079, -0.079, -0.152], "s proportion": [1.005, 1.026, 1.03, 1.03, 1.03, 1.031, 1.026, 1.041, 1.046, 1.725, 0.972, 0.97, 0.972, 0.978, 0.978, 0.976, 0.976, 0.977, 0.977, 0.974, 0.974, 0.977, 0.977, 0.961, 0.961, 0.95, 0.95, 0.989], "p proportion": [3.081, 3.013, 3.017, 3.016, 3.015, 3.018, 3.011, 3.047, 2.558, 4.742, 0.0, 0.0, 0.0, 0.0, 0.0, 0.0, 0.0, 0.0, 0.0, 0.0, 0.0, 0.0, 0.0, 0.0, 0.0, 0.0, 0.0, 0.0], "d proportion": [0.0, 0.0, 0.0, 0.0, 0.0, 0.0, 0.0, 0.0, 0.0, 0.0, 0.0, 0.0, 0.0, 0.0, 0.0, 0.0, 0.0, 0.0, 0.0, 0.0, 0.0, 0.0, 0.0, 0.0, 0.0, 0.0, 0.0, 0.0], "Fermi-level/eV": -9.0318, "Coordination numbers": [3.752, 3.801, 3.803, 3.803, 3.803, 3.803, 3.804, 3.803, 2.757, 0.856, 0.925, 0.925, 0.925, 0.924, 0.924, 0.924, 0.924, 0.924, 0.924, 0.924, 0.924, 0.924, 0.924, 0.924, 0.924, 0.924, 0.924, 0.922], "Dispersion coefficient C6": [22.517, 21.524, 21.644, 21.626, 21.642, 21.648, 21.597, 22.091, 23.458, 20.148, 2.534, 2.544, 2.534, 2.607, 2.607, 2.574, 2.574, 2.603, 2.603, 2.551, 2.551, 2.585, 2.585, 2.352, 2.352, 2.15, 2.15, 2.845], "Total dispersion C6": 5634.319188, "Total dispersion C8": 119453.103104, "Polarizability alpha": [6.767, 6.605, 6.623, 6.621, 6.623, 6.624, 6.616, 6.692, 7.931, 6.018, 2.489, 2.494, 2.489, 2.525, 2.525, 2.509, 2.509, 2.523, 2.523, 2.498, 2.498, 2.514, 2.514, 2.399, 2.399, 2.293, 2.293, 2.638], "Total polarizability alpha": 111.752273, "Wiberg matrix": [[0.0, 1.019129542452719, 0.0, 0.0, 0.0, 0.0, 0.0, 0.0, 0.0, 0.0, 0.9879755133164158, 0.9875077321096108, 0.9879755427396948, 0.0, 0.0, 0.0, 0.0, 0.0, 0.0, 0.0, 0.0, 0.0, 0.0, 0.0, 0.0, 0.0, 0.0, 0.0], [1.019129542452719, 0.0, 1.0077477461446032, 0.0, 0.0, 0.0, 0.0, 0.0, 0.0, 0.0, 0.0, 0.0, 0.0, 0.978639679702423, 0.9786396573982987, 0.0, 0.0, 0.0, 0.0, 0.0, 0.0, 0.0, 0.0, 0.0, 0.0, 0.0, 0.0, 0.0], [0.0, 1.0077477461446032, 0.0, 1.0070438502332335, 0.0, 0.0, 0.0, 0.0, 0.0, 0.0, 0.0, 0.0, 0.0, 0.0, 0.0, 0.9774553815694778, 0.9774553817601279, 0.0, 0.0, 0.0, 0.0, 0.0, 0.0, 0.0, 0.0, 0.0, 0.0, 0.0], [0.0, 0.0, 1.0070438502332335, 0.0, 1.0069099657794607, 0.0, 0.0, 0.0, 0.0, 0.0, 0.0, 0.0, 0.0, 0.0, 0.0, 0.0, 0.0, 0.9775079161910152, 0.9775079287041278, 0.0, 0.0, 0.0, 0.0, 0.0, 0.0, 0.0, 0.0, 0.0], [0.0, 0.0, 0.0, 1.0069099657794607, 0.0, 1.0067488560343845, 0.0, 0.0, 0.0, 0.0, 0.0, 0.0, 0.0, 0.0, 0.0, 0.0, 0.0, 0.0, 0.0, 0.9773158004819832, 0.9773158274676905, 0.0, 0.0, 0.0, 0.0, 0.0, 0.0, 0.0], [0.0, 0.0, 0.0, 0.0, 1.0067488560343845, 0.0, 1.0074439125360233, 0.0, 0.0, 0.0, 0.0, 0.0, 0.0, 0.0, 0.0, 0.0, 0.0, 0.0, 0.0, 0.0, 0.0, 0.9772928491825036, 0.9772928753297572, 0.0, 0.0, 0.0, 0.0, 0.0], [0.0, 0.0, 0.0, 0.0, 0.0, 1.0074439125360233, 0.0, 1.00642934802637, 0.0, 0.0, 0.0, 0.0, 0.0, 0.0, 0.0, 0.0, 0.0, 0.0, 0.0, 0.0, 0.0, 0.0, 0.0, 0.9757501788893892, 0.9757501828225421, 0.0, 0.0, 0.0], [0.0, 0.0, 0.0, 0.0, 0.0, 0.0, 1.00642934802637, 0.0, 1.0145723330229803, 0.0, 0.0, 0.0, 0.0, 0.0, 0.0, 0.0, 0.0, 0.0, 0.0, 0.0, 0.0, 0.0, 0.0, 0.0, 0.0, 0.9436887870745051, 0.9436880978503577, 0.0], [0.0, 0.0, 0.0, 0.0, 0.0, 0.0, 0.0, 1.0145723330229803, 0.0, 1.926418122327881, 0.0, 0.0, 0.0, 0.0, 0.0, 0.0, 0.0, 0.0, 0.0, 0.0, 0.0, 0.0, 0.0, 0.0, 0.0, 0.0, 0.0, 0.9302100776407068], [0.0, 0.0, 0.0, 0.0, 0.0, 0.0, 0.0, 0.0, 1.926418122327881, 0.0, 0.0, 0.0, 0.0, 0.0, 0.0, 0.0, 0.0, 0.0, 0.0, 0.0, 0.0, 0.0, 0.0, 0.0, 0.0, 0.0, 0.0, 0.0], [0.9879755133164158, 0.0, 0.0, 0.0, 0.0, 0.0, 0.0, 0.0, 0.0, 0.0, 0.0, 0.0, 0.0, 0.0, 0.0, 0.0, 0.0, 0.0, 0.0, 0.0, 0.0, 0.0, 0.0, 0.0, 0.0, 0.0, 0.0, 0.0], [0.9875077321096108, 0.0, 0.0, 0.0, 0.0, 0.0, 0.0, 0.0, 0.0, 0.0, 0.0, 0.0, 0.0, 0.0, 0.0, 0.0, 0.0, 0.0, 0.0, 0.0, 0.0, 0.0, 0.0, 0.0, 0.0, 0.0, 0.0, 0.0], [0.9879755427396948, 0.0, 0.0, 0.0, 0.0, 0.0, 0.0, 0.0, 0.0, 0.0, 0.0, 0.0, 0.0, 0.0, 0.0, 0.0, 0.0, 0.0, 0.0, 0.0, 0.0, 0.0, 0.0, 0.0, 0.0, 0.0, 0.0, 0.0], [0.0, 0.978639679702423, 0.0, 0.0, 0.0, 0.0, 0.0, 0.0, 0.0, 0.0, 0.0, 0.0, 0.0, 0.0, 0.0, 0.0, 0.0, 0.0, 0.0, 0.0, 0.0, 0.0, 0.0, 0.0, 0.0, 0.0, 0.0, 0.0], [0.0, 0.9786396573982987, 0.0, 0.0, 0.0, 0.0, 0.0, 0.0, 0.0, 0.0, 0.0, 0.0, 0.0, 0.0, 0.0, 0.0, 0.0, 0.0, 0.0, 0.0, 0.0, 0.0, 0.0, 0.0, 0.0, 0.0, 0.0, 0.0], [0.0, 0.0, 0.9774553815694778, 0.0, 0.0, 0.0, 0.0, 0.0, 0.0, 0.0, 0.0, 0.0, 0.0, 0.0, 0.0, 0.0, 0.0, 0.0, 0.0, 0.0, 0.0, 0.0, 0.0, 0.0, 0.0, 0.0, 0.0, 0.0], [0.0, 0.0, 0.9774553817601279, 0.0, 0.0, 0.0, 0.0, 0.0, 0.0, 0.0, 0.0, 0.0, 0.0, 0.0, 0.0, 0.0, 0.0, 0.0, 0.0, 0.0, 0.0, 0.0, 0.0, 0.0, 0.0, 0.0, 0.0, 0.0], [0.0, 0.0, 0.0, 0.9775079161910152, 0.0, 0.0, 0.0, 0.0, 0.0, 0.0, 0.0, 0.0, 0.0, 0.0, 0.0, 0.0, 0.0, 0.0, 0.0, 0.0, 0.0, 0.0, 0.0, 0.0, 0.0, 0.0, 0.0, 0.0], [0.0, 0.0, 0.0, 0.9775079287041278, 0.0, 0.0, 0.0, 0.0, 0.0, 0.0, 0.0, 0.0, 0.0, 0.0, 0.0, 0.0, 0.0, 0.0, 0.0, 0.0, 0.0, 0.0, 0.0, 0.0, 0.0, 0.0, 0.0, 0.0], [0.0, 0.0, 0.0, 0.0, 0.9773158004819832, 0.0, 0.0, 0.0, 0.0, 0.0, 0.0, 0.0, 0.0, 0.0, 0.0, 0.0, 0.0, 0.0, 0.0, 0.0, 0.0, 0.0, 0.0, 0.0, 0.0, 0.0, 0.0, 0.0], [0.0, 0.0, 0.0, 0.0, 0.9773158274676905, 0.0, 0.0, 0.0, 0.0, 0.0, 0.0, 0.0, 0.0, 0.0, 0.0, 0.0, 0.0, 0.0, 0.0, 0.0, 0.0, 0.0, 0.0, 0.0, 0.0, 0.0, 0.0, 0.0], [0.0, 0.0, 0.0, 0.0, 0.0, 0.9772928491825036, 0.0, 0.0, 0.0, 0.0, 0.0, 0.0, 0.0, 0.0, 0.0, 0.0, 0.0, 0.0, 0.0, 0.0, 0.0, 0.0, 0.0, 0.0, 0.0, 0.0, 0.0, 0.0], [0.0, 0.0, 0.0, 0.0, 0.0, 0.9772928753297572, 0.0, 0.0, 0.0, 0.0, 0.0, 0.0, 0.0, 0.0, 0.0, 0.0, 0.0, 0.0, 0.0, 0.0, 0.0, 0.0, 0.0, 0.0, 0.0, 0.0, 0.0, 0.0], [0.0, 0.0, 0.0, 0.0, 0.0, 0.0, 0.9757501788893892, 0.0, 0.0, 0.0, 0.0, 0.0, 0.0, 0.0, 0.0, 0.0, 0.0, 0.0, 0.0, 0.0, 0.0, 0.0, 0.0, 0.0, 0.0, 0.0, 0.0, 0.0], [0.0, 0.0, 0.0, 0.0, 0.0, 0.0, 0.9757501828225421, 0.0, 0.0, 0.0, 0.0, 0.0, 0.0, 0.0, 0.0, 0.0, 0.0, 0.0, 0.0, 0.0, 0.0, 0.0, 0.0, 0.0, 0.0, 0.0, 0.0, 0.0], [0.0, 0.0, 0.0, 0.0, 0.0, 0.0, 0.0, 0.9436887870745051, 0.0, 0.0, 0.0, 0.0, 0.0, 0.0, 0.0, 0.0, 0.0, 0.0, 0.0, 0.0, 0.0, 0.0, 0.0, 0.0, 0.0, 0.0, 0.0, 0.0], [0.0, 0.0, 0.0, 0.0, 0.0, 0.0, 0.0, 0.9436880978503577, 0.0, 0.0, 0.0, 0.0, 0.0, 0.0, 0.0, 0.0, 0.0, 0.0, 0.0, 0.0, 0.0, 0.0, 0.0, 0.0, 0.0, 0.0, 0.0, 0.0], [0.0, 0.0, 0.0, 0.0, 0.0, 0.0, 0.0, 0.0, 0.9302100776407068, 0.0, 0.0, 0.0, 0.0, 0.0, 0.0, 0.0, 0.0, 0.0, 0.0, 0.0, 0.0, 0.0, 0.0, 0.0, 0.0, 0.0, 0.0, 0.0]], "Born radii": [], "Atomic SASAs": [], "Solvent H bonds": [], "Total SASA": NaN, "Total FOD": 0.0, "FOD": [0.0, 0.0, 0.0, 0.0, 0.0, 0.0, 0.0, 0.0, 0.0, 0.0, 0.0, 0.0, 0.0, 0.0, 0.0, 0.0, 0.0, 0.0, 0.0, 0.0, 0.0, 0.0, 0.0, 0.0, 0.0, 0.0, 0.0, 0.0], "FOD s proportion": [0.0, 0.0, 0.0, 0.0, 0.0, 0.0, 0.0, 0.0, 0.0, 0.0, 0.0, 0.0, 0.0, 0.0, 0.0, 0.0, 0.0, 0.0, 0.0, 0.0, 0.0, 0.0, 0.0, 0.0, 0.0, 0.0, 0.0, 0.0], "FOD p proportion": [0.0, 0.0, 0.0, 0.0, 0.0, 0.0, 0.0, 0.0, 0.0, 0.0, 0.0, 0.0, 0.0, 0.0, 0.0, 0.0, 0.0, 0.0, 0.0, 0.0, 0.0, 0.0, 0.0, 0.0, 0.0, 0.0, 0.0, 0.0], "FOD d proportion": [0.0, 0.0, 0.0, 0.0, 0.0, 0.0, 0.0, 0.0, 0.0, 0.0, 0.0, 0.0, 0.0, 0.0, 0.0, 0.0, 0.0, 0.0, 0.0, 0.0, 0.0, 0.0, 0.0, 0.0, 0.0, 0.0, 0.0, 0.0], "coordinates": [["4.88232596864837", "0.34422407408391", "-0.16352409712976"], ["3.61319887244132", "-0.48909986215464", "-0.29240262204221"], ["2.35689863149754", "0.35001913014683", "-0.07169230168241"], ["1.08140424269637", "-0.47903955192573", "-0.19944581163481"], ["-0.17408901388485", "0.36124459393651", "0.02147693351853"], ["-1.44967996092001", "-0.46796900246209", "-0.10630441480249"], ["-2.70085826234283", "0.37664545596513", "0.11536278340960"], ["-3.97804881854383", "-0.44798735882819", "-0.01139790542608"], ["-5.22203265548721", "0.36154153867556", "0.20268033661457"], ["-5.26562124355307", "1.53277877799723", "0.44935839377128"], ["4.88683025646239", "1.14785286587061", "-0.89680950485909"], ["5.76402726513859", "-0.27194612750577", "-0.32413339277693"], ["4.94872709478138", "0.78682378412096", "0.82806224691702"], ["3.57494592445938", "-0.94037161039562", "-1.28663801517692"], ["3.63682697851521", "-1.30132516533603", "0.43790233088367"], ["2.39563461381587", "0.80162084658356", "0.92244692433283"], ["2.33376090044175", "1.16251185401533", "-0.80181397693834"], ["1.04336507283696", "-0.93098872624555", "-1.19369219488217"], ["1.10523794769371", "-1.29188135040440", "0.53058912996311"], ["-0.19803152573323", "1.17365747257003", "-0.70831546891467"], ["-0.13618042498056", "0.81289819676867", "1.01533652194209"], ["-1.48712513286752", "-0.91963326141895", "-1.10091574529966"], ["-1.42522826940168", "-1.28068064705460", "0.62414502293627"], ["-2.73090195094522", "1.18978030604867", "-0.61221541091089"], ["-2.66918060295760", "0.82977042586688", "1.10790257711907"], ["-3.98591505359377", "-1.26634587472345", "0.71488269598646"], ["-4.04753358729439", "-0.90695999940305", "-1.00224245565637"], ["-6.15275626692305", "-0.23713978479183", "0.11074842073830"]], "bond_dist": [[0.0, 1.5237198046946356, 2.5271030640950496, 3.8892234873169036, 5.059826830537129, 6.384139000501478, 7.5883800721427805, 8.897021001557214, 10.11100730822686, 10.235678768575855, 1.0879094690212199, 1.0875928647282864, 1.087909504773569, 2.14960776083412, 2.1496078205317497, 2.751759212058405, 2.7517617571901387, 4.174330455931833, 4.174329652783132, 5.176368386428346, 5.176366893427015, 6.560940923462508, 6.560943412454261, 7.67316939681097, 7.673169654629653, 9.056005349091418, 9.056009151913397, 11.053788911332099], [1.5237198046946356, 0.0, 1.526801894205584, 2.5335205200764386, 3.894246474392307, 5.066341987792313, 6.386165131207321, 7.5965581281642045, 8.889882680939102, 9.136282027842052, 2.1603376625308255, 2.1619956894305066, 2.160337544543409, 1.09252619911447, 1.0925262261350122, 2.150414400104181, 2.150414544612596, 2.7589190672991073, 2.7589203580035027, 4.178902080492433, 4.178902455200965, 5.1819260355095, 5.181930893807699, 6.570276561637578, 6.5702789408317885, 7.704885952227371, 7.704888156445555, 9.777519850552952], [2.5271030640950496, 1.526801894205584, 0.0, 1.52661232586676, 2.5327267871808674, 3.8936285343770587, 5.0612847542175645, 6.385296309917952, 7.583904836123714, 7.731314471508551, 2.77811286592794, 3.4726204532566736, 2.778116508814397, 2.1505442469077547, 2.1505444067173607, 1.0925920498140866, 1.0925920746629048, 2.150636021786765, 2.150635854420643, 2.7588652168044963, 2.7588642365214175, 4.1770607840087015, 4.1770629921277, 5.18488947142241, 5.184889377302174, 6.592618713357288, 6.592622556030722, 8.53183841260504], [3.8892234873169036, 2.5335205200764386, 1.52661232586676, 0.0, 1.526809622197358, 2.532821573397081, 3.890605472322839, 5.063041727323456, 6.371938381557417, 6.689775213911643, 4.196946771875689, 4.688858395135746, 4.196947562002073, 2.759087580035167, 2.7590852910943426, 2.1507988831361775, 2.1507988337167636, 1.0928087230674983, 1.092808698172657, 2.1511187016095374, 2.1511187060304304, 2.757555803838126, 2.757559946564332, 4.1819872040136925, 4.181988767559768, 5.208989606086828, 5.208992380963116, 7.2448474268319885], [5.059826830537129, 3.894246474392307, 2.5327267871808674, 1.526809622197358, 0.0, 1.5267794620013377, 2.52855978262605, 3.889221940680705, 5.051194885397262, 5.242067849065012, 5.2033553037780775, 5.9817724739884435, 5.203358761234748, 4.178592159005974, 4.1785917504763255, 2.7584701722162466, 2.7584684769094348, 2.15144077717294, 2.1514409336636415, 1.0923300233411302, 1.0923300415009345, 2.15045977771214, 2.150459662421351, 2.761399972614061, 2.76139804666413, 4.202366005252216, 4.2023704193723805, 6.009200894102965], [6.384139000501478, 5.066341987792313, 3.8936285343770587, 2.532821573397081, 1.5267794620013377, 0.0, 1.525764422215565, 2.5302283675206683, 3.8748166623306393, 4.344325115636286, 6.58689155388026, 7.219656942988467, 6.5868929584625135, 5.182973752603797, 5.18297176542309, 4.178113435660723, 4.178112746897043, 2.758998548245254, 2.7589980906501195, 2.1503438325312434, 2.150344205926033, 1.0930024896927633, 1.093002508490827, 2.1553673685883474, 2.155367267776167, 2.7828478841642803, 2.782851331370546, 4.713737455696251], [7.5883800721427805, 6.386165131207321, 5.0612847542175645, 3.890605472322839, 2.52855978262605, 1.525764422215565, 0.0, 1.5255501526718382, 2.5227312191476376, 2.8330560311861617, 7.693651322268298, 8.501065517004104, 7.693656017921622, 6.563981899990803, 6.563982889818072, 5.177473180026861, 5.1774693933991, 4.176450702975091, 4.176453397621048, 2.752783262709295, 2.7527879673821514, 2.1523986810365794, 2.152398907707253, 1.0915406252155178, 1.0915406334852704, 2.170303111326655, 2.170303864962703, 3.506045271832474], [8.897021001557214, 7.5965581281642045, 6.385296309917952, 5.063041727323456, 3.889221940680705, 2.5302283675206683, 1.5255501526718382, 0.0, 1.4995540391013678, 2.4069843384801075, 9.050786746888933, 9.748684035316309, 9.050788922124216, 7.675702520065709, 7.675701239561057, 6.5618158560749285, 6.561814322986844, 5.181284355867711, 5.181284721317108, 4.171804979076396, 4.1718064099519605, 2.7593839509384512, 2.759381394836736, 2.1444439625166742, 2.1444427090380707, 1.0941919622170115, 1.0941923691041004, 2.188316455750523], [10.11100730822686, 8.889882680939102, 7.583904836123714, 6.371938381557417, 5.051194885397262, 3.8748166623306393, 2.5227312191476376, 1.4995540391013678, 0.0, 1.1977256362231006, 10.198836835020412, 11.01691208589139, 10.198839219230209, 9.01664456085225, 9.016642893940947, 7.664240886340657, 7.6642402449188145, 6.547953835095763, 6.547952711555442, 5.170109573263068, 5.170108878825041, 4.1581613503687525, 4.1581546069523325, 2.7487754950571492, 2.7487668503547273, 2.107215084740957, 2.107221665755077, 1.1104581239783515], [10.235678768575855, 9.136282027842052, 7.731314471508551, 6.689775213911643, 5.242067849065012, 4.344325115636286, 2.8330560311861617, 2.4069843384801075, 1.1977256362231006, 0.0, 10.248541722083955, 11.203056179172025, 10.248550016373638, 9.342686135562321, 9.342690230848966, 7.710593102381157, 7.71058615584376, 6.969438563631491, 6.969444031497616, 5.210531876163057, 5.210539550184369, 4.763896259975798, 4.763897826156559, 2.7693661344908627, 2.7693690950687757, 3.089215095967853, 3.0892082911871532, 2.008550965853827], [1.0879094690212199, 2.1603376625308255, 2.77811286592794, 4.196946771875689, 5.2033553037780775, 6.58689155388026, 7.693651322268298, 9.050786746888933, 10.198836835020412, 10.248541722083955, 0.0, 1.7644437375480675, 1.7633365465894677, 2.4967355148851813, 3.056540022295755, 3.104130521784922, 2.5548781131220357, 4.379719889957376, 4.72125092517796, 5.088419717687127, 5.38508434140587, 6.703988779009804, 6.932038699614664, 7.6231617910369245, 7.823895901527624, 9.335497664638769, 9.168218437135778, 11.171653781922195], [1.0875928647282864, 2.1619956894305066, 3.4726204532566736, 4.688858395135746, 5.9817724739884435, 7.219656942988467, 8.501065517004104, 9.748684035316309, 11.01691208589139, 11.203056179172025, 1.7644437375480675, 0.0, 1.7644440726983444, 2.482999172458131, 2.483002357443479, 3.7486767783240116, 3.7486765363265007, 4.845113124695688, 4.845114689470921, 6.146829317785679, 6.146829885956581, 7.321345542025535, 7.321350450945157, 8.624584500252647, 8.624587023711383, 9.855443191890659, 9.855445240051642, 11.924766807918505], [1.087909504773569, 2.160337544543409, 2.778116508814397, 4.196947562002073, 5.203358761234748, 6.5868929584625135, 7.693656017921622, 9.050788922124216, 10.198839219230209, 10.248550016373638, 1.7633365465894677, 1.7644440726983444, 0.0, 3.0565398465046623, 2.4967324066180323, 2.5548793781216035, 3.104140175393027, 4.72125230909684, 4.379716214024954, 5.385092486305576, 5.088421760586735, 6.9320376253207385, 6.703988647944192, 7.823904138610722, 7.623166842967275, 9.168213870665857, 9.33550347166416, 11.17165938193105], [2.14960776083412, 1.09252619911447, 2.1505442469077547, 2.759087580035167, 4.178592159005974, 5.182973752603797, 6.563981899990803, 7.675702520065709, 9.01664456085225, 9.342686135562321, 2.4967355148851813, 2.482999172458131, 3.0565398465046623, 0.0, 1.7629963524823187, 3.0504703174351437, 2.489520732348419, 2.5333038847178475, 3.086313510461114, 4.363362782396367, 4.705900611760262, 5.0655193445562245, 5.363640930200952, 6.690000782064302, 6.9178279515386345, 7.828088087628222, 7.627856256978767, 9.852685612362166], [2.1496078205317497, 1.0925262261350122, 2.1505444067173607, 2.7590852910943426, 4.1785917504763255, 5.18297176542309, 6.563982889818072, 7.675701239561057, 9.016642893940947, 9.342690230848966, 3.056540022295755, 2.483002357443479, 2.4967324066180323, 1.7629963524823187, 0.0, 2.4895228214011738, 3.050470551510337, 3.0863075722992246, 2.5333027946417688, 4.705899919262794, 4.3633651619714895, 5.363630768504478, 5.065522270155467, 6.917826642832398, 6.690007501220947, 7.627852762180533, 7.828086496435093, 9.852687974580993], [2.751759212058405, 2.150414400104181, 1.0925920498140866, 2.1507988831361775, 2.7584701722162466, 4.178113435660723, 5.177473180026861, 6.5618158560749285, 7.664240886340657, 7.710593102381157, 3.104130521784922, 3.7486767783240116, 2.5548793781216035, 3.0504703174351437, 2.4895228214011738, 0.0, 1.762709939639613, 3.051002067385471, 2.490266559174118, 3.086243878527626, 2.5335435750440483, 4.7045228714124345, 4.3616461006292155, 5.365373556335141, 5.068287617926225, 6.711463732073532, 6.938162161877881, 8.649443031775705], [2.7517617571901387, 2.150414544612596, 1.0925920746629048, 2.1507988337167636, 2.7584684769094348, 4.178112746897043, 5.1774693933991, 6.561814322986844, 7.6642402449188145, 7.71058615584376, 2.5548781131220357, 3.7486765363265007, 3.104140175393027, 2.489520732348419, 3.050470551510337, 1.762709939639613, 0.0, 2.4902679793852154, 3.051001915209355, 2.5335427932151866, 3.0862397502371226, 4.361646504372121, 4.704524231588986, 5.0682838301475535, 5.365366516956967, 6.938157019564347, 6.711468145375033, 8.64943746561858], [4.174330455931833, 2.7589190672991073, 2.150636021786765, 1.0928087230674983, 2.15144077717294, 2.758998548245254, 4.176450702975091, 5.181284355867711, 6.547953835095763, 6.969438563631491, 4.379719889957376, 4.845113124695688, 4.72125230909684, 2.5333038847178475, 3.0863075722992246, 3.051002067385471, 2.4902679793852154, 0.0, 1.76273021929775, 2.4912229332682045, 3.0516023747264027, 2.532215847305451, 3.085574448836059, 4.3681653019826685, 4.709629144753546, 5.389692117477632, 5.09455391080421, 7.346234001839729], [4.174329652783132, 2.7589203580035027, 2.150635854420643, 1.092808698172657, 2.1514409336636415, 2.7589980906501195, 4.176453397621048, 5.181284721317108, 6.547952711555442, 6.969444031497616, 4.72125092517796, 4.845114689470921, 4.379716214024954, 3.086313510461114, 2.5333027946417688, 2.490266559174118, 3.051001915209355, 1.76273021929775, 0.0, 3.0516024664233683, 2.4912239064848687, 3.0855669072662186, 2.5322198634254867, 4.709630146591252, 4.368172669609446, 5.094551507396345, 5.389693090345038, 7.346238902374711], [5.176368386428346, 4.178902080492433, 2.7588652168044963, 2.1511187016095374, 1.0923300233411302, 2.1503438325312434, 2.752783262709295, 4.171804979076396, 5.170109573263068, 5.210531876163057, 5.088419717687127, 6.146829317785679, 5.385092486305576, 4.363362782396367, 4.705899919262794, 3.086243878527626, 2.5335427932151866, 2.4912229332682045, 3.0516024664233683, 0.0, 1.7620865470587734, 2.4895307593954707, 3.050448887533876, 2.534744120778521, 3.0860142665735824, 4.7251635920906, 4.385661667317524, 6.174136482136702], [5.176366893427015, 4.178902455200965, 2.7588642365214175, 2.1511187060304304, 1.0923300415009345, 2.150344205926033, 2.7527879673821514, 4.1718064099519605, 5.170108878825041, 5.210539550184369, 5.38508434140587, 6.146829885956581, 5.088421760586735, 4.705900611760262, 4.3633651619714895, 2.5335435750440483, 3.0862397502371226, 3.0516023747264027, 2.4912239064848687, 1.7620865470587734, 0.0, 3.0504492318318217, 2.489527567512667, 3.0860241761420446, 2.53474713695814, 4.385656749120956, 4.725168854774259, 6.174143200267152], [6.560940923462508, 5.1819260355095, 4.1770607840087015, 2.757555803838126, 2.15045977771214, 1.0930024896927633, 2.1523986810365794, 2.7593839509384512, 4.1581613503687525, 4.763896259975798, 6.703988779009804, 7.321345542025535, 6.9320376253207385, 5.0655193445562245, 5.363630768504478, 4.7045228714124345, 4.361646504372121, 2.532215847305451, 3.0855669072662186, 2.4895307593954707, 3.0504492318318217, 0.0, 1.7635251885039758, 2.4970851784902446, 3.055576341201743, 3.1082607167875476, 2.5623404307702256, 4.868474224638283], [6.560943412454261, 5.181930893807699, 4.1770629921277, 2.757559946564332, 2.150459662421351, 1.093002508490827, 2.152398907707253, 2.759381394836736, 4.1581546069523325, 4.763897826156559, 6.932038699614664, 7.321350450945157, 6.703988647944192, 5.363640930200952, 5.065522270155467, 4.3616461006292155, 4.704524231588986, 3.085574448836059, 2.5322198634254867, 3.050448887533876, 2.489527567512667, 1.7635251885039758, 0.0, 3.055576575029027, 2.4970868047754307, 2.5623340175988725, 3.108261336061111, 4.868477643956985], [7.67316939681097, 6.570276561637578, 5.18488947142241, 4.1819872040136925, 2.761399972614061, 2.1553673685883474, 1.0915406252155178, 2.1444439625166742, 2.7487754950571492, 2.7693661344908627, 7.6231617910369245, 8.624584500252647, 7.823904138610722, 6.690000782064302, 6.917826642832398, 5.365373556335141, 5.0682838301475535, 4.3681653019826685, 4.709630146591252, 2.534744120778521, 3.0860241761420446, 2.4970851784902446, 3.055576575029027, 0.0, 1.7584716464504493, 3.0608500598729615, 2.5063838233547067, 3.777282701532047], [7.673169654629653, 6.5702789408317885, 5.184889377302174, 4.181988767559768, 2.76139804666413, 2.155367267776167, 1.0915406334852704, 2.1444427090380707, 2.7487668503547273, 2.7693690950687757, 7.823895901527624, 8.624587023711383, 7.623166842967275, 6.9178279515386345, 6.690007501220947, 5.068287617926225, 5.365366516956967, 4.709629144753546, 4.368172669609446, 3.0860142665735824, 2.53474713695814, 3.055576341201743, 2.4970868047754307, 1.7584716464504493, 0.0, 2.5063834076330216, 3.0608498131785673, 3.777289135844327], [9.056005349091418, 7.704885952227371, 6.592618713357288, 5.208989606086828, 4.202366005252216, 2.7828478841642803, 2.170303111326655, 1.0941919622170115, 2.107215084740957, 3.089215095967853, 9.335497664638769, 9.855443191890659, 9.168213870665857, 7.828088087628222, 7.627852762180533, 6.711463732073532, 6.938157019564347, 5.389692117477632, 5.094551507396345, 4.7251635920906, 4.385656749120956, 3.1082607167875476, 2.5623340175988725, 3.0608500598729615, 2.5063834076330216, 0.0, 1.7554127256800995, 2.473751046864712], [9.056009151913397, 7.704888156445555, 6.592622556030722, 5.208992380963116, 4.2023704193723805, 2.782851331370546, 2.170303864962703, 1.0941923691041004, 2.107221665755077, 3.0892082911871532, 9.168218437135778, 9.855445240051642, 9.33550347166416, 7.627856256978767, 7.828086496435093, 6.938162161877881, 6.711468145375033, 5.09455391080421, 5.389693090345038, 4.385661667317524, 4.725168854774259, 2.5623404307702256, 3.108261336061111, 2.5063838233547067, 3.0608498131785673, 1.7554127256800995, 0.0, 2.473736109948366], [11.053788911332099, 9.777519850552952, 8.53183841260504, 7.2448474268319885, 6.009200894102965, 4.713737455696251, 3.506045271832474, 2.188316455750523, 1.1104581239783515, 2.008550965853827, 11.171653781922195, 11.924766807918505, 11.17165938193105, 9.852685612362166, 9.852687974580993, 8.649443031775705, 8.64943746561858, 7.346234001839729, 7.346238902374711, 6.174136482136702, 6.174143200267152, 4.868474224638283, 4.868477643956985, 3.777282701532047, 3.777289135844327, 2.473751046864712, 2.473736109948366, 0.0]]}