{"total energy": -32.65144596, "HOMO-LUMO gap/eV": 12.27546854, "electronic energy": -33.14236523, "dipole": [-1e-08, 3.5e-07, 7.5e-07], "partial charges": [-0.10208043, -0.0528471, -0.05896612, -0.05834445, -0.05810162, -0.05810163, -0.05834445, -0.05896612, -0.0528471, -0.10208043, 0.03257851, 0.03320419, 0.03320418, 0.02847503, 0.02847503, 0.02971589, 0.02971587, 0.02853063, 0.02853065, 0.0289549, 0.02895486, 0.02895486, 0.0289549, 0.02853062, 0.02853066, 0.0297159, 0.02971586, 0.02847503, 0.02847502, 0.03320417, 0.03257851, 0.03320419], "atomic dipole moments": [[-0.07842952, 0.05284474, -0.02099996], [0.000485, -0.10578912, 0.03820621], [-0.00083299, 0.10710411, -0.03868948], [-0.00141474, -0.10560214, 0.03809216], [0.0004683, 0.10634057, -0.03838198], [-0.00046831, -0.10634054, 0.03838206], [0.00141478, 0.10560211, -0.03809226], [0.00083293, -0.10710406, 0.0386896], [-0.00048493, 0.10578912, -0.03820622], [0.0784295, -0.0528451, 0.02099915], [0.10130228, 0.06713965, -0.02175932], [0.00564763, -0.10196339, -0.06921815], [0.0010495, -0.03417669, 0.11853454], [-0.00143726, 0.10132549, 0.06799806], [0.0030935, 0.03453081, -0.11700732], [-0.00262253, -0.03468447, 0.116887], [0.00189998, -0.10135963, -0.06778711], [0.00257054, 0.03479428, -0.11676301], [-0.0019446, 0.10136398, 0.06761943], [-0.00263695, -0.03475858, 0.11675006], [0.00187802, -0.10132956, -0.06763512], [0.00263674, 0.03475857, -0.11675018], [-0.00187779, 0.10132948, 0.06763502], [0.00194407, -0.10136416, -0.06761939], [-0.00257007, -0.03479411, 0.11676297], [-0.00189915, 0.10135965, 0.06778696], [0.00262181, 0.03468434, -0.11688713], [-0.00309257, -0.03453072, 0.11700736], [0.00143623, -0.10132555, -0.06799802], [-0.00564649, 0.10196337, 0.06921828], [-0.10130236, -0.0671392, 0.02176032], [-0.00105053, 0.03417678, -0.11853449]], "atomic quadrupole moments": [[0.12550525, -0.14827279, -0.01621593, 0.05970263, -0.04342277, -0.10928932], [0.2221153, -0.00226681, -0.01391205, 0.0120789, -0.08084836, -0.20820325], [0.22537517, 0.00196273, -0.00984069, 0.01085079, -0.08545048, -0.21553449], [0.2240108, 0.00332437, -0.01056368, 0.01026303, -0.0842396, -0.21344711], [0.22439634, 0.00265475, -0.01040811, 0.0105298, -0.0845503, -0.21398823], [0.22439649, 0.00265441, -0.01040842, 0.0105289, -0.08455058, -0.21398807], [0.22401081, 0.00332354, -0.01056368, 0.01026092, -0.08423971, -0.21344713], [0.2253754, 0.00196145, -0.00984104, 0.01084751, -0.08545086, -0.21553436], [0.22211545, -0.00226844, -0.01391199, 0.01207477, -0.08084838, -0.20820347], [0.12550514, -0.14827379, -0.01621464, 0.05970022, -0.04342156, -0.1092905], [0.03996637, 0.05407833, 0.00838169, -0.0171788, -0.02185429, -0.04834805], [-0.0383316, -0.0048499, 0.03775, 0.01173334, 0.06278385, 0.0005816], [-0.03729123, -0.00989983, -0.03946223, -0.01043966, -0.03039513, 0.07675346], [-0.01793316, -0.00081626, 0.01886757, -0.00034691, 0.04863065, -0.00093441], [-0.01788197, 0.00070134, -0.03701055, -0.00207651, -0.01867587, 0.05489252], [-0.02075361, 0.00050069, -0.03521863, -0.00183601, -0.01840424, 0.05597223], [-0.02078147, -0.00117048, 0.02009133, -0.00059204, 0.04821401, 0.00069013], [-0.020619, 0.00043819, -0.03537292, -0.00172228, -0.01822075, 0.05599192], [-0.02063881, -0.00128682, 0.01982429, -0.00063978, 0.04825987, 0.00081452], [-0.02059779, 0.00045775, -0.03541105, -0.00168826, -0.0182709, 0.05600885], [-0.02061444, -0.00129505, 0.01985737, -0.00067542, 0.04829527, 0.00075707], [-0.02059794, 0.00045766, -0.03541107, -0.00168813, -0.01827057, 0.05600901], [-0.02061422, -0.0012949, 0.01985761, -0.00067534, 0.04829527, 0.00075661], [-0.02063901, -0.00128645, 0.0198242, -0.00063955, 0.04825986, 0.00081481], [-0.0206189, 0.00043806, -0.03537294, -0.00172188, -0.01822093, 0.05599184], [-0.02078134, -0.0011699, 0.02009157, -0.00059167, 0.04821402, 0.00068977], [-0.02075373, 0.00050046, -0.03521866, -0.00183541, -0.01840395, 0.05597239], [-0.01788196, 0.000701, -0.03701056, -0.00207583, -0.01867588, 0.05489252], [-0.01793325, -0.00081554, 0.0188676, -0.00034656, 0.04863068, -0.00093435], [-0.03833139, -0.00484898, 0.03774998, 0.01173402, 0.06278382, 0.00058142], [0.0399665, 0.05407799, 0.00838124, -0.01717972, -0.02185473, -0.04834773], [-0.03729153, -0.00990009, -0.03946215, -0.01043868, -0.03039504, 0.07675368]], "number of molecular orbitals": 62, "number of electrons": 62, "number of unpaired electrons": 0, "orbital energies/eV": [-16.9487818, -16.87043875, -16.72031129, -16.47270962, -16.11679439, -15.66884556, -15.20187887, -15.13032804, -14.9800906, -14.91880009, -14.2506405, -14.01950039, -13.64973518, -13.56575201, -13.47717335, -13.20644351, -13.16172764, -12.88774287, -12.65749366, -12.61487709, -12.3180645, -12.10353682, -11.9302554, -11.91938693, -11.70645146, -11.68517953, -11.60271086, -11.45802213, -11.3492403, -11.33465944, -11.2063818, 1.06908675, 2.52433519, 2.81923581, 3.08928273, 3.15319975, 3.37049867, 3.46291579, 3.93082144, 3.9786506, 4.17901268, 4.3181629, 4.40471713, 4.603805, 4.96363328, 5.02784136, 5.11850487, 5.2616001, 5.34776049, 5.83381045, 6.03428059, 6.04825719, 6.52108036, 6.85143873, 7.09089742, 7.15859572, 7.50800348, 7.56495252, 7.5816846, 8.06651583, 8.53295723, 8.85022266], "fractional occupation": [2.0, 2.0, 2.0, 2.0, 2.0, 2.0, 2.0, 2.0, 2.0, 2.0, 2.0, 2.0, 2.0, 2.0, 2.0, 2.0, 2.0, 2.0, 2.0, 2.0, 2.0, 2.0, 2.0, 2.0, 2.0, 2.0, 2.0, 2.0, 2.0, 2.0, 2.0, 0.0, 0.0, 0.0, 0.0, 0.0, 0.0, 0.0, 0.0, 0.0, 0.0, 0.0, 0.0, 0.0, 0.0, 0.0, 0.0, 0.0, 0.0, 0.0, 0.0, 0.0, 0.0, 0.0, 0.0, 0.0, 0.0, 0.0, 0.0, 0.0, 0.0, 0.0], "program call": "xtb /tmp/scratch/tmpdzbaaesy/6799_0_xyzopt.xyz --pop --wbo --acc 0.2 --gfn 2 --chrg 0 --uhf 0 --etemp 300 --input /tmp/scratch/tmpdzbaaesy/6799_0_xtb.inp", "method": "GFN2-xTB", "xtb version": "6.3.3 (7355c4f)", "Dipole module/D": 0.0, "Total charge": 0, "Transition dipole module/D": NaN, "HOMO": -11.2064, "LUMO": 1.0691, "HOMO occupancy": 2.0, "LUMO occupancy": 0, "mulliken charges": [-0.08565, -0.03932, -0.0473, -0.0459, -0.04577, -0.04577, -0.0459, -0.0473, -0.03932, -0.08565, 0.02908, 0.02753, 0.02753, 0.02205, 0.02205, 0.02263, 0.02263, 0.02254, 0.02254, 0.02269, 0.02269, 0.02269, 0.02269, 0.02254, 0.02254, 0.02263, 0.02263, 0.02205, 0.02205, 0.02753, 0.02908, 0.02753], "cm5 charges": [-0.23831, -0.15292, -0.15925, -0.15783, -0.15772, -0.15772, -0.15783, -0.15925, -0.15292, -0.23831, 0.08065, 0.07969, 0.07969, 0.07726, 0.07726, 0.07859, 0.07859, 0.0785, 0.0785, 0.07866, 0.07866, 0.07866, 0.07866, 0.0785, 0.0785, 0.07859, 0.07859, 0.07726, 0.07726, 0.07969, 0.08065, 0.07969], "FUKUI+": [0.005, -0.014, -0.016, -0.018, -0.018, -0.018, -0.018, -0.016, -0.014, 0.005, -0.052, -0.03, -0.03, -0.035, -0.035, -0.04, -0.04, -0.044, -0.044, -0.045, -0.045, -0.045, -0.045, -0.044, -0.044, -0.04, -0.04, -0.035, -0.035, -0.03, -0.052, -0.03], "FUKUI-": [0.015, 0.004, 0.005, 0.006, 0.004, 0.004, 0.006, 0.005, 0.004, 0.015, -0.05, -0.048, -0.048, -0.063, -0.063, -0.055, -0.055, -0.042, -0.042, -0.035, -0.035, -0.035, -0.035, -0.042, -0.042, -0.055, -0.055, -0.063, -0.063, -0.048, -0.05, -0.048], "FUKUIrad": [0.01, -0.005, -0.005, -0.006, -0.007, -0.007, -0.006, -0.005, -0.005, 0.01, -0.051, -0.039, -0.039, -0.049, -0.049, -0.048, -0.048, -0.043, -0.043, -0.04, -0.04, -0.04, -0.04, -0.043, -0.043, -0.048, -0.048, -0.049, -0.049, -0.039, -0.051, -0.039], "s proportion": [1.005, 1.026, 1.03, 1.03, 1.03, 1.03, 1.03, 1.03, 1.026, 1.005, 0.971, 0.972, 0.972, 0.978, 0.978, 0.977, 0.977, 0.977, 0.977, 0.977, 0.977, 0.977, 0.977, 0.977, 0.977, 0.977, 0.977, 0.978, 0.978, 0.972, 0.971, 0.972], "p proportion": [3.081, 3.013, 3.017, 3.016, 3.016, 3.016, 3.016, 3.017, 3.013, 3.081, 0.0, 0.0, 0.0, 0.0, 0.0, 0.0, 0.0, 0.0, 0.0, 0.0, 0.0, 0.0, 0.0, 0.0, 0.0, 0.0, 0.0, 0.0, 0.0, 0.0, 0.0, 0.0], "d proportion": [0.0, 0.0, 0.0, 0.0, 0.0, 0.0, 0.0, 0.0, 0.0, 0.0, 0.0, 0.0, 0.0, 0.0, 0.0, 0.0, 0.0, 0.0, 0.0, 0.0, 0.0, 0.0, 0.0, 0.0, 0.0, 0.0, 0.0, 0.0, 0.0, 0.0, 0.0, 0.0], "Fermi-level/eV": -5.0686, "Coordination numbers": [3.752, 3.801, 3.803, 3.803, 3.803, 3.803, 3.803, 3.803, 3.801, 3.752, 0.925, 0.925, 0.925, 0.924, 0.924, 0.924, 0.924, 0.924, 0.924, 0.924, 0.924, 0.924, 0.924, 0.924, 0.924, 0.924, 0.924, 0.924, 0.924, 0.925, 0.925, 0.925], "Dispersion coefficient C6": [22.51, 21.523, 21.633, 21.622, 21.618, 21.618, 21.622, 21.633, 21.523, 22.51, 2.55, 2.541, 2.541, 2.608, 2.608, 2.591, 2.591, 2.607, 2.607, 2.601, 2.601, 2.601, 2.601, 2.607, 2.607, 2.591, 2.591, 2.608, 2.608, 2.541, 2.55, 2.541], "Total dispersion C6": 6710.889398, "Total dispersion C8": 139474.06518, "Polarizability alpha": [6.766, 6.605, 6.622, 6.62, 6.619, 6.619, 6.62, 6.622, 6.605, 6.766, 2.497, 2.493, 2.493, 2.526, 2.526, 2.517, 2.517, 2.525, 2.525, 2.522, 2.522, 2.522, 2.522, 2.525, 2.525, 2.517, 2.517, 2.526, 2.526, 2.493, 2.497, 2.493], "Total polarizability alpha": 121.791298, "Wiberg matrix": [[0.0, 1.0190985642618073, 0.0, 0.0, 0.0, 0.0, 0.0, 0.0, 0.0, 0.0, 0.987550859497353, 0.9880103834293872, 0.988010377874701, 0.0, 0.0, 0.0, 0.0, 0.0, 0.0, 0.0, 0.0, 0.0, 0.0, 0.0, 0.0, 0.0, 0.0, 0.0, 0.0, 0.0, 0.0, 0.0], [1.0190985642618073, 0.0, 1.007732932101828, 0.0, 0.0, 0.0, 0.0, 0.0, 0.0, 0.0, 0.0, 0.0, 0.0, 0.9786456862417618, 0.9786457020373064, 0.0, 0.0, 0.0, 0.0, 0.0, 0.0, 0.0, 0.0, 0.0, 0.0, 0.0, 0.0, 0.0, 0.0, 0.0, 0.0, 0.0], [0.0, 1.007732932101828, 0.0, 1.0070357875940152, 0.0, 0.0, 0.0, 0.0, 0.0, 0.0, 0.0, 0.0, 0.0, 0.0, 0.0, 0.9775220051571895, 0.9775220296502726, 0.0, 0.0, 0.0, 0.0, 0.0, 0.0, 0.0, 0.0, 0.0, 0.0, 0.0, 0.0, 0.0, 0.0, 0.0], [0.0, 0.0, 1.0070357875940152, 0.0, 1.006801597930352, 0.0, 0.0, 0.0, 0.0, 0.0, 0.0, 0.0, 0.0, 0.0, 0.0, 0.0, 0.0, 0.9775426382705502, 0.977542600968089, 0.0, 0.0, 0.0, 0.0, 0.0, 0.0, 0.0, 0.0, 0.0, 0.0, 0.0, 0.0, 0.0], [0.0, 0.0, 0.0, 1.006801597930352, 0.0, 1.0067491901191212, 0.0, 0.0, 0.0, 0.0, 0.0, 0.0, 0.0, 0.0, 0.0, 0.0, 0.0, 0.0, 0.0, 0.9775412910922642, 0.9775413399905157, 0.0, 0.0, 0.0, 0.0, 0.0, 0.0, 0.0, 0.0, 0.0, 0.0, 0.0], [0.0, 0.0, 0.0, 0.0, 1.0067491901191212, 0.0, 1.0068015994772486, 0.0, 0.0, 0.0, 0.0, 0.0, 0.0, 0.0, 0.0, 0.0, 0.0, 0.0, 0.0, 0.0, 0.0, 0.9775413391577519, 0.9775412843224504, 0.0, 0.0, 0.0, 0.0, 0.0, 0.0, 0.0, 0.0, 0.0], [0.0, 0.0, 0.0, 0.0, 0.0, 1.0068015994772486, 0.0, 1.0070357848736022, 0.0, 0.0, 0.0, 0.0, 0.0, 0.0, 0.0, 0.0, 0.0, 0.0, 0.0, 0.0, 0.0, 0.0, 0.0, 0.9775426485412568, 0.9775425973511991, 0.0, 0.0, 0.0, 0.0, 0.0, 0.0, 0.0], [0.0, 0.0, 0.0, 0.0, 0.0, 0.0, 1.0070357848736022, 0.0, 1.0077329350507243, 0.0, 0.0, 0.0, 0.0, 0.0, 0.0, 0.0, 0.0, 0.0, 0.0, 0.0, 0.0, 0.0, 0.0, 0.0, 0.0, 0.9775219949620609, 0.9775220352163934, 0.0, 0.0, 0.0, 0.0, 0.0], [0.0, 0.0, 0.0, 0.0, 0.0, 0.0, 0.0, 1.0077329350507243, 0.0, 1.0190985626742672, 0.0, 0.0, 0.0, 0.0, 0.0, 0.0, 0.0, 0.0, 0.0, 0.0, 0.0, 0.0, 0.0, 0.0, 0.0, 0.0, 0.0, 0.9786456821886124, 0.9786457080672621, 0.0, 0.0, 0.0], [0.0, 0.0, 0.0, 0.0, 0.0, 0.0, 0.0, 0.0, 1.0190985626742672, 0.0, 0.0, 0.0, 0.0, 0.0, 0.0, 0.0, 0.0, 0.0, 0.0, 0.0, 0.0, 0.0, 0.0, 0.0, 0.0, 0.0, 0.0, 0.0, 0.0, 0.9880103761147556, 0.9875508599993602, 0.988010384482711], [0.987550859497353, 0.0, 0.0, 0.0, 0.0, 0.0, 0.0, 0.0, 0.0, 0.0, 0.0, 0.0, 0.0, 0.0, 0.0, 0.0, 0.0, 0.0, 0.0, 0.0, 0.0, 0.0, 0.0, 0.0, 0.0, 0.0, 0.0, 0.0, 0.0, 0.0, 0.0, 0.0], [0.9880103834293872, 0.0, 0.0, 0.0, 0.0, 0.0, 0.0, 0.0, 0.0, 0.0, 0.0, 0.0, 0.0, 0.0, 0.0, 0.0, 0.0, 0.0, 0.0, 0.0, 0.0, 0.0, 0.0, 0.0, 0.0, 0.0, 0.0, 0.0, 0.0, 0.0, 0.0, 0.0], [0.988010377874701, 0.0, 0.0, 0.0, 0.0, 0.0, 0.0, 0.0, 0.0, 0.0, 0.0, 0.0, 0.0, 0.0, 0.0, 0.0, 0.0, 0.0, 0.0, 0.0, 0.0, 0.0, 0.0, 0.0, 0.0, 0.0, 0.0, 0.0, 0.0, 0.0, 0.0, 0.0], [0.0, 0.9786456862417618, 0.0, 0.0, 0.0, 0.0, 0.0, 0.0, 0.0, 0.0, 0.0, 0.0, 0.0, 0.0, 0.0, 0.0, 0.0, 0.0, 0.0, 0.0, 0.0, 0.0, 0.0, 0.0, 0.0, 0.0, 0.0, 0.0, 0.0, 0.0, 0.0, 0.0], [0.0, 0.9786457020373064, 0.0, 0.0, 0.0, 0.0, 0.0, 0.0, 0.0, 0.0, 0.0, 0.0, 0.0, 0.0, 0.0, 0.0, 0.0, 0.0, 0.0, 0.0, 0.0, 0.0, 0.0, 0.0, 0.0, 0.0, 0.0, 0.0, 0.0, 0.0, 0.0, 0.0], [0.0, 0.0, 0.9775220051571895, 0.0, 0.0, 0.0, 0.0, 0.0, 0.0, 0.0, 0.0, 0.0, 0.0, 0.0, 0.0, 0.0, 0.0, 0.0, 0.0, 0.0, 0.0, 0.0, 0.0, 0.0, 0.0, 0.0, 0.0, 0.0, 0.0, 0.0, 0.0, 0.0], [0.0, 0.0, 0.9775220296502726, 0.0, 0.0, 0.0, 0.0, 0.0, 0.0, 0.0, 0.0, 0.0, 0.0, 0.0, 0.0, 0.0, 0.0, 0.0, 0.0, 0.0, 0.0, 0.0, 0.0, 0.0, 0.0, 0.0, 0.0, 0.0, 0.0, 0.0, 0.0, 0.0], [0.0, 0.0, 0.0, 0.9775426382705502, 0.0, 0.0, 0.0, 0.0, 0.0, 0.0, 0.0, 0.0, 0.0, 0.0, 0.0, 0.0, 0.0, 0.0, 0.0, 0.0, 0.0, 0.0, 0.0, 0.0, 0.0, 0.0, 0.0, 0.0, 0.0, 0.0, 0.0, 0.0], [0.0, 0.0, 0.0, 0.977542600968089, 0.0, 0.0, 0.0, 0.0, 0.0, 0.0, 0.0, 0.0, 0.0, 0.0, 0.0, 0.0, 0.0, 0.0, 0.0, 0.0, 0.0, 0.0, 0.0, 0.0, 0.0, 0.0, 0.0, 0.0, 0.0, 0.0, 0.0, 0.0], [0.0, 0.0, 0.0, 0.0, 0.9775412910922642, 0.0, 0.0, 0.0, 0.0, 0.0, 0.0, 0.0, 0.0, 0.0, 0.0, 0.0, 0.0, 0.0, 0.0, 0.0, 0.0, 0.0, 0.0, 0.0, 0.0, 0.0, 0.0, 0.0, 0.0, 0.0, 0.0, 0.0], [0.0, 0.0, 0.0, 0.0, 0.9775413399905157, 0.0, 0.0, 0.0, 0.0, 0.0, 0.0, 0.0, 0.0, 0.0, 0.0, 0.0, 0.0, 0.0, 0.0, 0.0, 0.0, 0.0, 0.0, 0.0, 0.0, 0.0, 0.0, 0.0, 0.0, 0.0, 0.0, 0.0], [0.0, 0.0, 0.0, 0.0, 0.0, 0.9775413391577519, 0.0, 0.0, 0.0, 0.0, 0.0, 0.0, 0.0, 0.0, 0.0, 0.0, 0.0, 0.0, 0.0, 0.0, 0.0, 0.0, 0.0, 0.0, 0.0, 0.0, 0.0, 0.0, 0.0, 0.0, 0.0, 0.0], [0.0, 0.0, 0.0, 0.0, 0.0, 0.9775412843224504, 0.0, 0.0, 0.0, 0.0, 0.0, 0.0, 0.0, 0.0, 0.0, 0.0, 0.0, 0.0, 0.0, 0.0, 0.0, 0.0, 0.0, 0.0, 0.0, 0.0, 0.0, 0.0, 0.0, 0.0, 0.0, 0.0], [0.0, 0.0, 0.0, 0.0, 0.0, 0.0, 0.9775426485412568, 0.0, 0.0, 0.0, 0.0, 0.0, 0.0, 0.0, 0.0, 0.0, 0.0, 0.0, 0.0, 0.0, 0.0, 0.0, 0.0, 0.0, 0.0, 0.0, 0.0, 0.0, 0.0, 0.0, 0.0, 0.0], [0.0, 0.0, 0.0, 0.0, 0.0, 0.0, 0.9775425973511991, 0.0, 0.0, 0.0, 0.0, 0.0, 0.0, 0.0, 0.0, 0.0, 0.0, 0.0, 0.0, 0.0, 0.0, 0.0, 0.0, 0.0, 0.0, 0.0, 0.0, 0.0, 0.0, 0.0, 0.0, 0.0], [0.0, 0.0, 0.0, 0.0, 0.0, 0.0, 0.0, 0.9775219949620609, 0.0, 0.0, 0.0, 0.0, 0.0, 0.0, 0.0, 0.0, 0.0, 0.0, 0.0, 0.0, 0.0, 0.0, 0.0, 0.0, 0.0, 0.0, 0.0, 0.0, 0.0, 0.0, 0.0, 0.0], [0.0, 0.0, 0.0, 0.0, 0.0, 0.0, 0.0, 0.9775220352163934, 0.0, 0.0, 0.0, 0.0, 0.0, 0.0, 0.0, 0.0, 0.0, 0.0, 0.0, 0.0, 0.0, 0.0, 0.0, 0.0, 0.0, 0.0, 0.0, 0.0, 0.0, 0.0, 0.0, 0.0], [0.0, 0.0, 0.0, 0.0, 0.0, 0.0, 0.0, 0.0, 0.9786456821886124, 0.0, 0.0, 0.0, 0.0, 0.0, 0.0, 0.0, 0.0, 0.0, 0.0, 0.0, 0.0, 0.0, 0.0, 0.0, 0.0, 0.0, 0.0, 0.0, 0.0, 0.0, 0.0, 0.0], [0.0, 0.0, 0.0, 0.0, 0.0, 0.0, 0.0, 0.0, 0.9786457080672621, 0.0, 0.0, 0.0, 0.0, 0.0, 0.0, 0.0, 0.0, 0.0, 0.0, 0.0, 0.0, 0.0, 0.0, 0.0, 0.0, 0.0, 0.0, 0.0, 0.0, 0.0, 0.0, 0.0], [0.0, 0.0, 0.0, 0.0, 0.0, 0.0, 0.0, 0.0, 0.0, 0.9880103761147556, 0.0, 0.0, 0.0, 0.0, 0.0, 0.0, 0.0, 0.0, 0.0, 0.0, 0.0, 0.0, 0.0, 0.0, 0.0, 0.0, 0.0, 0.0, 0.0, 0.0, 0.0, 0.0], [0.0, 0.0, 0.0, 0.0, 0.0, 0.0, 0.0, 0.0, 0.0, 0.9875508599993602, 0.0, 0.0, 0.0, 0.0, 0.0, 0.0, 0.0, 0.0, 0.0, 0.0, 0.0, 0.0, 0.0, 0.0, 0.0, 0.0, 0.0, 0.0, 0.0, 0.0, 0.0, 0.0], [0.0, 0.0, 0.0, 0.0, 0.0, 0.0, 0.0, 0.0, 0.0, 0.988010384482711, 0.0, 0.0, 0.0, 0.0, 0.0, 0.0, 0.0, 0.0, 0.0, 0.0, 0.0, 0.0, 0.0, 0.0, 0.0, 0.0, 0.0, 0.0, 0.0, 0.0, 0.0, 0.0]], "Born radii": [], "Atomic SASAs": [], "Solvent H bonds": [], "Total SASA": NaN, "Total FOD": 0.0, "FOD": [0.0, 0.0, 0.0, 0.0, 0.0, 0.0, 0.0, 0.0, 0.0, 0.0, 0.0, 0.0, 0.0, 0.0, 0.0, 0.0, 0.0, 0.0, 0.0, 0.0, 0.0, 0.0, 0.0, 0.0, 0.0, 0.0, 0.0, 0.0, 0.0, 0.0, 0.0, 0.0], "FOD s proportion": [0.0, 0.0, 0.0, 0.0, 0.0, 0.0, 0.0, 0.0, 0.0, 0.0, 0.0, 0.0, 0.0, 0.0, 0.0, 0.0, 0.0, 0.0, 0.0, 0.0, 0.0, 0.0, 0.0, 0.0, 0.0, 0.0, 0.0, 0.0, 0.0, 0.0, 0.0, 0.0], "FOD p proportion": [0.0, 0.0, 0.0, 0.0, 0.0, 0.0, 0.0, 0.0, 0.0, 0.0, 0.0, 0.0, 0.0, 0.0, 0.0, 0.0, 0.0, 0.0, 0.0, 0.0, 0.0, 0.0, 0.0, 0.0, 0.0, 0.0, 0.0, 0.0, 0.0, 0.0, 0.0, 0.0], "FOD d proportion": [0.0, 0.0, 0.0, 0.0, 0.0, 0.0, 0.0, 0.0, 0.0, 0.0, 0.0, 0.0, 0.0, 0.0, 0.0, 0.0, 0.0, 0.0, 0.0, 0.0, 0.0, 0.0, 0.0, 0.0, 0.0, 0.0, 0.0, 0.0, 0.0, 0.0, 0.0, 0.0], "coordinates": [["5.69005922471001", "-0.38687377340053", "0.22994093829763"], ["4.43457404893580", "0.41498143297578", "-0.09030992236424"], ["3.16356427939014", "-0.39013399135552", "0.16924334729164"], ["1.90138082976891", "0.40728220974445", "-0.14956699420496"], ["0.63109037292687", "-0.39878169353772", "0.11034989627972"], ["-0.63108991947704", "0.39877375979778", "-0.20850677244886"], ["-1.90138073291240", "-0.40728786854538", "0.05141541155585"], ["-3.16356395230973", "0.39013181392832", "-0.26738716720716"], ["-4.43457459553664", "-0.41497820351070", "-0.00782144826447"], ["-5.69005943282287", "0.38688255491443", "-0.32805975076416"], ["6.58254530602801", "0.20440582178099", "0.03832122595997"], ["5.73530036965373", "-1.28505640606947", "-0.38230117222968"], ["5.69469223321338", "-0.68640115369812", "1.27582874226070"], ["4.41756165897136", "1.32136002780286", "0.51943834684200"], ["4.45815972054559", "0.72284994992253", "-1.13829135541325"], ["3.14048576242460", "-0.69838885455196", "1.21734067113276"], ["3.18108106350103", "-1.29687562768493", "-0.44032572649258"], ["1.92461525313926", "0.71582713227216", "-1.19760042164535"], ["1.88402933767377", "1.31420930355010", "0.45977367047721"], ["0.60762811735432", "-0.70721462706908", "1.15835169443831"], ["0.64821226187119", "-1.30560572872837", "-0.49904826412935"], ["-0.60762956048490", "0.70720536315132", "-1.25650900170928"], ["-0.64820969634350", "1.30559859392131", "0.40089027878961"], ["-1.88403431193753", "-1.31421512827659", "-0.55792514410756"], ["-1.92461060205112", "-0.71583249392517", "1.09944902633560"], ["-3.18107288173655", "1.29687454108472", "0.34218050866706"], ["-3.14049245977333", "0.69838484246544", "-1.31548519036973"], ["-4.45815150741119", "-0.72284623065410", "1.04016038669046"], ["-4.41757192495536", "-1.32135704548181", "-0.61756950307108"], ["-5.73529057385348", "1.28506513009546", "0.28418336410022"], ["-6.58254621761907", "-0.20439317790201", "-0.13643143016244"], ["-5.69470147088327", "0.68641052698377", "-1.37394724453460"]], "bond_dist": [[0.0, 1.5237373173668298, 2.5272260554414, 3.889575038058892, 5.060396195872903, 6.38485747253109, 7.59356627212571, 8.901556958640795, 10.127464184362134, 11.420033462478505, 1.0875941702587175, 1.087942647719475, 1.087942744262961, 2.14967940026844, 2.1496796831202265, 2.751785732534, 2.7517870902658212, 4.175211602393073, 4.175209003209546, 5.176453492079649, 5.176457713502804, 6.562577741737948, 6.562571089653464, 7.671218146693125, 7.671209469539926, 9.030204369653855, 9.030214351542861, 10.186045067155696, 10.186056174580738, 11.54716155413594, 12.279428823165592, 11.547171627217026], [1.5237373173668298, 0.0, 1.5267758776473181, 2.53389789933111, 3.8947352750293125, 5.067068642214736, 6.3906600498011095, 7.600241768534695, 8.908279015853926, 10.127463535742855, 2.1620981896397655, 2.1603880451418975, 2.160387995606051, 1.0925220960571094, 1.0925220325685578, 2.1503971645043043, 2.1503977129377034, 2.75979954728233, 2.759797283584013, 4.178994495534088, 4.178997821917731, 5.183554027584509, 5.18354773936343, 6.567617251420139, 6.567609604615072, 7.678727863371828, 7.678737170994291, 9.036215066734664, 9.036225003855153, 10.213884535643691, 11.034613317638984, 10.21389353206448], [2.5272260554414, 1.5267758776473181, 0.0, 1.5266367256553324, 2.533173367190343, 3.8941585845692055, 5.0663444075181845, 6.38999316067398, 7.600242334253332, 8.901557050425147, 3.4727581907999476, 2.778293361640507, 2.7782933945979837, 2.1504319899316857, 2.1504319586029363, 1.0927312930782673, 1.0927312974803438, 2.150908316341187, 2.150907622993877, 2.75892825501899, 2.7589305811964135, 4.178376047885419, 4.178371709616356, 5.182755203718405, 5.182748859826369, 6.567368251945409, 6.56737568993288, 7.67852495330131, 7.678533517988333, 9.055888747277741, 9.752671764150945, 9.055896278399745], [3.889575038058892, 2.53389789933111, 1.5266367256553324, 0.0, 1.5267395491299987, 2.5331708167761366, 3.8942154334958023, 5.066343985039761, 6.390659992399794, 7.593565767843249, 4.689324222727618, 4.197274618905278, 4.1972738424490945, 2.759397102459469, 2.759397970103093, 2.150889607142364, 2.1508898771177307, 1.0927551750870066, 1.0927551754130467, 2.150941788205763, 2.1509425160520803, 2.7586967293141864, 2.758693057648016, 4.178477863823834, 4.178473177313235, 5.183100023360143, 5.183106428651132, 6.567822552436183, 6.567829469425316, 7.699181278258994, 8.505958938785001, 7.699187355374816], [5.060396195872903, 3.8947352750293125, 2.533173367190343, 1.5267395491299987, 0.0, 1.5267165312757642, 2.533171042471018, 3.8941586073798917, 5.067069011403447, 6.3848575705842485, 5.982377381001492, 5.203954999042853, 5.203953275519403, 4.178947918067345, 4.178949905242165, 2.7590321214826785, 2.7590340480107445, 2.1508820247661307, 2.1508814889387504, 1.0926980922775285, 1.0926980862939377, 2.1507993142101958, 2.150798583173955, 2.7587065961164976, 2.758703639865484, 4.178706041235713, 4.178709988257702, 5.183623085148185, 5.183628355700616, 6.587591711659272, 7.220473722585996, 6.587596117623243], [6.38485747253109, 5.067068642214736, 3.8941585845692055, 2.5331708167761366, 1.5267165312757642, 0.0, 1.5267395459354793, 2.5331731703709424, 3.894735233382572, 5.0603959185364324, 7.220473400184693, 6.587595451636225, 6.587592607045883, 5.183623470042982, 5.183626785002417, 4.178706720865538, 4.178709666414311, 2.758705859133213, 2.7587036562221416, 2.150798631940434, 2.150799356169451, 1.09269808955909, 1.0926980976469518, 2.1508820934019304, 2.1508815003758617, 2.7590314609922157, 2.759034093273469, 4.178947412343854, 4.178950619792849, 5.203952371405197, 5.9823772263536075, 5.203955067767904], [7.59356627212571, 6.3906600498011095, 5.0663444075181845, 3.8942154334958023, 2.533171042471018, 1.5267395459354793, 0.0, 1.5266367326743486, 2.533898043025877, 3.889575086236467, 8.505959185341336, 7.699187356001178, 7.699182861645994, 6.567823229156576, 6.567828290940021, 5.18310131598595, 5.183106562676685, 4.1784773712360925, 4.178473212030587, 2.7586934236259197, 2.7586970974034393, 2.150942474932842, 2.1509417386402814, 1.0927551718204733, 1.092755174034544, 2.1508895498970957, 2.1508898788786945, 2.759396763620959, 2.7593987372502395, 4.19727343167028, 4.689324363556422, 4.197274961553047], [8.901556958640795, 7.600241768534695, 6.38999316067398, 5.066343985039761, 3.8941586073798917, 2.5331731703709424, 1.5266367326743486, 0.0, 1.5267758702006586, 2.5272259758741287, 9.752671297714722, 9.055895705101946, 9.055889863618027, 7.678524982696661, 7.678531578916475, 6.5673690931370885, 6.567375596842206, 5.1827542644704945, 5.182748316460484, 4.178371709107844, 4.178376548900059, 2.7589306360288717, 2.758927545823943, 2.150908393217995, 2.1509076303601105, 1.0927312969487957, 1.0927312979536419, 2.150431973174165, 2.1504319983889055, 2.778293272379547, 3.472758140365604, 2.778293256385172], [10.127464184362134, 8.908279015853926, 7.600242334253332, 6.390659992399794, 5.067069011403447, 3.894735233382572, 2.533898043025877, 1.5267758702006586, 0.0, 1.523737320848196, 11.034613570153827, 10.21389386815013, 10.213886366978008, 9.036215447488608, 9.036223698766024, 7.678729272652175, 7.678737795659079, 6.567616785747846, 6.567609176437667, 5.183548024654583, 5.183555093865393, 4.178998069480463, 4.1789937714161285, 2.75980014879782, 2.759797176709846, 2.1503971111249514, 2.1503977094165, 1.0925220909923112, 1.0925220301303908, 2.160387975071056, 2.1620982100093964, 2.160388059785968], [11.420033462478505, 10.127463535742855, 8.901557050425147, 7.593565767843249, 6.3848575705842485, 5.0603959185364324, 3.889575086236467, 2.5272259758741287, 1.523737320848196, 0.0, 12.279428319523083, 11.54717145612321, 11.547162712742288, 10.18604463509097, 10.186054257094609, 9.030205143932918, 9.030214779964782, 7.671217379681143, 7.671208320839904, 6.562570845919298, 6.5625788938290786, 5.176458067085126, 5.176452073684448, 4.175212407486, 4.175208579795088, 2.7517850449823666, 2.751787496154955, 2.1496793851055678, 2.1496797172419866, 1.0879427494940146, 1.0875941644336424, 1.0879426474749196], [1.0875941702587175, 2.1620981896397655, 3.4727581907999476, 4.689324222727618, 5.982377381001492, 7.220473400184693, 8.505959185341336, 9.752671297714722, 11.034613570153827, 12.279428319523083, 0.0, 1.7644389794673903, 1.7644390041510138, 2.4831863752804524, 2.4831865810799796, 3.7487196456152843, 3.7487208336700997, 4.846170287293684, 4.8461673759803405, 6.146963112349847, 6.146967506870529, 7.323114590686272, 7.323107246504346, 8.622336675816017, 8.622327551815076, 9.829245061691733, 9.829255845737812, 11.124768051469871, 11.124779731344084, 12.367592873931184, 13.17259617307719, 12.367603615485462], [1.087942647719475, 2.1603880451418975, 2.778293361640507, 4.197274618905278, 5.203954999042853, 6.587595451636225, 7.699187356001178, 9.055895705101946, 10.21389386815013, 11.54717145612321, 1.7644389794673903, 0.0, 1.7633581443554902, 3.056628223491731, 2.4968574907485936, 3.1042061286147224, 2.554905635599911, 4.380590012467405, 4.722029312879363, 5.38521449007669, 5.088469079641865, 6.705677175712431, 6.933547644648798, 7.621414238884952, 7.8226488868892385, 9.310905062341446, 9.14245973187799, 10.307567042614101, 10.15566269401261, 11.773877141413331, 12.367604031920076, 11.641090407497028], [1.087942744262961, 2.160387995606051, 2.7782933945979837, 4.1972738424490945, 5.203953275519403, 6.587592607045883, 7.699182861645994, 9.055889863618027, 10.213886366978008, 11.547162712742288, 1.7644390041510138, 1.7633581443554902, 0.0, 2.49685680324035, 3.056628399713289, 2.5549041576652742, 3.104207846861098, 4.722030964587264, 4.380586694185702, 5.088462967959947, 5.385217061057833, 6.933551295307802, 6.705668139518493, 7.822652986591042, 7.621400901635278, 9.142444305620408, 9.31090912380751, 10.155643940144369, 10.307570630586067, 11.641071550076735, 12.36759453013974, 11.77387844500401], [2.14967940026844, 1.0925220960571094, 2.1504319899316857, 2.759397102459469, 4.178947918067345, 5.183623470042982, 6.567823229156576, 7.678524982696661, 9.036215447488608, 10.18604463509097, 2.4831863752804524, 3.056628223491731, 2.49685680324035, 0.0, 1.7629322963934786, 2.4894529615087535, 3.050440834880432, 3.087017007146144, 2.5342448637656565, 4.363360973798076, 4.705981187822049, 5.365046293280224, 5.06718279634409, 6.9149895354620305, 6.686532341011612, 7.600741198297281, 7.802513987865281, 9.12294990021293, 9.291734274398083, 10.15564230800203, 11.12476792143249, 10.307566903670347], [2.1496796831202265, 1.0925220325685578, 2.1504319586029363, 2.759397970103093, 4.178949905242165, 5.183626785002417, 6.567828290940021, 7.678531578916475, 9.036223698766024, 10.186054257094609, 2.4831865810799796, 2.4968574907485936, 3.056628399713289, 1.7629322963934786, 0.0, 3.0504404016049183, 2.4894532179326347, 2.534248301495001, 3.0870155393390744, 4.705979985079877, 4.363366109767182, 5.067192635453524, 5.365042842968733, 6.686545013510954, 6.914987070224092, 7.802510873005092, 7.6007572750414125, 9.291732634605705, 9.12296803296568, 10.307567566640362, 11.124778233337768, 10.155661076564337], [2.751785732534, 2.1503971645043043, 1.0927312930782673, 2.150889607142364, 2.7590321214826785, 4.178706720865538, 5.18310131598595, 6.5673690931370885, 7.678729272652175, 9.030205143932918, 3.7487196456152843, 3.1042061286147224, 2.5549041576652742, 2.4894529615087535, 3.0504404016049183, 0.0, 1.762864793993224, 3.051276525378688, 2.49061073911113, 2.5335598362428597, 3.0864430192270706, 4.705740726229033, 4.363114737900633, 5.364383719667941, 5.0664981892716305, 6.686485251572994, 6.91497440581671, 7.600742027919273, 7.802513743664312, 9.14244375648633, 9.829246233345973, 9.310906284384554], [2.7517870902658212, 2.1503977129377034, 1.0927312974803438, 2.1508898771177307, 2.7590340480107445, 4.178709666414311, 5.183106562676685, 6.567375596842206, 7.678737795659079, 9.030214779964782, 3.7487208336700997, 2.554905635599911, 3.104207846861098, 3.050440834880432, 2.4894532179326347, 1.762864793993224, 0.0, 2.490611109038436, 3.05127622840337, 3.0864428810319344, 2.533564468759481, 4.363120895514874, 4.70573949184383, 5.066510046156846, 5.3643829837573245, 6.914973519035225, 6.686498354230099, 7.802513899537093, 7.6007592999075015, 9.31090836999587, 9.829256702877302, 9.142460757801098], [4.175211602393073, 2.75979954728233, 2.150908316341187, 1.0927551750870066, 2.1508820247661307, 2.758705859133213, 4.1784773712360925, 5.1827542644704945, 6.567616785747846, 7.671217379681143, 4.846170287293684, 4.380590012467405, 4.722030964587264, 3.087017007146144, 2.534248301495001, 3.051276525378688, 2.490611109038436, 0.0, 1.7625542036137651, 3.05123144614287, 2.4906566452285475, 2.5329446010196075, 3.085843663738296, 4.3630342136942435, 4.705595088404778, 5.364381859567155, 5.066509369928918, 6.914988503251829, 6.686545703319543, 7.822651236266493, 8.622336187907367, 7.621413968521802], [4.175209003209546, 2.759797283584013, 2.150907622993877, 1.0927551754130467, 2.1508814889387504, 2.7587036562221416, 4.178473212030587, 5.182748316460484, 6.567609176437667, 7.671208320839904, 4.8461673759803405, 4.722029312879363, 4.380586694185702, 2.5342448637656565, 3.0870155393390744, 2.49061073911113, 3.05127622840337, 1.7625542036137651, 0.0, 2.4906557445930324, 3.0512315792938667, 3.085845760772972, 2.5329381997075378, 4.7055955562025025, 4.3630256074032845, 5.066496732335824, 5.364382824044796, 6.686531377444612, 6.914987835629904, 7.621398641505084, 8.622326580000522, 7.822648168400621], [5.176453492079649, 4.178994495534088, 2.75892825501899, 2.150941788205763, 1.0926980922775285, 2.150798631940434, 2.7586934236259197, 4.178371709107844, 5.183548024654583, 6.562570845919298, 6.146963112349847, 5.38521449007669, 5.088462967959947, 4.363360973798076, 4.705979985079877, 2.5335598362428597, 3.0864428810319344, 3.05123144614287, 2.4906557445930324, 0.0, 1.762581517545009, 3.051063308763139, 2.4904404174971866, 3.085844690929817, 2.5329383577171534, 4.363114032306146, 4.705739757156167, 5.067182327383453, 5.365044498891527, 6.705666739694641, 7.323107244660793, 6.9335479536170475], [5.176457713502804, 4.178997821917731, 2.7589305811964135, 2.1509425160520803, 1.0926980862939377, 2.150799356169451, 2.7586970974034393, 4.178376548900059, 5.183555093865393, 6.5625788938290786, 6.146967506870529, 5.088469079641865, 5.385217061057833, 4.705981187822049, 4.363366109767182, 3.0864430192270706, 2.533564468759481, 2.4906566452285475, 3.0512315792938667, 1.762581517545009, 0.0, 2.490440511907021, 3.051063304717994, 2.532945581595181, 3.0858456774821734, 4.705740548946777, 4.363121695732771, 5.365046397524822, 5.067194965221062, 6.933551451884023, 7.323116019775596, 6.705679056598271], [6.562577741737948, 5.183554027584509, 4.178376047885419, 2.7586967293141864, 2.1507993142101958, 1.09269808955909, 2.150942474932842, 2.7589306360288717, 4.178998069480463, 5.176458067085126, 7.323114590686272, 6.705677175712431, 6.933551295307802, 5.365046293280224, 5.067192635453524, 4.705740726229033, 4.363120895514874, 2.5329446010196075, 3.085845760772972, 3.051063308763139, 2.490440511907021, 0.0, 1.7625815104714695, 2.4906563991841995, 3.0512315606041462, 3.086442680123303, 2.5335647730038153, 4.7059809927706775, 4.363366813508376, 5.385217019242262, 6.146967929478093, 5.088469788419035], [6.562571089653464, 5.18354773936343, 4.178371709616356, 2.758693057648016, 2.150798583173955, 1.0926980976469518, 2.1509417386402814, 2.758927545823943, 4.1789937714161285, 5.176452073684448, 7.323107246504346, 6.933547644648798, 6.705668139518493, 5.06718279634409, 5.365042842968733, 4.363114737900633, 4.70573949184383, 3.085843663738296, 2.5329381997075378, 2.4904404174971866, 3.051063304717994, 1.7625815104714695, 0.0, 3.051231462001863, 2.490655985634399, 2.533558537339362, 3.0864423960246663, 4.3633600906782934, 4.705980011553954, 5.088460865664658, 6.146961828222973, 5.385213210907719], [7.671218146693125, 6.567617251420139, 5.182755203718405, 4.178477863823834, 2.7587065961164976, 2.1508820934019304, 1.0927551718204733, 2.150908393217995, 2.75980014879782, 4.175212407486, 8.622336675816017, 7.621414238884952, 7.822652986591042, 6.9149895354620305, 6.686545013510954, 5.364383719667941, 5.066510046156846, 4.3630342136942435, 4.7055955562025025, 3.085844690929817, 2.532945581595181, 2.4906563991841995, 3.051231462001863, 0.0, 1.762554212858396, 3.051276536000706, 2.4906109578146745, 3.0870169861622743, 2.534249650905297, 4.722031278603036, 4.846171255770855, 4.380591201783032], [7.671209469539926, 6.567609604615072, 5.182748859826369, 4.178473177313235, 2.758703639865484, 2.1508815003758617, 1.092755174034544, 2.1509076303601105, 2.759797176709846, 4.175208579795088, 8.622327551815076, 7.8226488868892385, 7.621400901635278, 6.686532341011612, 6.914987070224092, 5.0664981892716305, 5.3643829837573245, 4.705595088404778, 4.3630256074032845, 2.5329383577171534, 3.0858456774821734, 3.0512315606041462, 2.490655985634399, 1.762554212858396, 0.0, 2.4906109043571054, 3.051276230940088, 2.5342442373272944, 3.0870161597180226, 4.380585719892618, 4.84616702926183, 4.722029199580833], [9.030204369653855, 7.678727863371828, 6.567368251945409, 5.183100023360143, 4.178706041235713, 2.7590314609922157, 2.1508895498970957, 1.0927312969487957, 2.1503971111249514, 2.7517850449823666, 9.829245061691733, 9.310905062341446, 9.142444305620408, 7.600741198297281, 7.802510873005092, 6.686485251572994, 6.914973519035225, 5.364381859567155, 5.066496732335824, 4.363114032306146, 4.705740548946777, 3.086442680123303, 2.533558537339362, 3.051276536000706, 2.4906109043571054, 0.0, 1.7628647877143724, 2.4894532978294337, 3.050440396042362, 2.5549033542756483, 3.748719115482182, 3.1042051256315126], [9.030214351542861, 7.678737170994291, 6.56737568993288, 5.183106428651132, 4.178709988257702, 2.759034093273469, 2.1508898788786945, 1.0927312979536419, 2.1503977094165, 2.751787496154955, 9.829255845737812, 9.14245973187799, 9.31090912380751, 7.802513987865281, 7.6007572750414125, 6.91497440581671, 6.686498354230099, 5.066509369928918, 5.364382824044796, 4.705739757156167, 4.363121695732771, 2.5335647730038153, 3.0864423960246663, 2.4906109578146745, 3.051276230940088, 1.7628647877143724, 0.0, 3.0504408228558813, 2.4894528637626157, 3.10420851375798, 3.748721114649302, 2.5549060390635994], [10.186045067155696, 9.036215066734664, 7.67852495330131, 6.567822552436183, 5.183623085148185, 4.178947412343854, 2.759396763620959, 2.150431973174165, 1.0925220909923112, 2.1496793851055678, 11.124768051469871, 10.307567042614101, 10.155643940144369, 9.12294990021293, 9.291732634605705, 7.600742027919273, 7.802513899537093, 6.914988503251829, 6.686531377444612, 5.067182327383453, 5.365046397524822, 4.7059809927706775, 4.3633600906782934, 3.0870169861622743, 2.5342442373272944, 2.4894532978294337, 3.0504408228558813, 0.0, 1.7629322974484378, 2.4968567212286406, 2.4831864118813938, 3.0566282201553197], [10.186056174580738, 9.036225003855153, 7.678533517988333, 6.567829469425316, 5.183628355700616, 4.178950619792849, 2.7593987372502395, 2.1504319983889055, 1.0925220301303908, 2.1496797172419866, 11.124779731344084, 10.15566269401261, 10.307570630586067, 9.291734274398083, 9.12296803296568, 7.802513743664312, 7.6007592999075015, 6.686545703319543, 6.914987835629904, 5.365044498891527, 5.067194965221062, 4.363366813508376, 4.705980011553954, 2.534249650905297, 3.0870161597180226, 3.050440396042362, 2.4894528637626157, 1.7629322974484378, 0.0, 3.0566284086304143, 2.483186624999377, 2.4968575830246733], [11.54716155413594, 10.213884535643691, 9.055888747277741, 7.699181278258994, 6.587591711659272, 5.203952371405197, 4.19727343167028, 2.778293272379547, 2.160387975071056, 1.0879427494940146, 12.367592873931184, 11.773877141413331, 11.641071550076735, 10.15564230800203, 10.307567566640362, 9.14244375648633, 9.31090836999587, 7.822651236266493, 7.621398641505084, 6.705666739694641, 6.933551451884023, 5.385217019242262, 5.088460865664658, 4.722031278603036, 4.380585719892618, 2.5549033542756483, 3.10420851375798, 2.4968567212286406, 3.0566284086304143, 0.0, 1.7644389993161993, 1.7633581384388197], [12.279428823165592, 11.034613317638984, 9.752671764150945, 8.505958938785001, 7.220473722585996, 5.9823772263536075, 4.689324363556422, 3.472758140365604, 2.1620982100093964, 1.0875941644336424, 13.17259617307719, 12.367604031920076, 12.36759453013974, 11.12476792143249, 11.124778233337768, 9.829246233345973, 9.829256702877302, 8.622336187907367, 8.622326580000522, 7.323107244660793, 7.323116019775596, 6.146967929478093, 6.146961828222973, 4.846171255770855, 4.84616702926183, 3.748719115482182, 3.748721114649302, 2.4831864118813938, 2.483186624999377, 1.7644389993161993, 0.0, 1.764438983293494], [11.547171627217026, 10.21389353206448, 9.055896278399745, 7.699187355374816, 6.587596117623243, 5.203955067767904, 4.197274961553047, 2.778293256385172, 2.160388059785968, 1.0879426474749196, 12.367603615485462, 11.641090407497028, 11.77387844500401, 10.307566903670347, 10.155661076564337, 9.310906284384554, 9.142460757801098, 7.621413968521802, 7.822648168400621, 6.9335479536170475, 6.705679056598271, 5.088469788419035, 5.385213210907719, 4.380591201783032, 4.722029199580833, 3.1042051256315126, 2.5549060390635994, 3.0566282201553197, 2.4968575830246733, 1.7633581384388197, 1.764438983293494, 0.0]]}