{"total energy": -29.34264669, "HOMO-LUMO gap/eV": 3.84607304, "electronic energy": -29.74565043, "dipole": [-0.54696322, -0.96731029, -0.42703651], "partial charges": [-0.10245978, -0.05340655, -0.05919103, -0.05969866, -0.05964417, -0.05700493, -0.08353861, 0.21489946, -0.31992756, 0.03361634, 0.03342469, 0.03342469, 0.02966762, 0.02966764, 0.03006027, 0.03006031, 0.03201664, 0.03201668, 0.03010005, 0.03010004, 0.04732621, 0.04732633, 0.06423968, 0.06423987, 0.01268477], "atomic dipole moments": [[0.08681666, 0.04071478, 0.01784143], [-0.01636874, -0.10266021, -0.04540946], [0.02027892, 0.10343997, 0.04574625], [-0.011138, -0.10500739, -0.04645933], [0.02373693, 0.10328776, 0.04567142], [0.00186886, -0.12083801, -0.05349429], [0.01659745, 0.0807874, 0.03572566], [-0.04415011, 0.05737087, 0.02549337], [-0.02727337, -0.15328538, -0.06779622], [-0.08963398, 0.07784181, 0.03464484], [-0.01414364, -0.10537604, 0.06257694], [-0.01452522, -0.02454404, -0.12002761], [0.01027014, 0.02558297, 0.11905801], [0.00989349, 0.10535009, -0.06114119], [-0.01070377, -0.10507456, 0.06088283], [-0.0110795, -0.02559056, -0.11867733], [0.01074663, 0.02591429, 0.11915521], [0.01036949, 0.10564561, -0.06096287], [-0.01178399, -0.02553835, -0.11858727], [-0.0114078, -0.10497367, 0.06086377], [0.01274656, 0.02760132, 0.12173721], [0.01236245, 0.10869455, -0.06145687], [-0.00909701, -0.11242211, 0.06334194], [-0.00949415, -0.02870779, -0.1257755], [0.09950628, -0.07546712, -0.0336178]], "atomic quadrupole moments": [[0.17074463, 0.12339675, -0.05762016, 0.05400193, 0.03017448, -0.11312447], [0.2200659, -0.02399591, -0.02336182, -0.0115817, 0.0955073, -0.19670408], [0.22196676, -0.02400696, -0.01972114, -0.01160776, 0.10056204, -0.20224562], [0.22246826, -0.03161343, -0.01924308, -0.01497931, 0.10138867, -0.20322518], [0.22355433, -0.02014209, -0.02184145, -0.00989928, 0.09908927, -0.20171288], [0.23824835, -0.04722927, -0.02209439, -0.02195887, 0.10698608, -0.21615396], [0.1994618, -0.01421906, -0.01127476, -0.00720004, 0.09744095, -0.18818703], [-0.37079586, 0.07709055, -0.18084736, 0.03644215, -0.40350584, 0.55164322], [-0.14632504, -0.00790401, -0.07456318, -0.00257443, -0.16262925, 0.22088823], [0.02240341, -0.05259601, 0.01861938, -0.02344543, 0.03299901, -0.04102279], [-0.03504953, 0.00951663, 0.04481044, 0.00666741, -0.0612622, -0.00976091], [-0.03506551, 0.01142519, -0.04603855, 0.00293544, 0.02124348, 0.08110406], [-0.01777394, -0.0022507, -0.03879578, 0.00576498, 0.01178784, 0.05656973], [-0.01782037, 0.00252594, 0.0252057, -0.0054339, -0.04634877, -0.00738533], [-0.02088022, 0.00309318, 0.02640576, -0.00499686, -0.04609918, -0.00552555], [-0.02083469, -0.00155434, -0.03698378, 0.00590677, 0.01148163, 0.05781847], [-0.01990014, -0.00144074, -0.03716956, 0.00639075, 0.01118917, 0.0570697], [-0.01994833, 0.00353118, 0.02562199, -0.00524223, -0.04584906, -0.00567365], [-0.02143737, -0.00171588, -0.03637769, 0.00506205, 0.01120463, 0.05781506], [-0.02147761, 0.00235881, 0.02639986, -0.00454444, -0.04581913, -0.00492225], [-0.01748556, -0.00213853, -0.03783633, 0.00489849, 0.00937591, 0.05532189], [-0.01752564, 0.00196655, 0.02255291, -0.00476213, -0.04547885, -0.00502727], [-0.02456024, -0.00467325, 0.03806165, -0.0268034, -0.05071041, -0.01350142], [-0.02438536, -0.02288513, -0.04074216, 0.01484255, 0.02089793, 0.06512752], [0.03083512, 0.02634471, 0.02897221, 0.01142735, 0.04879233, -0.05980733]], "number of molecular orbitals": 52, "number of electrons": 54, "number of unpaired electrons": 0, "orbital energies/eV": [-19.5695299, -17.63387674, -17.10062325, -16.88176485, -16.54167234, -16.10474547, -15.55976662, -15.43494481, -15.15375294, -15.00597027, -14.99288509, -14.31230383, -14.17328481, -13.89456296, -13.60258238, -13.33976941, -13.2675527, -12.86734514, -12.66832514, -12.59779634, -12.11452553, -12.01419891, -11.81118405, -11.67848565, -11.64851662, -11.47675077, -10.95520881, -7.10913577, 0.90373762, 2.54967252, 2.79002843, 2.80099202, 3.13841999, 3.69322856, 3.75296467, 3.80446944, 4.26514673, 4.46998381, 4.7266857, 4.89718398, 4.92266893, 5.11794519, 5.88056686, 6.11538831, 6.20995179, 6.79439525, 7.15601782, 7.21031928, 7.43565073, 8.02281514, 8.60730128, 16.95667791], "fractional occupation": [2.0, 2.0, 2.0, 2.0, 2.0, 2.0, 2.0, 2.0, 2.0, 2.0, 2.0, 2.0, 2.0, 2.0, 2.0, 2.0, 2.0, 2.0, 2.0, 2.0, 2.0, 2.0, 2.0, 2.0, 2.0, 2.0, 2.0, 0.0, 0.0, 0.0, 0.0, 0.0, 0.0, 0.0, 0.0, 0.0, 0.0, 0.0, 0.0, 0.0, 0.0, 0.0, 0.0, 0.0, 0.0, 0.0, 0.0, 0.0, 0.0, 0.0, 0.0, 0.0], "program call": "xtb /tmp/scratch/tmp91ec2pw2/6805_0_xyzopt.xyz --pop --wbo --acc 0.2 --gfn 2 --chrg 0 --uhf 0 --etemp 300 --input /tmp/scratch/tmp91ec2pw2/6805_0_xtb.inp", "method": "GFN2-xTB", "xtb version": "6.3.3 (7355c4f)", "Dipole module/D": 3.026, "Total charge": 0, "Transition dipole module/D": NaN, "HOMO": -10.9552, "LUMO": -7.1091, "HOMO occupancy": 2.0, "LUMO occupancy": 0, "mulliken charges": [-0.08566, -0.03923, -0.04741, -0.04539, -0.04864, -0.03758, -0.08739, 0.39564, -0.46689, 0.03025, 0.02775, 0.02775, 0.0232, 0.0232, 0.02272, 0.02272, 0.02556, 0.02556, 0.02256, 0.02256, 0.0388, 0.0388, 0.05019, 0.05019, 0.01074], "cm5 charges": [-0.23835, -0.15289, -0.15936, -0.15739, -0.16029, -0.14734, -0.19186, 0.37859, -0.52517, 0.08183, 0.07991, 0.07991, 0.07844, 0.07844, 0.07867, 0.07867, 0.08159, 0.08159, 0.0785, 0.0785, 0.09681, 0.09681, 0.10625, 0.10625, 0.0719], "FUKUI+": [0.005, 0.002, 0.004, 0.004, 0.007, 0.016, 0.035, -0.17, -0.334, -0.011, -0.005, -0.005, -0.005, -0.005, -0.008, -0.008, -0.01, -0.01, -0.019, -0.019, -0.025, -0.025, -0.111, -0.111, -0.189], "FUKUI-": [0.016, 0.004, 0.005, 0.004, 0.001, 0.004, -0.008, -0.009, -0.146, -0.058, -0.056, -0.056, -0.072, -0.072, -0.063, -0.063, -0.045, -0.045, -0.033, -0.033, -0.027, -0.027, -0.05, -0.05, -0.121], "FUKUIrad": [0.011, 0.003, 0.004, 0.004, 0.004, 0.01, 0.014, -0.09, -0.24, -0.035, -0.031, -0.031, -0.039, -0.039, -0.035, -0.035, -0.027, -0.027, -0.026, -0.026, -0.026, -0.026, -0.081, -0.081, -0.155], "s proportion": [1.005, 1.026, 1.03, 1.03, 1.031, 1.027, 1.041, 1.046, 1.725, 0.97, 0.972, 0.972, 0.977, 0.977, 0.977, 0.977, 0.974, 0.974, 0.977, 0.977, 0.961, 0.961, 0.95, 0.95, 0.989], "p proportion": [3.081, 3.013, 3.017, 3.015, 3.018, 3.011, 3.047, 2.558, 4.742, 0.0, 0.0, 0.0, 0.0, 0.0, 0.0, 0.0, 0.0, 0.0, 0.0, 0.0, 0.0, 0.0, 0.0, 0.0, 0.0], "d proportion": [0.0, 0.0, 0.0, 0.0, 0.0, 0.0, 0.0, 0.0, 0.0, 0.0, 0.0, 0.0, 0.0, 0.0, 0.0, 0.0, 0.0, 0.0, 0.0, 0.0, 0.0, 0.0, 0.0, 0.0, 0.0], "Fermi-level/eV": -9.0322, "Coordination numbers": [3.752, 3.801, 3.803, 3.803, 3.803, 3.804, 3.803, 2.757, 0.856, 0.925, 0.925, 0.925, 0.924, 0.924, 0.924, 0.924, 0.924, 0.924, 0.924, 0.924, 0.924, 0.924, 0.924, 0.924, 0.921], "Dispersion coefficient C6": [22.517, 21.533, 21.637, 21.647, 21.646, 21.596, 22.092, 23.456, 20.145, 2.536, 2.538, 2.538, 2.591, 2.591, 2.586, 2.586, 2.558, 2.558, 2.585, 2.585, 2.354, 2.354, 2.15, 2.15, 2.848], "Total dispersion C6": 4515.966557, "Total dispersion C8": 95762.338763, "Polarizability alpha": [6.767, 6.607, 6.622, 6.624, 6.624, 6.616, 6.692, 7.931, 6.018, 2.49, 2.491, 2.491, 2.517, 2.517, 2.515, 2.515, 2.501, 2.501, 2.514, 2.514, 2.399, 2.399, 2.293, 2.293, 2.639], "Total polarizability alpha": 100.091331, "Wiberg matrix": [[0.0, 1.019146329778308, 0.0, 0.0, 0.0, 0.0, 0.0, 0.0, 0.0, 0.9874675160451573, 0.9879930663434521, 0.9879930582052382, 0.0, 0.0, 0.0, 0.0, 0.0, 0.0, 0.0, 0.0, 0.0, 0.0, 0.0, 0.0, 0.0], [1.019146329778308, 0.0, 1.007706573000119, 0.0, 0.0, 0.0, 0.0, 0.0, 0.0, 0.0, 0.0, 0.0, 0.9785872510114998, 0.9785872220388142, 0.0, 0.0, 0.0, 0.0, 0.0, 0.0, 0.0, 0.0, 0.0, 0.0, 0.0], [0.0, 1.007706573000119, 0.0, 1.0071403263551535, 0.0, 0.0, 0.0, 0.0, 0.0, 0.0, 0.0, 0.0, 0.0, 0.0, 0.9775071604045131, 0.9775071121590024, 0.0, 0.0, 0.0, 0.0, 0.0, 0.0, 0.0, 0.0, 0.0], [0.0, 0.0, 1.0071403263551535, 0.0, 1.006790645017037, 0.0, 0.0, 0.0, 0.0, 0.0, 0.0, 0.0, 0.0, 0.0, 0.0, 0.0, 0.9773209504815501, 0.9773208957889729, 0.0, 0.0, 0.0, 0.0, 0.0, 0.0, 0.0], [0.0, 0.0, 0.0, 1.006790645017037, 0.0, 1.0074295899873746, 0.0, 0.0, 0.0, 0.0, 0.0, 0.0, 0.0, 0.0, 0.0, 0.0, 0.0, 0.0, 0.977321749952137, 0.9773218081168961, 0.0, 0.0, 0.0, 0.0, 0.0], [0.0, 0.0, 0.0, 0.0, 1.0074295899873746, 0.0, 1.0064334674947788, 0.0, 0.0, 0.0, 0.0, 0.0, 0.0, 0.0, 0.0, 0.0, 0.0, 0.0, 0.0, 0.0, 0.9757613356836528, 0.9757612701953412, 0.0, 0.0, 0.0], [0.0, 0.0, 0.0, 0.0, 0.0, 1.0064334674947788, 0.0, 1.0144567371700177, 0.0, 0.0, 0.0, 0.0, 0.0, 0.0, 0.0, 0.0, 0.0, 0.0, 0.0, 0.0, 0.0, 0.0, 0.9437110216317031, 0.9437106662078834, 0.0], [0.0, 0.0, 0.0, 0.0, 0.0, 0.0, 1.0144567371700177, 0.0, 1.9266460765344893, 0.0, 0.0, 0.0, 0.0, 0.0, 0.0, 0.0, 0.0, 0.0, 0.0, 0.0, 0.0, 0.0, 0.0, 0.0, 0.9300704071706394], [0.0, 0.0, 0.0, 0.0, 0.0, 0.0, 0.0, 1.9266460765344893, 0.0, 0.0, 0.0, 0.0, 0.0, 0.0, 0.0, 0.0, 0.0, 0.0, 0.0, 0.0, 0.0, 0.0, 0.0, 0.0, 0.0], [0.9874675160451573, 0.0, 0.0, 0.0, 0.0, 0.0, 0.0, 0.0, 0.0, 0.0, 0.0, 0.0, 0.0, 0.0, 0.0, 0.0, 0.0, 0.0, 0.0, 0.0, 0.0, 0.0, 0.0, 0.0, 0.0], [0.9879930663434521, 0.0, 0.0, 0.0, 0.0, 0.0, 0.0, 0.0, 0.0, 0.0, 0.0, 0.0, 0.0, 0.0, 0.0, 0.0, 0.0, 0.0, 0.0, 0.0, 0.0, 0.0, 0.0, 0.0, 0.0], [0.9879930582052382, 0.0, 0.0, 0.0, 0.0, 0.0, 0.0, 0.0, 0.0, 0.0, 0.0, 0.0, 0.0, 0.0, 0.0, 0.0, 0.0, 0.0, 0.0, 0.0, 0.0, 0.0, 0.0, 0.0, 0.0], [0.0, 0.9785872510114998, 0.0, 0.0, 0.0, 0.0, 0.0, 0.0, 0.0, 0.0, 0.0, 0.0, 0.0, 0.0, 0.0, 0.0, 0.0, 0.0, 0.0, 0.0, 0.0, 0.0, 0.0, 0.0, 0.0], [0.0, 0.9785872220388142, 0.0, 0.0, 0.0, 0.0, 0.0, 0.0, 0.0, 0.0, 0.0, 0.0, 0.0, 0.0, 0.0, 0.0, 0.0, 0.0, 0.0, 0.0, 0.0, 0.0, 0.0, 0.0, 0.0], [0.0, 0.0, 0.9775071604045131, 0.0, 0.0, 0.0, 0.0, 0.0, 0.0, 0.0, 0.0, 0.0, 0.0, 0.0, 0.0, 0.0, 0.0, 0.0, 0.0, 0.0, 0.0, 0.0, 0.0, 0.0, 0.0], [0.0, 0.0, 0.9775071121590024, 0.0, 0.0, 0.0, 0.0, 0.0, 0.0, 0.0, 0.0, 0.0, 0.0, 0.0, 0.0, 0.0, 0.0, 0.0, 0.0, 0.0, 0.0, 0.0, 0.0, 0.0, 0.0], [0.0, 0.0, 0.0, 0.9773209504815501, 0.0, 0.0, 0.0, 0.0, 0.0, 0.0, 0.0, 0.0, 0.0, 0.0, 0.0, 0.0, 0.0, 0.0, 0.0, 0.0, 0.0, 0.0, 0.0, 0.0, 0.0], [0.0, 0.0, 0.0, 0.9773208957889729, 0.0, 0.0, 0.0, 0.0, 0.0, 0.0, 0.0, 0.0, 0.0, 0.0, 0.0, 0.0, 0.0, 0.0, 0.0, 0.0, 0.0, 0.0, 0.0, 0.0, 0.0], [0.0, 0.0, 0.0, 0.0, 0.977321749952137, 0.0, 0.0, 0.0, 0.0, 0.0, 0.0, 0.0, 0.0, 0.0, 0.0, 0.0, 0.0, 0.0, 0.0, 0.0, 0.0, 0.0, 0.0, 0.0, 0.0], [0.0, 0.0, 0.0, 0.0, 0.9773218081168961, 0.0, 0.0, 0.0, 0.0, 0.0, 0.0, 0.0, 0.0, 0.0, 0.0, 0.0, 0.0, 0.0, 0.0, 0.0, 0.0, 0.0, 0.0, 0.0, 0.0], [0.0, 0.0, 0.0, 0.0, 0.0, 0.9757613356836528, 0.0, 0.0, 0.0, 0.0, 0.0, 0.0, 0.0, 0.0, 0.0, 0.0, 0.0, 0.0, 0.0, 0.0, 0.0, 0.0, 0.0, 0.0, 0.0], [0.0, 0.0, 0.0, 0.0, 0.0, 0.9757612701953412, 0.0, 0.0, 0.0, 0.0, 0.0, 0.0, 0.0, 0.0, 0.0, 0.0, 0.0, 0.0, 0.0, 0.0, 0.0, 0.0, 0.0, 0.0, 0.0], [0.0, 0.0, 0.0, 0.0, 0.0, 0.0, 0.9437110216317031, 0.0, 0.0, 0.0, 0.0, 0.0, 0.0, 0.0, 0.0, 0.0, 0.0, 0.0, 0.0, 0.0, 0.0, 0.0, 0.0, 0.0, 0.0], [0.0, 0.0, 0.0, 0.0, 0.0, 0.0, 0.9437106662078834, 0.0, 0.0, 0.0, 0.0, 0.0, 0.0, 0.0, 0.0, 0.0, 0.0, 0.0, 0.0, 0.0, 0.0, 0.0, 0.0, 0.0, 0.0], [0.0, 0.0, 0.0, 0.0, 0.0, 0.0, 0.0, 0.9300704071706394, 0.0, 0.0, 0.0, 0.0, 0.0, 0.0, 0.0, 0.0, 0.0, 0.0, 0.0, 0.0, 0.0, 0.0, 0.0, 0.0, 0.0]], "Born radii": [], "Atomic SASAs": [], "Solvent H bonds": [], "Total SASA": NaN, "Total FOD": 0.0, "FOD": [0.0, 0.0, 0.0, 0.0, 0.0, 0.0, 0.0, 0.0, 0.0, 0.0, 0.0, 0.0, 0.0, 0.0, 0.0, 0.0, 0.0, 0.0, 0.0, 0.0, 0.0, 0.0, 0.0, 0.0, 0.0], "FOD s proportion": [0.0, 0.0, 0.0, 0.0, 0.0, 0.0, 0.0, 0.0, 0.0, 0.0, 0.0, 0.0, 0.0, 0.0, 0.0, 0.0, 0.0, 0.0, 0.0, 0.0, 0.0, 0.0, 0.0, 0.0, 0.0], "FOD p proportion": [0.0, 0.0, 0.0, 0.0, 0.0, 0.0, 0.0, 0.0, 0.0, 0.0, 0.0, 0.0, 0.0, 0.0, 0.0, 0.0, 0.0, 0.0, 0.0, 0.0, 0.0, 0.0, 0.0, 0.0, 0.0], "FOD d proportion": [0.0, 0.0, 0.0, 0.0, 0.0, 0.0, 0.0, 0.0, 0.0, 0.0, 0.0, 0.0, 0.0, 0.0, 0.0, 0.0, 0.0, 0.0, 0.0, 0.0, 0.0, 0.0, 0.0, 0.0, 0.0], "coordinates": [["-4.26698109008273", "0.19183341099291", "-0.02196205102317"], ["-2.89507852460216", "0.79939066553976", "0.24411253783395"], ["-1.76609718343224", "-0.13968506376780", "-0.17393969976876"], ["-0.38895896796682", "0.46407619958236", "0.09043921341297"], ["0.74086715272554", "-0.47420399412870", "-0.32726688570905"], ["2.11330160710424", "0.13657349299785", "-0.05977829720815"], ["3.24660051343670", "-0.79642104542250", "-0.47515579069354"], ["4.60629318227441", "-0.21708078967428", "-0.22155769394884"], ["4.83649905223060", "0.85760889125012", "0.25367297904842"], ["-5.05518043935073", "0.87632659673313", "0.28268370429912"], ["-4.38649997852846", "-0.73724332341664", "0.53126851379577"], ["-4.38986992896205", "-0.02344493546279", "-1.08124762522271"], ["-2.79898062115573", "1.02637774710729", "1.30826780538671"], ["-2.80234981971882", "1.73990250856790", "-0.30363125155207"], ["-1.85966689210697", "-1.08060495799462", "0.37377946816165"], ["-1.86304000803289", "-0.36696915105486", "-1.23837658794219"], ["-0.29284071597851", "0.69175300780315", "1.15447971938413"], ["-0.29621409439182", "1.40496744047810", "-0.45671676928949"], ["0.64499574707634", "-0.70158512288733", "-1.39204052116026"], ["0.64837644303737", "-1.41543594422114", "0.22060559028785"], ["2.21449377221756", "0.36518473401168", "1.00275810023808"], ["2.21112139589633", "1.07698802117563", "-0.60524916260413"], ["3.18549774553340", "-1.74635046724326", "0.06436503275195"], ["3.18212915888337", "-1.03578089701442", "-1.54086340525632"], ["5.43158049389405", "-0.89617802395154", "-0.52390892322193"]], "bond_dist": [[0.0, 1.5238235309773112, 2.527334963824408, 3.889190887550544, 5.061162009865084, 6.380634061207067, 7.591833767216387, 8.884933627025998, 9.131953918051023, 1.0874732970271879, 1.0879027534510148, 1.0879027350278412, 2.1496513895501135, 2.149651187407165, 2.7515218335775624, 2.751519099505948, 4.174652866469163, 4.1746492514483196, 5.177144786443694, 5.177151100675148, 6.564268311108543, 6.564261904990709, 7.700873321030159, 7.700866296357015, 9.772298416609583], [1.5238235309773112, 0.0, 1.5268365228304535, 2.533117943142207, 3.89469110087852, 5.061180473714651, 6.386249552871621, 7.584236314142769, 7.731802674048545, 2.1618157078001614, 2.1605648622011513, 2.1605645860846225, 1.09232979255609, 1.0923298029425395, 2.150180063630808, 2.150179697023865, 2.758984574664574, 2.7589819272116225, 4.178761897847315, 4.1787656784721925, 5.183802362817973, 5.183797181422696, 6.5944305938922625, 6.594425449547073, 8.532177949136429], [2.527334963824408, 1.5268365228304535, 0.0, 1.526739511951078, 2.533827603347392, 3.89089791591051, 5.064501109016281, 6.373038250686188, 6.691167677393057, 3.472585966074817, 2.778651706619868, 2.7786512662090135, 2.1502301651610725, 2.150229956747338, 1.0927405111240567, 1.0927405256875027, 2.1509235316334157, 2.150923179792079, 2.7591430566503123, 2.7591464600127042, 4.181460938649531, 4.181457745345929, 5.211185585337081, 5.21118144893957, 7.245779737395635], [3.889190887550544, 2.533117943142207, 1.526739511951078, 0.0, 1.5268775884637729, 2.5280686914861192, 3.889221484585073, 5.05112472214913, 5.242797417648363, 4.688339914535982, 4.197360265635619, 4.197358148021153, 2.758168573277761, 2.75816600395583, 2.1515815988855813, 2.151581446617618, 1.0923633304511173, 1.0923633132689248, 2.1507149590036527, 2.1507147507972304, 2.7604476889798297, 2.7604458183635523, 4.202785589225051, 4.20278359585875, 6.008859693212035], [5.061162009865084, 3.89469110087852, 2.533827603347392, 1.5268775884637729, 0.0, 1.5258360381523919, 2.530690544365871, 3.8754103221988565, 4.345735535484057, 5.982486129421283, 5.205397815692766, 5.205394671485634, 4.178186394856113, 4.178182949836346, 2.760790726872621, 2.760788420527995, 2.150251308540409, 2.150251163497806, 1.0929942355239979, 1.092994220116654, 2.1552529582042728, 2.1552536635332262, 2.783514135747718, 2.7835131242409683, 4.7137587784886055], [6.380634061207067, 5.061180473714651, 3.89089791591051, 2.5280686914861192, 1.5258360381523919, 0.0, 1.5255765080489267, 2.523143063468967, 2.8344219998550706, 7.214682926318356, 6.584854805843483, 6.5848496955529905, 5.1762745714978236, 5.176268650827415, 4.177795401069499, 4.177791493788573, 2.7517572028520467, 2.7517538538864357, 2.1525228447904228, 2.1525227417847463, 1.0915523577438775, 1.0915524086744552, 2.170349917798061, 2.1703502594063635, 3.5061328703117103], [7.591833767216387, 6.386249552871621, 5.064501109016281, 3.889221484585073, 2.530690544365871, 1.5255765080489267, 0.0, 1.4995703652359766, 2.407235711489797, 8.502468604033309, 7.699390560550059, 7.699384403709244, 6.561421066815005, 6.561414327036243, 5.184150690982084, 5.184145172887507, 4.1710931570613985, 4.171089379144162, 2.7600758724200083, 2.7600781989288428, 2.144481704536908, 2.1444819465524367, 1.0941582031943404, 1.094158312973556, 2.187799313853073], [8.884933627025998, 7.584236314142769, 6.373038250686188, 5.05112472214913, 3.8754103221988565, 2.523143063468967, 1.4995703652359766, 0.0, 1.1974125627389682, 9.736214441029723, 9.039228130407997, 9.03922078201111, 7.663200068827703, 7.663191947839996, 6.550476319273063, 6.550470144292762, 5.16923309469985, 5.16922797421635, 4.158924364280488, 4.158926347158455, 2.7493065892906756, 2.749305569883951, 2.1069117744794212, 2.106912573214334, 1.1107152948286731], [9.131953918051023, 7.731802674048545, 6.691167677393057, 5.242797417648363, 4.345735535484057, 2.8344219998550706, 2.407235711489797, 1.1974125627389682, 0.0, 9.891739742777748, 9.363990815294603, 9.363981708781097, 7.709812125930348, 7.709801691424224, 6.972068333589214, 6.9720604495406215, 5.210478616714564, 5.210470153591437, 4.765307844789279, 4.7653118749875665, 2.7710145719277577, 2.7710074497278248, 3.0890527923510964, 3.0890492823701754, 2.008612476532788], [1.0874732970271879, 2.1618157078001614, 3.472585966074817, 4.688339914535982, 5.982486129421283, 7.214682926318356, 8.502468604033309, 9.736214441029723, 9.891739742777748, 0.0, 1.7642380376270388, 1.7642379536318293, 2.4828966381537914, 2.4828963699089686, 3.748224430140392, 3.7482221468790993, 4.84499487537991, 4.844990699110786, 6.14707370889323, 6.147079822728597, 7.323109741213377, 7.323102631009694, 8.65071528667307, 8.650707979441519, 10.666045151233366], [1.0879027534510148, 2.1605648622011513, 2.778651706619868, 4.197360265635619, 5.205397815692766, 6.584854805843483, 7.699390560550059, 9.039228130407997, 9.363990815294603, 1.7642380376270388, 0.0, 1.7634420301803246, 2.496859004742142, 3.0566060944702813, 2.5549139825499334, 3.1042868700422743, 4.380464459309254, 4.7218238521261044, 5.3866815747719725, 5.089836663724652, 6.709006524763315, 6.9362609236343875, 7.653198391622338, 7.852834035714971, 9.875898127542103], [1.0879027350278412, 2.1605645860846225, 2.7786512662090135, 4.197358148021153, 5.205394671485634, 6.5848496955529905, 7.699384403709244, 9.03922078201111, 9.363981708781097, 1.7642379536318293, 1.7634420301803246, 0.0, 3.0566060340926557, 2.496858332028848, 3.104290347798142, 2.5549105359926627, 4.721825201075863, 4.380458742833297, 5.089826982689584, 5.386686111902623, 6.9362621620875915, 6.708994984297337, 7.85283561761878, 7.653185020018687, 9.875888713483526], [2.1496513895501135, 1.09232979255609, 2.1502301651610725, 2.758168573277761, 4.178186394856113, 5.1762745714978236, 6.561421066815005, 7.663200068827703, 7.709812125930348, 2.4828966381537914, 2.496859004742142, 3.0566060340926557, 0.0, 1.7627670028896352, 2.4889666236387553, 3.0500488645240362, 2.5330538320123375, 3.0858290607649375, 4.705156104045848, 4.362308325342765, 5.066106776758277, 5.363322739487085, 6.711877321569147, 6.938567656935073, 8.648423470567117], [2.149651187407165, 1.0923298029425395, 2.150229956747338, 2.75816600395583, 4.178182949836346, 5.176268650827415, 6.561414327036243, 7.663191947839996, 7.709801691424224, 2.4828963699089686, 3.0566060944702813, 2.496858332028848, 1.7627670028896352, 0.0, 3.0500489756934783, 2.4889676487158483, 3.085829049262677, 2.533048153773935, 4.36230306714471, 4.7051564010632765, 5.363321892643087, 5.066095400963508, 6.938566101242437, 6.711866388383803, 8.648413220701078], [2.7515218335775624, 2.150180063630808, 1.0927405111240567, 2.1515815988855813, 2.760790726872621, 4.177795401069499, 5.184150690982084, 6.550476319273063, 6.972068333589214, 3.748224430140392, 2.5549139825499334, 3.104290347798142, 2.4889666236387553, 3.0500489756934783, 0.0, 1.7630469625310323, 2.4911222184764408, 3.051586275882309, 3.087897538166429, 2.5349270989837684, 4.368604705377875, 4.710097855604351, 5.09829781366502, 5.393289714910072, 7.3486152563521845], [2.751519099505948, 2.150179697023865, 1.0927405256875027, 2.151581446617618, 2.760788420527995, 4.177791493788573, 5.184145172887507, 6.550470144292762, 6.9720604495406215, 3.7482221468790993, 3.1042868700422743, 2.5549105359926627, 3.0500488645240362, 2.4889676487158483, 1.7630469625310323, 0.0, 3.051586429045783, 2.491123200519555, 2.5349208669865337, 3.0878996427137317, 4.710097210362694, 4.368598607931105, 5.393288606677989, 5.098287884082735, 7.348606285699095], [4.174652866469163, 2.758984574664574, 2.1509235316334157, 1.0923633304511173, 2.150251308540409, 2.7517572028520467, 4.1710931570613985, 5.16923309469985, 5.210478616714564, 4.84499487537991, 4.380464459309254, 4.721825201075863, 2.5330538320123375, 3.085829049262677, 2.4911222184764408, 3.051586429045783, 0.0, 1.7619989590723297, 3.05052351464032, 2.4896296730547065, 2.5330599130026297, 3.0846195894042516, 4.385377639140967, 4.724898261660072, 6.173128184743725], [4.1746492514483196, 2.7589819272116225, 2.150923179792079, 1.0923633132689248, 2.150251163497806, 2.7517538538864357, 4.171089379144162, 5.16922797421635, 5.210470153591437, 4.844990699110786, 4.7218238521261044, 4.380458742833297, 3.0858290607649375, 2.533048153773935, 3.051586275882309, 2.491123200519555, 1.7619989590723297, 0.0, 2.489632540900684, 3.0505232525924324, 3.0846181227022864, 2.533054210278232, 4.72489662704059, 4.3853732067927504, 6.173120449141753], [5.177144786443694, 4.178761897847315, 2.7591430566503123, 2.1507149590036527, 1.0929942355239979, 2.1525228447904228, 2.7600758724200083, 4.158924364280488, 4.765307844789279, 6.14707370889323, 5.3866815747719725, 5.089826982689584, 4.705156104045848, 4.36230306714471, 3.087897538166429, 2.5349208669865337, 3.05052351464032, 2.489632540900684, 0.0, 1.7635821231212474, 3.05554944577271, 2.4970207485266194, 3.1091481415972786, 2.5633729762917166, 4.868563690345594], [5.177151100675148, 4.1787656784721925, 2.7591464600127042, 2.1507147507972304, 1.092994220116654, 2.1525227417847463, 2.7600781989288428, 4.158926347158455, 4.7653118749875665, 6.147079822728597, 5.089836663724652, 5.386686111902623, 4.362308325342765, 4.7051564010632765, 2.5349270989837684, 3.0878996427137317, 2.4896296730547065, 3.0505232525924324, 1.7635821231212474, 0.0, 2.4970174283192828, 3.055549882401625, 2.563376686510439, 3.1091500128153844, 4.868569773631798], [6.564268311108543, 5.183802362817973, 4.181460938649531, 2.7604476889798297, 2.1552529582042728, 1.0915523577438775, 2.144481704536908, 2.7493065892906756, 2.7710145719277577, 7.323109741213377, 6.709006524763315, 6.9362621620875915, 5.066106776758277, 5.363321892643087, 4.368604705377875, 4.710097210362694, 2.5330599130026297, 3.0846181227022864, 3.05554944577271, 2.4970174283192828, 0.0, 1.7585114869948255, 2.5063940574937362, 3.0608876660305335, 3.777750015880354], [6.564261904990709, 5.183797181422696, 4.181457745345929, 2.7604458183635523, 2.1552536635332262, 1.0915524086744552, 2.1444819465524367, 2.749305569883951, 2.7710074497278248, 7.323102631009694, 6.9362609236343875, 6.708994984297337, 5.363322739487085, 5.066095400963508, 4.710097855604351, 4.368598607931105, 3.0846195894042516, 2.533054210278232, 2.4970207485266194, 3.055549882401625, 1.7585114869948255, 0.0, 3.0608875610747117, 2.506396335080444, 3.777744999078398], [7.700873321030159, 6.5944305938922625, 5.211185585337081, 4.202785589225051, 2.783514135747718, 2.170349917798061, 1.0941582031943404, 2.1069117744794212, 3.0890527923510964, 8.65071528667307, 7.653198391622338, 7.85283561761878, 6.711877321569147, 6.938566101242437, 5.09829781366502, 5.393288606677989, 4.385377639140967, 4.72489662704059, 3.1091481415972786, 2.563376686510439, 2.5063940574937362, 3.0608875610747117, 0.0, 1.7554711047754923, 2.4725992686023957], [7.700866296357015, 6.594425449547073, 5.21118144893957, 4.20278359585875, 2.7835131242409683, 2.1703502594063635, 1.094158312973556, 2.106912573214334, 3.0890492823701754, 8.650707979441519, 7.852834035714971, 7.653185020018687, 6.938567656935073, 6.711866388383803, 5.393289714910072, 5.098287884082735, 4.724898261660072, 4.3853732067927504, 2.5633729762917166, 3.1091500128153844, 3.0608876660305335, 2.506396335080444, 1.7554711047754923, 0.0, 2.4725931103354992], [9.772298416609583, 8.532177949136429, 7.245779737395635, 6.008859693212035, 4.7137587784886055, 3.5061328703117103, 2.187799313853073, 1.1107152948286731, 2.008612476532788, 10.666045151233366, 9.875898127542103, 9.875888713483526, 8.648423470567117, 8.648413220701078, 7.3486152563521845, 7.348606285699095, 6.173128184743725, 6.173120449141753, 4.868563690345594, 4.868569773631798, 3.777750015880354, 3.777744999078398, 2.4725992686023957, 2.4725931103354992, 0.0]]}