{"total energy": -28.54999633, "HOMO-LUMO gap/eV": 4.68185655, "electronic energy": -29.05684458, "dipole": [-0.02218723, 0.17662927, -0.0410712], "partial charges": [-0.09653769, -0.05696821, 0.01136481, -0.04235499, -0.03312158, -0.04235498, 0.01136481, -0.0569682, -0.09653769, -0.04663098, 0.03412757, 0.03523637, 0.03486975, 0.03398172, 0.03392474, 0.0258855, 0.02582596, 0.02588551, 0.03392472, 0.03398175, 0.03486973, 0.03523639, 0.03412757, 0.02686742], "atomic dipole moments": [[0.03248234, -0.06462055, -0.06742017], [0.03007866, 0.04442716, 0.08764911], [-0.08321163, 0.02561823, -0.0248578], [0.00365233, 0.00541824, -0.00396406], [-3.315e-05, 0.00012217, -0.00092187], [-0.00499116, 0.00437251, -0.00379217], [0.07366512, 0.04459892, -0.02797797], [-0.03634367, 0.03639019, 0.08897054], [-0.01875719, -0.07081967, -0.06640135], [0.00129754, -0.00937242, 0.0082259], [-0.11340576, 0.03864083, -0.03226432], [-0.00579415, -0.05224921, 0.11329224], [0.07551727, 0.09887398, 0.00780562], [-0.07813566, -0.09704891, -0.00613007], [0.00397369, 0.05467508, -0.11178271], [-0.11723077, -0.07450349, 0.04714807], [0.01577795, -0.11594655, 0.0879577], [0.13336721, -0.04418334, 0.04216378], [-0.02127138, 0.05162123, -0.11128028], [0.09871691, -0.07565142, -0.00964822], [-0.0965455, 0.07805599, 0.01122854], [0.02251877, -0.0488242, 0.11272881], [0.09956994, 0.06440902, -0.03650028], [-0.01567308, 0.11504251, -0.08818399]], "atomic quadrupole moments": [[-0.0742267, -0.08816101, 0.03382557, -0.08529673, 0.16362424, 0.04040113], [0.066268, -0.1409445, -0.0328307, -0.008496, 0.10902084, -0.0334373], [-0.12115041, -0.10240753, -0.04768347, 0.04036942, 0.35008812, 0.16883388], [-0.23295309, -0.02748823, 0.01302451, -0.03110621, 0.35041702, 0.21992859], [-0.25502799, -0.02633916, 0.02063971, -0.03472209, 0.36784494, 0.23438828], [-0.23517773, -0.01914842, 0.01507516, -0.03545534, 0.34971957, 0.22010257], [-0.17352285, 0.08609752, -0.00130196, -0.10971082, 0.32805435, 0.1748248], [-0.00611882, 0.1518839, 0.03908635, -0.01955107, 0.10168468, -0.03296753], [-0.10526879, 0.06030857, 0.07020498, 0.04922442, 0.17687218, 0.03506381], [-0.23675675, -0.02501512, 0.02292376, -0.03171006, 0.33655056, 0.21383299], [0.06020384, -0.03527937, -0.03573372, 0.03866706, 0.00084787, -0.02447012], [-0.05208117, -0.00326004, -0.00336285, -0.00733358, -0.0485939, 0.05544402], [0.00865295, 0.06250645, 0.03107, -0.00978997, 0.00756333, -0.03972295], [0.00800031, 0.03643576, 0.03224677, -0.00302576, -0.00043634, -0.04024708], [-0.02298788, -0.00462619, -0.012885, -0.01247365, -0.03945238, 0.03587288], [0.03610176, 0.00319714, -0.00321843, 0.00524186, -0.05164607, -0.03288333], [0.03940754, 0.00436322, -0.00470331, 0.00476004, -0.05159635, -0.03470423], [0.03580668, 0.00427911, -0.00295229, 0.00451703, -0.05175599, -0.0328544], [-0.0227777, 0.0004855, -0.01165074, 0.02382438, -0.03516209, 0.03442843], [0.02640013, -0.03786233, 0.01399872, 0.00060789, 0.0015257, -0.04039884], [0.03937579, -0.06013604, 0.00094303, 0.00488544, 0.01185259, -0.04031881], [-0.04918964, -0.01006487, -0.0050513, 0.02286734, -0.04479788, 0.05424094], [0.03534169, 0.05292989, -0.01402477, -0.0403501, -0.01052684, -0.02131692], [0.03424917, 0.00333998, -0.00168251, 0.00501738, -0.05250268, -0.03256667]], "number of molecular orbitals": 54, "number of electrons": 54, "number of unpaired electrons": 0, "orbital energies/eV": [-17.35602533, -16.9663829, -16.75770563, -16.36593868, -16.27962844, -15.62457517, -15.6008805, -15.22772323, -14.90051551, -14.09040423, -13.8969224, -13.61808936, -13.44837008, -13.33431979, -13.12727085, -12.85390577, -12.82532731, -12.75535396, -12.25190882, -12.18016174, -12.1344879, -11.91045384, -11.70627951, -11.18533282, -11.1748022, -10.62995868, -10.46541785, -5.7835613, -5.77280672, -2.35207911, 2.54058921, 3.30211425, 3.54245228, 3.73926061, 3.75503256, 3.87981416, 4.46934686, 4.76776882, 4.89792123, 5.1548929, 5.26974288, 5.43881049, 5.53377477, 5.6034828, 6.94882376, 6.99558214, 7.44080661, 7.48931732, 11.15295956, 11.4436083, 12.72441369, 13.0258968, 17.63458553, 18.09213893], "fractional occupation": [2.0, 2.0, 2.0, 2.0, 2.0, 2.0, 2.0, 2.0, 2.0, 2.0, 2.0, 2.0, 2.0, 2.0, 2.0, 2.0, 2.0, 2.0, 2.0, 2.0, 2.0, 2.0, 2.0, 2.0, 2.0, 2.0, 2.0, 0.0, 0.0, 0.0, 0.0, 0.0, 0.0, 0.0, 0.0, 0.0, 0.0, 0.0, 0.0, 0.0, 0.0, 0.0, 0.0, 0.0, 0.0, 0.0, 0.0, 0.0, 0.0, 0.0, 0.0, 0.0, 0.0, 0.0], "program call": "xtb /tmp/scratch/tmpbrzboicn/7241_0_xyzopt.xyz --pop --wbo --acc 0.2 --gfn 2 --chrg 0 --uhf 0 --etemp 300 --input /tmp/scratch/tmpbrzboicn/7241_0_xtb.inp", "method": "GFN2-xTB", "xtb version": "6.3.3 (7355c4f)", "Dipole module/D": 0.464, "Total charge": 0, "Transition dipole module/D": NaN, "HOMO": -10.4654, "LUMO": -5.7836, "HOMO occupancy": 2.0, "LUMO occupancy": 0, "mulliken charges": [-0.08032, -0.04272, 0.01049, -0.04679, -0.0248, -0.04679, 0.01049, -0.04272, -0.08032, -0.05497, 0.02946, 0.02937, 0.02912, 0.0285, 0.02822, 0.02733, 0.02713, 0.02733, 0.02822, 0.0285, 0.02912, 0.02937, 0.02946, 0.02732], "cm5 charges": [-0.23166, -0.14959, -0.00588, -0.10117, -0.08102, -0.10117, -0.00588, -0.14959, -0.23166, -0.1073, 0.08101, 0.08202, 0.08175, 0.08429, 0.08402, 0.08473, 0.08357, 0.08473, 0.08402, 0.08429, 0.08175, 0.08202, 0.08101, 0.08572], "FUKUI+": [0.014, 0.017, -0.077, -0.055, -0.05, -0.055, -0.077, 0.017, 0.014, -0.045, -0.045, -0.018, -0.018, -0.045, -0.044, -0.092, -0.091, -0.092, -0.044, -0.045, -0.018, -0.018, -0.045, -0.088], "FUKUI-": [0.006, 0.006, -0.051, -0.052, -0.026, -0.052, -0.051, 0.006, 0.006, -0.02, -0.057, -0.037, -0.039, -0.062, -0.056, -0.071, -0.07, -0.071, -0.056, -0.062, -0.039, -0.037, -0.057, -0.059], "FUKUIrad": [0.01, 0.011, -0.064, -0.054, -0.038, -0.054, -0.064, 0.011, 0.01, -0.032, -0.051, -0.028, -0.028, -0.053, -0.05, -0.081, -0.081, -0.081, -0.05, -0.053, -0.028, -0.028, -0.051, -0.073], "s proportion": [1.006, 1.025, 1.084, 1.056, 1.055, 1.056, 1.084, 1.025, 1.006, 1.059, 0.971, 0.971, 0.971, 0.971, 0.972, 0.973, 0.973, 0.973, 0.972, 0.971, 0.971, 0.971, 0.971, 0.973], "p proportion": [3.074, 3.017, 2.906, 2.991, 2.97, 2.991, 2.906, 3.017, 3.074, 2.996, 0.0, 0.0, 0.0, 0.0, 0.0, 0.0, 0.0, 0.0, 0.0, 0.0, 0.0, 0.0, 0.0, 0.0], "d proportion": [0.0, 0.0, 0.0, 0.0, 0.0, 0.0, 0.0, 0.0, 0.0, 0.0, 0.0, 0.0, 0.0, 0.0, 0.0, 0.0, 0.0, 0.0, 0.0, 0.0, 0.0, 0.0, 0.0, 0.0], "Fermi-level/eV": -8.1245, "Coordination numbers": [3.754, 3.807, 2.97, 2.925, 2.917, 2.925, 2.97, 3.807, 3.754, 2.931, 0.925, 0.925, 0.925, 0.924, 0.924, 0.926, 0.926, 0.926, 0.924, 0.924, 0.925, 0.925, 0.925, 0.925], "Dispersion coefficient C6": [22.401, 21.593, 27.758, 29.052, 28.825, 29.052, 27.758, 21.593, 22.401, 29.158, 2.529, 2.513, 2.518, 2.531, 2.531, 2.646, 2.646, 2.646, 2.531, 2.531, 2.518, 2.513, 2.529, 2.631], "Total dispersion C6": 5349.875466, "Total dispersion C8": 123084.155441, "Polarizability alpha": [6.749, 6.615, 8.642, 8.839, 8.804, 8.839, 8.642, 6.615, 6.749, 8.856, 2.487, 2.479, 2.482, 2.488, 2.488, 2.544, 2.544, 2.544, 2.488, 2.488, 2.482, 2.479, 2.487, 2.537], "Total polarizability alpha": 114.364753, "Wiberg matrix": [[0.0, 1.0015359793261878, 0.0, 0.0, 0.0, 0.0, 0.0, 0.0, 0.0, 0.0, 0.9865636287531463, 0.9884382261272857, 0.9884967719153642, 0.0, 0.0, 0.0, 0.0, 0.0, 0.0, 0.0, 0.0, 0.0, 0.0, 0.0], [1.0015359793261878, 0.0, 1.0112520089788217, 0.0, 0.0, 0.0, 0.0, 0.0, 0.0, 0.0, 0.0, 0.0, 0.0, 0.9745181433231648, 0.9747531169079218, 0.0, 0.0, 0.0, 0.0, 0.0, 0.0, 0.0, 0.0, 0.0], [0.0, 1.0112520089788217, 0.0, 1.4102583444010983, 0.0, 0.1075679515058301, 0.0, 0.0, 0.0, 1.4176156086763232, 0.0, 0.0, 0.0, 0.0, 0.0, 0.0, 0.0, 0.0, 0.0, 0.0, 0.0, 0.0, 0.0, 0.0], [0.0, 0.0, 1.4102583444010983, 0.0, 1.442891414418286, 0.0, 0.10756793152109265, 0.0, 0.0, 0.0, 0.0, 0.0, 0.0, 0.0, 0.0, 0.9697799950654428, 0.0, 0.0, 0.0, 0.0, 0.0, 0.0, 0.0, 0.0], [0.0, 0.0, 0.0, 1.442891414418286, 0.0, 1.4428916031197268, 0.0, 0.0, 0.0, 0.10839200978100866, 0.0, 0.0, 0.0, 0.0, 0.0, 0.0, 0.9711899327377415, 0.0, 0.0, 0.0, 0.0, 0.0, 0.0, 0.0], [0.0, 0.0, 0.1075679515058301, 0.0, 1.4428916031197268, 0.0, 1.4102581615560184, 0.0, 0.0, 0.0, 0.0, 0.0, 0.0, 0.0, 0.0, 0.0, 0.0, 0.9697800004241651, 0.0, 0.0, 0.0, 0.0, 0.0, 0.0], [0.0, 0.0, 0.0, 0.10756793152109265, 0.0, 1.4102581615560184, 0.0, 1.01125201112309, 0.0, 1.4176158066589473, 0.0, 0.0, 0.0, 0.0, 0.0, 0.0, 0.0, 0.0, 0.0, 0.0, 0.0, 0.0, 0.0, 0.0], [0.0, 0.0, 0.0, 0.0, 0.0, 0.0, 1.01125201112309, 0.0, 1.001535981275369, 0.0, 0.0, 0.0, 0.0, 0.0, 0.0, 0.0, 0.0, 0.0, 0.9747531833790164, 0.974518072770351, 0.0, 0.0, 0.0, 0.0], [0.0, 0.0, 0.0, 0.0, 0.0, 0.0, 0.0, 1.001535981275369, 0.0, 0.0, 0.0, 0.0, 0.0, 0.0, 0.0, 0.0, 0.0, 0.0, 0.0, 0.0, 0.9884967835975361, 0.9884382141493997, 0.986563627691639, 0.0], [0.0, 0.0, 1.4176156086763232, 0.0, 0.10839200978100866, 0.0, 1.4176158066589473, 0.0, 0.0, 0.0, 0.0, 0.0, 0.0, 0.0, 0.0, 0.0, 0.0, 0.0, 0.0, 0.0, 0.0, 0.0, 0.0, 0.9674762646441308], [0.9865636287531463, 0.0, 0.0, 0.0, 0.0, 0.0, 0.0, 0.0, 0.0, 0.0, 0.0, 0.0, 0.0, 0.0, 0.0, 0.0, 0.0, 0.0, 0.0, 0.0, 0.0, 0.0, 0.0, 0.0], [0.9884382261272857, 0.0, 0.0, 0.0, 0.0, 0.0, 0.0, 0.0, 0.0, 0.0, 0.0, 0.0, 0.0, 0.0, 0.0, 0.0, 0.0, 0.0, 0.0, 0.0, 0.0, 0.0, 0.0, 0.0], [0.9884967719153642, 0.0, 0.0, 0.0, 0.0, 0.0, 0.0, 0.0, 0.0, 0.0, 0.0, 0.0, 0.0, 0.0, 0.0, 0.0, 0.0, 0.0, 0.0, 0.0, 0.0, 0.0, 0.0, 0.0], [0.0, 0.9745181433231648, 0.0, 0.0, 0.0, 0.0, 0.0, 0.0, 0.0, 0.0, 0.0, 0.0, 0.0, 0.0, 0.0, 0.0, 0.0, 0.0, 0.0, 0.0, 0.0, 0.0, 0.0, 0.0], [0.0, 0.9747531169079218, 0.0, 0.0, 0.0, 0.0, 0.0, 0.0, 0.0, 0.0, 0.0, 0.0, 0.0, 0.0, 0.0, 0.0, 0.0, 0.0, 0.0, 0.0, 0.0, 0.0, 0.0, 0.0], [0.0, 0.0, 0.0, 0.9697799950654428, 0.0, 0.0, 0.0, 0.0, 0.0, 0.0, 0.0, 0.0, 0.0, 0.0, 0.0, 0.0, 0.0, 0.0, 0.0, 0.0, 0.0, 0.0, 0.0, 0.0], [0.0, 0.0, 0.0, 0.0, 0.9711899327377415, 0.0, 0.0, 0.0, 0.0, 0.0, 0.0, 0.0, 0.0, 0.0, 0.0, 0.0, 0.0, 0.0, 0.0, 0.0, 0.0, 0.0, 0.0, 0.0], [0.0, 0.0, 0.0, 0.0, 0.0, 0.9697800004241651, 0.0, 0.0, 0.0, 0.0, 0.0, 0.0, 0.0, 0.0, 0.0, 0.0, 0.0, 0.0, 0.0, 0.0, 0.0, 0.0, 0.0, 0.0], [0.0, 0.0, 0.0, 0.0, 0.0, 0.0, 0.0, 0.9747531833790164, 0.0, 0.0, 0.0, 0.0, 0.0, 0.0, 0.0, 0.0, 0.0, 0.0, 0.0, 0.0, 0.0, 0.0, 0.0, 0.0], [0.0, 0.0, 0.0, 0.0, 0.0, 0.0, 0.0, 0.974518072770351, 0.0, 0.0, 0.0, 0.0, 0.0, 0.0, 0.0, 0.0, 0.0, 0.0, 0.0, 0.0, 0.0, 0.0, 0.0, 0.0], [0.0, 0.0, 0.0, 0.0, 0.0, 0.0, 0.0, 0.0, 0.9884967835975361, 0.0, 0.0, 0.0, 0.0, 0.0, 0.0, 0.0, 0.0, 0.0, 0.0, 0.0, 0.0, 0.0, 0.0, 0.0], [0.0, 0.0, 0.0, 0.0, 0.0, 0.0, 0.0, 0.0, 0.9884382141493997, 0.0, 0.0, 0.0, 0.0, 0.0, 0.0, 0.0, 0.0, 0.0, 0.0, 0.0, 0.0, 0.0, 0.0, 0.0], [0.0, 0.0, 0.0, 0.0, 0.0, 0.0, 0.0, 0.0, 0.986563627691639, 0.0, 0.0, 0.0, 0.0, 0.0, 0.0, 0.0, 0.0, 0.0, 0.0, 0.0, 0.0, 0.0, 0.0, 0.0], [0.0, 0.0, 0.0, 0.0, 0.0, 0.0, 0.0, 0.0, 0.0, 0.9674762646441308, 0.0, 0.0, 0.0, 0.0, 0.0, 0.0, 0.0, 0.0, 0.0, 0.0, 0.0, 0.0, 0.0, 0.0]], "Born radii": [], "Atomic SASAs": [], "Solvent H bonds": [], "Total SASA": NaN, "Total FOD": 0.0, "FOD": [0.0, 0.0, 0.0, 0.0, 0.0, 0.0, 0.0, 0.0, 0.0, 0.0, 0.0, 0.0, 0.0, 0.0, 0.0, 0.0, 0.0, 0.0, 0.0, 0.0, 0.0, 0.0, 0.0, 0.0], "FOD s proportion": [0.0, 0.0, 0.0, 0.0, 0.0, 0.0, 0.0, 0.0, 0.0, 0.0, 0.0, 0.0, 0.0, 0.0, 0.0, 0.0, 0.0, 0.0, 0.0, 0.0, 0.0, 0.0, 0.0, 0.0], "FOD p proportion": [0.0, 0.0, 0.0, 0.0, 0.0, 0.0, 0.0, 0.0, 0.0, 0.0, 0.0, 0.0, 0.0, 0.0, 0.0, 0.0, 0.0, 0.0, 0.0, 0.0, 0.0, 0.0, 0.0, 0.0], "FOD d proportion": [0.0, 0.0, 0.0, 0.0, 0.0, 0.0, 0.0, 0.0, 0.0, 0.0, 0.0, 0.0, 0.0, 0.0, 0.0, 0.0, 0.0, 0.0, 0.0, 0.0, 0.0, 0.0, 0.0, 0.0], "coordinates": [["-3.06395522087225", "0.88013617226931", "0.34157784520821"], ["-2.52646866328321", "-0.12269646638894", "-0.68121440165478"], ["-1.15386276714547", "-0.59019088943767", "-0.28701263783426"], ["-0.99303240188912", "-1.68546193041275", "0.55129259289030"], ["0.27133539820695", "-2.08672818737383", "0.94308694293183"], ["1.38723257248995", "-1.39747077719659", "0.50395029633373"], ["1.24933484122625", "-0.29942500429050", "-0.33481099717001"], ["2.45438089153034", "0.47994256081225", "-0.78028066192287"], ["2.77695960718370", "1.58682945795422", "0.22540986914180"], ["-0.02542043250535", "0.09294669325471", "-0.71780447068961"], ["-4.05824561112683", "1.21885016436662", "0.05883461525347"], ["-3.11945111404352", "0.42196030808985", "1.32658381934224"], ["-2.40674192792679", "1.74470244910237", "0.40437807283818"], ["-3.20577030581654", "-0.97577016003842", "-0.73941021174133"], ["-2.48889705934588", "0.35125688457700", "-1.66432051093766"], ["-1.86249127430501", "-2.22839907028174", "0.89417423817198"], ["0.38778710776998", "-2.94241083811284", "1.59275714419543"], ["2.37380772191533", "-1.71584412627485", "0.80991626745405"], ["2.26640298503970", "0.92661168719023", "-1.75889805167248"], ["3.31464830679876", "-0.18685780541209", "-0.86910339762189"], ["1.93556681550754", "2.27007839268931", "0.31802248727007"], ["2.97864419655250", "1.15976479617408", "1.20529801596891"], ["3.64996613764667", "2.15147001517568", "-0.09447279890797"], ["-0.14173080360789", "0.94670667356452", "-1.37206306684743"]], "bond_dist": [[0.0, 1.529924534410187, 2.4910722280864195, 3.303784984236441, 4.50424919791109, 5.002692375203229, 4.5225366328133365, 5.645418929195596, 5.884657715390027, 3.3128012055093476, 1.0877887123335772, 1.087769132562237, 1.087818012376873, 2.152448608419079, 2.1526805163044322, 3.378145903095278, 5.300173618678557, 6.043816708846736, 5.729474458464472, 6.579575076201051, 5.189192116624783, 6.110418350665337, 6.847128588885253, 3.3882727682359945], [1.529924534410187, 0.0, 1.5026619753933226, 2.512515901423588, 3.784637766755436, 4.283307398231614, 3.7957766529938746, 5.018152071103051, 5.64542273655272, 2.5105941643623195, 2.166508834014664, 2.163222800622752, 2.1633363634472045, 1.0920495413015274, 1.0920352679394514, 2.712323504969574, 4.649152872143432, 5.364168042659679, 5.023352295826042, 5.84449026095607, 5.16077576536828, 5.95901867687555, 6.607907819000173, 2.7033071622199376], [2.4910722280864195, 1.5026619753933226, 0.0, 1.3886110756605985, 2.4049862106130417, 2.7810948753188085, 2.4211956195244038, 3.7957767644194083, 4.52253899454065, 1.387674552173421, 3.439139363449949, 2.737093553887107, 2.7385131383075194, 2.136272334242331, 2.1367305515344786, 2.1403464301353123, 3.3827736337514795, 3.8619693567206737, 4.020616189529353, 4.524278776474979, 4.253443665438718, 4.729370972346275, 5.534487171543133, 2.1363051430631748], [3.303784984236441, 2.512515901423588, 1.3886110756605985, 0.0, 1.383164254750605, 2.398091229630311, 2.7810948897671595, 4.283307408906854, 5.002692298002276, 2.389480594777174, 4.251244008723239, 3.092565523404321, 3.7129753797603002, 2.6581544669748065, 3.360770154386587, 1.0808826445747484, 2.138043845773244, 3.3768952755644976, 4.773240873826371, 4.776971025800116, 4.927210931754267, 4.929224403667279, 6.057763212147935, 3.3693208462307336], [4.50424919791109, 3.784637766755436, 2.4049862106130417, 1.383164254750605, 0.0, 1.3831642257672965, 2.404986221191795, 3.784637665216616, 4.504246755274665, 2.75637568124271, 5.518516298325432, 4.235330092584056, 4.705546316167512, 4.019364189885878, 4.512341749167211, 2.139083766493097, 1.080659599432577, 2.1390837495395534, 4.5123424943963695, 4.019364969526056, 4.70554304625338, 4.235326701524723, 5.518514283343621, 3.8382639709142876], [5.002692375203229, 4.283307398231614, 2.7810948753188085, 2.398091229630311, 1.3831642257672965, 0.0, 1.3886111086854647, 2.512515777205964, 3.3037817564209844, 2.3894805836191595, 6.057763274266505, 4.929224405294497, 4.927211150496222, 4.77697102813948, 4.773240791277265, 3.3768952653970503, 2.13804382104852, 1.0808826441157335, 3.3607711260434927, 2.6581556814451712, 3.7129713849933776, 3.0925609709028032, 4.251241481681488, 3.369320861084567], [4.5225366328133365, 3.7957766529938746, 2.4211956195244038, 2.7810948897671595, 2.404986221191795, 1.3886111086854647, 0.0, 1.5026619736663005, 2.4910722070939304, 1.3876745143223048, 5.53448521672446, 4.729367846574663, 4.253440356802305, 4.524279518922606, 4.020616894228296, 3.861969371869455, 3.382773648120167, 2.140346443663221, 2.1367305672027705, 2.1362723268626347, 2.73851302498691, 2.7370936214441937, 3.4391393497997664, 2.1363051380459863], [5.645418929195596, 5.018152071103051, 3.7957767644194083, 4.283307408906854, 3.784637665216616, 2.512515777205964, 1.5026619736663005, 0.0, 1.5299245324950792, 2.5105942887425656, 6.607904573924608, 5.959013602133056, 5.160770190458021, 5.84449155155278, 5.023353795775608, 5.364168052860806, 4.649152727484636, 2.712323263375982, 1.092035254608665, 1.092049555902378, 2.163336346844081, 2.163222820419474, 2.1665088359835503, 2.703307434489315], [5.884657715390027, 5.64542273655272, 4.52253899454065, 5.002692298002276, 4.504246755274665, 3.3037817564209844, 2.4910722070939304, 1.5299245324950792, 0.0, 3.3128043848644997, 6.847129796647402, 6.110414355697089, 5.189192143713242, 6.57957839093959, 5.729482256357138, 6.043816591004084, 5.300169946527094, 3.378140313283019, 2.1526805368781394, 2.1524485910337856, 1.087818014990472, 1.0877691295594458, 1.087788712208852, 3.388278423382537], [3.3128012055093476, 2.5105941643623195, 1.387674552173421, 2.389480594777174, 2.75637568124271, 2.3894805836191595, 1.3876745143223048, 2.5105942887425656, 3.3128043848644997, 0.0, 4.258462846779308, 3.723009440958455, 3.1077777916914484, 3.3551822360685066, 2.651666242266813, 3.370749291997584, 3.837034113837179, 3.370749266785278, 2.6516650888988824, 3.355181232965157, 3.107782313867585, 3.723013340624117, 4.258465343288879, 1.0818911761591454], [1.0877887123335772, 2.166508834014664, 3.439139363449949, 4.251244008723239, 5.518516298325432, 6.057763274266505, 5.53448521672446, 6.607904573924608, 6.847129796647402, 4.258462846779308, 0.0, 1.7673586493008222, 1.7673101940702725, 2.486014343940822, 2.4869331645687316, 4.17164915579836, 6.279826302777253, 7.109702125046784, 6.5871644309933055, 7.5628465921915025, 6.09081657470487, 7.129914976725578, 7.765939177800056, 4.178590491271286], [1.087769132562237, 2.163222800622752, 2.737093553887107, 3.092565523404321, 4.235330092584056, 4.929224405294497, 4.729367846574663, 5.959013602133056, 6.110414355697089, 3.723009440958455, 1.7673586493008222, 0.0, 1.7629703895615114, 2.4958831705180753, 3.0574672693062683, 2.9650178615188043, 4.867295079694072, 5.917182251511567, 6.227543317183746, 6.825638227107463, 5.475942173111168, 6.143763677571781, 7.129909933979363, 4.052761035590545], [1.087818012376873, 2.1633363634472045, 2.7385131383075194, 3.7129753797603002, 4.705546316167512, 4.927211150496222, 4.253440356802305, 5.160770190458021, 5.189192143713242, 3.1077777916914484, 1.7673101940702725, 1.7629703895615114, 0.0, 3.0573958209070278, 2.4955868723468795, 4.040005537233304, 5.5848606353052, 5.915530304398154, 5.214146091469669, 6.171465489690273, 4.374828270065571, 5.4759481848216796, 6.090814776089789, 2.98710826282412], [2.152448608419079, 1.0920495413015274, 2.136272334242331, 2.6581544669748065, 4.019364189885878, 4.77697102813948, 4.524279518922606, 5.84449155155278, 6.57957839093959, 3.3551822360685066, 2.486014343940822, 2.4958831705180753, 3.0573958209070278, 0.0, 1.7692843440797086, 2.458063444721168, 4.713845035371518, 5.837791789896684, 5.882439347209029, 6.569251244204772, 6.171470176164527, 6.825641535946781, 7.562849830730139, 3.672125390275898], [2.1526805163044322, 1.0920352679394514, 2.1367305515344786, 3.360770154386587, 4.512341749167211, 4.773240791277265, 4.020616894228296, 5.023353795775608, 5.729482256357138, 2.651666242266813, 2.4869331645687316, 3.0574672693062683, 2.4955868723468795, 1.7692843440797086, 0.0, 3.686855629692113, 5.452716177868715, 5.834436734965214, 4.790913960011706, 5.882437971945921, 5.214157681008559, 6.227551920139353, 6.587171662097045, 2.4390908750816425], [3.378145903095278, 2.712323504969574, 2.1403464301353123, 1.0808826445747484, 2.139083766493097, 3.3768952653970503, 3.861969371869455, 5.364168052860806, 6.043816591004084, 3.370749291997584, 4.17164915579836, 2.9650178615188043, 4.040005537233304, 2.458063444721168, 3.686855629692113, 0.0, 2.4620283666163347, 4.268025440602816, 5.834436841697241, 5.8377917913615, 5.915530033607838, 5.917182187347476, 7.109702025278809, 4.263583540260578], [5.300173618678557, 4.649152872143432, 3.3827736337514795, 2.138043845773244, 1.080659599432577, 2.13804382104852, 3.382773648120167, 4.649152727484636, 5.300169946527094, 3.837034113837179, 6.279826302777253, 4.867295079694072, 5.5848606353052, 4.713845035371518, 5.452716177868715, 2.4620283666163347, 0.0, 2.462028354161776, 5.45271725542603, 4.713846234420843, 5.584855812863854, 4.867289796701855, 6.279823170390334, 4.918920930642585], [6.043816708846736, 5.364168042659679, 3.8619693567206737, 3.3768952755644976, 2.1390837495395534, 1.0808826441157335, 2.140346443663221, 2.712323263375982, 3.378140313283019, 3.370749266785278, 7.109702125046784, 5.917182251511567, 5.915530304398154, 5.837791789896684, 5.834436734965214, 4.268025440602816, 2.462028354161776, 0.0, 3.686857131727268, 2.4580657459191273, 4.039999122551687, 2.965009369796002, 4.171644586258559, 4.263583545614597], [5.729474458464472, 5.023352295826042, 4.020616189529353, 4.773240873826371, 4.5123424943963695, 3.3607711260434927, 2.1367305672027705, 1.092035254608665, 2.1526805368781394, 2.6516650888988824, 6.5871644309933055, 6.227543317183746, 5.214146091469669, 5.882439347209029, 4.790913960011706, 5.834436841697241, 5.45271725542603, 3.686857131727268, 0.0, 1.7692843445650088, 2.495586962006469, 3.0574672922251733, 2.4869331199144167, 2.439088653162934], [6.579575076201051, 5.84449026095607, 4.524278776474979, 4.776971025800116, 4.019364969526056, 2.6581556814451712, 2.1362723268626347, 1.092049555902378, 2.1524485910337856, 3.355181232965157, 7.5628465921915025, 6.825638227107463, 6.171465489690273, 6.569251244204772, 5.882437971945921, 5.8377917913615, 4.713846234420843, 2.4580657459191273, 1.7692843445650088, 0.0, 3.0573958048874696, 2.495883093799186, 2.486014402348302, 3.672123828484062], [5.189192116624783, 5.16077576536828, 4.253443665438718, 4.927210931754267, 4.70554304625338, 3.7129713849933776, 2.73851302498691, 2.163336346844081, 1.087818014990472, 3.107782313867585, 6.09081657470487, 5.475942173111168, 4.374828270065571, 6.171470176164527, 5.214157681008559, 5.915530033607838, 5.584855812863854, 4.039999122551687, 2.495586962006469, 3.0573958048874696, 0.0, 1.762970382417698, 1.767310200300623, 2.987116885158429], [6.110418350665337, 5.95901867687555, 4.729370972346275, 4.929224403667279, 4.235326701524723, 3.0925609709028032, 2.7370936214441937, 2.163222820419474, 1.0877691295594458, 3.723013340624117, 7.129914976725578, 6.143763677571781, 5.4759481848216796, 6.825641535946781, 6.227551920139353, 5.917182187347476, 4.867289796701855, 2.965009369796002, 3.0574672922251733, 2.495883093799186, 1.762970382417698, 0.0, 1.7673586396640508, 4.052767456498348], [6.847128588885253, 6.607907819000173, 5.534487171543133, 6.057763212147935, 5.518514283343621, 4.251241481681488, 3.4391393497997664, 2.1665088359835503, 1.087788712208852, 4.258465343288879, 7.765939177800056, 7.129909933979363, 6.090814776089789, 7.562849830730139, 6.587171662097045, 7.109702025278809, 6.279823170390334, 4.171644586258559, 2.4869331199144167, 2.486014402348302, 1.767310200300623, 1.7673586396640508, 0.0, 4.17859513429369], [3.3882727682359945, 2.7033071622199376, 2.1363051430631748, 3.3693208462307336, 3.8382639709142876, 3.369320861084567, 2.1363051380459863, 2.703307434489315, 3.388278423382537, 1.0818911761591454, 4.178590491271286, 4.052761035590545, 2.98710826282412, 3.672125390275898, 2.4390908750816425, 4.263583540260578, 4.918920930642585, 4.263583545614597, 2.439088653162934, 3.672123828484062, 2.987116885158429, 4.052767456498348, 4.17859513429369, 0.0]]}