{"total energy": -23.15823179, "HOMO-LUMO gap/eV": 12.79136102, "electronic energy": -23.50917641, "dipole": [0.00025696, 0.00954607, -0.00277727], "partial charges": [-0.1020227, -0.05280803, -0.05879675, -0.05843613, -0.05879675, -0.05280803, -0.1020227, 0.03253197, 0.03317243, 0.03317242, 0.02837672, 0.02837672, 0.02962624, 0.02962623, 0.02796281, 0.02796282, 0.02962623, 0.02962624, 0.02837671, 0.02837672, 0.03317243, 0.03317243, 0.03253197], "atomic dipole moments": [[-0.08011187, -0.05133689, 0.01785785], [0.00420147, 0.10775467, -0.03139826], [-0.00418119, -0.10925702, 0.03183312], [0.00287591, 0.10683727, -0.03108303], [-0.00170322, -0.10934323, 0.03176605], [0.00160218, 0.10784512, -0.03132786], [0.07720074, -0.05680865, 0.01360565], [0.09895104, -0.07183899, 0.01715654], [0.00925811, 0.09711659, 0.07551025], [0.00214534, 0.04155004, -0.11613842], [-0.00499734, -0.09670666, -0.07425356], [0.0020106, -0.04195949, 0.11456919], [0.00545456, 0.09674266, 0.07406651], [-0.00154251, 0.04208072, -0.11446214], [-0.00536296, -0.09678022, -0.07386986], [0.00162128, -0.04221951, 0.11431015], [-0.00171753, 0.0420869, -0.11445737], [0.00527966, 0.09674869, 0.07407132], [-0.00574274, -0.09668063, -0.07423354], [0.00126549, -0.04193373, 0.11458927], [0.00159472, 0.09738302, 0.07571755], [-0.0055184, 0.04181679, -0.11593121], [-0.1026299, -0.06482752, 0.0226051]], "atomic quadrupole moments": [[0.13530093, 0.14658851, -0.02128551, -0.05221318, -0.03590688, -0.11401542], [0.22198405, -0.00478506, -0.00450321, -0.01566983, -0.06740832, -0.21748084], [0.22456542, -0.00923524, 0.0007218, -0.01480634, -0.071343, -0.22528722], [0.22324385, -0.0097068, -0.0006966, -0.01450431, -0.07000381, -0.22254725], [0.22451129, -0.01023954, 0.00079184, -0.01451344, -0.07132581, -0.22530313], [0.22145413, -0.01461812, -0.00381835, -0.01279985, -0.06724158, -0.21763578], [0.11888719, -0.15800306, -7.66e-05, 0.03670849, -0.03075117, -0.11881059], [0.03621062, -0.05595987, 0.01474726, 0.01280969, -0.01838102, -0.05095789], [-0.03795372, 0.00809944, 0.02921761, -0.00903915, 0.06496279, 0.00873611], [-0.03662006, 0.00914917, -0.0357764, 0.01010971, -0.03789038, 0.07239646], [-0.01776087, 0.00197183, 0.01251379, 0.00214642, 0.04946353, 0.00524709], [-0.01787802, -0.00147931, -0.03425656, 0.00143781, -0.02439453, 0.05213458], [-0.02074998, 0.0024245, 0.01385855, 0.00238287, 0.04899048, 0.00689143], [-0.02089528, -0.00110423, -0.03241097, 0.00128734, -0.02407244, 0.05330625], [-0.02039668, 0.00250733, 0.01344724, 0.00244809, 0.04901281, 0.00694944], [-0.02055568, -0.00106817, -0.03270959, 0.00116494, -0.02387029, 0.05326527], [-0.02090077, -0.00099844, -0.03241829, 0.00104977, -0.02406709, 0.05331906], [-0.02072714, 0.00264055, 0.01384342, 0.0025266, 0.04897963, 0.00688371], [-0.01768083, 0.00281261, 0.01245507, 0.00254222, 0.04942696, 0.00522576], [-0.01788586, -0.00098042, -0.03429119, 0.00065108, -0.02438076, 0.05217705], [-0.037156, 7.553e-05, 0.02977462, 0.01601412, 0.06430754, 0.00738138], [-0.03893476, -0.01097793, -0.03437335, -0.00672488, -0.0367588, 0.0733081], [0.04207929, 0.05294596, 0.00716418, -0.01898431, -0.02022425, -0.04924347]], "number of molecular orbitals": 44, "number of electrons": 44, "number of unpaired electrons": 0, "orbital energies/eV": [-16.9214291, -16.75455019, -16.419058, -15.90247112, -15.29211872, -15.07265944, -14.95433866, -14.18417755, -13.76877379, -13.51751266, -13.41586615, -13.12162097, -12.94167361, -12.54049586, -12.38428091, -12.20978291, -11.87876435, -11.78395365, -11.62372709, -11.44167068, -11.35667927, -11.33964716, 1.45171386, 2.98415979, 3.12249573, 3.40964599, 3.65332168, 3.93816831, 4.06338214, 4.1314647, 4.77616936, 4.80488002, 5.15746162, 5.19792177, 5.28358085, 6.05456473, 6.17028545, 6.43123207, 7.09475447, 7.34975454, 7.41906186, 7.60882086, 8.19857115, 8.7569035], "fractional occupation": [2.0, 2.0, 2.0, 2.0, 2.0, 2.0, 2.0, 2.0, 2.0, 2.0, 2.0, 2.0, 2.0, 2.0, 2.0, 2.0, 2.0, 2.0, 2.0, 2.0, 2.0, 2.0, 0.0, 0.0, 0.0, 0.0, 0.0, 0.0, 0.0, 0.0, 0.0, 0.0, 0.0, 0.0, 0.0, 0.0, 0.0, 0.0, 0.0, 0.0, 0.0, 0.0, 0.0, 0.0], "program call": "xtb /tmp/scratch/tmpyx9_uiwi/7248_0_xyzopt.xyz --pop --wbo --acc 0.2 --gfn 2 --chrg 0 --uhf 0 --etemp 300 --input /tmp/scratch/tmpyx9_uiwi/7248_0_xtb.inp", "method": "GFN2-xTB", "xtb version": "6.3.3 (7355c4f)", "Dipole module/D": 0.025, "Total charge": 0, "Transition dipole module/D": NaN, "HOMO": -11.3396, "LUMO": 1.4517, "HOMO occupancy": 2.0, "LUMO occupancy": 0, "mulliken charges": [-0.08565, -0.03935, -0.04727, -0.04604, -0.04727, -0.03935, -0.08565, 0.029, 0.02748, 0.02748, 0.02198, 0.02198, 0.02255, 0.02255, 0.02228, 0.02228, 0.02255, 0.02255, 0.02198, 0.02198, 0.02748, 0.02748, 0.029], "cm5 charges": [-0.23831, -0.15296, -0.15922, -0.15794, -0.15922, -0.15296, -0.23831, 0.08056, 0.07964, 0.07964, 0.07719, 0.07719, 0.0785, 0.0785, 0.07823, 0.07823, 0.0785, 0.0785, 0.07719, 0.07719, 0.07964, 0.07964, 0.08056], "FUKUI+": [0.005, -0.022, -0.024, -0.028, -0.024, -0.022, 0.005, -0.077, -0.045, -0.045, -0.051, -0.051, -0.057, -0.057, -0.06, -0.06, -0.057, -0.057, -0.051, -0.051, -0.045, -0.045, -0.077], "FUKUI-": [0.02, 0.008, 0.013, 0.016, 0.013, 0.008, 0.02, -0.055, -0.067, -0.067, -0.084, -0.084, -0.068, -0.068, -0.055, -0.055, -0.068, -0.068, -0.084, -0.084, -0.067, -0.067, -0.055], "FUKUIrad": [0.012, -0.007, -0.005, -0.006, -0.005, -0.007, 0.012, -0.066, -0.056, -0.056, -0.068, -0.068, -0.063, -0.063, -0.057, -0.057, -0.063, -0.063, -0.068, -0.068, -0.056, -0.056, -0.066], "s proportion": [1.005, 1.026, 1.03, 1.03, 1.03, 1.026, 1.005, 0.971, 0.973, 0.973, 0.978, 0.978, 0.977, 0.977, 0.978, 0.978, 0.977, 0.977, 0.978, 0.978, 0.973, 0.973, 0.971], "p proportion": [3.081, 3.013, 3.017, 3.016, 3.017, 3.013, 3.081, 0.0, 0.0, 0.0, 0.0, 0.0, 0.0, 0.0, 0.0, 0.0, 0.0, 0.0, 0.0, 0.0, 0.0, 0.0, 0.0], "d proportion": [0.0, 0.0, 0.0, 0.0, 0.0, 0.0, 0.0, 0.0, 0.0, 0.0, 0.0, 0.0, 0.0, 0.0, 0.0, 0.0, 0.0, 0.0, 0.0, 0.0, 0.0, 0.0, 0.0], "Fermi-level/eV": -4.944, "Coordination numbers": [3.752, 3.801, 3.803, 3.803, 3.803, 3.801, 3.752, 0.925, 0.925, 0.925, 0.924, 0.924, 0.924, 0.924, 0.924, 0.924, 0.924, 0.924, 0.924, 0.924, 0.925, 0.925, 0.925], "Dispersion coefficient C6": [22.509, 21.522, 21.63, 21.624, 21.63, 21.522, 22.509, 2.551, 2.542, 2.542, 2.61, 2.61, 2.592, 2.592, 2.616, 2.616, 2.592, 2.592, 2.61, 2.61, 2.542, 2.542, 2.551], "Total dispersion C6": 3402.978373, "Total dispersion C8": 70205.620774, "Polarizability alpha": [6.766, 6.605, 6.621, 6.62, 6.621, 6.605, 6.766, 2.498, 2.493, 2.493, 2.526, 2.526, 2.518, 2.518, 2.529, 2.529, 2.518, 2.518, 2.526, 2.526, 2.493, 2.493, 2.498], "Total polarizability alpha": 86.806324, "Wiberg matrix": [[0.0, 1.0191013072506536, 0.0, 0.0, 0.0, 0.0, 0.0, 0.9875522944693643, 0.9880148043358774, 0.9880148086404934, 0.0, 0.0, 0.0, 0.0, 0.0, 0.0, 0.0, 0.0, 0.0, 0.0, 0.0, 0.0, 0.0], [1.0191013072506536, 0.0, 1.0077332080896049, 0.0, 0.0, 0.0, 0.0, 0.0, 0.0, 0.0, 0.9786484160719413, 0.9786484099751119, 0.0, 0.0, 0.0, 0.0, 0.0, 0.0, 0.0, 0.0, 0.0, 0.0, 0.0], [0.0, 1.0077332080896049, 0.0, 1.0071029524802797, 0.0, 0.0, 0.0, 0.0, 0.0, 0.0, 0.0, 0.0, 0.9775472139436846, 0.9775472253963208, 0.0, 0.0, 0.0, 0.0, 0.0, 0.0, 0.0, 0.0, 0.0], [0.0, 0.0, 1.0071029524802797, 0.0, 1.0071029537044047, 0.0, 0.0, 0.0, 0.0, 0.0, 0.0, 0.0, 0.0, 0.0, 0.9775508801947363, 0.9775508675243705, 0.0, 0.0, 0.0, 0.0, 0.0, 0.0, 0.0], [0.0, 0.0, 0.0, 1.0071029537044047, 0.0, 1.0077332076943586, 0.0, 0.0, 0.0, 0.0, 0.0, 0.0, 0.0, 0.0, 0.0, 0.0, 0.9775472252157256, 0.977547213804031, 0.0, 0.0, 0.0, 0.0, 0.0], [0.0, 0.0, 0.0, 0.0, 1.0077332076943586, 0.0, 1.019101307498059, 0.0, 0.0, 0.0, 0.0, 0.0, 0.0, 0.0, 0.0, 0.0, 0.0, 0.0, 0.9786484173915542, 0.9786484086627467, 0.0, 0.0, 0.0], [0.0, 0.0, 0.0, 0.0, 0.0, 1.019101307498059, 0.0, 0.0, 0.0, 0.0, 0.0, 0.0, 0.0, 0.0, 0.0, 0.0, 0.0, 0.0, 0.0, 0.0, 0.9880148049161698, 0.9880148079122535, 0.987552294016512], [0.9875522944693643, 0.0, 0.0, 0.0, 0.0, 0.0, 0.0, 0.0, 0.0, 0.0, 0.0, 0.0, 0.0, 0.0, 0.0, 0.0, 0.0, 0.0, 0.0, 0.0, 0.0, 0.0, 0.0], [0.9880148043358774, 0.0, 0.0, 0.0, 0.0, 0.0, 0.0, 0.0, 0.0, 0.0, 0.0, 0.0, 0.0, 0.0, 0.0, 0.0, 0.0, 0.0, 0.0, 0.0, 0.0, 0.0, 0.0], [0.9880148086404934, 0.0, 0.0, 0.0, 0.0, 0.0, 0.0, 0.0, 0.0, 0.0, 0.0, 0.0, 0.0, 0.0, 0.0, 0.0, 0.0, 0.0, 0.0, 0.0, 0.0, 0.0, 0.0], [0.0, 0.9786484160719413, 0.0, 0.0, 0.0, 0.0, 0.0, 0.0, 0.0, 0.0, 0.0, 0.0, 0.0, 0.0, 0.0, 0.0, 0.0, 0.0, 0.0, 0.0, 0.0, 0.0, 0.0], [0.0, 0.9786484099751119, 0.0, 0.0, 0.0, 0.0, 0.0, 0.0, 0.0, 0.0, 0.0, 0.0, 0.0, 0.0, 0.0, 0.0, 0.0, 0.0, 0.0, 0.0, 0.0, 0.0, 0.0], [0.0, 0.0, 0.9775472139436846, 0.0, 0.0, 0.0, 0.0, 0.0, 0.0, 0.0, 0.0, 0.0, 0.0, 0.0, 0.0, 0.0, 0.0, 0.0, 0.0, 0.0, 0.0, 0.0, 0.0], [0.0, 0.0, 0.9775472253963208, 0.0, 0.0, 0.0, 0.0, 0.0, 0.0, 0.0, 0.0, 0.0, 0.0, 0.0, 0.0, 0.0, 0.0, 0.0, 0.0, 0.0, 0.0, 0.0, 0.0], [0.0, 0.0, 0.0, 0.9775508801947363, 0.0, 0.0, 0.0, 0.0, 0.0, 0.0, 0.0, 0.0, 0.0, 0.0, 0.0, 0.0, 0.0, 0.0, 0.0, 0.0, 0.0, 0.0, 0.0], [0.0, 0.0, 0.0, 0.9775508675243705, 0.0, 0.0, 0.0, 0.0, 0.0, 0.0, 0.0, 0.0, 0.0, 0.0, 0.0, 0.0, 0.0, 0.0, 0.0, 0.0, 0.0, 0.0, 0.0], [0.0, 0.0, 0.0, 0.0, 0.9775472252157256, 0.0, 0.0, 0.0, 0.0, 0.0, 0.0, 0.0, 0.0, 0.0, 0.0, 0.0, 0.0, 0.0, 0.0, 0.0, 0.0, 0.0, 0.0], [0.0, 0.0, 0.0, 0.0, 0.977547213804031, 0.0, 0.0, 0.0, 0.0, 0.0, 0.0, 0.0, 0.0, 0.0, 0.0, 0.0, 0.0, 0.0, 0.0, 0.0, 0.0, 0.0, 0.0], [0.0, 0.0, 0.0, 0.0, 0.0, 0.9786484173915542, 0.0, 0.0, 0.0, 0.0, 0.0, 0.0, 0.0, 0.0, 0.0, 0.0, 0.0, 0.0, 0.0, 0.0, 0.0, 0.0, 0.0], [0.0, 0.0, 0.0, 0.0, 0.0, 0.9786484086627467, 0.0, 0.0, 0.0, 0.0, 0.0, 0.0, 0.0, 0.0, 0.0, 0.0, 0.0, 0.0, 0.0, 0.0, 0.0, 0.0, 0.0], [0.0, 0.0, 0.0, 0.0, 0.0, 0.0, 0.9880148049161698, 0.0, 0.0, 0.0, 0.0, 0.0, 0.0, 0.0, 0.0, 0.0, 0.0, 0.0, 0.0, 0.0, 0.0, 0.0, 0.0], [0.0, 0.0, 0.0, 0.0, 0.0, 0.0, 0.9880148079122535, 0.0, 0.0, 0.0, 0.0, 0.0, 0.0, 0.0, 0.0, 0.0, 0.0, 0.0, 0.0, 0.0, 0.0, 0.0, 0.0], [0.0, 0.0, 0.0, 0.0, 0.0, 0.0, 0.987552294016512, 0.0, 0.0, 0.0, 0.0, 0.0, 0.0, 0.0, 0.0, 0.0, 0.0, 0.0, 0.0, 0.0, 0.0, 0.0, 0.0]], "Born radii": [], "Atomic SASAs": [], "Solvent H bonds": [], "Total SASA": NaN, "Total FOD": 0.0, "FOD": [0.0, 0.0, 0.0, 0.0, 0.0, 0.0, 0.0, 0.0, 0.0, 0.0, 0.0, 0.0, 0.0, 0.0, 0.0, 0.0, 0.0, 0.0, 0.0, 0.0, 0.0, 0.0, 0.0], "FOD s proportion": [0.0, 0.0, 0.0, 0.0, 0.0, 0.0, 0.0, 0.0, 0.0, 0.0, 0.0, 0.0, 0.0, 0.0, 0.0, 0.0, 0.0, 0.0, 0.0, 0.0, 0.0, 0.0, 0.0], "FOD p proportion": [0.0, 0.0, 0.0, 0.0, 0.0, 0.0, 0.0, 0.0, 0.0, 0.0, 0.0, 0.0, 0.0, 0.0, 0.0, 0.0, 0.0, 0.0, 0.0, 0.0, 0.0, 0.0, 0.0], "FOD d proportion": [0.0, 0.0, 0.0, 0.0, 0.0, 0.0, 0.0, 0.0, 0.0, 0.0, 0.0, 0.0, 0.0, 0.0, 0.0, 0.0, 0.0, 0.0, 0.0, 0.0, 0.0, 0.0, 0.0], "coordinates": [["3.79963861581868", "0.18966428542378", "-0.19601213614166"], ["2.51754498964045", "-0.58724301120695", "0.07682718456465"], ["1.27434482692835", "0.27529125936677", "-0.12711567289936"], ["-0.01341171521558", "-0.49822982082787", "0.14495275749477"], ["-1.25715383139673", "0.36334335451175", "-0.05868960724375"], ["-2.54442108217898", "-0.41117503590398", "0.21365023310042"], ["-3.78232866080057", "0.45338472721021", "0.00892712597142"], ["4.67135261454462", "-0.44295684758667", "-0.04494265927392"], ["3.87652402305551", "1.04518528159323", "0.47166462456204"], ["3.81370759212643", "0.55444958153363", "-1.22087970791904"], ["2.46881624061975", "-1.45210995656234", "-0.58893754362536"], ["2.53161604344090", "-0.96150673971120", "1.10315104487486"], ["1.32334844740263", "1.14048805601045", "0.53855665483368"], ["1.26054721538073", "0.64987711538879", "-1.15355688003559"], ["-0.06150454821228", "-1.36381799267981", "-0.52043854675512"], ["0.00128391995726", "-0.87331622002748", "1.17130339789394"], ["-1.27278320079725", "0.73799369232037", "-1.08508102289627"], ["-1.20998068160319", "1.22860332109636", "0.60703284539126"], ["-2.59185044288077", "-1.27608630683937", "-0.45215074785837"], ["-2.52904777980074", "-0.78548540286718", "1.23993840491536"], ["-3.76349280142989", "1.31092375169172", "0.67817433730693"], ["-3.82631231759970", "0.82019090487657", "-1.01437070645493"], ["-4.68643846699964", "-0.11746899681078", "0.20799562019403"]], "bond_dist": [[0.0, 1.5237422054824077, 2.5276842013040337, 3.8895768647898885, 5.061637259839646, 6.385602915824378, 7.589319887598401, 1.0876197774715604, 1.0879429201555233, 1.0879429157971305, 2.1496281612933554, 2.1496280943639636, 2.7523935310165246, 2.7523940352357337, 4.174564194910465, 4.1745631771668, 5.178858147269907, 5.178857119800765, 6.562405365001975, 6.562403703296089, 7.695607943212044, 7.695609281034765, 8.501238578923065], [1.5237422054824077, 0.0, 1.5267955664043948, 2.5334376415464055, 3.8949108371170458, 5.066874874198981, 6.385602909627347, 2.1620669917872735, 2.1604496634774746, 2.1604496400521844, 1.092525513409826, 1.092525514242578, 2.1504311488247794, 2.1504312494344844, 2.7588569325640813, 2.7588558920595485, 4.180056314712487, 4.180055451198263, 5.182686988888772, 5.1826852438994395, 6.589088798213166, 6.589090119290525, 7.2204757756432825], [2.5276842013040337, 1.5267955664043948, 0.0, 1.526654186172199, 2.5339535818602132, 3.89491083926127, 5.061637253687157, 3.473081435330314, 2.7789586572752376, 2.7789588673479835, 2.150338661513614, 2.1503386708277303, 1.092742650239111, 1.0927426455133202, 2.1507848744833744, 2.1507848097794913, 2.760371776207181, 2.760371563084928, 4.178502843983202, 4.178502040173195, 5.205846197247802, 5.205846753821269, 5.983101008236647], [3.8895768647898885, 2.5334376415464055, 1.526654186172199, 0.0, 1.5266541850543158, 2.5334376436749344, 3.889576861714746, 4.6889372139402985, 4.197674459786366, 4.19767488502439, 2.7586115913911198, 2.7586112001948, 2.1511039120026103, 2.151103942768486, 1.092840972697767, 1.09284097910238, 2.1511039524067246, 2.1511039024185346, 2.75861189391673, 2.758610908937928, 4.1976743627061, 4.1976749645122045, 4.6889372175934465], [5.061637259839646, 3.8949108371170458, 2.5339535818602132, 1.5266541850543158, 0.0, 1.5267955661015502, 2.527684195160231, 5.9831010081771625, 5.205845977169691, 5.205847000891355, 4.178502910886784, 4.17850196093709, 2.760371169883075, 2.7603721673168096, 2.150784882491024, 2.1507848032799752, 1.092742646249864, 1.0927426502968653, 2.1503386543515846, 2.150338681169057, 2.7789588184435945, 2.7789586853518644, 3.4730814329209188], [6.385602915824378, 5.066874874198981, 3.89491083926127, 2.5334376436749344, 1.5267955661015502, 0.0, 1.523742205163782, 7.220475774481106, 6.589088923744817, 6.589090020064038, 5.182686668427664, 5.182685556642818, 4.180055462269958, 4.180056303856104, 2.7588565483637604, 2.7588562876676974, 2.1504312457264296, 2.1504311480325, 1.0925255132459557, 1.092525514964932, 2.160449660210765, 2.1604496401326356, 2.1620669945496314], [7.589319887598401, 6.385602909627347, 5.061637253687157, 3.889576861714746, 2.527684195160231, 1.523742205163782, 0.0, 8.501238573148834, 7.69560772920368, 7.6956095086253145, 6.562405407439469, 6.562403643184891, 5.1788567421315514, 5.178858506022881, 4.174564147004492, 4.174563230111482, 2.752394322882036, 2.752393221542007, 2.1496281656820155, 2.149628092197549, 1.0879429203718771, 1.0879429157304603, 1.0876197779031096], [1.0876197774715604, 2.1620669917872735, 3.473081435330314, 4.6889372139402985, 5.9831010081771625, 7.220475774481106, 8.501238573148834, 0.0, 1.7644269812607767, 1.7644269641176429, 2.483039852684188, 2.4830396166487425, 3.7492534077455826, 3.749253930060379, 4.844999330300581, 4.844997964208954, 6.148925319469709, 6.1489240356820085, 7.322161004558478, 7.322158902890838, 8.645554495731055, 8.645556215895509, 9.366865753284404], [1.0879429201555233, 2.1604496634774746, 2.7789586572752376, 4.197674459786366, 5.205845977169691, 6.589088923744817, 7.69560772920368, 1.7644269812607767, 0.0, 1.7633699976809967, 3.0566324061634407, 2.4968711302422903, 2.555829157560398, 3.1049876237381095, 4.721825336256861, 4.38036850978673, 5.388245407275228, 5.091610437075948, 6.934090052859215, 6.706187432369318, 7.647425728594443, 7.848096021679614, 8.64555451784598], [1.0879429157971305, 2.1604496400521844, 2.7789588673479835, 4.19767488502439, 5.205847000891355, 6.589090020064038, 7.6956095086253145, 1.7644269641176429, 1.7633699976809967, 0.0, 2.4968710071394473, 3.056632337567736, 3.1049872910936522, 2.5558299408912455, 4.380369555090061, 4.721824801065826, 5.0916125451526435, 5.388245673568001, 6.7061896478181104, 6.9340895043968125, 7.848096918420129, 7.647428890786067, 8.645556217253525], [2.1496281612933554, 1.092525513409826, 2.150338661513614, 2.7586115913911198, 4.178502910886784, 5.182686668427664, 6.562405407439469, 2.483039852684188, 3.0566324061634407, 2.4968710071394473, 0.0, 1.7628950969787538, 3.05039408727018, 2.4893892188747957, 2.532787175791525, 3.0858007251225326, 4.3637459510017775, 4.706390936097128, 5.065574225519763, 5.363564141254736, 6.9340899754302034, 6.7061902855079545, 7.322160807435957], [2.1496280943639636, 1.092525514242578, 2.1503386708277303, 2.7586112001948, 4.17850196093709, 5.182685556642818, 6.562403643184891, 2.4830396166487425, 2.4968711302422903, 3.056632337567736, 1.7628950969787538, 0.0, 2.4893893890155017, 3.0503941634642544, 3.085801663939229, 2.532785613927351, 4.706390858232794, 4.363743965813073, 5.3635653074233245, 5.065571302899397, 6.706186763653651, 6.934089551499086, 7.322159098344352], [2.7523935310165246, 2.1504311488247794, 1.092742650239111, 2.1511039120026103, 2.760371169883075, 4.180055462269958, 5.1788567421315514, 3.7492534077455826, 2.555829157560398, 3.1049872910936522, 3.05039408727018, 2.4893893890155017, 0.0, 1.7629212417714282, 3.0513664876507898, 2.490708878566776, 3.0883815431600437, 2.535785827802463, 4.706390884680979, 4.3637445863638105, 5.091610286976562, 5.388244579551643, 6.148923914058903], [2.7523940352357337, 2.1504312494344844, 1.0927426455133202, 2.151103942768486, 2.7603721673168096, 4.180056303856104, 5.178858506022881, 3.749253930060379, 3.1049876237381095, 2.5558299408912455, 2.4893892188747957, 3.0503941634642544, 1.7629212417714282, 0.0, 2.4907082683073583, 3.0513664637588014, 2.5357871503092686, 3.088382795611169, 4.363745338971478, 4.706390917189199, 5.388246467865867, 5.091612660648844, 6.148925432400888], [4.174564194910465, 2.7588569325640813, 2.1507848744833744, 1.092840972697767, 2.150784882491024, 2.7588565483637604, 4.174564147004492, 4.844999330300581, 4.721825336256861, 4.380369555090061, 2.532787175791525, 3.085801663939229, 3.0513664876507898, 2.4907082683073583, 0.0, 1.7625337409522515, 2.4907086259284053, 3.0513664868707586, 2.5327870851779566, 3.085800576215199, 4.721825205562396, 4.380370005311313, 4.844999061737004], [4.1745631771668, 2.7588558920595485, 2.1507848097794913, 1.09284097910238, 2.1507848032799752, 2.7588562876676974, 4.174563230111482, 4.844997964208954, 4.38036850978673, 4.721824801065826, 3.0858007251225326, 2.532785613927351, 2.490708878566776, 3.0513664637588014, 1.7625337409522515, 0.0, 3.051366467044379, 2.4907085234473603, 3.085801829334187, 2.5327857247371095, 4.380368053754148, 4.72182492583982, 4.8449982535186145], [5.178858147269907, 4.180056314712487, 2.760371776207181, 2.1511039524067246, 1.092742646249864, 2.1504312457264296, 2.752394322882036, 6.148925319469709, 5.388245407275228, 5.0916125451526435, 4.3637459510017775, 4.706390858232794, 3.0883815431600437, 2.5357871503092686, 2.4907086259284053, 3.051366467044379, 0.0, 1.7629212425731964, 2.4893889541838723, 3.0503941688958514, 3.1049883466609307, 2.5558300571362613, 3.7492540449898146], [5.178857119800765, 4.180055451198263, 2.760371563084928, 2.1511039024185346, 1.0927426502968653, 2.1504311480325, 2.752393221542007, 6.1489240356820085, 5.091610437075948, 5.388245673568001, 4.706390936097128, 4.363743965813073, 2.535785827802463, 3.088382795611169, 3.0513664868707586, 2.4907085234473603, 1.7629212425731964, 0.0, 3.0503940816936064, 2.4893896530717923, 2.555829006656596, 3.1049865392909686, 3.7492532757567334], [6.562405365001975, 5.182686988888772, 4.178502843983202, 2.75861189391673, 2.1503386543515846, 1.0925255132459557, 2.1496281656820155, 7.322161004558478, 6.934090052859215, 6.7061896478181104, 5.065574225519763, 5.3635653074233245, 4.706390884680979, 4.363745338971478, 2.5327870851779566, 3.085801829334187, 2.4893889541838723, 3.0503940816936064, 0.0, 1.7628950968230617, 3.056632404696633, 2.496871152129891, 2.483039727658994], [6.562403703296089, 5.1826852438994395, 4.178502040173195, 2.758610908937928, 2.150338681169057, 1.092525514964932, 2.149628092197549, 7.322158902890838, 6.706187432369318, 6.9340895043968125, 5.363564141254736, 5.065571302899397, 4.3637445863638105, 4.706390917189199, 3.085800576215199, 2.5327857247371095, 3.0503941688958514, 2.4893896530717923, 1.7628950968230617, 0.0, 2.496870986334561, 3.056632339010935, 2.4830397513756126], [7.695607943212044, 6.589088798213166, 5.205846197247802, 4.1976743627061, 2.7789588184435945, 2.160449660210765, 1.0879429203718771, 8.645554495731055, 7.647425728594443, 7.848096918420129, 6.9340899754302034, 6.706186763653651, 5.091610286976562, 5.388246467865867, 4.721825205562396, 4.380368053754148, 3.1049883466609307, 2.555829006656596, 3.056632404696633, 2.496870986334561, 0.0, 1.7633699962622558, 1.764426981088888], [7.695609281034765, 6.589090119290525, 5.205846753821269, 4.1976749645122045, 2.7789586853518644, 2.1604496401326356, 1.0879429157304603, 8.645556215895509, 7.848096021679614, 7.647428890786067, 6.7061902855079545, 6.934089551499086, 5.388244579551643, 5.091612660648844, 4.380370005311313, 4.72182492583982, 2.5558300571362613, 3.1049865392909686, 2.496871152129891, 3.056632339010935, 1.7633699962622558, 0.0, 1.7644269666492776], [8.501238578923065, 7.2204757756432825, 5.983101008236647, 4.6889372175934465, 3.4730814329209188, 2.1620669945496314, 1.0876197779031096, 9.366865753284404, 8.64555451784598, 8.645556217253525, 7.322160807435957, 7.322159098344352, 6.148923914058903, 6.148925432400888, 4.844999061737004, 4.8449982535186145, 3.7492540449898146, 3.7492532757567334, 2.483039727658994, 2.4830397513756126, 1.764426981088888, 1.7644269666492776, 0.0]]}