{"total energy": -30.37793583, "HOMO-LUMO gap/eV": 10.97709005, "electronic energy": -30.77338401, "dipole": [-0.03081317, 0.24338318, 0.36583248], "partial charges": [-0.1040662, -0.054603, -0.06571918, 0.09008498, -0.32163735, 0.09008498, -0.06571918, -0.054603, -0.1040662, 0.03746594, 0.03644357, 0.03746616, 0.03096, 0.03095989, 0.04875224, 0.04875155, 0.01216129, 0.01216145, 0.01216146, 0.01216128, 0.04875226, 0.04875152, 0.03095999, 0.0309599, 0.03746615, 0.03644358, 0.03746594], "atomic dipole moments": [[0.07750127, 0.03926008, 0.06085745], [0.02708685, -0.06205172, -0.09285457], [0.00130232, 0.07318839, 0.11025943], [0.14220846, -0.08610322, -0.12652041], [-0.02015715, 0.15920438, 0.23932256], [-0.11945849, -0.09357841, -0.14358683], [-0.01975983, 0.07258705, 0.1088855], [-0.01123492, -0.06314689, -0.09535371], [-0.08684961, 0.03456538, 0.05013791], [0.00734079, 0.0433288, -0.11562228], [-0.10945408, 0.03266937, 0.04676638], [0.00487379, -0.12350059, -0.00485626], [-0.0116033, -0.04221866, 0.11400831], [-0.00918029, 0.12167027, 0.00519273], [0.01570309, 0.04343041, -0.1154887], [0.01323608, -0.12358931, -0.00459522], [-0.00609782, -0.04029923, 0.10891399], [-0.00378914, 0.11611732, 0.0050584], [-0.00350627, 0.11612541, 0.00507665], [-0.00580853, -0.04029078, 0.10893293], [-0.00302461, 0.04289506, -0.11671031], [-0.00548062, -0.124124, -0.00581559], [-0.00091066, -0.04191267, 0.11470591], [0.00149741, 0.12197532, 0.00588858], [0.00282604, -0.12355911, -0.00498921], [0.10042304, 0.03866515, 0.06045491], [0.00527652, 0.04326924, -0.11575714]], "atomic quadrupole moments": [[0.0861812, 0.0955392, -0.07938535, 0.14874123, 0.08058125, -0.00679585], [0.2248617, 0.00927473, -0.16139949, 0.02427221, 0.11548604, -0.0634622], [0.24291521, 0.02835453, -0.18000281, 0.05413068, 0.13711058, -0.0629124], [0.37855003, -0.08061786, -0.25419082, -0.10499347, 0.15835301, -0.12435921], [0.13075273, 0.00046652, -0.10624713, 0.00739132, 0.09686951, -0.0245056], [0.33431905, 0.09343701, -0.24420985, 0.15613105, 0.17724741, -0.09010919], [0.25552044, -0.02121576, -0.18284438, -0.02030083, 0.13172807, -0.07267606], [0.22774155, -0.00202548, -0.1620464, 0.00725631, 0.11425801, -0.06569515], [0.13424115, -0.09354324, -0.0902268, -0.13500566, 0.06005385, -0.04401436], [-0.03848001, 0.01781895, -0.02486639, -0.00936569, -0.04520117, 0.0633464], [0.0544588, -0.0297969, -0.03776807, -0.04242015, 0.02667176, -0.01669073], [-0.03941664, -0.01304609, 0.08298234, 0.01284709, -0.000492, -0.0435657], [-0.01773789, 0.00489753, -0.02144774, -0.00422716, -0.03835144, 0.03918563], [-0.01802328, -0.00417594, 0.05769222, 0.00306482, -0.00524081, -0.03966893], [-0.02561476, 0.00332715, -0.01719515, -0.0031209, -0.03646417, 0.0428099], [-0.02580018, -0.00235427, 0.05999024, 0.00188808, -0.00410365, -0.03419007], [-0.01327358, -0.00126621, -0.0156168, -0.01374096, -0.03226199, 0.02889038], [-0.01356958, -0.01087533, 0.04573749, -0.00638169, -0.00664844, -0.03216791], [-0.01665308, 0.00812778, 0.04682572, 0.00881367, -0.00496932, -0.03017264], [-0.01672027, 0.0054223, -0.01523194, 0.00961807, -0.03115193, 0.03195221], [-0.02540052, 0.00096036, -0.01733076, -0.00371847, -0.03663583, 0.04273127], [-0.02550461, -0.00200206, 0.06001009, -0.00052038, -0.00415033, -0.03450548], [-0.0178919, 0.00032814, -0.02170906, -0.00105104, -0.03855818, 0.03960096], [-0.01790303, 0.00051798, 0.05796025, 9.168e-05, -0.00502027, -0.04005722], [-0.0372654, 0.0061084, 0.08407494, -0.01195036, 4.426e-05, -0.04680954], [0.03910235, 0.03063315, -0.03430266, 0.04823901, 0.03323174, -0.00479969], [-0.03778892, -0.01253256, -0.0266015, -0.00134317, -0.04695244, 0.06439042]], "number of molecular orbitals": 54, "number of electrons": 56, "number of unpaired electrons": 0, "orbital energies/eV": [-18.76754212, -17.46434702, -16.98321069, -16.7865221, -16.37446532, -15.96784149, -15.81553136, -15.22774032, -15.16148616, -14.92814012, -14.6129472, -14.15403263, -14.14734682, -13.790123, -13.33043075, -13.21380892, -13.19656612, -12.82198534, -12.55034807, -12.45083113, -12.08285328, -12.04776024, -11.94299079, -11.87956307, -11.72736841, -11.60818537, -11.5227158, -10.64658225, 0.3305078, 2.49210887, 2.72822035, 2.90493493, 3.23179281, 3.32241782, 3.41941092, 3.90602088, 3.92634198, 4.33499723, 4.35295959, 4.60986953, 4.86542434, 4.94324251, 5.0272544, 5.09246369, 5.26771744, 6.44161143, 6.48290654, 6.67118234, 6.92198404, 6.95011445, 7.23595527, 7.61327993, 8.34212325, 8.40303904], "fractional occupation": [2.0, 2.0, 2.0, 2.0, 2.0, 2.0, 2.0, 2.0, 2.0, 2.0, 2.0, 2.0, 2.0, 2.0, 2.0, 2.0, 2.0, 2.0, 2.0, 2.0, 2.0, 2.0, 2.0, 2.0, 2.0, 2.0, 2.0, 2.0, 0.0, 0.0, 0.0, 0.0, 0.0, 0.0, 0.0, 0.0, 0.0, 0.0, 0.0, 0.0, 0.0, 0.0, 0.0, 0.0, 0.0, 0.0, 0.0, 0.0, 0.0, 0.0, 0.0, 0.0, 0.0, 0.0], "program call": "xtb /tmp/scratch/tmpxdwpsjn4/7284_0_xyzopt.xyz --pop --wbo --acc 0.2 --gfn 2 --chrg 0 --uhf 0 --etemp 300 --input /tmp/scratch/tmpxdwpsjn4/7284_0_xtb.inp", "method": "GFN2-xTB", "xtb version": "6.3.3 (7355c4f)", "Dipole module/D": 1.12, "Total charge": 0, "Transition dipole module/D": NaN, "HOMO": -10.6466, "LUMO": 0.3305, "HOMO occupancy": 2.0, "LUMO occupancy": 0, "mulliken charges": [-0.08436, -0.04386, -0.05627, 0.20242, -0.46942, 0.20242, -0.05627, -0.04386, -0.08436, 0.02943, 0.02949, 0.02943, 0.02157, 0.02157, 0.03629, 0.03629, 0.00635, 0.00635, 0.00635, 0.00635, 0.03629, 0.03629, 0.02157, 0.02157, 0.02943, 0.02949, 0.02943], "cm5 charges": [-0.2371, -0.15718, -0.16488, 0.12117, -0.57344, 0.12117, -0.16488, -0.15718, -0.2371, 0.08166, 0.0811, 0.08166, 0.07685, 0.07685, 0.09456, 0.09456, 0.06873, 0.06873, 0.06873, 0.06873, 0.09456, 0.09456, 0.07685, 0.07685, 0.08166, 0.0811, 0.08166], "FUKUI+": [0.009, -0.016, -0.011, -0.018, -0.122, -0.018, -0.011, -0.016, 0.009, -0.031, -0.052, -0.031, -0.037, -0.037, -0.045, -0.045, -0.062, -0.062, -0.062, -0.062, -0.045, -0.045, -0.037, -0.037, -0.031, -0.052, -0.031], "FUKUI-": [0.016, 0.009, 0.013, 0.025, -0.104, 0.025, 0.013, 0.009, 0.016, -0.052, -0.039, -0.052, -0.06, -0.06, -0.052, -0.052, -0.071, -0.071, -0.071, -0.071, -0.052, -0.052, -0.06, -0.06, -0.052, -0.039, -0.052], "FUKUIrad": [0.012, -0.004, 0.001, 0.004, -0.113, 0.004, 0.001, -0.004, 0.012, -0.041, -0.046, -0.041, -0.049, -0.049, -0.049, -0.049, -0.067, -0.067, -0.067, -0.067, -0.049, -0.049, -0.049, -0.049, -0.041, -0.046, -0.041], "s proportion": [1.005, 1.026, 1.032, 0.992, 1.684, 0.992, 1.032, 1.026, 1.005, 0.971, 0.971, 0.971, 0.978, 0.978, 0.964, 0.964, 0.994, 0.994, 0.994, 0.994, 0.964, 0.964, 0.978, 0.978, 0.971, 0.971, 0.971], "p proportion": [3.08, 3.018, 3.024, 2.805, 4.785, 2.805, 3.024, 3.018, 3.08, 0.0, 0.0, 0.0, 0.0, 0.0, 0.0, 0.0, 0.0, 0.0, 0.0, 0.0, 0.0, 0.0, 0.0, 0.0, 0.0, 0.0, 0.0], "d proportion": [0.0, 0.0, 0.0, 0.0, 0.0, 0.0, 0.0, 0.0, 0.0, 0.0, 0.0, 0.0, 0.0, 0.0, 0.0, 0.0, 0.0, 0.0, 0.0, 0.0, 0.0, 0.0, 0.0, 0.0, 0.0, 0.0, 0.0], "Fermi-level/eV": -5.158, "Coordination numbers": [3.752, 3.801, 3.802, 3.704, 1.702, 3.704, 3.802, 3.801, 3.752, 0.925, 0.925, 0.925, 0.924, 0.924, 0.924, 0.924, 0.923, 0.923, 0.923, 0.923, 0.924, 0.924, 0.924, 0.924, 0.925, 0.925, 0.925], "Dispersion coefficient C6": [22.548, 21.555, 21.759, 19.23, 19.375, 19.23, 21.759, 21.555, 22.548, 2.483, 2.497, 2.483, 2.573, 2.573, 2.336, 2.336, 2.856, 2.856, 2.856, 2.856, 2.336, 2.336, 2.573, 2.573, 2.483, 2.497, 2.483], "Total dispersion C6": 4886.088907, "Total dispersion C8": 100834.104957, "Polarizability alpha": [6.771, 6.61, 6.641, 6.269, 5.943, 6.269, 6.641, 6.61, 6.771, 2.464, 2.471, 2.464, 2.508, 2.508, 2.39, 2.39, 2.643, 2.643, 2.643, 2.643, 2.39, 2.39, 2.508, 2.508, 2.464, 2.471, 2.464], "Total polarizability alpha": 103.489846, "Wiberg matrix": [[0.0, 1.0194156898116793, 0.0, 0.0, 0.0, 0.0, 0.0, 0.0, 0.0, 0.9877860836286612, 0.9872753338927373, 0.9877861516230125, 0.0, 0.0, 0.0, 0.0, 0.0, 0.0, 0.0, 0.0, 0.0, 0.0, 0.0, 0.0, 0.0, 0.0, 0.0], [1.0194156898116793, 0.0, 1.0077969344049043, 0.0, 0.0, 0.0, 0.0, 0.0, 0.0, 0.0, 0.0, 0.0, 0.9783473691409463, 0.9783471949102928, 0.0, 0.0, 0.0, 0.0, 0.0, 0.0, 0.0, 0.0, 0.0, 0.0, 0.0, 0.0, 0.0], [0.0, 1.0077969344049043, 0.0, 1.0015034127363394, 0.0, 0.0, 0.0, 0.0, 0.0, 0.0, 0.0, 0.0, 0.0, 0.0, 0.9758663649215421, 0.9758665942515863, 0.0, 0.0, 0.0, 0.0, 0.0, 0.0, 0.0, 0.0, 0.0, 0.0, 0.0], [0.0, 0.0, 1.0015034127363394, 0.0, 0.983272551856094, 0.0, 0.0, 0.0, 0.0, 0.0, 0.0, 0.0, 0.0, 0.0, 0.0, 0.0, 0.9669321714371428, 0.9669318670897066, 0.0, 0.0, 0.0, 0.0, 0.0, 0.0, 0.0, 0.0, 0.0], [0.0, 0.0, 0.0, 0.983272551856094, 0.0, 0.9832725584281916, 0.0, 0.0, 0.0, 0.0, 0.0, 0.0, 0.0, 0.0, 0.0, 0.0, 0.0, 0.0, 0.0, 0.0, 0.0, 0.0, 0.0, 0.0, 0.0, 0.0, 0.0], [0.0, 0.0, 0.0, 0.0, 0.9832725584281916, 0.0, 1.001503409603035, 0.0, 0.0, 0.0, 0.0, 0.0, 0.0, 0.0, 0.0, 0.0, 0.0, 0.0, 0.9669318560521434, 0.9669321815489927, 0.0, 0.0, 0.0, 0.0, 0.0, 0.0, 0.0], [0.0, 0.0, 0.0, 0.0, 0.0, 1.001503409603035, 0.0, 1.0077969366138086, 0.0, 0.0, 0.0, 0.0, 0.0, 0.0, 0.0, 0.0, 0.0, 0.0, 0.0, 0.0, 0.9758663618995757, 0.9758665980691101, 0.0, 0.0, 0.0, 0.0, 0.0], [0.0, 0.0, 0.0, 0.0, 0.0, 0.0, 1.0077969366138086, 0.0, 1.0194156881754648, 0.0, 0.0, 0.0, 0.0, 0.0, 0.0, 0.0, 0.0, 0.0, 0.0, 0.0, 0.0, 0.0, 0.9783473660828221, 0.9783471981814744, 0.0, 0.0, 0.0], [0.0, 0.0, 0.0, 0.0, 0.0, 0.0, 0.0, 1.0194156881754648, 0.0, 0.0, 0.0, 0.0, 0.0, 0.0, 0.0, 0.0, 0.0, 0.0, 0.0, 0.0, 0.0, 0.0, 0.0, 0.0, 0.9877861514978996, 0.987275334648741, 0.987786084019629], [0.9877860836286612, 0.0, 0.0, 0.0, 0.0, 0.0, 0.0, 0.0, 0.0, 0.0, 0.0, 0.0, 0.0, 0.0, 0.0, 0.0, 0.0, 0.0, 0.0, 0.0, 0.0, 0.0, 0.0, 0.0, 0.0, 0.0, 0.0], [0.9872753338927373, 0.0, 0.0, 0.0, 0.0, 0.0, 0.0, 0.0, 0.0, 0.0, 0.0, 0.0, 0.0, 0.0, 0.0, 0.0, 0.0, 0.0, 0.0, 0.0, 0.0, 0.0, 0.0, 0.0, 0.0, 0.0, 0.0], [0.9877861516230125, 0.0, 0.0, 0.0, 0.0, 0.0, 0.0, 0.0, 0.0, 0.0, 0.0, 0.0, 0.0, 0.0, 0.0, 0.0, 0.0, 0.0, 0.0, 0.0, 0.0, 0.0, 0.0, 0.0, 0.0, 0.0, 0.0], [0.0, 0.9783473691409463, 0.0, 0.0, 0.0, 0.0, 0.0, 0.0, 0.0, 0.0, 0.0, 0.0, 0.0, 0.0, 0.0, 0.0, 0.0, 0.0, 0.0, 0.0, 0.0, 0.0, 0.0, 0.0, 0.0, 0.0, 0.0], [0.0, 0.9783471949102928, 0.0, 0.0, 0.0, 0.0, 0.0, 0.0, 0.0, 0.0, 0.0, 0.0, 0.0, 0.0, 0.0, 0.0, 0.0, 0.0, 0.0, 0.0, 0.0, 0.0, 0.0, 0.0, 0.0, 0.0, 0.0], [0.0, 0.0, 0.9758663649215421, 0.0, 0.0, 0.0, 0.0, 0.0, 0.0, 0.0, 0.0, 0.0, 0.0, 0.0, 0.0, 0.0, 0.0, 0.0, 0.0, 0.0, 0.0, 0.0, 0.0, 0.0, 0.0, 0.0, 0.0], [0.0, 0.0, 0.9758665942515863, 0.0, 0.0, 0.0, 0.0, 0.0, 0.0, 0.0, 0.0, 0.0, 0.0, 0.0, 0.0, 0.0, 0.0, 0.0, 0.0, 0.0, 0.0, 0.0, 0.0, 0.0, 0.0, 0.0, 0.0], [0.0, 0.0, 0.0, 0.9669321714371428, 0.0, 0.0, 0.0, 0.0, 0.0, 0.0, 0.0, 0.0, 0.0, 0.0, 0.0, 0.0, 0.0, 0.0, 0.0, 0.0, 0.0, 0.0, 0.0, 0.0, 0.0, 0.0, 0.0], [0.0, 0.0, 0.0, 0.9669318670897066, 0.0, 0.0, 0.0, 0.0, 0.0, 0.0, 0.0, 0.0, 0.0, 0.0, 0.0, 0.0, 0.0, 0.0, 0.0, 0.0, 0.0, 0.0, 0.0, 0.0, 0.0, 0.0, 0.0], [0.0, 0.0, 0.0, 0.0, 0.0, 0.9669318560521434, 0.0, 0.0, 0.0, 0.0, 0.0, 0.0, 0.0, 0.0, 0.0, 0.0, 0.0, 0.0, 0.0, 0.0, 0.0, 0.0, 0.0, 0.0, 0.0, 0.0, 0.0], [0.0, 0.0, 0.0, 0.0, 0.0, 0.9669321815489927, 0.0, 0.0, 0.0, 0.0, 0.0, 0.0, 0.0, 0.0, 0.0, 0.0, 0.0, 0.0, 0.0, 0.0, 0.0, 0.0, 0.0, 0.0, 0.0, 0.0, 0.0], [0.0, 0.0, 0.0, 0.0, 0.0, 0.0, 0.9758663618995757, 0.0, 0.0, 0.0, 0.0, 0.0, 0.0, 0.0, 0.0, 0.0, 0.0, 0.0, 0.0, 0.0, 0.0, 0.0, 0.0, 0.0, 0.0, 0.0, 0.0], [0.0, 0.0, 0.0, 0.0, 0.0, 0.0, 0.9758665980691101, 0.0, 0.0, 0.0, 0.0, 0.0, 0.0, 0.0, 0.0, 0.0, 0.0, 0.0, 0.0, 0.0, 0.0, 0.0, 0.0, 0.0, 0.0, 0.0, 0.0], [0.0, 0.0, 0.0, 0.0, 0.0, 0.0, 0.0, 0.9783473660828221, 0.0, 0.0, 0.0, 0.0, 0.0, 0.0, 0.0, 0.0, 0.0, 0.0, 0.0, 0.0, 0.0, 0.0, 0.0, 0.0, 0.0, 0.0, 0.0], [0.0, 0.0, 0.0, 0.0, 0.0, 0.0, 0.0, 0.9783471981814744, 0.0, 0.0, 0.0, 0.0, 0.0, 0.0, 0.0, 0.0, 0.0, 0.0, 0.0, 0.0, 0.0, 0.0, 0.0, 0.0, 0.0, 0.0, 0.0], [0.0, 0.0, 0.0, 0.0, 0.0, 0.0, 0.0, 0.0, 0.9877861514978996, 0.0, 0.0, 0.0, 0.0, 0.0, 0.0, 0.0, 0.0, 0.0, 0.0, 0.0, 0.0, 0.0, 0.0, 0.0, 0.0, 0.0, 0.0], [0.0, 0.0, 0.0, 0.0, 0.0, 0.0, 0.0, 0.0, 0.987275334648741, 0.0, 0.0, 0.0, 0.0, 0.0, 0.0, 0.0, 0.0, 0.0, 0.0, 0.0, 0.0, 0.0, 0.0, 0.0, 0.0, 0.0, 0.0], [0.0, 0.0, 0.0, 0.0, 0.0, 0.0, 0.0, 0.0, 0.987786084019629, 0.0, 0.0, 0.0, 0.0, 0.0, 0.0, 0.0, 0.0, 0.0, 0.0, 0.0, 0.0, 0.0, 0.0, 0.0, 0.0, 0.0, 0.0]], "Born radii": [], "Atomic SASAs": [], "Solvent H bonds": [], "Total SASA": NaN, "Total FOD": 0.0, "FOD": [0.0, 0.0, 0.0, 0.0, 0.0, 0.0, 0.0, 0.0, 0.0, 0.0, 0.0, 0.0, 0.0, 0.0, 0.0, 0.0, 0.0, 0.0, 0.0, 0.0, 0.0, 0.0, 0.0, 0.0, 0.0, 0.0, 0.0], "FOD s proportion": [0.0, 0.0, 0.0, 0.0, 0.0, 0.0, 0.0, 0.0, 0.0, 0.0, 0.0, 0.0, 0.0, 0.0, 0.0, 0.0, 0.0, 0.0, 0.0, 0.0, 0.0, 0.0, 0.0, 0.0, 0.0, 0.0, 0.0], "FOD p proportion": [0.0, 0.0, 0.0, 0.0, 0.0, 0.0, 0.0, 0.0, 0.0, 0.0, 0.0, 0.0, 0.0, 0.0, 0.0, 0.0, 0.0, 0.0, 0.0, 0.0, 0.0, 0.0, 0.0, 0.0, 0.0, 0.0, 0.0], "FOD d proportion": [0.0, 0.0, 0.0, 0.0, 0.0, 0.0, 0.0, 0.0, 0.0, 0.0, 0.0, 0.0, 0.0, 0.0, 0.0, 0.0, 0.0, 0.0, 0.0, 0.0, 0.0, 0.0, 0.0, 0.0, 0.0, 0.0, 0.0], "coordinates": [["-4.84933096821985", "-0.44044911885284", "-0.61134302144134"], ["-3.71599803749265", "0.11117202121246", "0.24471868422206"], ["-2.34930906252572", "-0.27812252262635", "-0.31117190482859"], ["-1.21138152453798", "0.27076916635736", "0.54083880920285"], ["0.01568562085589", "-0.12396186485276", "-0.02640434429073"], ["1.13431368510312", "0.33777876972085", "0.69383031868342"], ["2.40254248151557", "-0.14237859993395", "-0.00124382336835"], ["3.66116625050525", "0.32191526064932", "0.72587430128111"], ["4.92552769363203", "-0.16121543147691", "0.02619871303142"], ["-4.78054449473700", "-0.05753138608739", "-1.62683856773514"], ["-5.81402837669937", "-0.15304942045868", "-0.19996685437882"], ["-4.80226287991596", "-1.52614599573333", "-0.65175423066124"], ["-3.81275193672188", "-0.26843600467041", "1.26459063401153"], ["-3.79103468135447", "1.20019422378453", "0.28948705757942"], ["-2.23597921485113", "0.10320578232453", "-1.32698303259021"], ["-2.25766579170174", "-1.36440889373605", "-0.35254398230414"], ["-1.28910671922723", "-0.11105020955060", "1.57260102685627"], ["-1.26722851421096", "1.37121159057266", "0.58844395218230"], ["1.12086420435799", "1.43943242521987", "0.74419881523673"], ["1.09904976669983", "-0.04282584654123", "1.72836262663151"], ["2.40051780974272", "0.23565121456681", "-1.02457981149054"], ["2.37894398927143", "-1.23195723902081", "-0.05012890389736"], ["3.64615647112683", "-0.05535287135838", "1.75107955090804"], ["3.66773029198021", "1.41326873297803", "0.77595981045601"], ["4.94589570948551", "-1.24767525204655", "-0.01594853738953"], ["5.81076379810576", "0.17903321174767", "0.55823055395876"], ["4.96746642981377", "0.22093025781217", "-0.99104983986545"]], "bond_dist": [[0.0, 1.5236702589277564, 2.5232047384311747, 3.8817561199628656, 4.910265150677035, 6.1735823823422695, 7.283593590853033, 8.648578641907024, 9.799606766321842, 1.087468975899075, 1.087414377039041, 1.0874677830792263, 2.150165500526128, 2.1501619566446437, 2.763568103732328, 2.763585894347635, 4.189667284004677, 4.189637370843638, 6.404270347932035, 6.404339166055416, 7.293022940374294, 7.293106694072017, 8.826247581066227, 8.826166298659203, 9.846449831760733, 10.741940287175455, 9.846375531223417], [1.5236702589277564, 0.0, 1.5259106602792654, 2.527105509099739, 3.748900981214578, 4.876328094481343, 6.1287293589592675, 7.395841829900595, 8.648578661484308, 2.1597329803981933, 2.160853882776759, 2.1597326880009007, 1.0925211047380845, 1.0925218821012384, 2.158880604147864, 2.158887368182932, 2.7753298374061948, 2.775305200215106, 5.040733324504755, 5.040793593054546, 6.248070090058036, 6.248139692702913, 7.516526631983338, 7.516456414059292, 8.771705455406348, 9.53216061057833, 8.771643282224835], [2.5232047384311747, 1.5259106602792654, 0.0, 1.5238383853842878, 2.387060519627257, 3.6776339294410674, 4.7638823374253425, 6.128729367782497, 7.2835936206312395, 2.7731831789917476, 3.468759110999106, 2.7731825292152945, 2.1505316676295396, 2.1505311789944033, 1.0909295017621403, 1.090929978477373, 2.168073482306507, 2.168065963062142, 4.013216273493939, 4.013258557069639, 4.830504074197703, 4.830561151291177, 6.344140158400471, 6.344085618872568, 7.365269988084866, 8.218980538462842, 7.36522174068868], [3.8817561199628656, 2.527105509099739, 1.5238383853842878, 0.0, 1.4082866048821905, 2.351634050070138, 3.677633937582282, 4.87632811410068, 6.173582418127535, 4.188738565614257, 4.681108124305246, 4.188748162265773, 2.7534863249638293, 2.753473996588845, 2.13696896265313, 2.1369723601595965, 1.1028873539420647, 1.1028865149717237, 2.6165815952541465, 2.616609906081917, 3.936697287007082, 3.936733008785139, 5.016643660426191, 5.016604355841324, 6.36614078840009, 7.022766042698643, 6.3661078213415525], [4.910265150677035, 3.748900981214578, 2.387060519627257, 1.4082866048821905, 0.0, 1.4082865935197397, 2.387060514780117, 3.748900984659117, 4.910265175066267, 5.056641774320314, 5.83236961483846, 5.056660021532655, 4.042830066098468, 4.042807957856919, 2.610192444388418, 2.6102112059997506, 2.063847847720171, 2.0638436877435513, 2.063843656175805, 2.063847874289002, 2.610191640351324, 2.6102120066753973, 4.042830046680951, 4.042807987972864, 5.056660223752608, 5.832369592295482, 5.056641641284508], [6.1735823823422695, 4.876328094481343, 3.6776339294410674, 2.351634050070138, 1.4082865935197397, 0.0, 1.5238383912451452, 2.5271055290628666, 3.881756153103941, 6.366107247549154, 7.02276605809012, 6.366141266343548, 5.016644491777991, 5.0166034743813, 3.9366972602149404, 3.9367330098010753, 2.6166107594178274, 2.616580710879056, 1.1028865085092425, 1.1028873532911512, 2.1369689511690537, 2.1369724041403284, 2.7534855379966223, 2.7534748261944184, 4.18874778522909, 4.681108106823854, 4.188739033132731], [7.283593590853033, 6.1287293589592675, 4.7638823374253425, 3.677633937582282, 2.387060514780117, 1.5238383912451452, 0.0, 1.5259106618786213, 2.523204767668484, 7.3652220489961975, 8.218980555855552, 7.36526960075368, 6.344139977030197, 6.344085773738355, 4.830505115134658, 4.830560111457203, 4.01325838963398, 4.013216428067069, 2.1680659706029024, 2.168073448978816, 1.0909295048413008, 1.0909299934867032, 2.1505316646416386, 2.1505311689380964, 2.7731827491189396, 3.4687590972037516, 2.7731830334408647], [8.648578641907024, 7.395841829900595, 6.128729367782497, 4.87632811410068, 3.748900984659117, 2.5271055290628666, 1.5259106618786213, 0.0, 1.5236702574154795, 8.771642828347087, 9.532160642646609, 8.771705844647698, 7.516527321375183, 7.516455713457127, 6.248070238778665, 6.248139554450641, 5.040794354172038, 5.040732570343933, 2.775304467365962, 2.7753305738823055, 2.15888063073499, 2.1588873631762096, 1.092521093969441, 1.0925218745790521, 2.159732688156097, 2.160853841092622, 2.159733001023817], [9.799606766321842, 8.648578661484308, 7.2835936206312395, 6.173582418127535, 4.910265175066267, 3.881756153103941, 2.523204767668484, 1.5236702574154795, 0.0, 9.846375980974075, 10.741940333822841, 9.846449364207995, 8.826247316924833, 8.826166587983947, 7.293024106311719, 7.293105592587748, 6.4043389628585645, 6.404270585838284, 4.1896374514425165, 4.189667219229108, 2.763568988839838, 2.763585078633071, 2.150165461419946, 2.15016194528058, 1.0874677873390401, 1.087414355082977, 1.0874689898132839], [1.087468975899075, 2.1597329803981933, 2.7731831789917476, 4.188738565614257, 5.056641774320314, 6.366107247549154, 7.3652220489961975, 8.771642828347087, 9.846375980974075, 0.0, 1.7644193139791249, 1.7629776017655827, 3.056381197135345, 2.4966592243927206, 2.5672090376256445, 3.1139480504153583, 4.7359704099752085, 4.392285545752556, 6.533708254702507, 6.769580488235119, 7.212234568261022, 7.4245245504831585, 9.078525471147543, 8.9056184461475, 9.930510971640034, 10.816945096910164, 9.772690784976804], [1.087414377039041, 2.160853882776759, 3.468759110999106, 4.681108124305246, 5.83236961483846, 7.02276605809012, 8.218980555855552, 9.532160642646609, 10.741940333822841, 1.7644193139791249, 0.0, 1.7644192979222668, 2.482609532291632, 2.4826068927683824, 3.7600888286723446, 3.7601045716091184, 4.8599050231011285, 4.8598716257919055, 7.177756080510172, 7.177830677880639, 8.264976936561654, 8.265064408818612, 9.659773498707375, 9.659685960941038, 10.817025228436352, 11.654223924913811, 10.81694519504263], [1.0874677830792263, 2.1597326880009007, 2.7731825292152945, 4.188748162265773, 5.056660021532655, 6.366141266343548, 7.36526960075368, 8.771705844647698, 9.846449364207995, 1.7629776017655827, 1.7644192979222668, 0.0, 2.4966665713863407, 3.056378351057923, 3.1139256576214724, 2.5672280779534735, 4.39232496579011, 4.7359519087896835, 6.769547601844213, 6.53381097618196, 7.424485031789211, 7.212366612731493, 8.905763983378037, 9.078508173843122, 9.772839439938009, 10.817025218471027, 9.930508936178446], [2.150165500526128, 1.0925211047380845, 2.1505316676295396, 2.7534863249638293, 4.042830066098468, 5.016644491777991, 6.344139977030197, 7.516527321375183, 8.826247316924833, 3.056381197135345, 2.482609532291632, 2.4966665713863407, 0.0, 1.7630012398983146, 3.056236886057767, 2.496912865777842, 2.5472388726598623, 3.1024680605103363, 5.246731405969574, 4.9388035371257875, 6.640717295254387, 6.402652502858923, 7.477793158722792, 7.6827407401451175, 8.9057621045876, 9.65977372202937, 9.0785256429829], [2.1501619566446437, 1.0925218821012384, 2.1505311789944033, 2.753473996588845, 4.042807957856919, 5.0166034743813, 6.344085773738355, 7.516455713457127, 8.826166587983947, 2.4966592243927206, 2.4826068927683824, 3.056378351057923, 1.7630012398983146, 0.0, 2.4969094290766276, 3.056241672107278, 3.10248077347466, 2.54719840881808, 4.9386990557272386, 5.246750204417031, 6.402533654970501, 6.640733132365319, 7.682738012142709, 7.477648789105014, 9.078508056270193, 9.659685653245406, 8.905620381259519], [2.763568103732328, 2.158880604147864, 1.0909295017621403, 2.13696896265313, 2.610192444388418, 3.9366972602149404, 4.830505115134658, 6.248070238778665, 7.293024106311719, 2.5672090376256445, 3.7600888286723446, 3.1139256576214724, 3.056236886057767, 2.4969094290766276, 0.0, 1.7617873332858074, 3.057786923711258, 2.493025708599196, 4.164576044333774, 4.525359725120095, 4.648235596408698, 4.970969014133646, 6.640717607521425, 6.402532270660181, 7.424487756434447, 8.264977506474672, 7.212235389790381], [2.763585894347635, 2.158887368182932, 1.090929978477373, 2.1369723601595965, 2.6102112059997506, 3.9367330098010753, 4.830560111457203, 6.248139554450641, 7.293105592587748, 3.1139480504153583, 3.7601045716091184, 2.5672280779534735, 2.496912865777842, 3.056241672107278, 1.7617873332858074, 0.0, 2.4930298783590623, 3.05778412051306, 4.525354775055499, 4.164648053048418, 4.970965597412488, 4.6483490167478445, 6.4026538989920105, 6.640732832808093, 7.212365876605711, 8.265063813097038, 7.424521908779944], [4.189667284004677, 2.7753298374061948, 2.168073482306507, 1.1028873539420647, 2.063847847720171, 2.6166107594178274, 4.01325838963398, 5.040794354172038, 6.4043389628585645, 4.7359704099752085, 4.8599050231011285, 4.39232496579011, 2.5472388726598623, 3.10248077347466, 3.057786923711258, 2.4930298783590623, 0.0, 1.7793661364627034, 2.9829861678303375, 2.3942029239285585, 4.525359582324659, 4.16464656327484, 4.938803451757636, 5.24675315046317, 6.53380911041547, 7.177830954438301, 6.769580811723444], [4.189637370843638, 2.775305200215106, 2.168065963062142, 1.1028865149717237, 2.0638436877435513, 2.616580710879056, 4.013216428067069, 5.040732570343933, 6.404270585838284, 4.392285545752556, 4.8598716257919055, 4.7359519087896835, 3.1024680605103363, 2.54719840881808, 2.493025708599196, 3.05778412051306, 1.7793661364627034, 0.0, 2.3941387787943924, 2.982983298751065, 4.164577544794138, 4.525354922328171, 5.246728477214329, 4.938699162647509, 6.7695473404784385, 7.1777557293059635, 6.5337101886035756], [6.404270347932035, 5.040733324504755, 4.013216273493939, 2.6165815952541465, 2.063843656175805, 1.1028865085092425, 2.1680659706029024, 2.775304467365962, 4.1896374514425165, 6.533708254702507, 7.177756080510172, 6.769547601844213, 5.246731405969574, 4.9386990557272386, 4.164576044333774, 4.525354775055499, 2.9829861678303375, 2.3941387787943924, 0.0, 1.7793661403864143, 2.4930263502944956, 3.0577841664847023, 3.1024656212978465, 2.547198494010461, 4.735951613155158, 4.85987125045094, 4.392286888158895], [6.404339166055416, 5.040793593054546, 4.013258557069639, 2.616609906081917, 2.063847874289002, 1.1028873532911512, 2.168073448978816, 2.7753305738823055, 4.189667219229108, 6.769580488235119, 7.177830677880639, 6.53381097618196, 4.9388035371257875, 5.246750204417031, 4.525359725120095, 4.164648053048418, 2.3942029239285585, 2.982983298751065, 1.7793661403864143, 0.0, 3.0577868807748256, 2.4930292444565323, 2.5472388087370854, 3.1024832295629063, 4.392323671406925, 4.859905310084733, 4.735970747901676], [7.293022940374294, 6.248070090058036, 4.830504074197703, 3.936697287007082, 2.610191640351324, 2.1369689511690537, 1.0909295048413008, 2.15888063073499, 2.763568988839838, 7.212234568261022, 8.264976936561654, 7.424485031789211, 6.640717295254387, 6.402533654970501, 4.648235596408698, 4.970965597412488, 4.525359582324659, 4.164577544794138, 2.4930263502944956, 3.0577868807748256, 0.0, 1.7617873237371033, 3.056236893441155, 2.496908773865582, 3.1139272801639595, 3.7600893543057166, 2.5672098051483094], [7.293106694072017, 6.248139692702913, 4.830561151291177, 3.936733008785139, 2.6102120066753973, 2.1369724041403284, 1.0909299934867032, 2.1588873631762096, 2.763585078633071, 7.4245245504831585, 8.265064408818612, 7.212366612731493, 6.402652502858923, 6.640733132365319, 4.970969014133646, 4.6483490167478445, 4.16464656327484, 4.525354922328171, 3.0577841664847023, 2.4930292444565323, 1.7617873237371033, 0.0, 2.4969135367158564, 3.0562416692678243, 2.567227392986081, 3.760104052074959, 3.1139464849910223], [8.826247581066227, 7.516526631983338, 6.344140158400471, 5.016643660426191, 4.042830046680951, 2.7534855379966223, 2.1505316646416386, 1.092521093969441, 2.150165461419946, 9.078525471147543, 9.659773498707375, 8.905763983378037, 7.477793158722792, 7.682738012142709, 6.640717607521425, 6.4026538989920105, 4.938803451757636, 5.246728477214329, 3.1024656212978465, 2.5472388087370854, 3.056236893441155, 2.4969135367158564, 0.0, 1.7630012350220003, 2.4966663798056143, 2.482609603922366, 3.0563811886172423], [8.826166298659203, 7.516456414059292, 6.344085618872568, 5.016604355841324, 4.042807987972864, 2.7534748261944184, 2.1505311689380964, 1.0925218745790521, 2.15016194528058, 8.9056184461475, 9.659685960941038, 9.078508173843122, 7.6827407401451175, 7.477648789105014, 6.402532270660181, 6.640732832808093, 5.24675315046317, 4.938699162647509, 2.547198494010461, 3.1024832295629063, 2.496908773865582, 3.0562416692678243, 1.7630012350220003, 0.0, 3.0563783400182056, 2.482606686404109, 2.4966594024176616], [9.846449831760733, 8.771705455406348, 7.365269988084866, 6.36614078840009, 5.056660223752608, 4.18874778522909, 2.7731827491189396, 2.159732688156097, 1.0874677873390401, 9.930510971640034, 10.817025228436352, 9.772839439938009, 8.9057621045876, 9.078508056270193, 7.424487756434447, 7.212365876605711, 6.53380911041547, 6.7695473404784385, 4.735951613155158, 4.392323671406925, 3.1139272801639595, 2.567227392986081, 2.4966663798056143, 3.0563783400182056, 0.0, 1.7644193039969995, 1.7629775919316462], [10.741940287175455, 9.53216061057833, 8.218980538462842, 7.022766042698643, 5.832369592295482, 4.681108106823854, 3.4687590972037516, 2.160853841092622, 1.087414355082977, 10.816945096910164, 11.654223924913811, 10.817025218471027, 9.65977372202937, 9.659685653245406, 8.264977506474672, 8.265063813097038, 7.177830954438301, 7.1777557293059635, 4.85987125045094, 4.859905310084733, 3.7600893543057166, 3.760104052074959, 2.482609603922366, 2.482606686404109, 1.7644193039969995, 0.0, 1.7644193244592472], [9.846375531223417, 8.771643282224835, 7.36522174068868, 6.3661078213415525, 5.056641641284508, 4.188739033132731, 2.7731830334408647, 2.159733001023817, 1.0874689898132839, 9.772690784976804, 10.81694519504263, 9.930508936178446, 9.0785256429829, 8.905620381259519, 7.212235389790381, 7.424521908779944, 6.769580811723444, 6.5337101886035756, 4.392286888158895, 4.735970747901676, 2.5672098051483094, 3.1139464849910223, 3.0563811886172423, 2.4966594024176616, 1.7629775919316462, 1.7644193244592472, 0.0]]}