{"total energy": -26.19148531, "HOMO-LUMO gap/eV": 3.85467066, "electronic energy": -26.55073183, "dipole": [-0.08719963, -1.16501263, 0.0040805], "partial charges": [-0.10431702, -0.0502118, -0.08590423, 0.23329275, -0.35403001, -0.03453804, -0.10028611, -0.10314911, 0.03380767, 0.03762378, 0.0332972, 0.04217996, 0.04685209, 0.05712377, 0.05298002, 0.03293052, 0.0453779, 0.05030503, 0.03367769, 0.05793592, 0.03591724, 0.03913477], "atomic dipole moments": [[-0.07800231, 0.06149576, -0.00951055], [-0.02134412, -0.12472264, 0.01947029], [0.01043101, 0.08619945, -0.01207907], [0.00245764, 0.02713241, -0.00298798], [-0.01242092, -0.17061499, 0.00935585], [-0.01325165, 0.080692, -0.04740948], [0.03356531, 0.00407832, 0.10674808], [0.07776498, -0.06688034, -0.04836857], [0.00092615, -0.0551556, 0.110407], [0.10628816, 0.06386432, -0.0118276], [-0.00120305, -0.08779133, -0.08650922], [0.00202546, 0.0576977, -0.1109705], [0.00343773, 0.09098923, 0.08650957], [-0.00365866, -0.05907458, 0.11464956], [-0.00808249, -0.09264384, -0.08816685], [0.01283182, -0.11518941, 0.04945432], [-0.10977765, -0.05783083, -0.01123943], [-0.00861641, 0.11565363, -0.05287599], [0.08517415, -0.06563536, -0.06341794], [-0.00301295, 0.11932324, -0.04484101], [0.02795883, 0.00607829, 0.12251992], [-0.11135895, -0.05294917, -0.01338863]], "atomic quadrupole moments": [[0.10511008, -0.16836635, 0.01701275, 0.02560194, -0.0219136, -0.12212283], [0.24418097, -0.00795055, 0.00284347, -0.00509771, -0.04431302, -0.24702444], [0.19502122, -1.25e-05, 0.03992324, -0.0024643, -0.04036011, -0.23494447], [-0.29218954, -0.00074401, -0.33534552, -0.05383765, 0.05662187, 0.62753506], [-0.12752508, -0.00064528, -0.13567393, -0.01953526, 0.02284519, 0.263199], [0.09256897, 0.01010901, -0.12162844, -0.00160891, 0.10573922, 0.02905947], [-0.09461634, -0.00292204, -0.13729214, 0.09334942, 0.04326015, 0.23190848], [0.06727767, -0.13681724, -0.03794474, -0.12845702, 0.10657307, -0.02933293], [-0.03953232, -0.00784127, -0.02352764, -0.01354447, -0.04766153, 0.06305995], [0.04632938, 0.05302174, 0.00687093, -0.00993175, -0.01081754, -0.05320032], [-0.03885659, -0.00141404, 0.01478506, 0.01699342, 0.06426453, 0.02407153], [-0.01480201, -0.00011148, -0.02962019, -0.00356103, -0.03168727, 0.0444222], [-0.0144158, 0.00254982, -0.0026534, 0.00508613, 0.04654389, 0.0170692], [-0.01724891, 0.01996831, -0.03114258, 0.00641719, -0.04407302, 0.04839149], [-0.01155936, 0.01382208, -0.00015689, -0.00919315, 0.06080516, 0.01171626], [-0.01325572, -0.00693476, 0.02298569, -0.00558133, -0.02204312, -0.00972996], [0.05188917, 0.05723864, -0.02379691, 0.00210548, -0.00031788, -0.02809225], [-0.04905947, -0.00463157, 0.06485156, 0.00863696, -0.0367453, -0.01579209], [0.02438948, -0.05461413, -0.01399836, -0.03420536, 0.02996768, -0.01039112], [-0.03646043, -0.00741077, 0.05954384, -0.00957606, -0.04457936, -0.02308341], [-0.02840419, -0.01140291, -0.04621158, 0.03218001, 0.00316728, 0.07461577], [0.05670473, 0.05167507, -0.01376583, 0.01027902, 0.01913496, -0.0429389]], "number of molecular orbitals": 46, "number of electrons": 48, "number of unpaired electrons": 0, "orbital energies/eV": [-19.20155956, -17.52577159, -17.26995728, -16.61995266, -16.26843643, -15.95331101, -15.30829906, -15.21394173, -14.82747079, -14.66176688, -14.05918617, -13.85353647, -13.63667611, -13.25151208, -13.09983203, -12.79353775, -12.71815307, -12.65171492, -12.47545493, -12.17575898, -12.0246491, -11.94155304, -11.70507552, -10.50853083, -6.65386017, 1.20505194, 2.51521332, 3.04903462, 3.38654825, 3.61654899, 3.77637194, 3.91036367, 4.26057569, 4.48992086, 4.56953145, 5.18790852, 5.38909092, 5.93435136, 6.18024594, 6.48507447, 6.6489115, 6.87731115, 7.08970767, 8.07583436, 8.25296837, 17.41478123], "fractional occupation": [2.0, 2.0, 2.0, 2.0, 2.0, 2.0, 2.0, 2.0, 2.0, 2.0, 2.0, 2.0, 2.0, 2.0, 2.0, 2.0, 2.0, 2.0, 2.0, 2.0, 2.0, 2.0, 2.0, 2.0, 0.0, 0.0, 0.0, 0.0, 0.0, 0.0, 0.0, 0.0, 0.0, 0.0, 0.0, 0.0, 0.0, 0.0, 0.0, 0.0, 0.0, 0.0, 0.0, 0.0, 0.0, 0.0], "program call": "xtb /tmp/scratch/tmp3auenxeg/80219_0_xyzopt.xyz --pop --wbo --acc 0.2 --gfn 2 --chrg 0 --uhf 0 --etemp 300 --input /tmp/scratch/tmp3auenxeg/80219_0_xtb.inp", "method": "GFN2-xTB", "xtb version": "6.3.3 (7355c4f)", "Dipole module/D": 2.969, "Total charge": 0, "Transition dipole module/D": NaN, "HOMO": -10.5085, "LUMO": -6.6539, "HOMO occupancy": 2.0, "LUMO occupancy": 0, "mulliken charges": [-0.08922, -0.02871, -0.09034, 0.3946, -0.48775, -0.04049, -0.08096, -0.08045, 0.02757, 0.03425, 0.02695, 0.03564, 0.03924, 0.04778, 0.04175, 0.02314, 0.03614, 0.04678, 0.03028, 0.04912, 0.03483, 0.02986], "cm5 charges": [-0.24162, -0.14015, -0.19338, 0.41549, -0.54302, -0.10758, -0.23026, -0.22921, 0.07969, 0.08588, 0.07908, 0.0929, 0.09711, 0.10468, 0.09891, 0.08246, 0.08858, 0.10135, 0.0832, 0.10551, 0.08798, 0.0824], "FUKUI+": [0.017, 0.013, 0.03, -0.187, -0.287, 0.006, 0.018, 0.025, -0.023, -0.038, -0.023, -0.022, -0.021, -0.096, -0.092, -0.072, -0.068, -0.03, -0.034, -0.025, -0.031, -0.06], "FUKUI-": [0.012, 0.004, -0.015, -0.036, -0.174, -0.03, 0.019, 0.019, -0.051, -0.085, -0.056, -0.047, -0.048, -0.066, -0.062, -0.057, -0.079, -0.041, -0.041, -0.035, -0.048, -0.082], "FUKUIrad": [0.014, 0.008, 0.007, -0.111, -0.231, -0.012, 0.019, 0.022, -0.037, -0.062, -0.04, -0.034, -0.034, -0.081, -0.077, -0.065, -0.073, -0.035, -0.038, -0.03, -0.04, -0.071], "s proportion": [1.006, 1.022, 1.042, 1.074, 1.729, 1.06, 1.01, 1.007, 0.972, 0.966, 0.973, 0.964, 0.961, 0.952, 0.958, 0.977, 0.964, 0.953, 0.97, 0.951, 0.965, 0.97], "p proportion": [3.083, 3.006, 3.048, 2.532, 4.759, 2.98, 3.071, 3.074, 0.0, 0.0, 0.0, 0.0, 0.0, 0.0, 0.0, 0.0, 0.0, 0.0, 0.0, 0.0, 0.0, 0.0], "d proportion": [0.0, 0.0, 0.0, 0.0, 0.0, 0.0, 0.0, 0.0, 0.0, 0.0, 0.0, 0.0, 0.0, 0.0, 0.0, 0.0, 0.0, 0.0, 0.0, 0.0, 0.0, 0.0], "Fermi-level/eV": -8.5812, "Coordination numbers": [3.752, 3.801, 3.804, 2.82, 0.857, 3.851, 3.759, 3.756, 0.925, 0.925, 0.925, 0.924, 0.924, 0.924, 0.924, 0.924, 0.925, 0.925, 0.925, 0.925, 0.925, 0.925], "Dispersion coefficient C6": [22.553, 21.474, 22.136, 23.118, 20.784, 21.155, 22.465, 22.524, 2.533, 2.481, 2.54, 2.42, 2.36, 2.233, 2.283, 2.545, 2.378, 2.316, 2.535, 2.223, 2.504, 2.46], "Total dispersion C6": 3500.652837, "Total dispersion C8": 74499.713373, "Polarizability alpha": [6.772, 6.598, 6.698, 7.878, 6.112, 6.542, 6.757, 6.767, 2.489, 2.463, 2.492, 2.433, 2.402, 2.337, 2.363, 2.495, 2.412, 2.38, 2.49, 2.332, 2.475, 2.453], "Total polarizability alpha": 88.138867, "Wiberg matrix": [[0.0, 1.0196347028918904, 0.0, 0.0, 0.0, 0.0, 0.0, 0.0, 0.9877666575605005, 0.9870449829934602, 0.9877816609984159, 0.0, 0.0, 0.0, 0.0, 0.0, 0.0, 0.0, 0.0, 0.0, 0.0, 0.0], [1.0196347028918904, 0.0, 1.0072369092112141, 0.0, 0.0, 0.0, 0.0, 0.0, 0.0, 0.0, 0.0, 0.977521353700239, 0.9767945957330706, 0.0, 0.0, 0.0, 0.0, 0.0, 0.0, 0.0, 0.0, 0.0], [0.0, 1.0072369092112141, 0.0, 0.9912341566141244, 0.0, 0.0, 0.0, 0.0, 0.0, 0.0, 0.0, 0.0, 0.0, 0.9471031103133593, 0.9537693869774366, 0.0, 0.0, 0.0, 0.0, 0.0, 0.0, 0.0], [0.0, 0.0, 0.9912341566141244, 0.0, 1.8742174685122448, 0.9639900512590263, 0.0, 0.0, 0.0, 0.0, 0.0, 0.0, 0.0, 0.0, 0.0, 0.0, 0.0, 0.0, 0.0, 0.0, 0.0, 0.0], [0.0, 0.0, 0.0, 1.8742174685122448, 0.0, 0.0, 0.0, 0.0, 0.0, 0.0, 0.0, 0.0, 0.0, 0.0, 0.0, 0.0, 0.0, 0.0, 0.0, 0.0, 0.0, 0.0], [0.0, 0.0, 0.0, 0.9639900512590263, 0.0, 0.0, 0.9830549809907562, 1.002912175755614, 0.0, 0.0, 0.0, 0.0, 0.0, 0.0, 0.0, 0.9676003282000937, 0.0, 0.0, 0.0, 0.0, 0.0, 0.0], [0.0, 0.0, 0.0, 0.0, 0.0, 0.9830549809907562, 0.0, 0.0, 0.0, 0.0, 0.0, 0.0, 0.0, 0.0, 0.0, 0.0, 0.9825795321976019, 0.9863488817968281, 0.9864874808428331, 0.0, 0.0, 0.0], [0.0, 0.0, 0.0, 0.0, 0.0, 1.002912175755614, 0.0, 0.0, 0.0, 0.0, 0.0, 0.0, 0.0, 0.0, 0.0, 0.0, 0.0, 0.0, 0.0, 0.9841162274753714, 0.9873165408800729, 0.9852576560462808], [0.9877666575605005, 0.0, 0.0, 0.0, 0.0, 0.0, 0.0, 0.0, 0.0, 0.0, 0.0, 0.0, 0.0, 0.0, 0.0, 0.0, 0.0, 0.0, 0.0, 0.0, 0.0, 0.0], [0.9870449829934602, 0.0, 0.0, 0.0, 0.0, 0.0, 0.0, 0.0, 0.0, 0.0, 0.0, 0.0, 0.0, 0.0, 0.0, 0.0, 0.0, 0.0, 0.0, 0.0, 0.0, 0.0], [0.9877816609984159, 0.0, 0.0, 0.0, 0.0, 0.0, 0.0, 0.0, 0.0, 0.0, 0.0, 0.0, 0.0, 0.0, 0.0, 0.0, 0.0, 0.0, 0.0, 0.0, 0.0, 0.0], [0.0, 0.977521353700239, 0.0, 0.0, 0.0, 0.0, 0.0, 0.0, 0.0, 0.0, 0.0, 0.0, 0.0, 0.0, 0.0, 0.0, 0.0, 0.0, 0.0, 0.0, 0.0, 0.0], [0.0, 0.9767945957330706, 0.0, 0.0, 0.0, 0.0, 0.0, 0.0, 0.0, 0.0, 0.0, 0.0, 0.0, 0.0, 0.0, 0.0, 0.0, 0.0, 0.0, 0.0, 0.0, 0.0], [0.0, 0.0, 0.9471031103133593, 0.0, 0.0, 0.0, 0.0, 0.0, 0.0, 0.0, 0.0, 0.0, 0.0, 0.0, 0.0, 0.0, 0.0, 0.0, 0.0, 0.0, 0.0, 0.0], [0.0, 0.0, 0.9537693869774366, 0.0, 0.0, 0.0, 0.0, 0.0, 0.0, 0.0, 0.0, 0.0, 0.0, 0.0, 0.0, 0.0, 0.0, 0.0, 0.0, 0.0, 0.0, 0.0], [0.0, 0.0, 0.0, 0.0, 0.0, 0.9676003282000937, 0.0, 0.0, 0.0, 0.0, 0.0, 0.0, 0.0, 0.0, 0.0, 0.0, 0.0, 0.0, 0.0, 0.0, 0.0, 0.0], [0.0, 0.0, 0.0, 0.0, 0.0, 0.0, 0.9825795321976019, 0.0, 0.0, 0.0, 0.0, 0.0, 0.0, 0.0, 0.0, 0.0, 0.0, 0.0, 0.0, 0.0, 0.0, 0.0], [0.0, 0.0, 0.0, 0.0, 0.0, 0.0, 0.9863488817968281, 0.0, 0.0, 0.0, 0.0, 0.0, 0.0, 0.0, 0.0, 0.0, 0.0, 0.0, 0.0, 0.0, 0.0, 0.0], [0.0, 0.0, 0.0, 0.0, 0.0, 0.0, 0.9864874808428331, 0.0, 0.0, 0.0, 0.0, 0.0, 0.0, 0.0, 0.0, 0.0, 0.0, 0.0, 0.0, 0.0, 0.0, 0.0], [0.0, 0.0, 0.0, 0.0, 0.0, 0.0, 0.0, 0.9841162274753714, 0.0, 0.0, 0.0, 0.0, 0.0, 0.0, 0.0, 0.0, 0.0, 0.0, 0.0, 0.0, 0.0, 0.0], [0.0, 0.0, 0.0, 0.0, 0.0, 0.0, 0.0, 0.9873165408800729, 0.0, 0.0, 0.0, 0.0, 0.0, 0.0, 0.0, 0.0, 0.0, 0.0, 0.0, 0.0, 0.0, 0.0], [0.0, 0.0, 0.0, 0.0, 0.0, 0.0, 0.0, 0.9852576560462808, 0.0, 0.0, 0.0, 0.0, 0.0, 0.0, 0.0, 0.0, 0.0, 0.0, 0.0, 0.0, 0.0, 0.0]], "Born radii": [], "Atomic SASAs": [], "Solvent H bonds": [], "Total SASA": NaN, "Total FOD": 0.0, "FOD": [0.0, 0.0, 0.0, 0.0, 0.0, 0.0, 0.0, 0.0, 0.0, 0.0, 0.0, 0.0, 0.0, 0.0, 0.0, 0.0, 0.0, 0.0, 0.0, 0.0, 0.0, 0.0], "FOD s proportion": [0.0, 0.0, 0.0, 0.0, 0.0, 0.0, 0.0, 0.0, 0.0, 0.0, 0.0, 0.0, 0.0, 0.0, 0.0, 0.0, 0.0, 0.0, 0.0, 0.0, 0.0, 0.0], "FOD p proportion": [0.0, 0.0, 0.0, 0.0, 0.0, 0.0, 0.0, 0.0, 0.0, 0.0, 0.0, 0.0, 0.0, 0.0, 0.0, 0.0, 0.0, 0.0, 0.0, 0.0, 0.0, 0.0], "FOD d proportion": [0.0, 0.0, 0.0, 0.0, 0.0, 0.0, 0.0, 0.0, 0.0, 0.0, 0.0, 0.0, 0.0, 0.0, 0.0, 0.0, 0.0, 0.0, 0.0, 0.0, 0.0, 0.0], "coordinates": [["3.40958266927789", "-0.53205909396431", "-0.01030629190819"], ["2.21237577633642", "0.39811123082136", "-0.15171636675765"], ["0.89161313426358", "-0.35318072391699", "-0.01267962853051"], ["-0.31252311193595", "0.55451737294291", "-0.12966746702974"], ["-0.22705016386305", "1.75399691389178", "-0.19248354335465"], ["-1.65149995796188", "-0.17193735380232", "-0.19088088857766"], ["-2.02770273398227", "-0.30989178036955", "-1.67024019325922"], ["-2.71878072340931", "0.61685381252127", "0.56313605357589"], ["3.40713686417089", "-1.01572018826392", "0.96455161544099"], ["4.33777080299177", "0.02498808731803", "-0.11328260723320"], ["3.38806950446154", "-1.30520582595322", "-0.77585550087358"], ["2.23818559069995", "0.89061980222016", "-1.12530145870863"], ["2.25502302696926", "1.17912369863460", "0.60886612788333"], ["0.83930958293598", "-0.84518065533094", "0.96321297373637"], ["0.81220501041523", "-1.13628515485281", "-0.77104313266735"], ["-1.54628056211629", "-1.17012664298340", "0.24528938555184"], ["-2.98581566514255", "-0.81581562515131", "-1.76643291676192"], ["-2.10613815541845", "0.67488911386838", "-2.12498777969482"], ["-1.27815150961336", "-0.88310659812003", "-2.21208310390899"], ["-2.76454228691593", "1.63182026131921", "0.17672129933248"], ["-2.47948422146374", "0.66463426217360", "1.62326481646197"], ["-3.69330287069983", "0.14895608699732", "0.44582160728333"]], "bond_dist": [[0.0, 1.5226680488167397, 2.5243164784269205, 3.879299802169003, 4.29934169205917, 5.077090920246343, 5.689359491945501, 6.261443512730271, 1.0882472033609552, 1.087400062194118, 1.0882482606432602, 2.1539267813316996, 2.155116934823937, 2.7662408808972816, 2.773117447261102, 5.003302880671152, 6.6381939070367, 6.029243566747564, 5.190944732125703, 6.545011242068485, 6.227498566708435, 7.15002219095477], [1.5226680488167397, 0.0, 1.5258390388657126, 2.5298346648094627, 2.7912160192219266, 3.905896176129119, 4.559106123921084, 4.987501050114178, 2.1615798728425295, 2.1582404994393665, 2.161734118014272, 1.0913747159834541, 1.0910018304386864, 2.1619789360504296, 2.1675830053500733, 4.0920020853847605, 5.57692766770151, 4.756045483846843, 4.250930598200456, 5.138056313506714, 5.023459262896657, 5.9410580032663285], [2.5243164784269205, 1.5258390388657126, 0.0, 1.5124635826396948, 2.3924745807725905, 2.55578345094835, 3.3573480750391727, 3.782522241727705, 2.778812530873212, 3.4683043820934856, 2.7786837918942258, 2.1443470955610335, 2.1431664672196904, 1.0941507963494033, 1.0930111638456108, 2.5840422445762354, 4.280670010907946, 3.8085805901450343, 3.1346571885096486, 4.164561692025268, 3.882854485401696, 4.635064134689794], [3.879299802169003, 2.5298346648094627, 1.5124635826396948, 0.0, 1.2041605596647156, 1.5245794656827953, 2.4621958989924937, 2.5047830729698615, 4.183160496194115, 4.68037426101575, 4.191719821759446, 2.7586893217713055, 2.7436942446847734, 2.1166626526536447, 2.129598385067028, 2.1534036010102264, 3.4210096080152628, 2.685674483319606, 2.708441575758102, 2.6957102262532566, 2.7893758746370514, 3.4533084728386365], [4.29934169205917, 2.7912160192219266, 2.3924745807725905, 1.2041605596647156, 0.0, 2.3954712663459237, 3.1121939105579313, 2.8412632031610046, 4.713531429766134, 4.8819396524424405, 4.7715966364102815, 2.7736179667970817, 2.6708290536576524, 3.0378415998139423, 3.125462038252323, 3.237670853689597, 4.085589334101282, 2.9034493189225388, 3.483950538841563, 2.5671201033167264, 3.091457953292381, 3.872789349936597], [5.077090920246343, 3.905896176129119, 2.55578345094835, 1.5245794656827953, 2.3954712663459237, 0.0, 1.532665620689278, 1.5263752112173374, 5.257071451037391, 5.993009708872694, 5.198437562729081, 4.139060663866519, 4.210211763028734, 2.826538758820031, 2.7085784245733326, 1.0943936615003507, 2.1627163078545344, 2.1597639739566636, 2.174950379481782, 2.151170873898373, 2.1625296872822384, 2.1627116782060947], [5.689359491945501, 4.559106123921084, 3.3573480750391727, 2.4621958989924937, 3.1121939105579313, 1.532665620689278, 0.0, 2.514839088558224, 6.080937680509316, 6.561670122795203, 5.578634507297334, 4.464973626238539, 5.074764296329806, 3.9295507870210162, 3.0913682019222146, 2.154303807200949, 1.087746462016847, 1.0875389153317372, 1.0881158049872555, 2.779288566292311, 3.4642434627324272, 2.731754513959125], [6.261443512730271, 4.987501050114178, 3.782522241727705, 2.5047830729698615, 2.8412632031610046, 1.5263752112173374, 2.514839088558224, 0.0, 6.3524246245958444, 7.113562165758765, 6.540705722044521, 5.243785282524381, 5.005693000155522, 3.867507331000332, 4.16189747499894, 2.160805933202199, 2.7478611619418305, 2.757663640713802, 3.468016023204714, 1.0869992526110894, 1.0878505325230738, 1.08737499346782], [1.0882472033609552, 2.1615798728425295, 2.778812530873212, 4.183160496194115, 4.713531429766134, 5.257071451037391, 6.080937680509316, 6.3524246245958444, 0.0, 1.7637686510757855, 1.7644212731524929, 3.0607295062780038, 2.50424003397965, 2.5734844997607587, 3.1241793108695948, 5.007746370139931, 6.95471641345209, 6.5421414634796955, 5.6622011311846245, 6.761639637182554, 6.15709362980154, 7.2140000052710445], [1.087400062194118, 2.1582404994393665, 3.4683043820934856, 4.68037426101575, 4.8819396524424405, 5.993009708872694, 6.561670122795203, 7.113562165758765, 1.7637686510757855, 0.0, 1.763618791780376, 2.4863142370304963, 2.48824558745036, 3.762348639449107, 3.769723943419097, 6.014892647406379, 7.5547849463129815, 6.781835423356978, 6.063677341661868, 7.287582804215878, 7.063972696168466, 8.051466322347558], [1.0882482606432602, 2.161734118014272, 2.7786837918942258, 4.191719821759446, 4.7715966364102815, 5.198437562729081, 5.578634507297334, 6.540705722044521, 1.7644212731524929, 1.763618791780376, 0.0, 2.503197092104005, 3.061558671011156, 3.119640917567792, 2.5814017981905137, 5.040713624506079, 6.468937976268432, 5.99393457474708, 4.900462839166561, 6.883905624934635, 6.638089709883661, 7.331638053079898], [2.1539267813316996, 1.0913747159834541, 2.1443470955610335, 2.7586893217713055, 2.7736179667970817, 4.139060663866519, 4.464973626238539, 5.243785282524381, 3.0607295062780038, 2.4863142370304963, 2.503197092104005, 0.0, 1.758082823957, 3.0547912936996746, 2.503450275504927, 4.521877843949512, 5.53291609690026, 4.46307755717418, 4.085563154651753, 5.222253115322994, 5.464622081161323, 6.180699646697683], [2.155116934823937, 1.0910018304386864, 2.1431664672196904, 2.7436942446847734, 2.6708290536576524, 4.210211763028734, 5.074764296329806, 5.005693000155522, 2.50424003397965, 2.48824558745036, 3.061558671011156, 1.758082823957, 0.0, 2.4955188559228345, 3.0572849973553846, 4.483422151833502, 6.09000974168484, 5.171840732584488, 4.969292773741368, 5.058430514603224, 4.8692158470419695, 6.039073588609839], [2.7662408808972816, 2.1619789360504296, 1.0941507963494033, 2.1166626526536447, 3.0378415998139423, 2.826538758820031, 3.9295507870210162, 3.867507331000332, 2.5734844997607587, 3.762348639449107, 3.119640917567792, 3.0547912936996746, 2.4955188559228345, 0.0, 1.7587270197765208, 2.512378258450287, 4.699299113272051, 4.530260298934695, 3.816750586075372, 4.4431802793525526, 3.7053477348727566, 4.6691088382454335], [2.773117447261102, 2.1675830053500733, 1.0930111638456108, 2.129598385067028, 3.125462038252323, 2.7085784245733326, 3.0913682019222146, 4.16189747499894, 3.1241793108695948, 3.769723943419097, 2.5814017981905137, 2.503450275504927, 3.0572849973553846, 1.7587270197765208, 0.0, 2.5683713185106205, 3.9393479909385145, 3.691916192502238, 2.551526202321159, 4.621015715464576, 4.450981835635207, 4.8406824014675465], [5.003302880671152, 4.0920020853847605, 2.5840422445762354, 2.1534036010102264, 3.237670853689597, 1.0943936615003507, 2.154303807200949, 2.160805933202199, 5.007746370139931, 6.014892647406379, 5.040713624506079, 4.521877843949512, 4.483422151833502, 2.512378258450287, 2.5683713185106205, 0.0, 2.49896463196833, 3.0554439133944475, 2.4885644952278025, 3.056103674139763, 2.4771017211862665, 2.527824601122742], [6.6381939070367, 5.57692766770151, 4.280670010907946, 3.4210096080152628, 4.085589334101282, 2.1627163078545344, 1.087746462016847, 2.7478611619418305, 6.95471641345209, 7.5547849463129815, 6.468937976268432, 5.53291609690026, 6.09000974168484, 4.699299113272051, 3.9393479909385145, 2.49896463196833, 0.0, 1.7676523215222462, 1.7661395846383483, 3.1330068062766143, 3.733383736285541, 2.5150333361107013], [6.029243566747564, 4.756045483846843, 3.8085805901450343, 2.685674483319606, 2.9034493189225388, 2.1597639739566636, 1.0875389153317372, 2.757663640713802, 6.5421414634796955, 6.781835423356978, 5.99393457474708, 4.46307755717418, 5.171840732584488, 4.530260298934695, 3.691916192502238, 3.0554439133944475, 1.7676523215222462, 0.0, 1.7664931700139144, 2.5781927596305154, 3.7668143001229684, 3.066717836117785], [5.190944732125703, 4.250930598200456, 3.1346571885096486, 2.708441575758102, 3.483950538841563, 2.174950379481782, 1.0881158049872555, 3.468016023204714, 5.6622011311846245, 6.063677341661868, 4.900462839166561, 4.085563154651753, 4.969292773741368, 3.816750586075372, 2.551526202321159, 2.4885644952278025, 1.7661395846383483, 1.7664931700139144, 0.0, 3.773672101299329, 4.306808066942165, 3.736651835098875], [6.545011242068485, 5.138056313506714, 4.164561692025268, 2.6957102262532566, 2.5671201033167264, 2.151170873898373, 2.779288566292311, 1.0869992526110894, 6.761639637182554, 7.287582804215878, 6.883905624934635, 5.222253115322994, 5.058430514603224, 4.4431802793525526, 4.621015715464576, 3.056103674139763, 3.1330068062766143, 2.5781927596305154, 3.773672101299329, 0.0, 1.7632909585692296, 1.7702817169075644], [6.227498566708435, 5.023459262896657, 3.882854485401696, 2.7893758746370514, 3.091457953292381, 2.1625296872822384, 3.4642434627324272, 1.0878505325230738, 6.15709362980154, 7.063972696168466, 6.638089709883661, 5.464622081161323, 4.8692158470419695, 3.7053477348727566, 4.450981835635207, 2.4771017211862665, 3.733383736285541, 3.7668143001229684, 4.306808066942165, 1.7632909585692296, 0.0, 1.767951414611657], [7.15002219095477, 5.9410580032663285, 4.635064134689794, 3.4533084728386365, 3.872789349936597, 2.1627116782060947, 2.731754513959125, 1.08737499346782, 7.2140000052710445, 8.051466322347558, 7.331638053079898, 6.180699646697683, 6.039073588609839, 4.6691088382454335, 4.8406824014675465, 2.527824601122742, 2.5150333361107013, 3.066717836117785, 3.736651835098875, 1.7702817169075644, 1.767951414611657, 0.0]]}