{"total energy": -20.78851492, "HOMO-LUMO gap/eV": 5.13279154, "electronic energy": -21.01735547, "dipole": [0.04197915, 0.2442887, -0.69953161], "partial charges": [-0.1065252, -0.05362757, -0.0911093, 0.36005981, -0.40667445, -0.38469193, 0.03728042, 0.03728042, 0.04104959, 0.04781976, 0.04781983, 0.07151281, 0.07151283, 0.32829299], "atomic dipole moments": [[0.0878969, -0.01052631, 0.06122874], [0.02419097, 0.04474845, -0.12242151], [0.01078722, -0.03359991, 0.10195421], [0.13887585, 0.03543435, -0.05545291], [-0.00694871, 0.06142237, -0.18195093], [-0.06152534, -0.06806135, 0.17762855], [0.00661953, -0.07110176, -0.1009185], [-0.01568635, 0.117055, -0.03654979], [-0.10115507, -0.03397505, 0.06425921], [-0.00947322, 0.06995721, 0.10381327], [0.01287127, -0.11852501, 0.03933321], [-0.00788237, 0.1239789, -0.04010806], [0.01542579, -0.07263251, -0.10736905], [0.06370487, -0.01106419, 0.05441761]], "atomic quadrupole moments": [[0.12865562, -0.02664134, -0.12518374, 0.16752369, -0.02344086, -0.00347188], [0.24472924, 0.05854013, -0.22316788, 0.0029593, -0.08040307, -0.02156136], [0.21021817, 0.04594385, -0.22089787, 0.02743512, -0.08815046, 0.0106797], [-0.145859, -0.01244346, 0.39804348, -0.17969347, 0.22837527, -0.25218448], [-0.11183831, -0.02835189, 0.16827953, -0.02543198, 0.0849554, -0.05644123], [0.01886567, 0.02722286, -0.02910927, -0.05893758, -0.0244109, 0.0102436], [-0.03460212, -0.01961032, -0.00077694, -0.00657455, 0.06220375, 0.03537906], [-0.03982245, -0.0021888, 0.07676144, 0.013488, -0.03023002, -0.03693899], [0.03826618, 0.02798595, -0.04283562, -0.0494352, -0.02628962, 0.00456944], [-0.0141744, -0.00409173, 0.00127318, -0.00681887, 0.04686521, 0.01290122], [-0.01457389, -0.00538121, 0.05145245, 0.0023827, -0.01730747, -0.03687856], [-0.01315719, -0.01247653, 0.0556221, -0.01185353, -0.02949364, -0.04246491], [-0.01793106, 0.01117241, -0.00367817, -0.01606762, 0.05401069, 0.02160923], [0.07482245, -0.00924243, -0.07265538, 0.07966243, -0.01619025, -0.00216707]], "number of molecular orbitals": 32, "number of electrons": 36, "number of unpaired electrons": 0, "orbital energies/eV": [-20.30487459, -19.577382, -18.14361507, -17.20852265, -16.49941366, -15.93162153, -15.80528581, -15.36080014, -15.31088769, -14.09965309, -13.78344222, -13.35217354, -13.05139732, -12.85462118, -12.62117283, -12.17086405, -11.81438608, -11.48208463, -6.34929309, 1.06641901, 3.00217726, 3.49480633, 3.58127227, 4.11326954, 4.2153817, 5.03742723, 5.83070219, 5.90719908, 6.86786582, 7.35861061, 8.02981968, 17.68500734], "fractional occupation": [2.0, 2.0, 2.0, 2.0, 2.0, 2.0, 2.0, 2.0, 2.0, 2.0, 2.0, 2.0, 2.0, 2.0, 2.0, 2.0, 2.0, 2.0, 0.0, 0.0, 0.0, 0.0, 0.0, 0.0, 0.0, 0.0, 0.0, 0.0, 0.0, 0.0, 0.0, 0.0], "program call": "xtb /tmp/scratch/tmp69ybrtwh/824_0_xyzopt.xyz --pop --wbo --acc 0.2 --gfn 2 --chrg 0 --uhf 0 --etemp 300 --input /tmp/scratch/tmp69ybrtwh/824_0_xtb.inp", "method": "GFN2-xTB", "xtb version": "6.3.3 (7355c4f)", "Dipole module/D": 1.886, "Total charge": 0, "Transition dipole module/D": NaN, "HOMO": -11.4821, "LUMO": -6.3493, "HOMO occupancy": 2.0, "LUMO occupancy": 0, "mulliken charges": [-0.08844, -0.03434, -0.08336, 0.58621, -0.52804, -0.51473, 0.02924, 0.02924, 0.03552, 0.03789, 0.03789, 0.05676, 0.05676, 0.37941], "cm5 charges": [-0.24095, -0.14568, -0.18322, 0.63436, -0.5793, -0.7124, 0.08143, 0.08143, 0.08722, 0.09531, 0.09531, 0.11593, 0.11593, 0.55465], "FUKUI+": [0.019, 0.014, 0.031, -0.193, -0.296, -0.137, -0.026, -0.026, -0.042, -0.027, -0.027, -0.106, -0.106, -0.08], "FUKUI-": [0.019, 0.006, -0.002, -0.017, -0.167, -0.08, -0.111, -0.111, -0.089, -0.116, -0.116, -0.083, -0.083, -0.049], "FUKUIrad": [0.019, 0.01, 0.015, -0.105, -0.231, -0.108, -0.068, -0.068, -0.066, -0.072, -0.072, -0.095, -0.095, -0.065], "s proportion": [1.006, 1.024, 1.038, 0.981, 1.72, 1.695, 0.971, 0.971, 0.964, 0.962, 0.962, 0.943, 0.943, 0.621], "p proportion": [3.083, 3.01, 3.046, 2.432, 4.808, 4.819, 0.0, 0.0, 0.0, 0.0, 0.0, 0.0, 0.0, 0.0], "d proportion": [0.0, 0.0, 0.0, 0.0, 0.0, 0.0, 0.0, 0.0, 0.0, 0.0, 0.0, 0.0, 0.0, 0.0], "Fermi-level/eV": -8.9157, "Coordination numbers": [3.753, 3.802, 3.805, 2.689, 0.856, 1.66, 0.925, 0.925, 0.925, 0.924, 0.924, 0.924, 0.924, 0.804], "Dispersion coefficient C6": [22.595, 21.536, 22.234, 20.89, 21.815, 20.554, 2.485, 2.485, 2.435, 2.347, 2.347, 2.069, 2.069, 0.642], "Total dispersion C6": 1538.767701, "Total dispersion C8": 32819.746284, "Polarizability alpha": [6.779, 6.607, 6.713, 7.48, 6.262, 6.12, 2.465, 2.465, 2.44, 2.396, 2.396, 2.249, 2.249, 1.258], "Total polarizability alpha": 57.880678, "Wiberg matrix": [[0.0, 1.0202211705179434, 0.0, 0.0, 0.0, 0.0, 0.9875305668332085, 0.9875305663985842, 0.986823999550039, 0.0, 0.0, 0.0, 0.0, 0.0], [1.0202211705179434, 0.0, 1.007573850411506, 0.0, 0.0, 0.0, 0.0, 0.0, 0.0, 0.9770656604845174, 0.9770656494098706, 0.0, 0.0, 0.0], [0.0, 1.007573850411506, 0.0, 0.9816423584452205, 0.0, 0.0, 0.0, 0.0, 0.0, 0.0, 0.0, 0.9510685521600541, 0.9510684101291351, 0.0], [0.0, 0.0, 0.9816423584452205, 0.0, 1.772572483375803, 1.1210868265657332, 0.0, 0.0, 0.0, 0.0, 0.0, 0.0, 0.0, 0.0], [0.0, 0.0, 0.0, 1.772572483375803, 0.0, 0.17012688001742735, 0.0, 0.0, 0.0, 0.0, 0.0, 0.0, 0.0, 0.0], [0.0, 0.0, 0.0, 1.1210868265657332, 0.17012688001742735, 0.0, 0.0, 0.0, 0.0, 0.0, 0.0, 0.0, 0.0, 0.8674788099787379], [0.9875305668332085, 0.0, 0.0, 0.0, 0.0, 0.0, 0.0, 0.0, 0.0, 0.0, 0.0, 0.0, 0.0, 0.0], [0.9875305663985842, 0.0, 0.0, 0.0, 0.0, 0.0, 0.0, 0.0, 0.0, 0.0, 0.0, 0.0, 0.0, 0.0], [0.986823999550039, 0.0, 0.0, 0.0, 0.0, 0.0, 0.0, 0.0, 0.0, 0.0, 0.0, 0.0, 0.0, 0.0], [0.0, 0.9770656604845174, 0.0, 0.0, 0.0, 0.0, 0.0, 0.0, 0.0, 0.0, 0.0, 0.0, 0.0, 0.0], [0.0, 0.9770656494098706, 0.0, 0.0, 0.0, 0.0, 0.0, 0.0, 0.0, 0.0, 0.0, 0.0, 0.0, 0.0], [0.0, 0.0, 0.9510685521600541, 0.0, 0.0, 0.0, 0.0, 0.0, 0.0, 0.0, 0.0, 0.0, 0.0, 0.0], [0.0, 0.0, 0.9510684101291351, 0.0, 0.0, 0.0, 0.0, 0.0, 0.0, 0.0, 0.0, 0.0, 0.0, 0.0], [0.0, 0.0, 0.0, 0.0, 0.0, 0.8674788099787379, 0.0, 0.0, 0.0, 0.0, 0.0, 0.0, 0.0, 0.0]], "Born radii": [], "Atomic SASAs": [], "Solvent H bonds": [], "Total SASA": NaN, "Total FOD": 0.0, "FOD": [0.0, 0.0, 0.0, 0.0, 0.0, 0.0, 0.0, 0.0, 0.0, 0.0, 0.0, 0.0, 0.0, 0.0], "FOD s proportion": [0.0, 0.0, 0.0, 0.0, 0.0, 0.0, 0.0, 0.0, 0.0, 0.0, 0.0, 0.0, 0.0, 0.0], "FOD p proportion": [0.0, 0.0, 0.0, 0.0, 0.0, 0.0, 0.0, 0.0, 0.0, 0.0, 0.0, 0.0, 0.0, 0.0], "FOD d proportion": [0.0, 0.0, 0.0, 0.0, 0.0, 0.0, 0.0, 0.0, 0.0, 0.0, 0.0, 0.0, 0.0, 0.0], "coordinates": [["-2.03021706613008", "-0.08761297905751", "-0.34991547226584"], ["-0.78235624976559", "-0.23391293847483", "0.51016037197305"], ["0.47323866851118", "0.17603292232049", "-0.25305085705102"], ["1.71885827122295", "0.03819783588392", "0.58150361197181"], ["1.77400486433763", "-0.34407934656593", "1.71804468739167"], ["2.81329587423402", "0.40306230819559", "-0.10576511242557"], ["-1.96086538246312", "-0.71413872171682", "-1.23662377867309"], ["-2.15750845288105", "0.94460413410993", "-0.66916539496641"], ["-2.91332868303334", "-0.38391877249351", "0.21019135951586"], ["-0.87235509958824", "0.38417787689531", "1.40476510190145"], ["-0.67640068438084", "-1.26875493912369", "0.83929425669174"], ["0.40632623575752", "1.21551342612178", "-0.58277461288350"], ["0.60224032321953", "-0.43708052767256", "-1.14812919993721"], ["3.60506638095943", "0.30791172157782", "0.44674503875709"]], "bond_dist": [[0.0, 1.522593429969603, 2.5191630614754463, 3.8650919467442257, 4.337549851684145, 4.874421938979588, 1.087931883388779, 1.087931881599684, 1.086923600876235, 2.154561408427451, 2.154561418193722, 2.7729235599305695, 2.7729234806102028, 5.70504402153717], [1.522593429969603, 0.0, 1.5254722507125773, 2.5169839513631334, 2.829505840708773, 3.703216961511359, 2.1611930611795014, 2.161193035495534, 2.1572034373283517, 1.0910791317886113, 1.0910791273839644, 2.1698639862674645, 2.169863830642114, 4.421207166298149], [2.5191630614754463, 1.5254722507125773, 0.0, 1.5056718990134543, 2.4182074174422707, 2.3556534462174366, 2.772126219883532, 2.7721261574772407, 3.463665353102423, 2.145297337112142, 2.14529728797948, 1.0925725360818264, 1.092572546508359, 3.2117676027294175], [3.8650919467442257, 2.5169839513631334, 1.5056718990134543, 0.0, 1.200376027364127, 1.3428544409483447, 4.172764511928815, 4.1727645898277546, 4.666177364725235, 2.7407751463135575, 2.740774897178783, 2.1129022996845777, 2.1129019922136942, 1.9101535243080945], [4.337549851684145, 2.829505840708773, 2.4182074174422707, 1.200376027364127, 0.0, 2.228144663490376, 4.77663746226695, 4.776638363341603, 4.924053677870877, 2.762557463814668, 2.7625558137560993, 3.0978450413494265, 3.0978434614929924, 2.3225161844884874], [4.874421938979588, 3.703216961511359, 2.3556534462174366, 1.3428544409483447, 2.228144663490376, 0.0, 5.031858023554766, 5.031856822888311, 5.789075619943296, 3.9832249812152645, 3.983226354451755, 2.584785817644149, 2.5847881006509104, 0.9701657779028304], [1.087931883388779, 2.1611930611795014, 2.772126219883532, 4.172764511928815, 4.77663746226695, 5.031858023554766, 0.0, 1.7641160325042882, 1.7633790284255038, 3.060733442352354, 2.503374602168697, 3.1232470764631985, 2.579554882505054, 5.9040591188783935], [1.087931881599684, 2.161193035495534, 2.7721261574772407, 4.1727645898277546, 4.776638363341603, 5.031856822888311, 1.7641160325042882, 0.0, 1.7633790390415514, 2.5033746098204936, 3.060733430022596, 2.579554907807487, 3.123247050469391, 5.904058099297513], [1.086923600876235, 2.1572034373283517, 3.463665353102423, 4.666177364725235, 4.924053677870877, 5.789075619943296, 1.7633790284255038, 1.7633790390415514, 0.0, 2.4864738199144947, 2.486473882462343, 3.7692289889582136, 3.7692288803112515, 6.559272923577342], [2.154561408427451, 1.0910791317886113, 2.145297337112142, 2.7407751463135575, 2.762557463814668, 3.9832249812152645, 3.060733442352354, 2.5033746098204936, 2.4864738199144947, 0.0, 1.7579369453691904, 2.5052861853721886, 3.060419308591437, 4.5794019350024], [2.154561418193722, 1.0910791273839644, 2.14529728797948, 2.740774897178783, 2.7625558137560993, 3.983226354451755, 2.503374602168697, 3.060733430022596, 2.486473882462343, 1.7579369453691904, 0.0, 3.0604193771388095, 2.5052858417631385, 4.579403113841605], [2.7729235599305695, 2.1698639862674645, 1.0925725360818264, 2.1129022996845777, 3.0978450413494265, 2.584785817644149, 3.1232470764631985, 2.579554907807487, 3.7692289889582136, 2.5052861853721886, 3.0604193771388095, 0.0, 1.757576432160591, 3.480745621807431], [2.7729234806102028, 2.169863830642114, 1.092572546508359, 2.1129019922136942, 3.0978434614929924, 2.5847881006509104, 2.579554882505054, 3.123247050469391, 3.7692288803112515, 3.060419308591437, 2.5052858417631385, 1.757576432160591, 0.0, 3.48074727921112], [5.70504402153717, 4.421207166298149, 3.2117676027294175, 1.9101535243080945, 2.3225161844884874, 0.9701657779028304, 5.9040591188783935, 5.904058099297513, 6.559272923577342, 4.5794019350024, 4.579403113841605, 3.480745621807431, 3.48074727921112, 0.0]]}