{"total energy": -23.01384802, "HOMO-LUMO gap/eV": 3.85352758, "electronic energy": -23.32345865, "dipole": [-0.34832371, -0.03133894, 1.13940302], "partial charges": [-0.10299768, -0.05407995, -0.06049391, -0.05712752, -0.08335613, 0.21478791, -0.32015716, 0.03509106, 0.03385776, 0.03385768, 0.0320304, 0.03203102, 0.03081649, 0.03081634, 0.04688419, 0.04688572, 0.06416679, 0.06416739, 0.01281961], "atomic dipole moments": [[0.0788827, 0.00606183, -0.05953785], [0.00672265, -0.00010015, 0.11538635], [0.00483989, 0.00095023, -0.11611013], [0.02522253, 0.0011822, 0.12911074], [0.00133339, 0.00056369, -0.08990098], [-0.05396282, -0.00368543, -0.05420632], [0.00202629, -0.00072539, 0.16971596], [-0.10304065, -0.0071711, -0.06845227], [-0.00917935, 0.09910254, 0.07298102], [0.00536439, -0.10012087, 0.07196687], [0.00462034, -0.09841539, -0.07301231], [-0.0097776, 0.09878091, -0.07200124], [-0.00626096, 0.09769452, 0.07274414], [0.0080534, -0.09830682, 0.07173579], [0.00695497, -0.09954465, -0.07612114], [-0.00763814, 0.10026788, -0.07510223], [0.01154295, -0.10321752, 0.07712587], [-0.0035232, 0.10300202, 0.07818957], [0.11208442, 0.00787297, 0.06416369]], "atomic quadrupole moments": [[0.1168485, 0.01860866, -0.12509732, -0.16423166, -0.01267632, 0.00824883], [0.22365399, 0.03401089, -0.23923619, -0.00660425, -0.00179895, 0.0155822], [0.22398315, 0.03450567, -0.24505217, -0.01358312, -0.00237122, 0.02106903], [0.24645161, 0.03713568, -0.26022499, 0.01353669, -0.00042558, 0.01377338], [0.19759853, 0.03140838, -0.22894384, -0.01330412, -0.00232809, 0.03134532], [-0.39361796, -0.08176315, 0.72436292, -0.07828853, -0.00025091, -0.33074495], [-0.14129108, -0.03178097, 0.29061164, 0.00744763, 0.00283678, -0.14932056], [0.04192054, 0.00683161, -0.05504514, 0.05564894, 0.00371263, 0.01312459], [-0.03973542, 0.00683477, 0.0454239, -0.01067484, 0.0595902, -0.00568848], [-0.03597701, -0.01880784, 0.04288909, -0.00207467, -0.05999976, -0.00691208], [-0.01740842, -0.00209722, 0.03143924, -0.00289385, 0.0434628, -0.01403082], [-0.016975, -0.00507872, 0.03188895, 0.00339886, -0.04295231, -0.01491395], [-0.02138556, -0.00174893, 0.03354526, -0.00192922, 0.04293386, -0.0121597], [-0.02072448, -0.00629657, 0.03375772, 0.00427052, -0.04228367, -0.01303324], [-0.01752571, -0.00178895, 0.03277617, -0.00262785, 0.04117847, -0.01525046], [-0.01696962, -0.00558296, 0.03306183, 0.00332825, -0.04062659, -0.01609222], [-0.02056389, 0.00921199, 0.03465239, 0.02107007, -0.05465802, -0.0140885], [-0.01672499, -0.0168495, 0.02965783, 0.01272982, 0.05760214, -0.01293284], [0.02099911, 0.00759165, -0.08076475, -0.02340275, -0.00244234, 0.05976564]], "number of molecular orbitals": 40, "number of electrons": 42, "number of unpaired electrons": 0, "orbital energies/eV": [-19.56868795, -17.6344178, -17.07526631, -16.67461132, -16.14141078, -15.50334325, -15.39987675, -15.05729102, -14.99212527, -14.2268039, -14.16448758, -13.59279109, -13.45077764, -13.27328435, -12.78104743, -12.46979827, -12.08804614, -11.9528198, -11.89500742, -11.59035258, -10.96648194, -7.11295436, 1.13929157, 2.79680667, 2.97200435, 3.24205547, 3.62125115, 3.86681265, 4.36971492, 4.49972007, 4.57893954, 4.97738128, 5.67509344, 5.97425993, 6.24961137, 7.05607253, 7.29273933, 7.44465416, 8.40917793, 16.92588532], "fractional occupation": [2.0, 2.0, 2.0, 2.0, 2.0, 2.0, 2.0, 2.0, 2.0, 2.0, 2.0, 2.0, 2.0, 2.0, 2.0, 2.0, 2.0, 2.0, 2.0, 2.0, 2.0, 0.0, 0.0, 0.0, 0.0, 0.0, 0.0, 0.0, 0.0, 0.0, 0.0, 0.0, 0.0, 0.0, 0.0, 0.0, 0.0, 0.0, 0.0, 0.0], "program call": "xtb /tmp/scratch/tmp9h6_3teo/999_0_xyzopt.xyz --pop --wbo --acc 0.2 --gfn 2 --chrg 0 --uhf 0 --etemp 300 --input /tmp/scratch/tmp9h6_3teo/999_0_xtb.inp", "method": "GFN2-xTB", "xtb version": "6.3.3 (7355c4f)", "Dipole module/D": 3.029, "Total charge": 0, "Transition dipole module/D": NaN, "HOMO": -10.9665, "LUMO": -7.113, "HOMO occupancy": 2.0, "LUMO occupancy": 0, "mulliken charges": [-0.08582, -0.03873, -0.05021, -0.03767, -0.08731, 0.3955, -0.46709, 0.03153, 0.02799, 0.02799, 0.02524, 0.02524, 0.02249, 0.02249, 0.03864, 0.03865, 0.05014, 0.05014, 0.0108], "cm5 charges": [-0.23851, -0.15242, -0.16187, -0.14741, -0.19176, 0.37839, -0.52536, 0.08313, 0.08014, 0.08014, 0.08051, 0.08051, 0.07842, 0.07842, 0.09665, 0.09665, 0.10619, 0.10619, 0.072], "FUKUI+": [0.009, 0.004, 0.007, 0.016, 0.035, -0.17, -0.334, -0.021, -0.011, -0.011, -0.011, -0.011, -0.02, -0.02, -0.025, -0.025, -0.111, -0.111, -0.19], "FUKUI-": [0.018, 0.003, 0.005, 0.009, -0.006, -0.01, -0.167, -0.072, -0.071, -0.071, -0.085, -0.085, -0.065, -0.065, -0.041, -0.041, -0.058, -0.058, -0.137], "FUKUIrad": [0.014, 0.003, 0.006, 0.013, 0.014, -0.09, -0.25, -0.046, -0.041, -0.041, -0.048, -0.048, -0.043, -0.043, -0.033, -0.033, -0.085, -0.085, -0.164], "s proportion": [1.005, 1.026, 1.031, 1.026, 1.041, 1.046, 1.725, 0.968, 0.972, 0.972, 0.975, 0.975, 0.978, 0.978, 0.961, 0.961, 0.95, 0.95, 0.989], "p proportion": [3.081, 3.013, 3.019, 3.011, 3.047, 2.558, 4.742, 0.0, 0.0, 0.0, 0.0, 0.0, 0.0, 0.0, 0.0, 0.0, 0.0, 0.0, 0.0], "d proportion": [0.0, 0.0, 0.0, 0.0, 0.0, 0.0, 0.0, 0.0, 0.0, 0.0, 0.0, 0.0, 0.0, 0.0, 0.0, 0.0, 0.0, 0.0, 0.0], "Fermi-level/eV": -9.0397, "Coordination numbers": [3.752, 3.801, 3.803, 3.804, 3.803, 2.757, 0.856, 0.925, 0.925, 0.925, 0.924, 0.924, 0.924, 0.924, 0.924, 0.924, 0.924, 0.924, 0.922], "Dispersion coefficient C6": [22.528, 21.545, 21.661, 21.599, 22.089, 23.458, 20.15, 2.515, 2.532, 2.532, 2.558, 2.558, 2.575, 2.575, 2.359, 2.359, 2.151, 2.151, 2.846], "Total dispersion C6": 2649.928168, "Total dispersion C8": 56226.887796, "Polarizability alpha": [6.768, 6.609, 6.626, 6.616, 6.691, 7.931, 6.018, 2.48, 2.489, 2.489, 2.501, 2.501, 2.509, 2.509, 2.402, 2.402, 2.294, 2.294, 2.638], "Total polarizability alpha": 76.767331, "Wiberg matrix": [[0.0, 1.0192818375553163, 0.0, 0.0, 0.0, 0.0, 0.0, 0.9873432312522513, 0.9879332602693659, 0.9879333367170825, 0.0, 0.0, 0.0, 0.0, 0.0, 0.0, 0.0, 0.0, 0.0], [1.0192818375553163, 0.0, 1.0076929833178183, 0.0, 0.0, 0.0, 0.0, 0.0, 0.0, 0.0, 0.9784212087468146, 0.9784209740702166, 0.0, 0.0, 0.0, 0.0, 0.0, 0.0, 0.0], [0.0, 1.0076929833178183, 0.0, 1.007704593562457, 0.0, 0.0, 0.0, 0.0, 0.0, 0.0, 0.0, 0.0, 0.9772904620477372, 0.9772909368535934, 0.0, 0.0, 0.0, 0.0, 0.0], [0.0, 0.0, 1.007704593562457, 0.0, 1.0064904137581139, 0.0, 0.0, 0.0, 0.0, 0.0, 0.0, 0.0, 0.0, 0.0, 0.9757896963128473, 0.9757889451168147, 0.0, 0.0, 0.0], [0.0, 0.0, 0.0, 1.0064904137581139, 0.0, 1.014520261815834, 0.0, 0.0, 0.0, 0.0, 0.0, 0.0, 0.0, 0.0, 0.0, 0.0, 0.943720448386071, 0.9437185624107292, 0.0], [0.0, 0.0, 0.0, 0.0, 1.014520261815834, 0.0, 1.9264320375024524, 0.0, 0.0, 0.0, 0.0, 0.0, 0.0, 0.0, 0.0, 0.0, 0.0, 0.0, 0.9302219404926397], [0.0, 0.0, 0.0, 0.0, 0.0, 1.9264320375024524, 0.0, 0.0, 0.0, 0.0, 0.0, 0.0, 0.0, 0.0, 0.0, 0.0, 0.0, 0.0, 0.0], [0.9873432312522513, 0.0, 0.0, 0.0, 0.0, 0.0, 0.0, 0.0, 0.0, 0.0, 0.0, 0.0, 0.0, 0.0, 0.0, 0.0, 0.0, 0.0, 0.0], [0.9879332602693659, 0.0, 0.0, 0.0, 0.0, 0.0, 0.0, 0.0, 0.0, 0.0, 0.0, 0.0, 0.0, 0.0, 0.0, 0.0, 0.0, 0.0, 0.0], [0.9879333367170825, 0.0, 0.0, 0.0, 0.0, 0.0, 0.0, 0.0, 0.0, 0.0, 0.0, 0.0, 0.0, 0.0, 0.0, 0.0, 0.0, 0.0, 0.0], [0.0, 0.9784212087468146, 0.0, 0.0, 0.0, 0.0, 0.0, 0.0, 0.0, 0.0, 0.0, 0.0, 0.0, 0.0, 0.0, 0.0, 0.0, 0.0, 0.0], [0.0, 0.9784209740702166, 0.0, 0.0, 0.0, 0.0, 0.0, 0.0, 0.0, 0.0, 0.0, 0.0, 0.0, 0.0, 0.0, 0.0, 0.0, 0.0, 0.0], [0.0, 0.0, 0.9772904620477372, 0.0, 0.0, 0.0, 0.0, 0.0, 0.0, 0.0, 0.0, 0.0, 0.0, 0.0, 0.0, 0.0, 0.0, 0.0, 0.0], [0.0, 0.0, 0.9772909368535934, 0.0, 0.0, 0.0, 0.0, 0.0, 0.0, 0.0, 0.0, 0.0, 0.0, 0.0, 0.0, 0.0, 0.0, 0.0, 0.0], [0.0, 0.0, 0.0, 0.9757896963128473, 0.0, 0.0, 0.0, 0.0, 0.0, 0.0, 0.0, 0.0, 0.0, 0.0, 0.0, 0.0, 0.0, 0.0, 0.0], [0.0, 0.0, 0.0, 0.9757889451168147, 0.0, 0.0, 0.0, 0.0, 0.0, 0.0, 0.0, 0.0, 0.0, 0.0, 0.0, 0.0, 0.0, 0.0, 0.0], [0.0, 0.0, 0.0, 0.0, 0.943720448386071, 0.0, 0.0, 0.0, 0.0, 0.0, 0.0, 0.0, 0.0, 0.0, 0.0, 0.0, 0.0, 0.0, 0.0], [0.0, 0.0, 0.0, 0.0, 0.9437185624107292, 0.0, 0.0, 0.0, 0.0, 0.0, 0.0, 0.0, 0.0, 0.0, 0.0, 0.0, 0.0, 0.0, 0.0], [0.0, 0.0, 0.0, 0.0, 0.0, 0.9302219404926397, 0.0, 0.0, 0.0, 0.0, 0.0, 0.0, 0.0, 0.0, 0.0, 0.0, 0.0, 0.0, 0.0]], "Born radii": [], "Atomic SASAs": [], "Solvent H bonds": [], "Total SASA": NaN, "Total FOD": 0.0, "FOD": [0.0, 0.0, 0.0, 0.0, 0.0, 0.0, 0.0, 0.0, 0.0, 0.0, 0.0, 0.0, 0.0, 0.0, 0.0, 0.0, 0.0, 0.0, 0.0], "FOD s proportion": [0.0, 0.0, 0.0, 0.0, 0.0, 0.0, 0.0, 0.0, 0.0, 0.0, 0.0, 0.0, 0.0, 0.0, 0.0, 0.0, 0.0, 0.0, 0.0], "FOD p proportion": [0.0, 0.0, 0.0, 0.0, 0.0, 0.0, 0.0, 0.0, 0.0, 0.0, 0.0, 0.0, 0.0, 0.0, 0.0, 0.0, 0.0, 0.0, 0.0], "FOD d proportion": [0.0, 0.0, 0.0, 0.0, 0.0, 0.0, 0.0, 0.0, 0.0, 0.0, 0.0, 0.0, 0.0, 0.0, 0.0, 0.0, 0.0, 0.0, 0.0], "coordinates": [["-2.97628773167185", "-0.21984238958142", "0.46869686011917"], ["-1.74503389185103", "-0.12538710714642", "-0.42400527632406"], ["-0.45731157728446", "-0.03553653759608", "0.39146571379216"], ["0.77656127702421", "0.05915650095487", "-0.50095944538827"], ["2.06484354024069", "0.14909028130033", "0.31117518801416"], ["3.29232107585937", "0.24319273686818", "-0.54507716939257"], ["3.31615342012649", "0.25113806445517", "-1.74252287323637"], ["-3.88053304504007", "-0.28278567453673", "-0.13188606673953"], ["-3.05107591390004", "0.65559022194723", "1.11032984697377"], ["-2.92266641385022", "-1.10332422850511", "1.10135414338337"], ["-1.69897039487072", "-1.00228474099188", "-1.07338091668767"], ["-1.82730702443230", "0.75546775748891", "-1.06438336590950"], ["-0.50440421530354", "0.84197712816401", "1.04146401875777"], ["-0.37593303625015", "-0.91718146387886", "1.03242268949455"], ["0.82909756186675", "-0.81526406541312", "-1.15227932313375"], ["0.70100694750718", "0.93851311106753", "-1.14331027961520"], ["2.17828005379587", "-0.72600899030534", "0.95818489979408"], ["2.05037355794675", "1.02470096924414", "0.96721252703376"], ["4.23088681008705", "0.30878942646459", "0.04467282906415"]], "bond_dist": [[0.0, 1.5237535636918773, 2.5268902159396065, 3.886122670966759, 5.0570672225590645, 6.366914142117565, 6.686264349104863, 1.087345987210841, 1.0879652656904193, 1.0879662878509384, 2.149827779589562, 2.1498189523834705, 2.750587396316182, 2.750620500405073, 4.1788811889073, 4.178857576175177, 5.202439064867054, 5.202377318371499, 7.238964901919739], [1.5237535636918773, 0.0, 1.526857825733075, 2.529509929437391, 3.8898578636596617, 5.0522722190536875, 5.2436511006301, 2.1611257656360308, 2.160984873269937, 2.160995309918946, 1.0921355356801967, 1.0921347254425886, 2.150012979708657, 2.1500134594413436, 2.762691811589394, 2.7626797045411497, 4.202807233932376, 4.202773759056748, 6.009974764061898], [2.5268902159396065, 1.526857825733075, 0.0, 1.5257233225221574, 2.530177872728283, 3.8748609799591236, 4.344551496266892, 3.471811406053972, 2.7788550292576697, 2.7788642653973756, 2.1499056627877486, 2.149900430930903, 1.0930442564733933, 1.093044412493196, 2.155451746145297, 2.1554609420902833, 2.782852150142672, 2.7828174035189943, 4.713600512747884], [3.886122670966759, 2.529509929437391, 1.5257233225221574, 0.0, 1.5255562714423554, 2.5228680257071687, 2.833348711225072, 4.6841933280780035, 4.195568237147841, 4.195599574799796, 2.753648653961674, 2.753620527872629, 2.1523826029929847, 2.152380016466238, 1.0915992722875734, 1.091600246743115, 2.1703461930986387, 2.1703462368660644, 3.506051349423242], [5.0570672225590645, 3.8898578636596617, 2.530177872728283, 1.5255562714423554, 0.0, 1.499574763777048, 2.407045054071655, 5.977484659746004, 5.2026745256711715, 5.202708950925037, 4.172404029712887, 4.172372346397869, 2.759428924294776, 2.7594426410609674, 2.1444688235765192, 2.1444735091349583, 1.094206628068878, 1.094206766300107, 2.1882117747464083], [6.366914142117565, 5.0522722190536875, 3.8748609799591236, 2.5228680257071687, 1.499574763777048, 0.0, 1.1977091978095955, 7.203972266484635, 6.568799695927955, 6.568859376099774, 5.1713933850603215, 5.1713341129527635, 4.158218203210732, 4.158252315763994, 2.74890802641515, 2.7488656185308584, 2.107186806016911, 2.1071803151220725, 1.1104114660035047], [6.686264349104863, 5.2436511006301, 4.344551496266892, 2.833348711225072, 2.407045054071655, 1.1977091978095955, 0.0, 7.3940193101866445, 6.988845368370823, 6.988925347256929, 5.212512500414819, 5.21242812664251, 4.764067008307317, 4.76411542657884, 2.769665646450752, 2.7695723966549015, 3.0892385210175677, 3.0892174035898528, 2.0085142101991034], [1.087345987210841, 2.1611257656360308, 3.471811406053972, 4.6841933280780035, 5.977484659746004, 7.203972266484635, 7.3940193101866445, 0.0, 1.76398663027351, 1.7639935990698739, 2.4826008651659293, 2.4825910846881585, 3.747010496442984, 3.747038046109044, 4.848232264233904, 4.848201559900276, 6.172027040312315, 6.171968257845503, 8.134879606359434], [1.0879652656904193, 2.160984873269937, 2.7788550292576697, 4.195568237147841, 5.2026745256711715, 6.568799695927955, 6.988845368370823, 1.76398663027351, 0.0, 1.7636183280313358, 3.057013481596169, 2.4973913139962787, 2.554411736885289, 3.104201945229026, 4.726368457213751, 4.386007863675796, 5.410926751040533, 5.116787275707559, 7.3676914148941455], [1.0879662878509384, 2.160995309918946, 2.7788642653973756, 4.195599574799796, 5.202708950925037, 6.568859376099774, 6.988925347256929, 1.7639935990698739, 1.7636183280313358, 0.0, 2.4974213714160056, 3.0570146872953807, 3.104154676591714, 2.5544571968894276, 4.386066049258054, 4.726375643446024, 5.116885682432118, 5.410879020693684, 7.367765204068774], [2.149827779589562, 1.0921355356801967, 2.1499056627877486, 2.753648653961674, 4.172404029712887, 5.1713933850603215, 5.212512500414819, 2.4826008651659293, 3.057013481596169, 2.4974213714160056, 0.0, 1.7624542809170092, 3.0497310209864956, 2.4883888859844863, 2.536203715302939, 3.0873091296929043, 4.3859615820022695, 4.725491799653115, 6.175124785957845], [2.1498189523834705, 1.0921347254425886, 2.149900430930903, 2.753620527872629, 4.172372346397869, 5.1713341129527635, 5.21242812664251, 2.4825910846881585, 2.4973913139962787, 3.0570146872953807, 1.7624542809170092, 0.0, 2.4884028856126466, 3.04972744770628, 3.087298088115906, 2.5361598135524144, 4.725492946239016, 4.385917816545984, 6.175049774019993], [2.750587396316182, 2.150012979708657, 1.0930442564733933, 2.1523826029929847, 2.759428924294776, 4.158218203210732, 4.764067008307317, 3.747010496442984, 2.554411736885289, 3.104154676591714, 3.0497310209864956, 2.4884028856126466, 0.0, 1.7638666450274711, 3.055680810146676, 2.4971131336515255, 3.1084257699101294, 2.5623799009545847, 4.868353201672923], [2.750620500405073, 2.1500134594413436, 1.093044412493196, 2.152380016466238, 2.7594426410609674, 4.158252315763994, 4.76411542657884, 3.747038046109044, 3.104201945229026, 2.5544571968894276, 2.4883888859844863, 3.04972744770628, 1.7638666450274711, 0.0, 2.4970800512779205, 3.0556858537768288, 2.562432959793147, 3.1083956373671655, 4.868412832469746], [4.1788811889073, 2.762691811589394, 2.155451746145297, 1.0915992722875734, 2.1444688235765192, 2.74890802641515, 2.769665646450752, 4.848232264233904, 4.726368457213751, 4.386066049258054, 2.536203715302939, 3.087298088115906, 3.055680810146676, 2.4970800512779205, 0.0, 1.7584715050216453, 2.5064554855849592, 3.060920137848909, 3.7773483816774025], [4.178857576175177, 2.7626797045411497, 2.1554609420902833, 1.091600246743115, 2.1444735091349583, 2.7488656185308584, 2.7695723966549015, 4.848201559900276, 4.386007863675796, 4.726375643446024, 3.0873091296929043, 2.5361598135524144, 2.4971131336515255, 3.0556858537768288, 1.7584715050216453, 0.0, 3.060923332199458, 2.506496581615792, 3.777288396416699], [5.202439064867054, 4.202807233932376, 2.782852150142672, 2.1703461930986387, 1.094206628068878, 2.107186806016911, 3.0892385210175677, 6.172027040312315, 5.410926751040533, 5.116885682432118, 4.3859615820022695, 4.725492946239016, 3.1084257699101294, 2.562432959793147, 2.5064554855849592, 3.060923332199458, 0.0, 1.7553993654435793, 2.473561513827994], [5.202377318371499, 4.202773759056748, 2.7828174035189943, 2.1703462368660644, 1.094206766300107, 2.1071803151220725, 3.0892174035898528, 6.171968257845503, 5.116787275707559, 5.410879020693684, 4.725491799653115, 4.385917816545984, 2.5623799009545847, 3.1083956373671655, 3.060920137848909, 2.506496581615792, 1.7553993654435793, 0.0, 2.4735090204352037], [7.238964901919739, 6.009974764061898, 4.713600512747884, 3.506051349423242, 2.1882117747464083, 1.1104114660035047, 2.0085142101991034, 8.134879606359434, 7.3676914148941455, 7.367765204068774, 6.175124785957845, 6.175049774019993, 4.868353201672923, 4.868412832469746, 3.7773483816774025, 3.777288396416699, 2.473561513827994, 2.4735090204352037, 0.0]]}